2.562333047389984131e-01 1.033938080072402954e-01
4.931291639804840088e-01 5.545226335525512695e-01
3.412985801696777344e-01 5.981661006808280945e-02
3.784513175487518311e-01 4.676308035850524902e-01
4.028601646423339844e-01 4.502292275428771973e-01
4.362229108810424805e-01 9.355265498161315918e-01
9.248278141021728516e-01 3.225200474262237549e-01
3.790353366639465094e-05 2.715860307216644287e-01
7.010180354118347168e-01 6.339465975761413574e-01
7.121370732784271240e-02 6.474947929382324219e-01
1.543620377779006958e-01 4.776957631111145020e-01
5.040636062622070312e-01 7.176633477210998535e-01
2.479036003351211548e-01 8.693794608116149902e-01
3.189703524112701416e-01 8.434956073760986328e-01
4.240059554576873779e-01 3.459869623184204102e-01
5.542797446250915527e-01 4.000766277313232422e-01
7.722561359405517578e-01 7.417418360710144043e-01
8.554919362068176270e-01 8.111721873283386230e-01
8.936724066734313965e-01 7.231648564338684082e-01
2.261522412300109863e-01 3.087885677814483643e-01
7.048145532608032227e-01 9.418092370033264160e-01
3.125070631504058838e-01 7.922968864440917969e-01
2.794724702835083008e-01 5.775042772293090820e-01
6.949396729469299316e-01 4.645194113254547119e-01
3.315527439117431641e-01 3.277602791786193848e-01
4.228191673755645752e-01 3.872232735157012939e-01
7.051083445549011230e-01 1.104313358664512634e-01
3.681760430335998535e-01 5.936824083328247070e-01
3.181563913822174072e-01 8.035386204719543457e-01
1.617898941040039062e-01 4.035999178886413574e-01
9.680390357971191406e-01 9.687981605529785156e-01
6.194289326667785645e-01 4.969672858715057373e-01
6.391410231590270996e-01 9.820967912673950195e-01
1.601348370313644409e-01 9.205915331840515137e-01
7.790163159370422363e-01 6.793519258499145508e-01
2.766153216361999512e-01 3.013972043991088867e-01
9.136619418859481812e-02 5.692468881607055664e-01
7.472702860832214355e-01 4.155833274126052856e-02
4.332424700260162354e-01 1.194714754819869995e-01
7.393693923950195312e-01 8.673604130744934082e-01
2.624510526657104492e-01 7.360613346099853516e-01
1.613634526729583740e-01 6.918265223503112793e-01
8.815985321998596191e-01 3.480152189731597900e-01
4.024114906787872314e-01 9.886478781700134277e-01
2.290493547916412354e-01 8.025916218757629395e-01
8.098185658454895020e-01 2.796974182128906250e-01
3.390608429908752441e-01 8.335694074630737305e-01
1.730114817619323730e-01 8.347297906875610352e-01
2.612757086753845215e-01 3.478116691112518311e-01
5.375611186027526855e-01 7.495773434638977051e-01
8.024111390113830566e-01 7.130054235458374023e-01
2.705490291118621826e-01 8.231445550918579102e-01
3.220411241054534912e-01 9.866830706596374512e-01
9.611159563064575195e-01 6.120873689651489258e-01
7.105187326669692993e-02 9.264201521873474121e-01
1.714037954807281494e-01 1.372128874063491821e-01
5.168096423149108887e-01 6.391915082931518555e-01
1.860704123973846436e-01 5.731902718544006348e-01
3.545307219028472900e-01 9.109518527984619141e-01
1.960227079689502716e-02 3.402939736843109131e-01
1.456617712974548340e-01 7.559170126914978027e-01
6.714565157890319824e-01 7.507135272026062012e-01
6.682322621345520020e-01 1.762406975030899048e-01
2.757454812526702881e-01 2.117699533700942993e-01
6.613472104072570801e-02 5.248492360115051270e-01
7.870580554008483887e-01 7.871593236923217773e-01
5.301183462142944336e-01 4.420934319496154785e-01
7.323356866836547852e-01 9.475175142288208008e-01
6.229757070541381836e-01 5.009268522262573242e-01
4.346579313278198242e-01 6.715191006660461426e-01
8.763758540153503418e-01 5.102555155754089355e-01
1.872139275074005127e-01 7.939141988754272461e-02
3.003021478652954102e-01 6.195709705352783203e-01
6.833750754594802856e-02 5.579130649566650391e-01
8.585337996482849121e-01 3.512532114982604980e-01
5.378206446766853333e-02 6.368114948272705078e-01
1.110457256436347961e-01 8.011682033538818359e-01
4.365775585174560547e-01 8.178310990333557129e-01
4.081336557865142822e-01 7.011876255273818970e-02
9.385562539100646973e-01 8.839703798294067383e-01
8.949589729309082031e-01 5.849180817604064941e-01
9.780128002166748047e-01 2.595212757587432861e-01
6.297754645347595215e-01 6.365879178047180176e-01
5.554831624031066895e-01 1.061640232801437378e-01
5.060976743698120117e-01 5.229733586311340332e-01
1.003505364060401917e-01 2.286712378263473511e-01
6.353408098220825195e-01 8.739703893661499023e-01
4.592618346214294434e-01 8.844467997550964355e-01
1.896636188030242920e-01 5.005103945732116699e-01
9.829553216695785522e-02 4.899042546749114990e-01
3.926936089992523193e-01 7.695403099060058594e-01
9.390761256217956543e-01 1.024062111973762512e-01
7.119809985160827637e-01 4.445607364177703857e-01
9.150829911231994629e-01 9.973224401473999023e-01
7.148910760879516602e-01 4.748938977718353271e-01
7.935723662376403809e-01 9.583995938301086426e-01
2.677310109138488770e-01 9.869235157966613770e-01
4.042229652404785156e-01 1.446148157119750977e-01
2.878016531467437744e-01 2.815588116645812988e-01
4.487917721271514893e-01 2.134967893362045288e-01
9.113066643476486206e-02 8.479810953140258789e-01
6.446719765663146973e-01 5.913881659507751465e-01
1.280905753374099731e-01 4.949225187301635742e-01
1.535440385341644287e-01 6.375997792929410934e-03
6.103664040565490723e-01 1.588358879089355469e-01
2.234555929899215698e-01 1.241440922021865845e-01
8.754621148109436035e-01 7.474254965782165527e-01
4.012145102024078369e-01 9.107958674430847168e-01
3.237366974353790283e-01 5.215203166007995605e-01
3.117342293262481689e-01 3.054904043674468994e-01
9.281896948814392090e-01 5.351815819740295410e-01
6.163020133972167969e-01 9.461256861686706543e-01
9.936117529869079590e-01 2.263331562280654907e-01
7.240569591522216797e-01 7.614663243293762207e-01
3.984703123569488525e-01 1.070146635174751282e-01
8.847413659095764160e-01 8.517509102821350098e-01
8.086200952529907227e-01 4.985695481300354004e-01
2.317579835653305054e-01 7.933228015899658203e-01
9.482811689376831055e-01 4.231802821159362793e-01
8.730017542839050293e-01 3.837096095085144043e-01
8.233294486999511719e-01 5.742520093917846680e-01
4.625732898712158203e-01 9.531687498092651367e-01
2.949370630085468292e-02 9.293277859687805176e-01
7.883797287940979004e-01 8.301113247871398926e-01
3.765071034431457520e-01 8.610292077064514160e-01
1.164990440011024475e-01 7.099630832672119141e-01
6.100393533706665039e-01 2.591506242752075195e-01
2.291885912418365479e-01 4.102827310562133789e-01
5.709502100944519043e-01 4.540168642997741699e-01
9.713405966758728027e-01 6.506686806678771973e-01
8.741406798362731934e-01 2.123606055974960327e-01
7.411944270133972168e-01 8.427758812904357910e-01
2.213607132434844971e-01 5.606250762939453125e-01
5.998751521110534668e-01 3.024392426013946533e-01
4.190390110015869141e-01 8.558049201965332031e-01
6.994764208793640137e-01 5.809016823768615723e-01
4.748460352420806885e-01 8.892089724540710449e-01
9.970265030860900879e-01 5.421499609947204590e-01
5.865272283554077148e-01 9.637869000434875488e-01
8.063672780990600586e-01 7.004866003990173340e-01
8.654604554176330566e-01 4.153694510459899902e-01
3.667664229869842529e-01 6.030588746070861816e-01
5.533458590507507324e-01 7.782608270645141602e-01
3.737112581729888916e-01 2.947661876678466797e-01
3.799077868461608887e-01 4.301373660564422607e-01
1.146082207560539246e-01 2.614606916904449463e-01
7.609752416610717773e-01 8.196946382522583008e-01
3.907825797796249390e-02 7.671211361885070801e-01
9.232027530670166016e-01 1.512064971029758453e-02
6.896902918815612793e-01 5.877777338027954102e-01
6.940974593162536621e-01 6.302285194396972656e-01
2.529568076133728027e-01 3.180271685123443604e-01
4.557384178042411804e-03 2.151389718055725098e-01
5.448738336563110352e-01 7.994190454483032227e-01
7.474166154861450195e-01 5.325418114662170410e-01
4.198562800884246826e-01 9.822509884834289551e-01
9.009449481964111328e-01 6.887488365173339844e-01
2.259054929018020630e-01 6.444677114486694336e-01
5.552151799201965332e-01 8.601627349853515625e-01
6.084120273590087891e-01 6.263225674629211426e-01
9.738443493843078613e-01 8.361892700195312500e-01
7.078744173049926758e-01 1.699626296758651733e-01
8.144181221723556519e-02 9.111346304416656494e-02
5.271101593971252441e-01 3.004361502826213837e-02
1.863609105348587036e-01 1.393630653619766235e-01
7.698424160480499268e-02 2.193150818347930908e-01
5.497269630432128906e-01 6.310535669326782227e-01
1.182842478156089783e-01 7.361339926719665527e-01
8.633408546447753906e-01 1.699198782444000244e-02
3.266045153141021729e-01 3.369787037372589111e-01
5.329070091247558594e-01 1.785833090543746948e-01
3.341083824634552002e-01 1.001444384455680847e-01
5.453653931617736816e-01 8.446096181869506836e-01
4.293552637100219727e-01 8.480588793754577637e-01
9.199457764625549316e-01 1.836297959089279175e-01
5.408336520195007324e-01 6.687126159667968750e-01
5.287776589393615723e-01 9.877884984016418457e-01
5.104355812072753906e-01 2.299998402595520020e-01
3.648094832897186279e-01 4.984863102436065674e-01
9.980238676071166992e-01 8.061808347702026367e-01
1.294777691364288330e-01 7.267016172409057617e-01
9.496470540761947632e-02 5.833962559700012207e-02
4.208221137523651123e-01 1.361582279205322266e-01
5.017132759094238281e-01 6.640639901161193848e-01
3.905999362468719482e-01 3.898026347160339355e-01
4.646522104740142822e-01 3.582459986209869385e-01
2.521038055419921875e-01 3.954504430294036865e-01
1.567661613225936890e-01 8.556671738624572754e-01
3.884309828281402588e-01 9.141491055488586426e-01
2.450773268938064575e-01 8.128017783164978027e-01
8.339825868606567383e-01 7.955785393714904785e-01
3.996558189392089844e-01 7.217179536819458008e-01
2.729010581970214844e-01 5.331467986106872559e-01
1.377672553062438965e-01 4.424768090248107910e-01
9.796720743179321289e-02 5.383465439081192017e-02
1.047816127538681030e-01 3.615706264972686768e-01
4.793558735400438309e-03 6.375812292098999023e-01
1.964474171400070190e-01 6.398109197616577148e-01
1.199999377131462097e-01 6.020336747169494629e-01
6.950972080230712891e-01 6.078202128410339355e-01
1.376640498638153076e-01 1.244722604751586914e-01
8.797497749328613281e-01 1.613327264785766602e-01
2.832402884960174561e-01 1.972464621067047119e-01
3.912937939167022705e-01 2.696815133094787598e-01
1.954783685505390167e-02 6.709688901901245117e-01
2.369975149631500244e-01 1.388731691986322403e-02
1.491355299949645996e-01 6.451690196990966797e-02
5.314422771334648132e-02 5.262318998575210571e-02
8.482290506362915039e-01 3.773596286773681641e-01
3.567782938480377197e-01 4.308385848999023438e-01
7.945412993431091309e-01 5.522297024726867676e-01
1.610406488180160522e-01 1.494030505418777466e-01
9.657458662986755371e-01 1.486555337905883789e-01
6.680118441581726074e-01 9.752361774444580078e-01
4.586219191551208496e-01 8.877258300781250000e-01
3.565742820501327515e-02 8.975605368614196777e-01
1.129724010825157166e-01 2.971406877040863037e-01
1.215018704533576965e-01 6.373841762542724609e-01
1.970760673284530640e-01 7.362060546875000000e-01
1.977012306451797485e-01 1.045395657420158386e-01
2.377783954143524170e-01 9.406568408012390137e-01
1.110422983765602112e-01 4.435928165912628174e-01
3.468278050422668457e-02 8.196974396705627441e-01
3.931372165679931641e-01 5.991594791412353516e-01
6.020568013191223145e-01 7.214374542236328125e-01
8.005850017070770264e-02 3.571064174175262451e-01
2.237534523010253906e-01 8.520815372467041016e-01
9.107896685600280762e-02 7.604718208312988281e-01
6.882373988628387451e-02 2.994055449962615967e-01
7.193302512168884277e-01 8.082269877195358276e-02
8.032287359237670898e-01 8.022273778915405273e-01
9.722141027450561523e-01 8.301454782485961914e-01
5.187503620982170105e-02 8.799561262130737305e-01
4.276316761970520020e-01 6.632503271102905273e-01
9.524572491645812988e-01 9.040204882621765137e-01
9.183487296104431152e-01 3.951532840728759766e-01
8.619851619005203247e-02 2.121965438127517700e-01
7.318971306085586548e-02 3.080153167247772217e-01
7.344036698341369629e-01 5.737453699111938477e-01
6.267238259315490723e-01 4.971914365887641907e-02
4.327779114246368408e-01 5.297862291336059570e-01
7.163609862327575684e-01 6.702463030815124512e-01
1.709117144346237183e-01 2.948244214057922363e-01
9.946349263191223145e-01 4.080602824687957764e-01
9.025719761848449707e-02 4.826883673667907715e-01
7.652753591537475586e-01 1.065233796834945679e-01
4.729920625686645508e-01 7.361568808555603027e-01
8.157616853713989258e-02 8.421376943588256836e-01
1.917387172579765320e-02 8.569368124008178711e-01
2.411399632692337036e-01 2.253533154726028442e-01
7.144388556480407715e-01 6.020120978355407715e-01
4.209755659103393555e-01 1.861478760838508606e-02
2.073836475610733032e-01 5.696989297866821289e-01
1.241245642304420471e-01 3.274023532867431641e-01
6.003805994987487793e-01 9.536349773406982422e-01
4.559727758169174194e-02 8.998335599899291992e-01
2.648901641368865967e-01 8.248314857482910156e-01
8.115318417549133301e-01 7.904844284057617188e-01
2.368848770856857300e-01 4.810930490493774414e-01
2.741962969303131104e-01 5.737450718879699707e-01
5.450082421302795410e-01 6.789243817329406738e-01
4.881678894162178040e-02 5.930064916610717773e-01
3.920322358608245850e-01 8.475982546806335449e-01
3.324943780899047852e-01 3.671155571937561035e-01
6.805651783943176270e-01 7.167654037475585938e-01
5.421562790870666504e-01 8.852986693382263184e-01
4.639019370079040527e-01 6.068236231803894043e-01
7.570462673902511597e-02 3.170901238918304443e-01
2.980573773384094238e-01 2.564887702465057373e-01
1.159986853599548340e-01 1.351023651659488678e-02
2.208545207977294922e-01 6.686475872993469238e-01
7.021622061729431152e-01 4.863624274730682373e-01
4.413093924522399902e-01 3.272682130336761475e-01
7.953920364379882812e-01 2.128174901008605957e-01
2.703949809074401855e-01 9.211107492446899414e-01
4.295656085014343262e-01 4.584533274173736572e-01
8.960714936256408691e-01 6.709276437759399414e-01
3.834176957607269287e-01 6.911367774009704590e-01
5.150249004364013672e-01 5.488836169242858887e-01
6.307927966117858887e-01 8.165414333343505859e-01
3.100395500659942627e-01 5.607379674911499023e-01
5.858348011970520020e-01 6.326773166656494141e-01
2.706994712352752686e-01 5.429511666297912598e-01
3.689197003841400146e-01 3.710851669311523438e-01
3.454056084156036377e-01 4.478109776973724365e-01
7.576007246971130371e-01 3.219902813434600830e-01
3.183053731918334961e-01 6.306027173995971680e-01
1.643838733434677124e-01 6.781526803970336914e-01
6.154696345329284668e-01 6.936795115470886230e-01
9.370954036712646484e-01 1.887350678443908691e-01
7.221762537956237793e-01 9.887428283691406250e-01
8.292970061302185059e-01 2.331292480230331421e-01
5.898354649543762207e-01 2.917179763317108154e-01
3.326116502285003662e-01 3.336757123470306396e-01
2.987136840820312500e-01 9.843131899833679199e-02
5.322234332561492920e-02 6.704865694046020508e-01
8.899629712104797363e-01 6.633782982826232910e-01
3.636197447776794434e-01 3.914529383182525635e-01
6.463739275932312012e-01 7.536528110504150391e-01
1.597218811511993408e-01 4.328146576881408691e-01
4.532548785209655762e-01 1.448441892862319946e-01
9.822006225585937500e-01 8.915236592292785645e-01
6.555188298225402832e-01 1.113239377737045288e-01
4.782881960272789001e-02 2.553688585758209229e-01
7.108196020126342773e-01 5.718656182289123535e-01
5.595471262931823730e-01 7.084105014801025391e-01
5.429071784019470215e-01 3.273251354694366455e-01
1.637556850910186768e-01 2.829939499497413635e-02
5.852286815643310547e-01 6.001002788543701172e-01
2.180749475955963135e-01 5.050709843635559082e-01
7.478944659233093262e-01 7.440938949584960938e-01
9.697754979133605957e-01 6.706228852272033691e-01
1.252465993165969849e-01 2.215500175952911377e-01
6.347226500511169434e-01 7.075470089912414551e-01
8.108203411102294922e-01 4.358580708503723145e-02
7.236372232437133789e-01 7.395797967910766602e-01
1.887134909629821777e-01 2.420537471771240234e-01
9.139588475227355957e-01 2.566829323768615723e-01
3.164318501949310303e-01 6.084645986557006836e-01
6.967650651931762695e-01 8.375669717788696289e-01
3.814029693603515625e-01 3.163565695285797119e-01
9.085984230041503906e-01 8.265082240104675293e-01
5.766656994819641113e-02 1.666602343320846558e-01
3.318955004215240479e-02 5.558398365974426270e-01
8.159229159355163574e-01 5.317352414131164551e-01
6.195764243602752686e-02 4.847758710384368896e-01
1.767965555191040039e-01 7.724685072898864746e-01
2.519658207893371582e-01 4.607380926609039307e-01
4.794767796993255615e-01 6.586530804634094238e-01
9.127540886402130127e-02 5.447002053260803223e-01
7.880834341049194336e-01 8.558908849954605103e-02
1.144774407148361206e-01 4.029563963413238525e-01
2.318133562803268433e-01 7.033043503761291504e-01
9.583081305027008057e-02 5.300139188766479492e-01
2.789999246597290039e-01 1.543290913105010986e-01
7.937831878662109375e-01 2.843184173107147217e-01
6.053753495216369629e-01 5.926075577735900879e-01
1.582513600587844849e-01 3.562676608562469482e-01
5.825416445732116699e-01 5.382032692432403564e-02
6.534297466278076172e-01 8.933091163635253906e-01
1.790574193000793457e-01 6.425720173865556717e-03
8.207130432128906250e-01 8.940203189849853516e-01
2.596356570720672607e-01 1.949747353792190552e-01
7.905575633049011230e-01 8.915120363235473633e-01
6.832246184349060059e-01 1.817448884248733521e-01
9.713043570518493652e-01 4.063462615013122559e-01
9.605519771575927734e-01 5.616297721862792969e-01
4.751848876476287842e-01 9.993055462837219238e-01
5.270802378654479980e-01 1.313485354185104370e-01
1.713800132274627686e-01 1.827883273363113403e-01
2.207829207181930542e-01 9.788708686828613281e-01
1.371292769908905029e-01 2.721320390701293945e-01
6.482328176498413086e-01 6.678516864776611328e-01
4.897175729274749756e-01 7.629298567771911621e-01
1.661518961191177368e-01 8.979849815368652344e-01
8.360560983419418335e-02 5.902773737907409668e-01
3.336090743541717529e-01 4.064627587795257568e-01
1.359523683786392212e-01 8.374654054641723633e-01
1.960662901401519775e-01 2.802470624446868896e-01
2.026685327291488647e-01 2.300509661436080933e-01
5.211529135704040527e-01 7.179024815559387207e-01
1.732294857501983643e-01 6.565052270889282227e-01
9.009642153978347778e-02 9.701741337776184082e-01
9.864916205406188965e-01 8.554181456565856934e-02
2.469165250658988953e-02 4.602623581886291504e-01
3.151989877223968506e-01 6.175854802131652832e-01
4.234046638011932373e-01 4.915549233555793762e-02
6.514884531497955322e-02 9.756048321723937988e-01
6.103260517120361328e-01 8.798922896385192871e-01
3.224098682403564453e-01 4.571648836135864258e-01
7.539734840393066406e-01 8.666486740112304688e-01
8.630504459142684937e-02 6.926321983337402344e-01
7.728353142738342285e-01 3.891957402229309082e-01
3.962688744068145752e-01 2.649278342723846436e-01
8.914927244186401367e-01 7.904579639434814453e-01
6.715481877326965332e-01 7.308370471000671387e-01
9.554772377014160156e-01 4.977993667125701904e-01
2.468454465270042419e-02 7.684703171253204346e-02
9.809488803148269653e-02 2.484964579343795776e-02
9.480052441358566284e-02 9.130609631538391113e-01
5.978668928146362305e-01 6.166098713874816895e-01
9.128829836845397949e-01 3.297940641641616821e-02
6.913799047470092773e-01 3.403815329074859619e-01
6.893953084945678711e-01 5.771473050117492676e-01
8.639087677001953125e-01 4.890470802783966064e-01
9.183084964752197266e-01 8.933862447738647461e-01
1.124933436512947083e-01 4.339512288570404053e-01
3.073837757110595703e-01 3.188449889421463013e-02
4.915844500064849854e-01 9.057669043540954590e-01
5.112079977989196777e-01 5.909056663513183594e-01
8.716037273406982422e-01 7.302095890045166016e-01
2.488678842782974243e-01 3.863411247730255127e-01
7.207089066505432129e-01 6.750076413154602051e-01
1.264331862330436707e-02 1.241018399596214294e-01
1.946546733379364014e-01 5.541543960571289062e-01
7.440307140350341797e-01 8.263618350028991699e-01
1.842734366655349731e-01 7.107663154602050781e-01
5.954079627990722656e-01 9.237379431724548340e-01
4.216668009757995605e-01 2.362564802169799805e-01
2.025541365146636963e-01 1.119501814246177673e-01
6.216621994972229004e-01 2.366546168923377991e-02
4.300182163715362549e-01 1.186064034700393677e-01
9.551041126251220703e-01 3.487135171890258789e-01
6.600926518440246582e-01 8.108403086662292480e-01
3.573960959911346436e-01 1.692699790000915527e-01
3.648585975170135498e-01 8.717055320739746094e-01
8.828355073928833008e-01 6.750132441520690918e-01
3.991872370243072510e-01 9.099008440971374512e-01
4.277489781379699707e-01 7.881028056144714355e-01
8.407744169235229492e-01 6.056436896324157715e-01
8.657652735710144043e-01 5.638599991798400879e-01
4.437993168830871582e-01 4.333367943763732910e-01
4.701319336891174316e-01 9.377007186412811279e-02
3.482170104980468750e-01 5.459308624267578125e-01
2.913477122783660889e-01 3.619336187839508057e-01
8.039395809173583984e-01 5.056822299957275391e-01
8.522835969924926758e-01 6.136315464973449707e-01
1.669373661279678345e-01 4.411170184612274170e-01
4.901198744773864746e-01 3.411178588867187500e-01
5.107455849647521973e-01 7.323569059371948242e-01
6.406304240226745605e-01 1.743561476469039917e-01
7.044728100299835205e-02 8.184580802917480469e-01
8.807310461997985840e-01 1.283347979187965393e-02
1.910332031548023224e-02 6.645468473434448242e-01
1.386399865150451660e-01 3.177372515201568604e-01
1.424734443426132202e-01 7.579626441001892090e-01
6.437003016471862793e-01 8.995189070701599121e-01
4.375747963786125183e-02 5.190296769142150879e-01
5.465501546859741211e-01 9.636724591255187988e-01
6.655221432447433472e-02 1.063995212316513062e-01
1.251128464937210083e-01 4.012949764728546143e-01
1.707402803003787994e-02 8.781397938728332520e-01
6.770162582397460938e-01 7.864236831665039062e-01
3.318121284246444702e-02 6.663379818201065063e-02
6.794184446334838867e-01 8.384920954704284668e-01
8.165768384933471680e-01 8.062935471534729004e-01
4.564037173986434937e-02 9.504478573799133301e-01
5.095973014831542969e-01 3.373814523220062256e-01
1.974623948335647583e-01 1.989212632179260254e-01
8.215750455856323242e-01 6.285405158996582031e-01
7.524916529655456543e-01 3.489578962326049805e-01
4.619644209742546082e-02 7.829632163047790527e-01
6.002191305160522461e-01 6.913856267929077148e-01
2.677968442440032959e-01 1.286546289920806885e-01
5.789833068847656250e-01 9.022175669670104980e-01
4.686920642852783203e-01 6.411520838737487793e-01
5.500863306224346161e-03 2.484351694583892822e-01
9.164664149284362793e-02 9.206087142229080200e-02
3.606139123439788818e-01 3.046704530715942383e-01
1.716478168964385986e-01 5.206664204597473145e-01
6.311604976654052734e-01 9.389796853065490723e-01
1.574980616569519043e-01 3.387897312641143799e-01
2.249887883663177490e-01 7.629396766424179077e-02
1.497630923986434937e-01 4.804955422878265381e-01
5.433000922203063965e-01 1.138091236352920532e-01
5.801241993904113770e-01 8.203260302543640137e-01
5.151732563972473145e-01 5.933435559272766113e-01
2.155722379684448242e-01 8.817514777183532715e-01
5.307850241661071777e-01 8.529183268547058105e-01
1.709010154008865356e-01 4.538916051387786865e-01
2.098423242568969727e-01 3.945218622684478760e-01
8.504993319511413574e-01 6.467151045799255371e-01
8.410808444023132324e-01 3.718042969703674316e-01
9.117127656936645508e-01 9.291439652442932129e-01
4.811249971389770508e-01 9.632529616355895996e-01
5.517711639404296875e-01 2.434071749448776245e-01
7.238978743553161621e-01 6.370484232902526855e-01
6.628813743591308594e-01 1.418898403644561768e-01
7.863156795501708984e-01 4.844768941402435303e-01
9.483674764633178711e-01 3.818787634372711182e-01
6.324427127838134766e-01 2.325533181428909302e-01
4.117746055126190186e-01 8.340754508972167969e-01
3.759533762931823730e-01 8.221758604049682617e-01
2.565019205212593079e-02 2.467895150184631348e-01
7.725455164909362793e-01 8.843374848365783691e-01
2.373565286397933960e-01 5.469306372106075287e-03
7.940193414688110352e-01 5.983697250485420227e-02
9.139413833618164062e-01 7.565417885780334473e-01
6.154899001121520996e-01 8.495506644248962402e-01
7.339243292808532715e-01 3.204759657382965088e-01
5.069148540496826172e-01 8.094977736473083496e-01
2.190841175615787506e-02 3.211109936237335205e-01
8.691029548645019531e-01 3.451731801033020020e-01
2.104630321264266968e-01 4.632720351219177246e-01
9.048079252243041992e-01 8.730403184890747070e-01
7.205458283424377441e-01 4.374786019325256348e-01
8.664153218269348145e-01 5.670713782310485840e-01
8.487691283226013184e-01 8.718901872634887695e-01
7.493795752525329590e-01 8.615828156471252441e-01
3.232400715351104736e-01 3.322968184947967529e-01
5.487142205238342285e-01 6.832028031349182129e-01
3.895662128925323486e-01 2.266798615455627441e-01
7.300532460212707520e-01 2.203641980886459351e-01
2.212836146354675293e-01 6.621154546737670898e-01
4.399249553680419922e-01 5.627874732017517090e-01
7.123406529426574707e-01 4.175954163074493408e-01
6.698226928710937500e-01 3.687393292784690857e-02
7.083202004432678223e-01 3.235881626605987549e-01
7.778022289276123047e-01 8.389809727668762207e-01
6.773564219474792480e-01 9.808515012264251709e-02
1.040800735354423523e-01 9.817141294479370117e-02
6.580072641372680664e-01 6.089981794357299805e-01
6.470615267753601074e-01 7.679821848869323730e-01
4.560116529464721680e-01 1.167759299278259277e-03
4.269284605979919434e-01 6.679656505584716797e-01
4.405745565891265869e-01 2.272057346999645233e-03
6.061089038848876953e-01 9.981883168220520020e-01
8.059673309326171875e-01 8.590883016586303711e-01
4.882661998271942139e-01 5.976078510284423828e-01
1.706076264381408691e-01 5.743871331214904785e-01
1.830313652753829956e-01 3.702730238437652588e-01
6.377159357070922852e-01 7.316797375679016113e-01
2.423668801784515381e-01 9.341323375701904297e-01
8.636451959609985352e-01 8.610624670982360840e-01
9.248899817466735840e-01 5.496459007263183594e-01
6.042929887771606445e-01 5.261483192443847656e-01
7.039034366607666016e-01 4.483669102191925049e-01
1.638121902942657471e-01 4.711638689041137695e-01
3.342648148536682129e-01 3.456035256385803223e-01
8.985413908958435059e-01 9.539039134979248047e-01
1.570979952812194824e-01 2.594528794288635254e-01
1.203527599573135376e-01 3.879458457231521606e-02
5.411624312400817871e-01 8.238541483879089355e-01
8.438713550567626953e-01 9.295659065246582031e-01
5.051525831222534180e-01 9.660680592060089111e-02
9.776363968849182129e-01 8.572877645492553711e-01
3.283315300941467285e-01 4.075973033905029297e-01
3.838952183723449707e-01 5.156331881880760193e-02
2.754971086978912354e-01 7.179150581359863281e-01
6.013036966323852539e-01 7.013126015663146973e-01
3.108063340187072754e-02 9.288665652275085449e-01
7.284482717514038086e-01 1.048031225800514221e-01
3.406170904636383057e-01 9.151565432548522949e-01
2.287817150354385376e-01 6.532542705535888672e-01
3.348307609558105469e-01 8.115142583847045898e-02
3.873715400695800781e-01 6.541403532028198242e-01
8.265611529350280762e-01 2.257239818572998047e-01
4.035024642944335938e-01 9.126074910163879395e-01
7.129121422767639160e-01 6.311070322990417480e-01
6.529940962791442871e-01 6.852275133132934570e-01
2.191033586859703064e-02 4.331777393817901611e-01
1.190711036324501038e-01 3.374793231487274170e-01
4.568699300289154053e-01 6.865926980972290039e-01
9.086208343505859375e-01 5.430582761764526367e-01
6.358349323272705078e-01 6.710337400436401367e-01
4.351086318492889404e-01 7.143835425376892090e-01
1.699153482913970947e-01 6.423026323318481445e-01
2.018324136734008789e-01 9.123815894126892090e-01
5.376458764076232910e-01 4.416638314723968506e-01
1.832634955644607544e-01 6.378387808799743652e-01
6.764695644378662109e-01 2.300557792186737061e-01
8.544955253601074219e-01 2.972365617752075195e-01
8.731796145439147949e-01 9.547087550163269043e-01
2.927112765610218048e-02 2.865019142627716064e-01
1.700947135686874390e-01 8.358086943626403809e-01
1.856365650892257690e-01 1.621051430702209473e-01
6.484744548797607422e-01 7.246825098991394043e-01
1.054096668958663940e-01 6.707667112350463867e-01
4.756169915199279785e-01 3.533046543598175049e-01
8.306935429573059082e-01 8.256391882896423340e-01
6.079486012458801270e-01 4.895906746387481689e-01
8.252876996994018555e-01 8.820709586143493652e-01
8.002737164497375488e-01 5.887355208396911621e-01
9.771380424499511719e-01 4.167237877845764160e-01
5.029951333999633789e-01 4.788196980953216553e-01
7.490027546882629395e-01 8.366189002990722656e-01
8.432587385177612305e-01 9.547627568244934082e-01
4.243195354938507080e-01 2.541989833116531372e-02
7.044693827629089355e-01 1.499042659997940063e-01
5.440234541893005371e-01 5.010834932327270508e-01
5.849750041961669922e-01 8.024895191192626953e-02
1.566985845565795898e-01 1.875725984573364258e-01
2.484493851661682129e-01 1.750933006405830383e-02
6.041489839553833008e-01 7.120982408523559570e-01
6.845163106918334961e-01 2.970025539398193359e-01
1.677890494465827942e-02 2.705785930156707764e-01
1.965592950582504272e-01 5.714341998100280762e-01
3.429738283157348633e-01 8.621791005134582520e-02
1.733613312244415283e-01 3.606508374214172363e-01
1.812310330569744110e-02 5.820310115814208984e-01
4.770742952823638916e-01 4.409846663475036621e-01
7.498632669448852539e-01 4.474134445190429688e-01
5.219315290451049805e-01 3.250520825386047363e-01
1.078308373689651489e-01 9.912604689598083496e-01
7.649165391921997070e-01 8.899053931236267090e-01
2.181289792060852051e-01 3.297701478004455566e-01
3.972896635532379150e-01 6.224969029426574707e-01
5.004479885101318359e-01 9.756624102592468262e-01
3.712002635002136230e-01 5.560507774353027344e-01
9.903171658515930176e-01 4.909200370311737061e-01
5.216721296310424805e-01 8.601319789886474609e-02
4.399234950542449951e-01 3.674777150154113770e-01
3.009095191955566406e-01 7.821301221847534180e-01
2.785105109214782715e-01 8.974732160568237305e-01
2.669056057929992676e-01 5.275070667266845703e-01
1.057204902172088623e-01 4.212429225444793701e-01
7.181352972984313965e-01 2.042230404913425446e-02
1.626892536878585815e-01 5.082951188087463379e-01
7.315254211425781250e-01 6.477962732315063477e-01
9.147605299949645996e-02 9.485495686531066895e-01
9.990459680557250977e-02 8.368579745292663574e-01
5.183006525039672852e-01 7.314825654029846191e-01
2.676404118537902832e-01 2.999660968780517578e-01
1.097525805234909058e-01 6.864839792251586914e-01
4.652730748057365417e-02 9.910485148429870605e-01
5.229590535163879395e-01 4.667911231517791748e-01
5.380216836929321289e-01 2.418871968984603882e-01
5.579323768615722656e-01 5.082045793533325195e-01
9.283048510551452637e-01 4.647378027439117432e-01
4.549357891082763672e-01 2.096539735794067383e-01
9.284085035324096680e-01 4.423302412033081055e-01
1.939970254898071289e-01 2.938225865364074707e-01
6.411525607109069824e-01 9.074421525001525879e-01
7.874624133110046387e-01 7.064074277877807617e-01
3.614181876182556152e-01 5.245094299316406250e-01
1.590348929166793823e-01 2.694388665258884430e-02
5.036270618438720703e-01 8.618609309196472168e-01
4.399635791778564453e-01 1.160839647054672241e-01
4.413982033729553223e-01 7.946371436119079590e-01
3.153736591339111328e-01 2.974372804164886475e-01
8.476212024688720703e-01 9.738138318061828613e-01
5.583803057670593262e-01 6.220512986183166504e-01
5.745061039924621582e-01 8.276230692863464355e-01
1.434994190931320190e-01 8.536268472671508789e-01
7.383702397346496582e-01 3.608169853687286377e-01
7.045355439186096191e-01 6.767838597297668457e-01
1.086448878049850464e-01 4.042645394802093506e-01
4.427247643470764160e-01 6.526032835245132446e-02
5.556553602218627930e-01 8.605495691299438477e-01
7.120006680488586426e-01 8.373019099235534668e-01
3.106211125850677490e-02 6.906519085168838501e-02
6.863816380500793457e-01 6.527901291847229004e-01
1.080477014183998108e-01 8.758885264396667480e-01
3.452746272087097168e-01 1.981129050254821777e-01
8.906594514846801758e-01 4.762999713420867920e-02
3.483926355838775635e-01 2.783618569374084473e-01
5.483308434486389160e-01 7.029340267181396484e-01
6.180242896080017090e-01 4.050989151000976562e-01
7.358620166778564453e-01 2.118553817272186279e-01
6.187746524810791016e-01 5.226439833641052246e-01
9.853973984718322754e-01 6.598803997039794922e-01
3.307195603847503662e-01 7.585231065750122070e-01
6.992950439453125000e-01 4.862159192562103271e-01
7.075485587120056152e-01 9.613834619522094727e-01
2.109072357416152954e-01 7.942001223564147949e-01
2.685286402702331543e-01 8.530113697052001953e-01
1.955771595239639282e-01 1.544666737318038940e-01
8.450365066528320312e-02 6.586905568838119507e-02
7.029208540916442871e-01 9.046103358268737793e-01
7.555663585662841797e-01 9.220646619796752930e-01
2.771523594856262207e-02 1.011403352022171021e-01
3.355897367000579834e-01 4.548243582248687744e-01
7.740463614463806152e-01 3.665806353092193604e-01
9.756843447685241699e-01 8.116652965545654297e-01
6.855183243751525879e-01 9.766262769699096680e-01
3.325201570987701416e-01 1.880521513521671295e-02
4.243385195732116699e-01 4.175646305084228516e-01
6.508955359458923340e-01 8.740323781967163086e-01
9.148218482732772827e-02 9.882572889328002930e-01
4.228365719318389893e-01 3.478931784629821777e-01
9.762822389602661133e-01 7.964978218078613281e-01
3.530400618910789490e-02 7.502566277980804443e-02
4.731479659676551819e-02 3.696921765804290771e-01
7.334756255149841309e-01 4.908463358879089355e-01
9.927964210510253906e-02 3.687300980091094971e-01
4.000344574451446533e-01 4.003268182277679443e-01
4.934465289115905762e-01 3.555724620819091797e-01
2.305066883563995361e-01 6.251098513603210449e-01
4.948572516441345215e-01 5.230063199996948242e-01
1.704270094633102417e-01 8.725255727767944336e-01
9.901755303144454956e-02 8.432198762893676758e-01
2.217297106981277466e-01 1.052410434931516647e-02
4.813148379325866699e-01 5.820491313934326172e-01
5.134902596473693848e-01 9.545476436614990234e-01
7.311320304870605469e-01 6.389295458793640137e-01
2.045043110847473145e-01 4.247125983238220215e-01
5.962178111076354980e-01 3.500550687313079834e-01
5.839997529983520508e-01 8.339906930923461914e-01
6.865652203559875488e-01 1.353437453508377075e-01
5.100229382514953613e-01 5.657607316970825195e-01
9.634025394916534424e-03 8.582010865211486816e-01
5.533991456031799316e-01 5.138587355613708496e-01
7.085260748863220215e-01 5.275963544845581055e-01
8.835992217063903809e-01 6.854024529457092285e-01
7.639193534851074219e-01 4.516950342804193497e-03
7.870146036148071289e-01 2.345994114875793457e-01
4.150710701942443848e-01 8.284774422645568848e-01
3.266184628009796143e-01 3.716725707054138184e-01
1.330210864543914795e-01 8.220942020416259766e-01
2.581838071346282959e-01 8.420631289482116699e-01
9.886482357978820801e-01 8.544706702232360840e-01
9.007269144058227539e-01 6.174675226211547852e-01
1.863043159246444702e-01 3.664532005786895752e-01
1.166251301765441895e-02 1.067200154066085815e-01
6.046814471483230591e-02 8.612180948257446289e-01
1.344997584819793701e-01 9.445695877075195312e-01
8.016076087951660156e-01 7.314555644989013672e-01
1.053222939372062683e-01 9.959383010864257812e-01
4.434075355529785156e-01 1.879115402698516846e-02
4.330888688564300537e-01 4.763408303260803223e-01
7.500039339065551758e-01 8.375099301338195801e-01
5.221665501594543457e-01 6.469062566757202148e-01
6.672222614288330078e-01 2.165762782096862793e-01
3.166732490062713623e-01 8.325206041336059570e-01
3.926063179969787598e-01 2.448555976152420044e-01
7.933120727539062500e-01 2.811216413974761963e-01
5.259093046188354492e-01 8.669404983520507812e-01
7.983661890029907227e-01 3.139170110225677490e-01
7.020768523216247559e-01 8.095068931579589844e-01
3.444063961505889893e-01 5.617076158523559570e-01
9.272333979606628418e-01 7.320867180824279785e-01
3.987469077110290527e-01 5.839311480522155762e-01
6.341939419507980347e-02 7.045940160751342773e-01
6.800133585929870605e-01 9.312350749969482422e-01
7.144483923912048340e-01 5.997561812400817871e-01
8.102514743804931641e-01 4.050629436969757080e-01
4.059036672115325928e-01 6.517806053161621094e-01
1.776997894048690796e-01 9.484961628913879395e-02
4.820361733436584473e-01 6.639868021011352539e-01
2.299497574567794800e-01 6.199535131454467773e-01
3.043879382312297821e-02 1.272487491369247437e-01
1.311499476432800293e-01 1.262363940477371216e-01
7.997295260429382324e-01 2.286842465400695801e-01
4.233415722846984863e-01 3.547291755676269531e-01
9.457645416259765625e-01 9.104092717170715332e-01
2.285133004188537598e-01 1.915124952793121338e-01
2.658008337020874023e-01 3.428083360195159912e-01
9.984896779060363770e-01 6.667072176933288574e-01
1.433882117271423340e-01 3.036414384841918945e-01
9.379408955574035645e-01 8.736752867698669434e-01
4.329148232936859131e-01 4.999701678752899170e-01
6.636529564857482910e-01 6.655125021934509277e-01
9.112734198570251465e-01 7.345467209815979004e-01
2.254559099674224854e-01 6.300389766693115234e-01
3.879128098487854004e-01 4.854306578636169434e-01
5.448340177536010742e-01 8.933231234550476074e-01
6.959792971611022949e-01 4.721178710460662842e-01
5.482591986656188965e-01 3.226390182971954346e-01
2.421550005674362183e-01 4.649167656898498535e-01
4.136522114276885986e-01 4.267162084579467773e-01
4.633942544460296631e-01 6.639174371957778931e-02
5.519524216651916504e-01 7.036700248718261719e-01
7.658324204385280609e-03 4.950868189334869385e-01
4.336802661418914795e-01 5.696533247828483582e-02
3.559891283512115479e-01 3.222611546516418457e-01
1.996411830186843872e-01 6.148689389228820801e-01
1.165331602096557617e-01 8.593115806579589844e-01
5.901135802268981934e-01 6.248983740806579590e-01
2.482663094997406006e-01 6.834418177604675293e-01
4.269223809242248535e-01 1.637069880962371826e-01
4.742547273635864258e-01 7.569934725761413574e-01
2.760612964630126953e-01 7.529214620590209961e-01
2.473159730434417725e-01 6.391616910696029663e-02
8.441244065761566162e-02 6.012420058250427246e-01
4.688865542411804199e-01 3.685234189033508301e-01
2.585798203945159912e-01 5.963761806488037109e-01
5.443621277809143066e-01 5.676153302192687988e-01
5.932921171188354492e-01 2.428355067968368530e-01
8.019961118698120117e-01 1.364760659635066986e-02
5.568028688430786133e-01 7.549180984497070312e-01
1.677252650260925293e-01 3.844860475510358810e-03
6.195735335350036621e-01 9.379508346319198608e-02
7.949628233909606934e-01 5.936466455459594727e-01
4.002601802349090576e-01 8.245908617973327637e-01
5.667478442192077637e-01 1.811123788356781006e-01
9.940320253372192383e-01 2.314812131226062775e-02
1.899789571762084961e-01 5.904312729835510254e-01
2.055300772190093994e-01 5.202762037515640259e-02
2.123575285077095032e-02 5.301923751831054688e-01
1.630051285028457642e-01 6.458759903907775879e-01
5.155551433563232422e-01 8.168509006500244141e-01
6.063773036003112793e-01 7.199847102165222168e-01
2.845641374588012695e-01 6.517544388771057129e-01
7.648348808288574219e-02 7.677166461944580078e-01
3.632755875587463379e-01 4.382532238960266113e-01
1.934055984020233154e-01 5.184922218322753906e-01
5.599039196968078613e-01 7.056326270103454590e-01
1.477077007293701172e-01 5.256018638610839844e-01
1.858331114053726196e-01 1.833401620388031006e-01
5.588524937629699707e-01 8.410556316375732422e-01
2.183912247419357300e-01 8.747719228267669678e-02
3.462755382061004639e-01 6.369320750236511230e-01
8.521295785903930664e-01 1.433120388537645340e-02
1.254291385412216187e-01 1.917753815650939941e-01
2.118598073720932007e-01 3.810559213161468506e-01
4.535321593284606934e-01 8.016247749328613281e-01
3.783953785896301270e-01 1.588575094938278198e-01
4.850160479545593262e-01 8.437613248825073242e-01
2.806623876094818115e-01 7.765029668807983398e-01
9.928284287452697754e-01 2.312801331281661987e-01
1.163513865321874619e-02 8.314700722694396973e-01
3.215600848197937012e-01 5.222471803426742554e-02
9.543287754058837891e-01 7.350706458091735840e-01
4.548415243625640869e-01 4.285260438919067383e-01
8.741911053657531738e-01 8.335456848144531250e-01
1.036533638834953308e-01 3.219605982303619385e-01
6.271984577178955078e-01 4.409417212009429932e-01
2.493880838155746460e-01 5.717365145683288574e-01
5.866195559501647949e-01 9.414608478546142578e-01
1.743610948324203491e-02 1.206074282526969910e-01
1.022369787096977234e-01 2.458820641040802002e-01
8.762243986129760742e-01 7.656349539756774902e-01
5.888469815254211426e-01 4.663574099540710449e-01
8.958110213279724121e-01 8.967185020446777344e-01
5.656846985220909119e-02 6.767265796661376953e-01
4.825242161750793457e-01 5.282034277915954590e-01
8.333400487899780273e-01 8.112802505493164062e-01
7.703388333320617676e-01 5.975653529167175293e-01
9.357448816299438477e-01 9.783276915550231934e-01
9.871898889541625977e-01 7.236488461494445801e-01
5.426289439201354980e-01 8.873789310455322266e-01
7.653880715370178223e-01 7.465757727622985840e-01
5.098882317543029785e-01 5.441116690635681152e-01
9.734188914299011230e-01 2.809725403785705566e-01
3.406024575233459473e-01 4.991792142391204834e-01
9.211868643760681152e-01 5.133087635040283203e-01
5.512302517890930176e-01 8.819000422954559326e-02
1.486960351467132568e-01 9.106997847557067871e-01
2.133548408746719360e-01 2.797927260398864746e-01
1.421617865562438965e-01 5.174325406551361084e-02
2.660119235515594482e-01 2.024706900119781494e-01
1.629433929920196533e-01 3.488750457763671875e-01
7.265341877937316895e-01 1.348402258008718491e-02
8.896645903587341309e-01 1.576064229011535645e-01
1.928802765905857086e-02 2.904854118824005127e-01
8.698480129241943359e-01 7.692513465881347656e-01
4.479685425758361816e-01 1.330423653125762939e-01
6.199550628662109375e-02 8.858135938644409180e-01
7.667441964149475098e-01 9.041591882705688477e-01
4.250784218311309814e-01 4.904223382472991943e-01
2.390794008970260620e-01 5.975288748741149902e-01
7.352274656295776367e-01 3.878148496150970459e-01
6.609889864921569824e-01 6.581752300262451172e-01
3.227704167366027832e-01 5.119804143905639648e-01
5.699312090873718262e-01 4.357647597789764404e-01
8.980391025543212891e-01 8.568995594978332520e-01
8.780191093683242798e-02 6.291308254003524780e-02
8.770264387130737305e-01 9.298577308654785156e-01
3.774397373199462891e-01 5.045409202575683594e-01
5.680450797080993652e-01 4.028198719024658203e-01
3.779812753200531006e-01 8.969010710716247559e-01
9.655838608741760254e-01 6.868608593940734863e-01
3.950814008712768555e-01 3.722458481788635254e-01
9.357306361198425293e-01 5.510826110839843750e-01
4.859896376729011536e-02 2.658646367490291595e-02
5.864580273628234863e-01 9.882062673568725586e-01
9.305207133293151855e-01 8.552194237709045410e-01
6.772292256355285645e-01 5.414369106292724609e-01
5.310965180397033691e-01 6.689749956130981445e-01
6.336703300476074219e-01 9.805441498756408691e-01
7.248532027006149292e-02 7.862666249275207520e-01
9.022578001022338867e-01 6.589844077825546265e-02
9.780825376510620117e-01 5.380508303642272949e-01
9.002416729927062988e-01 7.461107969284057617e-01
3.595979511737823486e-02 9.263461828231811523e-01
1.697359979152679443e-01 2.150927484035491943e-01
2.648745430633425713e-03 2.549260156229138374e-03
3.285889029502868652e-01 7.241902351379394531e-01
7.577296495437622070e-01 7.093955278396606445e-01
9.929061532020568848e-01 1.712021380662918091e-01
7.180034518241882324e-01 6.123333573341369629e-01
6.791789084672927856e-02 2.140646725893020630e-01
6.248813122510910034e-02 3.965468406677246094e-01
5.402534604072570801e-01 2.336247116327285767e-01
2.253351360559463501e-01 8.204475045204162598e-01
3.537337183952331543e-01 1.906483918428421021e-01
6.765939295291900635e-02 5.725994706153869629e-02
5.919386744499206543e-01 5.346119999885559082e-01
4.286826774477958679e-02 1.756279915571212769e-01
8.589324355125427246e-01 8.953583836555480957e-01
8.817278742790222168e-01 7.418869137763977051e-01
6.929273605346679688e-01 9.606653451919555664e-01
4.267915189266204834e-01 4.471613168716430664e-01
9.481519460678100586e-01 4.953917860984802246e-01
8.410825133323669434e-01 6.361534595489501953e-01
8.239141702651977539e-01 8.736163377761840820e-01
9.138047099113464355e-01 5.084839090704917908e-02
7.338870167732238770e-01 3.584372699260711670e-01
2.543497681617736816e-01 7.130604386329650879e-01
3.048286437988281250e-01 3.903960287570953369e-01
3.476522564888000488e-01 6.905403733253479004e-02
1.540213823318481445e-02 4.781656432896852493e-03
2.173351198434829712e-01 5.830952525138854980e-01
1.975701302289962769e-01 6.223504543304443359e-01
3.823073804378509521e-01 4.542248845100402832e-01
9.394003152847290039e-01 2.830787599086761475e-01
6.380469799041748047e-01 8.889384269714355469e-01
7.704301476478576660e-01 2.751700878143310547e-01
5.966746211051940918e-01 9.241523742675781250e-01
7.389244437217712402e-01 6.740251779556274414e-01
9.704011082649230957e-01 8.119187951087951660e-01
6.128388643264770508e-01 8.501156568527221680e-01
6.009393930435180664e-01 8.419022560119628906e-01
7.758649587631225586e-01 4.205898568034172058e-02
2.535212635993957520e-01 6.455627083778381348e-01
3.117980957031250000e-01 1.820848733186721802e-01
9.001314640045166016e-01 7.713074088096618652e-01
9.906492233276367188e-01 6.195536851882934570e-01
8.987637162208557129e-01 7.595443129539489746e-01
9.879221916198730469e-01 6.976017355918884277e-01
6.158156320452690125e-02 1.827610880136489868e-01
9.248959422111511230e-01 7.457849979400634766e-01
1.526640504598617554e-01 4.443655014038085938e-01
9.620783850550651550e-03 8.311496973037719727e-01
1.234795823693275452e-01 6.907657384872436523e-01
3.875066339969635010e-01 8.051303029060363770e-01
8.349846005439758301e-01 5.899339914321899414e-01
9.417793750762939453e-01 6.536096334457397461e-01
8.980389237403869629e-01 7.108566761016845703e-01
7.692670226097106934e-01 5.128654465079307556e-02
9.533193707466125488e-01 6.707310676574707031e-01
5.278266966342926025e-02 8.013902902603149414e-01
1.378311067819595337e-01 8.446387052536010742e-01
7.786090373992919922e-01 7.655777931213378906e-01
1.290752440690994263e-01 4.000704288482666016e-01
6.767712831497192383e-01 8.585862517356872559e-01
4.703087508678436279e-01 2.928939089179039001e-02
3.182838112115859985e-02 9.050476551055908203e-02
4.235080480575561523e-01 2.025797516107559204e-01
2.225612103939056396e-02 8.008011579513549805e-01
9.609604477882385254e-01 7.653735876083374023e-01
8.411567807197570801e-01 1.249419450759887695e-01
3.610465303063392639e-02 9.480121731758117676e-02
7.798849344253540039e-01 5.565207600593566895e-01
8.947109580039978027e-01 7.076389789581298828e-01
3.510484397411346436e-01 4.811163544654846191e-01
1.814111918210983276e-01 6.136786341667175293e-01
5.003555417060852051e-01 6.931354403495788574e-01
1.325801312923431396e-01 1.423667967319488525e-01
5.369501113891601562e-01 8.974227309226989746e-01
5.349241942167282104e-02 1.206622794270515442e-01
2.001173198223114014e-01 7.094906568527221680e-01
3.255322277545928955e-01 1.471392065286636353e-01
2.622628211975097656e-01 2.119240611791610718e-01
5.661953687667846680e-01 9.694796800613403320e-01
1.426355075091123581e-02 3.048428595066070557e-01
2.469165325164794922e-01 9.796487689018249512e-01
1.800942420959472656e-01 8.879090547561645508e-01
4.622093737125396729e-01 1.488543152809143066e-01
1.166842728853225708e-01 1.703237742185592651e-01
1.232388466596603394e-01 4.553914368152618408e-01
1.428210884332656860e-01 1.823910884559154510e-02
7.540391683578491211e-01 7.166321873664855957e-01
5.477026104927062988e-02 1.018807217478752136e-01
5.356031656265258789e-01 7.226172834634780884e-02
6.681950092315673828e-01 9.123839437961578369e-02
9.369465708732604980e-02 8.730976283550262451e-02
8.116762042045593262e-01 5.738183856010437012e-01
1.006928235292434692e-01 6.043189764022827148e-01
1.147265732288360596e-01 5.495418906211853027e-01
7.914795875549316406e-01 1.972866207361221313e-01
4.392713010311126709e-01 9.334048032760620117e-01
8.245971202850341797e-01 3.463165163993835449e-01
5.470794439315795898e-01 3.679589331150054932e-01
2.229745537042617798e-01 9.054867625236511230e-01
4.312805831432342529e-01 8.547144532203674316e-01
3.610426187515258789e-01 8.985926508903503418e-01
9.637535810470581055e-01 8.684462904930114746e-01
8.877838850021362305e-01 4.759298171848058701e-03
1.478733420372009277e-01 1.943378597497940063e-01
1.324126962572336197e-02 8.891200423240661621e-01
8.144907951354980469e-01 6.611969470977783203e-01
5.392127037048339844e-01 7.883490324020385742e-01
6.953131407499313354e-02 5.530456900596618652e-01
4.168669879436492920e-01 7.108001112937927246e-01
7.546805143356323242e-01 6.958023905754089355e-01
8.660028576850891113e-01 4.685824513435363770e-01
2.344920039176940918e-01 6.516321301460266113e-01
5.825601816177368164e-01 2.338008433580398560e-01
2.594906091690063477e-01 7.721824944019317627e-02
7.378990650177001953e-01 6.408887505531311035e-01
2.782053351402282715e-01 2.791247367858886719e-01
1.851692795753479004e-01 3.885116577148437500e-01
1.461132615804672241e-01 2.788837552070617676e-01
6.862251162528991699e-01 9.756484627723693848e-01
9.746962189674377441e-01 3.135055303573608398e-01
3.336802124977111816e-01 6.288824230432510376e-02
5.808551907539367676e-01 5.040718913078308105e-01
1.209628954529762268e-01 1.357312798500061035e-01
7.691623568534851074e-01 1.177875995635986328e-01
4.918359518051147461e-01 8.936079144477844238e-01
4.724194407463073730e-01 8.532386422157287598e-01
9.676961302757263184e-01 1.285748034715652466e-01
1.237960457801818848e-01 2.055010795593261719e-01
5.307748913764953613e-02 2.299948930740356445e-01
4.581134617328643799e-01 4.158259928226470947e-01
6.266306638717651367e-01 4.582631289958953857e-01
3.798372149467468262e-01 2.140211611986160278e-01
7.389009594917297363e-01 3.691776394844055176e-01
5.759913474321365356e-02 1.123780161142349243e-01
9.821669012308120728e-02 5.235173106193542480e-01
4.524135962128639221e-02 7.348835468292236328e-01
1.637107282876968384e-01 6.005685925483703613e-01
9.956836104393005371e-01 3.441690504550933838e-01
7.952877879142761230e-01 7.515904903411865234e-01
6.246762871742248535e-01 6.993429064750671387e-01
4.534009397029876709e-01 1.059269607067108154e-01
8.068163990974426270e-01 1.082913950085639954e-01
3.310169279575347900e-01 7.100438475608825684e-01
4.941266775131225586e-01 8.074269294738769531e-01
6.429652571678161621e-01 8.813938498497009277e-01
2.366538345813751221e-01 9.716802239418029785e-01
8.523880839347839355e-01 9.285232424736022949e-01
7.366118431091308594e-01 3.826564848423004150e-01
6.363030672073364258e-01 8.053539991378784180e-01
6.654121875762939453e-01 6.258048415184020996e-01
2.027129530906677246e-01 3.820543885231018066e-01
2.878004312515258789e-01 4.971395432949066162e-01
2.073606401681900024e-01 9.186606109142303467e-02
5.103475451469421387e-01 8.321172595024108887e-01
6.043651700019836426e-01 6.657609343528747559e-01
1.085734888911247253e-01 5.901811122894287109e-01
1.539355516433715820e-01 7.183068394660949707e-01
7.677053809165954590e-01 6.483965516090393066e-01
6.926192641258239746e-01 6.997509002685546875e-01
5.820530652999877930e-01 9.416198134422302246e-01
2.286653816699981689e-01 9.710670709609985352e-01
1.165475994348526001e-01 3.848807811737060547e-01
2.443043738603591919e-01 1.383658945560455322e-01
9.195082783699035645e-01 6.145973801612854004e-01
2.164267003536224365e-01 8.132441639900207520e-01
2.706699073314666748e-02 4.762449264526367188e-01
3.395998477935791016e-01 7.538102865219116211e-01
1.557921469211578369e-01 5.962256789207458496e-01
