7.747005671262741089e-02 4.072912633419036865e-01
2.994451820850372314e-01 6.766319274902343750e-01
5.720531344413757324e-01 2.930074632167816162e-01
3.424873948097229004e-01 2.509990036487579346e-01
3.888612091541290283e-01 8.334966301918029785e-01
2.261459678411483765e-01 5.460586547851562500e-01
8.607337474822998047e-01 8.819359540939331055e-01
6.598335504531860352e-01 2.425555586814880371e-01
3.164361417293548584e-01 7.756516337394714355e-02
6.099227815866470337e-02 6.912751197814941406e-01
8.277308940887451172e-01 5.137317776679992676e-01
8.012759685516357422e-02 3.658161163330078125e-01
9.447396993637084961e-01 3.712114319205284119e-02
2.338087707757949829e-01 5.600372329354286194e-02
7.509847283363342285e-01 8.564718961715698242e-01
8.955711126327514648e-01 5.527009367942810059e-01
8.354213833808898926e-01 6.953727602958679199e-01
8.308557271957397461e-01 2.736496627330780029e-01
9.288373589515686035e-01 1.080915331840515137e-02
2.052026540040969849e-01 1.146963611245155334e-01
7.577397823333740234e-01 7.410462498664855957e-01
2.860986590385437012e-01 2.547756433486938477e-01
5.437982454895973206e-02 2.092092633247375488e-01
1.061240863054990768e-02 4.302598237991333008e-01
8.404766917228698730e-01 7.065150141716003418e-01
2.680883407592773438e-01 6.539593338966369629e-01
8.364373445510864258e-02 7.012174129486083984e-01
4.936347529292106628e-02 1.755267381668090820e-01
1.578801311552524567e-02 3.337925374507904053e-01
8.076730370521545410e-01 8.682982623577117920e-02
4.819411635398864746e-01 7.056785821914672852e-01
8.400076031684875488e-01 3.511626124382019043e-01
3.251904621720314026e-02 7.498377561569213867e-02
5.610189437866210938e-01 5.823017358779907227e-01
1.802724599838256836e-01 6.481592655181884766e-01
4.642048105597496033e-02 9.143555164337158203e-01
8.885665535926818848e-01 5.938612818717956543e-01
9.447249770164489746e-02 9.897636771202087402e-01
5.765064358711242676e-01 7.696575522422790527e-01
4.254424870014190674e-01 8.174327015876770020e-01
6.061292290687561035e-01 3.124221861362457275e-01
5.875128507614135742e-01 9.382683634757995605e-01
3.349055945873260498e-01 5.007745698094367981e-02
9.346693754196166992e-01 4.390552937984466553e-01
3.445403575897216797e-01 1.531732827425003052e-01
6.889678239822387695e-01 5.417926311492919922e-01
6.676846146583557129e-01 5.955744981765747070e-01
5.307207703590393066e-01 5.841999053955078125e-01
9.571943283081054688e-01 5.364220142364501953e-01
2.131464928388595581e-01 7.012977004051208496e-01
6.962344646453857422e-01 6.284393668174743652e-01
7.917904257774353027e-01 3.858248889446258545e-02
7.648726701736450195e-01 4.350598454475402832e-01
6.066271066665649414e-01 5.447801351547241211e-01
8.030489087104797363e-01 2.790908217430114746e-01
8.136438578367233276e-02 1.728331744670867920e-01
1.951371878385543823e-01 7.662417739629745483e-02
5.748794078826904297e-01 6.513305902481079102e-01
6.021928787231445312e-01 6.687291860580444336e-01
1.351327151060104370e-01 2.134504355490207672e-02
1.204675659537315369e-01 1.798224449157714844e-01
6.636297106742858887e-01 6.442487239837646484e-01
5.129233002662658691e-01 1.856520771980285645e-01
4.860202074050903320e-01 8.367260098457336426e-01
2.205962985754013062e-01 4.621530771255493164e-01
5.728583335876464844e-01 1.700354665517807007e-01
3.066338896751403809e-01 4.347573220729827881e-01
1.377749294042587280e-01 9.044402241706848145e-01
7.607067823410034180e-01 2.729269489645957947e-02
1.208412572741508484e-01 8.098074793815612793e-01
7.103911042213439941e-01 8.740419149398803711e-01
4.786879941821098328e-02 3.949331939220428467e-01
5.845838189125061035e-01 4.299947917461395264e-01
4.556189775466918945e-01 5.763876438140869141e-01
5.843072533607482910e-01 1.884246021509170532e-01
4.365366399288177490e-01 5.812467336654663086e-01
8.373513817787170410e-01 5.842983350157737732e-02
6.271156668663024902e-01 7.795612812042236328e-01
8.969305753707885742e-01 2.262090593576431274e-01
1.992872059345245361e-01 6.916766762733459473e-01
4.936526417732238770e-01 2.850744426250457764e-01
7.026186585426330566e-01 5.583455562591552734e-01
4.033713340759277344e-01 5.279706120491027832e-01
3.414491415023803711e-01 3.498988449573516846e-01
8.392562717199325562e-02 7.583150640130043030e-03
3.668549954891204834e-01 9.137296080589294434e-01
3.995706439018249512e-01 5.770757794380187988e-01
3.518503904342651367e-01 7.960942387580871582e-01
7.450692653656005859e-01 3.918374776840209961e-01
8.914725482463836670e-02 9.157003164291381836e-01
7.941772937774658203e-01 9.774461984634399414e-01
2.736571729183197021e-01 6.261466145515441895e-01
7.195795774459838867e-01 6.657707691192626953e-01
4.114108383655548096e-01 2.457148283720016479e-01
5.047088265419006348e-01 9.035801291465759277e-01
7.193785309791564941e-01 4.791018664836883545e-01
3.833567202091217041e-01 7.188227176666259766e-01
8.084497451782226562e-01 3.976780474185943604e-01
5.634940862655639648e-01 8.477771282196044922e-02
6.363131999969482422e-01 9.960748553276062012e-01
6.576307415962219238e-01 4.150121286511421204e-02
7.770109772682189941e-01 1.599514186382293701e-01
7.376322150230407715e-01 1.783803701400756836e-01
7.889505624771118164e-01 2.866989374160766602e-01
5.255094170570373535e-01 8.232926130294799805e-01
5.522450208663940430e-01 3.717816472053527832e-01
7.538821101188659668e-01 8.263722658157348633e-01
9.050121903419494629e-01 1.546510607004165649e-01
9.778025150299072266e-01 9.640976190567016602e-01
7.418496608734130859e-01 5.725378394126892090e-01
6.273707151412963867e-01 4.658056497573852539e-01
8.573193550109863281e-01 6.552515029907226562e-01
6.624087095260620117e-01 8.742361664772033691e-01
1.332171857357025146e-01 1.227859109640121460e-01
4.108634293079376221e-01 5.018326640129089355e-01
1.838503181934356689e-01 1.171313896775245667e-01
3.990738689899444580e-01 2.031268477439880371e-01
8.447340726852416992e-01 4.870747625827789307e-01
1.255145221948623657e-01 9.966963529586791992e-01
3.693075180053710938e-01 4.473732411861419678e-01
7.752546668052673340e-01 9.219496250152587891e-01
8.997874855995178223e-01 5.552856326103210449e-01
7.490189075469970703e-01 8.025680780410766602e-01
8.143165707588195801e-02 3.227471709251403809e-01
1.156444400548934937e-01 2.633513510227203369e-01
5.434142947196960449e-01 9.737099409103393555e-01
8.003066182136535645e-01 9.468446373939514160e-01
5.446978211402893066e-01 1.049658581614494324e-01
9.503450989723205566e-01 4.008167684078216553e-01
5.813450217247009277e-01 9.642084240913391113e-01
7.929913997650146484e-01 7.678437232971191406e-01
2.000749260187149048e-01 2.608143687248229980e-01
1.034958939999341965e-02 2.241667658090591431e-01
5.143468976020812988e-01 8.997835516929626465e-01
1.446499973535537720e-01 5.705199241638183594e-01
3.003622293472290039e-01 1.938812434673309326e-01
9.409756660461425781e-01 1.698818355798721313e-01
2.191683799028396606e-01 9.926406145095825195e-01
1.937657296657562256e-01 7.583152055740356445e-01
2.445046603679656982e-02 1.616588532924652100e-01
7.992150783538818359e-01 5.893299579620361328e-01
1.286399811506271362e-01 7.459318041801452637e-01
9.263617992401123047e-01 6.713944673538208008e-01
6.912140250205993652e-01 2.364953905344009399e-01
2.701664268970489502e-01 2.509294450283050537e-01
4.572558403015136719e-02 3.566374778747558594e-01
8.618148565292358398e-01 1.759676188230514526e-01
5.855676531791687012e-01 4.403032064437866211e-01
8.086926937103271484e-01 3.352333903312683105e-01
6.496806740760803223e-01 2.647414505481719971e-01
5.472719073295593262e-01 3.192998170852661133e-01
6.135255098342895508e-01 7.557998895645141602e-01
7.329537868499755859e-01 7.701648473739624023e-01
6.966857910156250000e-01 9.224241375923156738e-01
8.859227895736694336e-01 6.136039495468139648e-01
6.393350362777709961e-01 1.266309469938278198e-01
7.688323855400085449e-01 5.821191072463989258e-01
4.582901298999786377e-01 9.867290854454040527e-01
6.950807571411132812e-01 9.034298658370971680e-01
6.913256645202636719e-01 1.744506955146789551e-01
5.806146264076232910e-01 4.915114343166351318e-01
6.117151975631713867e-01 3.378797769546508789e-01
2.796276807785034180e-01 9.213708043098449707e-01
7.853422164916992188e-01 9.408245682716369629e-01
9.073625206947326660e-01 2.249091118574142456e-01
7.666578292846679688e-01 8.776423335075378418e-01
2.687682211399078369e-01 7.189069390296936035e-01
8.743960261344909668e-01 5.430848151445388794e-02
5.577719807624816895e-01 3.479828238487243652e-01
8.222061395645141602e-01 2.069267928600311279e-01
4.899762868881225586e-01 4.566271305084228516e-01
7.103428244590759277e-01 4.442170560359954834e-01
1.875614225864410400e-01 8.507252335548400879e-01
6.427262425422668457e-01 9.964832067489624023e-01
5.737746506929397583e-02 6.812033057212829590e-01
2.989818453788757324e-01 3.788984715938568115e-01
3.218798637390136719e-01 3.222157657146453857e-01
2.990870177745819092e-01 4.254803359508514404e-01
1.897251158952713013e-01 3.897327184677124023e-01
5.368390679359436035e-01 9.331559762358665466e-03
9.871492981910705566e-01 7.478476762771606445e-01
5.255331993103027344e-01 3.891503810882568359e-01
6.990958452224731445e-01 2.641290128231048584e-01
3.917350769042968750e-01 9.129117131233215332e-01
9.569306373596191406e-01 4.529885649681091309e-01
4.298454523086547852e-01 3.718033134937286377e-01
5.067710280418395996e-01 6.784104108810424805e-01
5.300475955009460449e-01 9.318462014198303223e-01
1.660644076764583588e-02 6.572631001472473145e-01
2.355268150568008423e-01 7.490409016609191895e-01
8.310471773147583008e-01 9.685375094413757324e-01
4.969670772552490234e-01 7.321413755416870117e-01
1.343005895614624023e-01 8.501921296119689941e-01
9.994140267372131348e-01 7.142548561096191406e-01
4.095924198627471924e-01 4.011444151401519775e-01
6.467939615249633789e-01 2.063031196594238281e-01
9.540768861770629883e-01 1.988867521286010742e-01
2.271851152181625366e-01 5.507396459579467773e-01
7.798668742179870605e-01 9.369096159934997559e-01
1.523236036300659180e-01 5.720598697662353516e-01
3.791175186634063721e-01 1.024282798171043396e-01
5.424942374229431152e-01 9.212443232536315918e-01
1.351572871208190918e-01 6.115282773971557617e-01
8.116304874420166016e-01 3.383249342441558838e-01
3.329400122165679932e-01 4.849748909473419189e-01
2.455799132585525513e-01 8.737618476152420044e-02
1.863664090633392334e-01 6.694960594177246094e-01
4.531547129154205322e-01 7.953167557716369629e-01
5.769175291061401367e-01 7.664242982864379883e-01
7.929822802543640137e-01 7.170641422271728516e-01
9.672501683235168457e-02 3.457433879375457764e-01
9.595194458961486816e-01 4.030902087688446045e-01
3.949302136898040771e-01 4.766823053359985352e-01
8.111753463745117188e-01 7.866124510765075684e-01
9.755977988243103027e-01 2.178761959075927734e-01
9.366142153739929199e-01 4.934734851121902466e-02
9.730220586061477661e-02 7.166638225317001343e-02
4.809777438640594482e-01 4.140091538429260254e-01
3.289473354816436768e-01 9.833933115005493164e-01
1.812701821327209473e-01 5.463279485702514648e-01
6.654118299484252930e-01 3.165137767791748047e-01
2.253426164388656616e-01 7.057570815086364746e-01
3.012297451496124268e-01 4.434779286384582520e-01
1.708493940532207489e-02 2.111547142267227173e-01
1.693037301301956177e-01 1.477401405572891235e-01
5.583590865135192871e-01 1.486680507659912109e-01
8.766545057296752930e-01 3.537725210189819336e-01
3.389081656932830811e-01 7.059897184371948242e-01
1.919879168272018433e-01 8.057674765586853027e-01
1.128179803490638733e-01 5.114168524742126465e-01
1.695394366979598999e-01 1.909364163875579834e-01
3.787327408790588379e-01 6.322023272514343262e-01
6.395474076271057129e-01 6.166121363639831543e-01
3.020829707384109497e-02 2.988149523735046387e-01
4.187313318252563477e-01 1.649331450462341309e-01
5.918784737586975098e-01 8.362217545509338379e-01
8.858994841575622559e-01 3.154824376106262207e-01
7.650413513183593750e-01 2.892526686191558838e-01
4.433882832527160645e-01 7.077165246009826660e-01
8.875174522399902344e-01 9.608803987503051758e-01
1.332884430885314941e-01 9.988441467285156250e-01
7.373050451278686523e-01 2.667683660984039307e-01
1.812483668327331543e-01 6.289796233177185059e-01
2.683162093162536621e-01 8.802750706672668457e-01
7.358866930007934570e-01 8.997516036033630371e-01
5.291130542755126953e-01 8.251132369041442871e-01
7.798691391944885254e-01 7.222934961318969727e-01
6.389587521553039551e-01 5.028231143951416016e-01
7.973782420158386230e-01 5.326835513114929199e-01
6.317114830017089844e-01 7.767100930213928223e-01
2.038640975952148438e-01 6.957274675369262695e-01
4.806676805019378662e-01 9.736412763595581055e-01
3.852774798870086670e-01 3.788208961486816406e-01
1.228360831737518311e-01 8.687133193016052246e-01
4.149152338504791260e-01 9.672735333442687988e-01
7.692845463752746582e-01 9.101861715316772461e-01
7.505062222480773926e-01 4.485532939434051514e-01
8.274443745613098145e-01 5.311975479125976562e-01
5.999327898025512695e-01 6.768591403961181641e-01
2.316465377807617188e-01 2.981888055801391602e-01
8.222310543060302734e-01 9.547691941261291504e-01
2.548221051692962646e-01 4.951055049896240234e-01
8.409044146537780762e-01 4.016413390636444092e-01
7.822140455245971680e-01 2.209055572748184204e-01
4.771352559328079224e-02 9.354945421218872070e-01
2.960958778858184814e-01 7.467118501663208008e-01
2.410352081060409546e-01 7.593432068824768066e-01
4.243671894073486328e-01 5.560830235481262207e-01
9.696577787399291992e-01 5.753535032272338867e-01
7.057486176490783691e-01 8.697585463523864746e-01
3.107946515083312988e-01 2.909443676471710205e-01
9.955501882359385490e-04 2.567037343978881836e-01
8.762044310569763184e-01 9.850677847862243652e-01
4.880089778453111649e-03 5.309978723526000977e-01
8.738963603973388672e-01 1.071851402521133423e-01
6.090916991233825684e-01 7.044517993927001953e-01
7.924118638038635254e-01 3.632323443889617920e-01
6.360605359077453613e-01 4.829224571585655212e-02
2.423272877931594849e-01 6.811605095863342285e-01
9.697371721267700195e-01 2.943622469902038574e-01
1.316399574279785156e-01 3.780660033226013184e-01
8.079508543014526367e-01 1.110073830932378769e-02
9.784033894538879395e-01 2.150120735168457031e-01
3.544377088546752930e-01 9.804757237434387207e-01
3.268055021762847900e-01 8.307057023048400879e-01
3.919644355773925781e-01 2.352335155010223389e-01
6.600204110145568848e-01 9.352889060974121094e-01
6.546610593795776367e-01 4.823254346847534180e-01
2.567649185657501221e-01 3.701047897338867188e-01
2.638660669326782227e-01 9.141108989715576172e-01
3.270748853683471680e-01 1.339258998632431030e-01
4.377072155475616455e-01 2.385945618152618408e-01
6.922842264175415039e-01 5.923624634742736816e-01
6.677321195602416992e-01 5.838843584060668945e-01
6.478052139282226562e-01 9.543329477310180664e-01
4.316422343254089355e-01 4.404174089431762695e-01
3.778003752231597900e-01 3.359332084655761719e-01
4.137520790100097656e-01 8.230268359184265137e-01
4.189164042472839355e-01 7.054770588874816895e-01
8.054375648498535156e-01 3.114395141601562500e-01
7.255274653434753418e-01 9.897347092628479004e-01
1.459730416536331177e-01 5.784425139427185059e-01
3.014925718307495117e-01 8.926913142204284668e-01
7.708659768104553223e-02 2.237882316112518311e-01
9.821912646293640137e-01 2.567555606365203857e-01
5.409924983978271484e-01 2.281877100467681885e-01
6.677291821688413620e-03 5.209430456161499023e-01
7.050828337669372559e-01 4.309771060943603516e-01
9.759147763252258301e-01 2.500226497650146484e-01
2.840612530708312988e-01 4.118942320346832275e-01
8.969438672065734863e-01 1.700406968593597412e-01
1.473419964313507080e-01 5.383677482604980469e-01
3.078212141990661621e-01 3.650145828723907471e-01
7.389478683471679688e-01 9.417704939842224121e-01
9.148634076118469238e-01 2.381775379180908203e-01
5.799371600151062012e-01 1.840889602899551392e-01
2.294798344373703003e-01 2.323937565088272095e-01
1.010501757264137268e-01 9.022912979125976562e-01
7.201856970787048340e-01 9.020630270242691040e-02
8.965320885181427002e-03 2.918522059917449951e-01
2.967713773250579834e-01 6.306492686271667480e-01
8.908883333206176758e-01 8.523578643798828125e-01
6.536943912506103516e-01 5.995171070098876953e-01
4.446281790733337402e-01 4.856392741203308105e-01
5.587845444679260254e-01 7.017398625612258911e-02
5.042911171913146973e-01 9.986968636512756348e-01
8.185787796974182129e-01 1.100670620799064636e-01
1.559249013662338257e-01 8.445671200752258301e-01
9.786463975906372070e-01 9.386820793151855469e-01
3.980612456798553467e-01 7.035025954246520996e-01
7.112601995468139648e-01 6.969985365867614746e-01
9.141238927841186523e-01 5.161107182502746582e-01
1.427280604839324951e-01 4.925290942192077637e-01
4.362271130084991455e-01 5.080857276916503906e-01
5.763193368911743164e-01 3.357655107975006104e-01
3.537817671895027161e-02 8.832626938819885254e-01
2.139798551797866821e-01 6.793463826179504395e-01
4.552383124828338623e-01 3.774890899658203125e-01
9.077068567276000977e-01 3.128815293312072754e-01
9.232412576675415039e-01 8.185850381851196289e-01
5.169951915740966797e-01 5.028647184371948242e-01
4.883607625961303711e-01 5.206430554389953613e-01
2.295375168323516846e-01 5.559509396553039551e-01
2.792394161224365234e-01 4.076570272445678711e-01
6.214509606361389160e-01 9.533806443214416504e-01
1.767263859510421753e-01 2.710164487361907959e-01
3.042052984237670898e-01 4.577273428440093994e-01
9.813307523727416992e-01 1.161136254668235779e-01
8.050669431686401367e-01 7.007540464401245117e-01
7.445077300071716309e-01 4.903003275394439697e-01
6.261359453201293945e-01 2.194914221763610840e-01
2.111824005842208862e-01 4.423861801624298096e-01
7.618865370750427246e-01 1.881323903799057007e-01
4.526178240776062012e-01 6.107075810432434082e-01
4.229145646095275879e-01 8.836911320686340332e-01
3.279701173305511475e-01 3.124725818634033203e-02
5.739953517913818359e-01 1.005565002560615540e-01
3.445166349411010742e-02 7.624890804290771484e-01
3.205377757549285889e-01 3.120307624340057373e-01
6.839683651924133301e-01 8.654933571815490723e-01
9.404799938201904297e-01 2.723622024059295654e-01
3.820452392101287842e-01 9.696525335311889648e-01
8.613916635513305664e-01 5.381208062171936035e-01
7.235053181648254395e-01 8.938539773225784302e-03
3.260621428489685059e-01 4.157228767871856689e-01
1.521259397268295288e-01 4.571450352668762207e-01
8.229621052742004395e-01 6.466894149780273438e-01
3.768749535083770752e-01 7.251966595649719238e-01
6.073142886161804199e-01 2.114871442317962646e-01
1.082887277007102966e-01 1.944146901369094849e-01
9.529342502355575562e-02 2.822172343730926514e-01
8.531583100557327271e-02 5.726298093795776367e-01
9.801571816205978394e-02 8.822188377380371094e-01
7.060404419898986816e-01 8.165573477745056152e-01
4.268606379628181458e-02 5.017589330673217773e-01
4.281690120697021484e-01 9.049869775772094727e-01
1.401371657848358154e-01 7.091883420944213867e-01
5.501000285148620605e-01 4.196416139602661133e-01
2.125070840120315552e-01 4.946756958961486816e-01
5.223042964935302734e-01 7.585773468017578125e-01
9.303631186485290527e-01 9.974252432584762573e-02
9.397507905960083008e-01 6.193935275077819824e-01
6.345002651214599609e-01 3.605772554874420166e-01
4.056540727615356445e-01 8.103033900260925293e-02
3.064564466476440430e-01 1.084594205021858215e-01
6.113925576210021973e-01 8.766120076179504395e-01
7.849629521369934082e-01 3.912322223186492920e-01
6.390876173973083496e-01 6.974905729293823242e-01
7.300746440887451172e-01 6.561510562896728516e-01
9.249196648597717285e-01 5.733829140663146973e-01
4.035294055938720703e-01 1.856578439474105835e-01
9.392177462577819824e-01 8.205854296684265137e-01
6.328890919685363770e-01 1.735409945249557495e-01
1.764371395111083984e-01 8.205505460500717163e-02
9.986765980720520020e-01 2.901268303394317627e-01
7.847993969917297363e-01 7.591429352760314941e-01
4.869799911975860596e-01 1.146155446767807007e-01
3.782527744770050049e-01 4.597916901111602783e-01
2.854347825050354004e-01 2.967304587364196777e-01
2.673108875751495361e-01 1.672439835965633392e-02
3.239938616752624512e-01 5.328593850135803223e-01
1.534702777862548828e-01 3.803712874650955200e-02
5.800487995147705078e-01 4.925047159194946289e-01
1.298638582229614258e-01 2.627373635768890381e-01
7.457080483436584473e-01 8.476190567016601562e-01
1.264898329973220825e-01 5.889427065849304199e-01
7.842522263526916504e-01 2.790484726428985596e-01
6.298018991947174072e-02 9.254670143127441406e-02
2.750078141689300537e-01 7.785200476646423340e-01
6.883083581924438477e-01 8.129165768623352051e-01
2.003932185471057892e-02 4.195938408374786377e-01
1.968604475259780884e-01 9.754679799079895020e-01
1.429413110017776489e-01 3.161678612232208252e-01
1.741624176502227783e-01 7.753204107284545898e-01
7.744956016540527344e-01 5.512608289718627930e-01
6.375983953475952148e-01 3.026288747787475586e-01
2.555009126663208008e-01 7.889674305915832520e-01
3.865460455417633057e-01 8.622711300849914551e-01
7.993096113204956055e-01 6.194771528244018555e-01
4.825229346752166748e-01 3.029289245605468750e-01
4.637473225593566895e-01 8.367449045181274414e-01
4.251428842544555664e-01 2.096774131059646606e-01
7.307280302047729492e-01 1.222173720598220825e-01
3.091300651431083679e-02 2.111725062131881714e-01
4.239414334297180176e-01 3.276345133781433105e-01
3.101342320442199707e-01 6.748396754264831543e-01
8.101466298103332520e-01 6.735770702362060547e-01
5.929691791534423828e-01 1.192498356103897095e-01
6.407111287117004395e-01 9.296281933784484863e-01
9.411498308181762695e-01 3.138827681541442871e-01
6.484284996986389160e-01 4.811986163258552551e-02
9.022219777107238770e-01 6.454269886016845703e-01
4.348860085010528564e-01 9.862943291664123535e-01
9.191687107086181641e-01 2.558989822864532471e-01
2.244287729263305664e-01 6.634356975555419922e-01
5.320978760719299316e-01 5.826630592346191406e-01
9.561237096786499023e-01 1.637192070484161377e-01
6.894909739494323730e-01 2.724000513553619385e-01
5.874673128128051758e-01 3.632483184337615967e-01
5.239996314048767090e-01 1.512124389410018921e-02
2.599401473999023438e-01 2.479160279035568237e-01
7.362809181213378906e-01 9.331127405166625977e-01
9.872479438781738281e-01 8.625132441520690918e-01
1.112776994705200195e-01 4.196432232856750488e-01
7.067451477050781250e-01 5.024047493934631348e-01
9.089409112930297852e-01 2.977421581745147705e-01
9.028446674346923828e-01 3.109893500804901123e-01
7.788841128349304199e-01 1.668935418128967285e-01
3.478237092494964600e-01 8.394172191619873047e-01
2.968549430370330811e-01 4.335128366947174072e-01
8.949370980262756348e-01 4.038754403591156006e-01
4.268908202648162842e-01 7.846699953079223633e-01
9.739882349967956543e-01 5.008568167686462402e-01
4.069047868251800537e-01 4.362469613552093506e-01
5.434089899063110352e-01 5.029144287109375000e-01
9.428174048662185669e-02 7.798572778701782227e-01
2.974901199340820312e-01 8.529016971588134766e-01
6.892241239547729492e-01 5.140678882598876953e-01
8.976476192474365234e-01 8.344505727291107178e-02
5.726566910743713379e-01 8.840985894203186035e-01
4.931313991546630859e-01 9.120431542396545410e-02
8.825072646141052246e-01 5.684221982955932617e-01
4.399401545524597168e-01 9.898864030838012695e-01
6.503415107727050781e-01 7.241375278681516647e-03
1.342283189296722412e-01 2.367364168167114258e-01
5.926579833030700684e-01 4.122599959373474121e-01
9.114966988563537598e-01 8.217048048973083496e-01
8.580253124237060547e-01 7.201480269432067871e-01
9.413028359413146973e-01 9.475169181823730469e-01
8.135646581649780273e-01 6.925553679466247559e-01
3.835034966468811035e-01 1.189503818750381470e-01
8.169767260551452637e-01 5.342417359352111816e-01
3.598024845123291016e-01 1.455691009759902954e-01
9.842247962951660156e-01 5.431357026100158691e-01
5.384024977684020996e-01 6.581988930702209473e-01
8.724382519721984863e-02 6.462407708168029785e-01
7.163794040679931641e-01 7.230080962181091309e-01
1.309839934110641479e-01 7.790550589561462402e-01
4.924608767032623291e-01 9.203135967254638672e-01
8.086701035499572754e-01 7.412673830986022949e-01
2.384745478630065918e-01 8.526907563209533691e-01
9.717034697532653809e-01 4.544595181941986084e-01
4.183883368968963623e-01 6.765741109848022461e-02
3.238127827644348145e-01 5.303434133529663086e-01
3.986048996448516846e-01 1.362714618444442749e-01
8.504133224487304688e-01 5.731529593467712402e-01
1.704152114689350128e-02 5.238766074180603027e-01
8.680326938629150391e-01 3.130479753017425537e-01
6.062889695167541504e-01 2.812325358390808105e-01
7.321479916572570801e-01 1.496778130531311035e-01
3.472788929939270020e-01 9.657626748085021973e-01
1.711724102497100830e-01 6.270418763160705566e-01
6.829625964164733887e-01 7.137976288795471191e-01
4.572391510009765625e-01 3.720969855785369873e-01
2.161881141364574432e-02 4.278139770030975342e-02
3.393192589282989502e-01 7.618574500083923340e-01
1.993554085493087769e-01 6.169984340667724609e-01
9.092068672180175781e-02 4.815464317798614502e-01
5.762363597750663757e-02 3.403907120227813721e-01
9.501785039901733398e-01 9.840385913848876953e-01
9.435164332389831543e-01 7.006618380546569824e-02
1.266348361968994141e-01 4.390996694564819336e-01
8.108567595481872559e-01 5.868697166442871094e-01
5.483257770538330078e-01 3.053918480873107910e-01
4.843917787075042725e-01 5.384256243705749512e-01
2.575954049825668335e-02 5.330063104629516602e-01
4.886933267116546631e-01 8.638964891433715820e-01
6.192057728767395020e-01 9.272275567054748535e-01
6.369607448577880859e-01 9.361037015914916992e-01
2.405532300472259521e-01 8.727324008941650391e-01
5.456990003585815430e-01 9.092382788658142090e-01
5.670443773269653320e-01 1.084486767649650574e-01
5.455356836318969727e-01 2.649851441383361816e-01
7.077432703226804733e-03 6.448175907135009766e-01
3.881450891494750977e-01 4.826291203498840332e-01
8.027986288070678711e-01 5.891570448875427246e-01
7.759990692138671875e-01 3.916136622428894043e-01
3.884666860103607178e-01 4.197938144207000732e-01
2.970899343490600586e-01 8.789610266685485840e-01
1.461556740105152130e-02 8.016648292541503906e-01
6.612799167633056641e-01 3.744827806949615479e-01
5.742421746253967285e-01 7.616370916366577148e-01
2.542717754840850830e-02 5.865847468376159668e-01
8.005598783493041992e-01 4.447184205055236816e-01
9.795278906822204590e-01 6.841573119163513184e-02
1.657404154539108276e-01 6.258633136749267578e-01
6.498153805732727051e-01 8.236246705055236816e-01
8.284267783164978027e-01 3.397654592990875244e-01
7.636796236038208008e-01 9.803694486618041992e-01
9.764427542686462402e-01 9.388550519943237305e-01
6.307736635208129883e-01 7.776397466659545898e-01
6.548741459846496582e-01 4.388758540153503418e-02
7.635608315467834473e-01 7.112202048301696777e-01
1.911970078945159912e-01 6.189404726028442383e-01
3.116044998168945312e-01 1.980953216552734375e-01
5.678892508149147034e-02 9.407240152359008789e-01
2.169557809829711914e-01 3.979136049747467041e-01
6.577546000480651855e-01 9.558991193771362305e-01
1.879747658967971802e-01 8.873962163925170898e-01
2.383508384227752686e-01 9.533299803733825684e-01
9.264652132987976074e-01 9.279963374137878418e-01
6.086388826370239258e-01 2.455380000174045563e-02
6.063216328620910645e-01 6.832121610641479492e-01
1.161238923668861389e-01 6.451367586851119995e-02
4.277640879154205322e-01 7.167122364044189453e-01
8.400965332984924316e-01 6.118847131729125977e-01
7.935070395469665527e-01 6.200465559959411621e-01
3.392585813999176025e-01 6.023792028427124023e-01
5.024668294936418533e-03 8.161438107490539551e-01
8.758326619863510132e-02 1.683491468429565430e-02
6.130050420761108398e-01 9.864729046821594238e-01
4.206829369068145752e-01 8.622500300407409668e-01
4.188280403614044189e-01 8.800989985466003418e-01
5.696939229965209961e-01 3.338618576526641846e-01
9.764251708984375000e-01 6.088786721229553223e-01
4.704419076442718506e-01 2.847772836685180664e-01
9.060107469558715820e-01 5.048882961273193359e-01
4.215776026248931885e-01 9.509571194648742676e-01
6.755802035331726074e-01 4.637587070465087891e-01
6.465492844581604004e-01 7.857779860496520996e-01
1.356707811355590820e-01 9.640959501266479492e-01
1.111471280455589294e-01 1.919061988592147827e-01
8.223870396614074707e-01 3.422122895717620850e-01
7.617991566658020020e-01 1.139281243085861206e-01
9.688827395439147949e-01 9.280015826225280762e-01
4.336807429790496826e-01 1.265344768762588501e-01
2.226788699626922607e-01 4.901096224784851074e-01
1.678639948368072510e-01 3.250199854373931885e-01
4.384334981441497803e-01 4.038053750991821289e-01
5.779126882553100586e-01 5.439479947090148926e-01
2.053379565477371216e-01 6.102048158645629883e-01
4.144587218761444092e-01 2.724299430847167969e-01
9.557428956031799316e-01 6.922976374626159668e-01
5.492836833000183105e-01 6.154409646987915039e-01
8.329312205314636230e-01 5.145594850182533264e-02
3.792983889579772949e-01 1.404511481523513794e-01
8.732610344886779785e-01 5.426079034805297852e-01
3.550543189048767090e-01 5.224148184061050415e-02
3.236631155014038086e-01 7.018089890480041504e-01
1.980087608098983765e-01 9.983144402503967285e-01
2.131537795066833496e-01 9.609767198562622070e-01
3.611572384834289551e-01 4.322592914104461670e-01
3.053752183914184570e-01 4.557396173477172852e-01
1.238648816943168640e-01 2.567126154899597168e-01
7.130240797996520996e-01 2.906291186809539795e-01
7.527369260787963867e-01 9.613426923751831055e-01
8.651192784309387207e-01 9.283455610275268555e-01
9.819779396057128906e-01 7.093921303749084473e-01
2.033084630966186523e-01 1.042693629860877991e-01
6.159324049949645996e-01 4.478290677070617676e-02
3.937268257141113281e-01 1.304425597190856934e-01
8.329166173934936523e-01 5.333443284034729004e-01
5.564959049224853516e-01 4.422477781772613525e-01
5.764086246490478516e-01 3.640747666358947754e-01
6.212946772575378418e-01 1.842437684535980225e-01
4.860075414180755615e-01 7.448736429214477539e-01
7.580650448799133301e-01 5.712392330169677734e-01
8.422856330871582031e-01 4.092586934566497803e-01
7.843153476715087891e-01 5.723496079444885254e-01
5.077978968620300293e-01 3.730769157409667969e-01
5.614380836486816406e-01 5.694637298583984375e-01
2.645026743412017822e-01 2.254279106855392456e-01
7.443676590919494629e-01 2.718053460121154785e-01
6.250984668731689453e-01 9.744946956634521484e-01
7.445205450057983398e-01 3.515647351741790771e-02
9.084291756153106689e-02 1.259565353393554688e-01
7.689408659934997559e-01 9.052937030792236328e-01
5.617985129356384277e-01 2.614762187004089355e-01
7.187080383300781250e-01 4.530604779720306396e-01
9.712795615196228027e-01 1.799933016300201416e-01
7.547060251235961914e-01 9.442948698997497559e-01
3.008159101009368896e-01 9.313638210296630859e-01
6.397168636322021484e-01 9.748299121856689453e-01
3.952415585517883301e-01 3.710759282112121582e-01
9.674500823020935059e-01 1.116539835929870605e-01
7.659336924552917480e-01 8.167366981506347656e-01
1.763988435268402100e-01 4.175812900066375732e-01
1.384285837411880493e-01 1.353752166032791138e-01
2.058642357587814331e-01 7.890235781669616699e-01
7.842922806739807129e-01 4.825029671192169189e-01
2.340404838323593140e-01 3.358413875102996826e-01
3.535395562648773193e-01 4.602573439478874207e-02
4.167718887329101562e-01 8.423109650611877441e-01
1.680101081728935242e-02 4.757483899593353271e-01
6.816924214363098145e-01 2.368581481277942657e-02
9.506878852844238281e-01 7.085137963294982910e-01
9.320546388626098633e-01 7.078357338905334473e-01
7.656751871109008789e-01 8.318290710449218750e-01
4.752402603626251221e-01 3.851482570171356201e-01
4.125312436372041702e-03 7.207087278366088867e-01
1.483797430992126465e-01 9.020747542381286621e-01
7.124289274215698242e-01 5.273951888084411621e-01
1.951165795326232910e-01 1.490246802568435669e-01
8.265863060951232910e-01 3.174501955509185791e-01
7.806511521339416504e-01 4.361092150211334229e-01
5.259057879447937012e-01 4.585759043693542480e-01
6.409361958503723145e-01 9.154387116432189941e-01
8.230619430541992188e-01 5.682867765426635742e-01
3.532980978488922119e-01 2.451973706483840942e-01
3.625853657722473145e-01 6.525593996047973633e-01
1.735455989837646484e-01 5.392712950706481934e-01
4.114823937416076660e-01 2.169707417488098145e-02
9.541294574737548828e-01 9.723823666572570801e-01
7.367349267005920410e-01 6.674282997846603394e-02
7.091484665870666504e-01 4.351094067096710205e-01
3.368946611881256104e-01 8.823085427284240723e-01
2.864071130752563477e-01 6.844905614852905273e-01
9.116671085357666016e-01 9.848605394363403320e-01
9.343969225883483887e-01 7.659229040145874023e-01
8.043501377105712891e-01 4.547738432884216309e-01
7.993323206901550293e-01 2.847452163696289062e-01
5.780948996543884277e-01 6.093928217887878418e-01
6.260048747062683105e-01 4.533611834049224854e-01
4.162856936454772949e-01 6.025992631912231445e-01
2.592638134956359863e-01 2.535051293671131134e-02
6.227911114692687988e-01 3.165334165096282959e-01
9.324422478675842285e-01 9.900650382041931152e-01
8.390176296234130859e-02 6.293092370033264160e-01
5.434365868568420410e-01 6.959472298622131348e-01
3.535387217998504639e-01 5.908365845680236816e-01
5.652164220809936523e-01 9.419452399015426636e-02
4.697490036487579346e-01 6.973502635955810547e-01
2.907022833824157715e-01 5.707279592752456665e-02
3.949783146381378174e-01 6.385580897331237793e-01
3.429242372512817383e-01 4.897385537624359131e-01
5.517968535423278809e-01 7.265598773956298828e-01
7.547206878662109375e-01 1.889354139566421509e-01
4.031457602977752686e-01 5.311601758003234863e-01
5.881268382072448730e-01 7.833511233329772949e-01
7.658622264862060547e-01 7.979008555412292480e-01
9.700855016708374023e-01 6.672368049621582031e-01
9.604185819625854492e-01 4.246946573257446289e-01
6.843038201332092285e-01 7.721677422523498535e-01
1.117197331041097641e-03 4.900750815868377686e-01
5.260468125343322754e-01 6.016206145286560059e-01
7.208399176597595215e-01 9.468993544578552246e-01
6.554358452558517456e-02 6.807489991188049316e-01
2.687539458274841309e-01 8.935310840606689453e-01
3.887716233730316162e-01 2.474339455366134644e-01
7.534214761108160019e-03 6.133320331573486328e-01
3.406116962432861328e-01 1.499489992856979370e-01
9.111556410789489746e-01 4.036684334278106689e-01
3.643931746482849121e-01 9.133171439170837402e-01
5.150923132896423340e-01 4.332329332828521729e-02
6.861401200294494629e-01 7.591975927352905273e-01
7.300662398338317871e-01 6.366167664527893066e-01
3.561117872595787048e-02 1.255211085081100464e-01
4.043012559413909912e-01 1.275811344385147095e-01
7.269504666328430176e-01 9.638994336128234863e-01
7.991142272949218750e-01 8.094007968902587891e-01
4.160140156745910645e-01 6.840668916702270508e-01
5.817752480506896973e-01 4.186735451221466064e-01
3.152742683887481689e-01 7.562387585639953613e-01
3.930056393146514893e-01 5.630024150013923645e-02
5.130812525749206543e-02 5.877486467361450195e-01
8.882102966308593750e-01 3.408471047878265381e-01
4.022010266780853271e-01 7.778179049491882324e-01
3.512928485870361328e-01 9.976012110710144043e-01
1.853928118944168091e-01 6.622720956802368164e-01
2.970867455005645752e-01 4.231131076812744141e-01
9.942227602005004883e-01 1.279223263263702393e-01
5.535112693905830383e-02 6.976376771926879883e-01
2.856431603431701660e-01 8.211842179298400879e-01
5.490302443504333496e-01 6.156476140022277832e-01
2.432326376438140869e-01 2.066739797592163086e-01
5.708238482475280762e-01 6.954399347305297852e-01
4.969924092292785645e-01 7.845910191535949707e-01
7.029333710670471191e-01 8.578196167945861816e-01
5.346143841743469238e-01 1.334302425384521484e-01
7.484192252159118652e-01 2.950811982154846191e-01
6.215754747390747070e-01 3.548770844936370850e-01
5.996623039245605469e-01 3.977399766445159912e-01
9.178496003150939941e-01 2.985733747482299805e-01
1.611448973417282104e-01 8.485774397850036621e-01
1.355705261230468750e-01 5.647713541984558105e-01
4.648945927619934082e-01 7.040906548500061035e-01
5.381826758384704590e-01 1.158464103937149048e-01
7.227808237075805664e-01 4.759631156921386719e-01
3.296031951904296875e-01 3.553889393806457520e-01
7.121641039848327637e-01 6.567470431327819824e-01
6.402481794357299805e-01 4.741646051406860352e-01
7.872908711433410645e-01 5.913867950439453125e-01
3.316253051161766052e-02 8.922622799873352051e-01
8.890956640243530273e-01 7.072848677635192871e-01
5.137547850608825684e-01 6.988430023193359375e-01
7.497629523277282715e-01 1.621638387441635132e-01
7.641501426696777344e-01 6.178677082061767578e-01
8.332144021987915039e-01 5.441953539848327637e-01
6.856052279472351074e-01 5.640900135040283203e-01
7.216264605522155762e-01 2.128545641899108887e-01
4.887783527374267578e-01 7.205369472503662109e-01
3.671751022338867188e-01 8.060888051986694336e-01
2.274344861507415771e-01 7.571688890457153320e-01
2.623625993728637695e-01 8.781797885894775391e-01
3.721146881580352783e-01 4.763469398021697998e-01
5.504697561264038086e-01 7.702234983444213867e-01
8.968063592910766602e-01 9.567422866821289062e-01
8.791322708129882812e-01 5.331758856773376465e-01
7.797675728797912598e-01 9.876500815153121948e-02
2.802572846412658691e-01 7.853012681007385254e-01
4.011201560497283936e-01 7.841025292873382568e-02
8.205618262290954590e-01 3.984178900718688965e-01
5.757703781127929688e-01 8.258309364318847656e-01
6.950558423995971680e-01 9.243772625923156738e-01
6.474848389625549316e-01 2.122213840484619141e-01
8.728367686271667480e-01 6.940052509307861328e-01
8.975983262062072754e-01 9.018039107322692871e-01
2.894186973571777344e-01 9.821831583976745605e-01
2.081388793885707855e-02 8.747084736824035645e-01
6.606665849685668945e-01 4.779093861579895020e-01
3.574763536453247070e-01 6.796721816062927246e-01
2.098157107830047607e-01 4.483410418033599854e-01
8.793489336967468262e-01 2.840555906295776367e-01
7.617750167846679688e-01 1.940511763095855713e-01
1.204628944396972656e-01 8.135694265365600586e-02
6.130673289299011230e-01 6.667595505714416504e-01
6.996142268180847168e-01 4.869240894913673401e-02
7.798998355865478516e-01 1.489401161670684814e-01
7.925034761428833008e-01 3.685869276523590088e-01
7.064340114593505859e-01 1.620514541864395142e-01
8.188155889511108398e-01 1.226452738046646118e-01
8.351212739944458008e-01 5.028022825717926025e-02
9.138954877853393555e-01 7.022770643234252930e-01
8.562519550323486328e-01 1.939435750246047974e-01
2.339306920766830444e-01 6.439747214317321777e-01
8.362425141967833042e-04 4.335403144359588623e-01
5.350283980369567871e-01 1.671180576086044312e-01
8.899855017662048340e-01 1.137491166591644287e-01
9.829393625259399414e-01 3.136957287788391113e-01
4.540083408355712891e-01 7.417966127395629883e-01
5.473620295524597168e-01 6.487301588058471680e-01
1.540940701961517334e-01 8.658889681100845337e-02
5.826238989830017090e-01 7.053051590919494629e-01
2.277346104383468628e-01 4.537685215473175049e-01
6.873984932899475098e-01 6.825845241546630859e-01
8.905826807022094727e-01 1.836914122104644775e-01
5.260767936706542969e-01 2.182776182889938354e-01
7.346183061599731445e-01 9.434911012649536133e-01
9.379926323890686035e-01 2.218424528837203979e-01
9.033324122428894043e-01 2.399737946689128876e-02
5.572627186775207520e-01 9.544904232025146484e-01
7.457301616668701172e-01 8.703837394714355469e-01
9.790688157081604004e-01 8.252992630004882812e-01
4.111258089542388916e-01 8.254313468933105469e-01
2.839069366455078125e-01 3.749557435512542725e-01
8.081465363502502441e-01 9.529148340225219727e-01
6.592191457748413086e-01 9.893200993537902832e-01
9.013701677322387695e-01 1.542395204305648804e-01
4.842027425765991211e-01 9.137718081474304199e-01
7.625972628593444824e-01 8.574658632278442383e-02
3.900844156742095947e-01 7.111959457397460938e-01
6.641006469726562500e-01 8.889684677124023438e-01
5.071796774864196777e-01 1.770075261592864990e-01
3.857189416885375977e-01 1.656948924064636230e-01
9.596856236457824707e-01 4.022563099861145020e-01
3.193515837192535400e-01 8.008491992950439453e-01
6.930240243673324585e-02 2.027875483036041260e-01
7.625153660774230957e-01 2.050887495279312134e-01
2.329374700784683228e-01 7.696110289543867111e-03
1.066560298204421997e-01 3.263124525547027588e-01
7.393667846918106079e-02 4.126188457012176514e-01
9.294875860214233398e-01 3.812040686607360840e-01
8.509373068809509277e-01 6.971957683563232422e-01
6.904162168502807617e-01 7.980546951293945312e-01
6.693716049194335938e-01 6.213634014129638672e-01
3.647432923316955566e-01 1.320016682147979736e-01
2.405899912118911743e-01 4.742401242256164551e-01
6.861804723739624023e-01 4.132519960403442383e-01
9.720215797424316406e-01 9.504762291908264160e-01
8.422515392303466797e-01 8.972097635269165039e-01
2.994519770145416260e-01 5.053552985191345215e-01
4.044411480426788330e-01 1.617702245712280273e-01
8.329227566719055176e-01 1.055700629949569702e-01
4.255022481083869934e-02 2.528556883335113525e-01
5.219411849975585938e-02 2.963134944438934326e-01
7.760351300239562988e-01 9.126484990119934082e-01
6.843083500862121582e-01 7.255902141332626343e-02
7.613967061042785645e-01 8.201330900192260742e-01
4.653643965721130371e-01 5.071110725402832031e-01
4.859176576137542725e-01 9.409164786338806152e-01
5.889407396316528320e-01 8.854097127914428711e-01
4.741380214691162109e-01 2.849441170692443848e-01
2.633365243673324585e-02 5.630495548248291016e-01
5.427060723304748535e-01 1.252159625291824341e-01
9.979716539382934570e-01 2.687881290912628174e-01
6.578585505485534668e-02 1.385726481676101685e-01
9.304305315017700195e-01 6.124452352523803711e-01
2.129947692155838013e-01 5.162172317504882812e-01
2.743947803974151611e-01 8.224355578422546387e-01
7.813786268234252930e-01 6.404576301574707031e-01
1.389005482196807861e-01 1.608375310897827148e-01
9.707143530249595642e-03 5.899047851562500000e-01
4.383625090122222900e-01 7.676743865013122559e-01
7.550962567329406738e-01 1.470413357019424438e-01
5.547350645065307617e-01 9.851524233818054199e-01
8.307564258575439453e-01 9.667295217514038086e-01
6.549515128135681152e-01 2.300346642732620239e-01
9.737025499343872070e-01 9.569410085678100586e-01
3.591394424438476562e-02 9.326766729354858398e-01
3.537169396877288818e-01 8.192422986030578613e-01
9.881172776222229004e-01 6.730283498764038086e-01
1.215168624185025692e-03 2.864429354667663574e-01
5.148140192031860352e-01 5.052745938301086426e-01
3.040655553340911865e-01 1.241929642856121063e-02
9.888291358947753906e-01 3.369081616401672363e-01
8.804149031639099121e-01 7.310805916786193848e-01
2.064487040042877197e-01 5.622943639755249023e-01
3.909398913383483887e-01 9.983638525009155273e-01
1.962484419345855713e-02 2.087523788213729858e-01
6.426007747650146484e-01 1.325751692056655884e-01
1.227423399686813354e-01 9.841572642326354980e-01
4.944759011268615723e-01 8.781672455370426178e-03
7.959653139114379883e-01 8.299567699432373047e-01
8.223331570625305176e-01 3.076725304126739502e-01
6.696142256259918213e-03 1.690598577260971069e-01
6.196926832199096680e-01 6.632013320922851562e-01
2.279579639434814453e-01 4.861713051795959473e-01
3.584545105695724487e-02 5.527366399765014648e-01
3.813079595565795898e-01 7.450760006904602051e-01
8.099706172943115234e-01 2.865754663944244385e-01
2.005574852228164673e-01 1.886488944292068481e-01
6.172578930854797363e-01 1.965130865573883057e-01
7.056589722633361816e-01 4.998235106468200684e-01
6.357969045639038086e-01 8.833649754524230957e-01
3.395241871476173401e-02 6.231848001480102539e-01
1.204356178641319275e-01 8.424797058105468750e-01
6.354417204856872559e-01 1.939858496189117432e-01
9.197159409523010254e-01 7.894411683082580566e-01
5.462581515312194824e-01 3.944168388843536377e-01
5.620969533920288086e-01 7.042995095252990723e-01
6.775640249252319336e-01 7.849889397621154785e-01
9.942554831504821777e-01 1.459148526191711426e-01
6.393628567457199097e-02 5.875493884086608887e-01
9.291893243789672852e-01 4.952549338340759277e-01
2.593163549900054932e-01 8.296126127243041992e-01
4.828006774187088013e-02 3.436744213104248047e-01
2.415291965007781982e-01 3.765605986118316650e-01
9.930888414382934570e-01 8.784780502319335938e-01
1.148071289062500000e-01 8.544448018074035645e-01
8.094038814306259155e-02 4.889039993286132812e-01
2.205868959426879883e-01 6.639444828033447266e-01
1.069236397743225098e-01 3.078593015670776367e-01
3.395265042781829834e-01 5.117311477661132812e-01
7.696397900581359863e-01 7.866210937500000000e-01
4.617588222026824951e-01 1.526578813791275024e-01
1.190585717558860779e-01 2.848329544067382812e-01
8.715004324913024902e-01 6.524851322174072266e-01
7.322801351547241211e-01 4.082991182804107666e-01
2.873037457466125488e-01 4.659156203269958496e-01
6.835209131240844727e-01 2.520261108875274658e-01
7.678626775741577148e-01 4.805699586868286133e-01
6.881940364837646484e-01 7.256594300270080566e-01
5.493333935737609863e-01 2.322480678558349609e-01
9.977684020996093750e-01 6.931490302085876465e-01
6.927809119224548340e-02 7.396185398101806641e-01
3.961179852485656738e-01 1.010974049568176270e-01
4.969867467880249023e-01 8.133165240287780762e-01
2.128802835941314697e-01 9.513270854949951172e-01
2.799634933471679688e-01 5.371243953704833984e-01
2.296448051929473877e-01 2.102043777704238892e-01
5.891224741935729980e-01 8.286917209625244141e-01
4.429411590099334717e-01 2.474789470434188843e-01
3.614512979984283447e-01 2.972955107688903809e-01
9.013305604457855225e-02 7.312840223312377930e-01
5.609093904495239258e-01 3.403664529323577881e-01
3.897345662117004395e-01 4.163045063614845276e-02
9.771498441696166992e-01 4.800206124782562256e-01
5.699003338813781738e-01 8.139135837554931641e-01
7.075990438461303711e-01 7.390632480382919312e-02
1.952903121709823608e-01 3.150529861450195312e-01
9.337376952171325684e-01 8.355122208595275879e-01
2.413341701030731201e-01 4.013159573078155518e-01
1.137669906020164490e-01 8.066354990005493164e-01
8.378512859344482422e-01 6.389425992965698242e-01
1.397550702095031738e-01 7.182603329420089722e-02
1.330915838479995728e-01 8.590658903121948242e-01
1.898096203804016113e-01 4.255166351795196533e-01
8.246526718139648438e-01 6.890309453010559082e-01
5.220940709114074707e-01 5.255935788154602051e-01
6.261712312698364258e-01 9.749681949615478516e-01
4.986973106861114502e-01 1.222307235002517700e-01
6.986429691314697266e-01 5.552296042442321777e-01
4.913882613182067871e-01 4.329695701599121094e-01
3.761825859546661377e-01 6.378664970397949219e-01
9.612312316894531250e-01 5.826372504234313965e-01
4.229959845542907715e-01 6.976932883262634277e-01
5.964142680168151855e-01 5.703679323196411133e-01
8.790541887283325195e-01 4.418397843837738037e-01
4.889006614685058594e-01 8.018467426300048828e-01
5.792310833930969238e-01 6.995741724967956543e-01
1.007901653647422791e-01 1.867921650409698486e-01
3.546414077281951904e-01 3.446475267410278320e-01
9.351586103439331055e-01 9.506658911705017090e-01
4.346026480197906494e-01 7.824289053678512573e-02
1.216462105512619019e-01 2.672953307628631592e-01
3.589933812618255615e-01 5.099047422409057617e-01
5.297831445932388306e-02 3.717635869979858398e-01
9.488155841827392578e-01 6.139146685600280762e-01
1.289734989404678345e-01 6.493113636970520020e-01
8.867204785346984863e-01 6.418107748031616211e-01
1.654615998268127441e-02 7.654274702072143555e-01
5.892257094383239746e-01 8.672329783439636230e-01
8.979376554489135742e-01 2.518952488899230957e-01
7.552842497825622559e-01 6.040400862693786621e-01
8.141791224479675293e-01 2.043166011571884155e-01
8.767904341220855713e-02 9.381841421127319336e-01
2.996045649051666260e-01 8.796780705451965332e-01
4.951585829257965088e-01 6.334680318832397461e-01
6.427616477012634277e-01 4.702079892158508301e-01
8.151211738586425781e-01 2.331643104553222656e-01
3.799701333045959473e-01 6.866180300712585449e-01
9.597482681274414062e-01 9.819590300321578979e-02
6.710283756256103516e-01 2.022757008671760559e-02
1.428819745779037476e-01 6.961974501609802246e-01
1.156461983919143677e-01 7.104109525680541992e-01
2.599852681159973145e-01 7.534782290458679199e-01
7.153520584106445312e-01 5.039783120155334473e-01
9.436166286468505859e-01 4.255633652210235596e-01
4.120417237281799316e-01 7.231390476226806641e-01
4.984637200832366943e-01 9.570079445838928223e-01
5.191789269447326660e-01 6.038116291165351868e-03
9.848362803459167480e-01 5.052884221076965332e-01
9.006428718566894531e-01 1.127112731337547302e-01
7.030855417251586914e-01 7.047979235649108887e-01
8.324570655822753906e-01 4.227938950061798096e-01
5.414358377456665039e-01 9.503180980682373047e-01
6.546567082405090332e-01 3.459436595439910889e-01
8.736476302146911621e-01 8.605203032493591309e-01
2.769919931888580322e-01 6.732766628265380859e-01
6.923432946205139160e-01 6.979352831840515137e-01
7.028710246086120605e-01 6.775684356689453125e-01
8.525445461273193359e-01 5.732719898223876953e-01
4.375823140144348145e-01 1.043559685349464417e-01
1.883889287710189819e-01 3.532797396183013916e-01
1.888930499553680420e-01 3.115746378898620605e-01
2.124736309051513672e-01 8.666051030158996582e-01
4.778468608856201172e-01 7.042395323514938354e-02
4.923353493213653564e-01 1.839052438735961914e-01
2.300337851047515869e-01 9.531652927398681641e-01
6.574803590774536133e-01 9.462484121322631836e-01
3.110006451606750488e-02 5.623745918273925781e-01
9.236490130424499512e-01 1.503599435091018677e-02
1.947325319051742554e-01 9.613171219825744629e-01
8.714494705200195312e-01 4.445520639419555664e-01
9.565992355346679688e-01 5.005277991294860840e-01
2.604273855686187744e-01 9.518728256225585938e-01
4.655994772911071777e-01 3.422654569149017334e-01
4.934081435203552246e-01 7.841650247573852539e-01
8.362603187561035156e-01 2.547180950641632080e-01
7.558113932609558105e-01 3.621580898761749268e-01
8.361125588417053223e-01 5.002754926681518555e-01
7.229649424552917480e-01 4.084140807390213013e-02
7.569308280944824219e-01 8.890000581741333008e-01
5.854142308235168457e-01 8.292918205261230469e-01
3.165792822837829590e-01 5.314262509346008301e-01
6.193996071815490723e-01 2.379197776317596436e-01
8.804835081100463867e-01 2.447161525487899780e-01
8.114103674888610840e-01 7.326183319091796875e-01
2.847662270069122314e-01 3.210766911506652832e-01
7.359440326690673828e-01 4.509305357933044434e-01
7.234252691268920898e-01 4.266305565834045410e-01
6.502658724784851074e-01 4.003205895423889160e-02
6.369934082031250000e-01 6.243727803230285645e-01
7.813863158226013184e-01 2.300426661968231201e-01
8.560103774070739746e-01 3.808062374591827393e-01
3.428085744380950928e-01 2.183444499969482422e-01
3.009743094444274902e-01 7.057300209999084473e-01
7.292706370353698730e-01 9.307853579521179199e-01
2.974995598196983337e-02 4.543763101100921631e-01
9.995653629302978516e-01 6.233345866203308105e-01
6.232681870460510254e-01 3.290005028247833252e-01
6.213026642799377441e-01 9.948865771293640137e-01
6.527681350708007812e-01 2.783086299896240234e-01
1.623489707708358765e-01 4.821573495864868164e-01
8.996432423591613770e-01 4.127196669578552246e-01
5.805155038833618164e-01 3.734268015250563622e-03
8.417811393737792969e-01 2.662540972232818604e-01
8.606355786323547363e-01 2.303600907325744629e-01
1.498521715402603149e-01 2.055706083774566650e-02
1.942852586507797241e-01 3.050087392330169678e-01
1.901251822710037231e-01 7.342748641967773438e-01
1.526139080524444580e-01 3.472944200038909912e-01
5.270857810974121094e-01 7.504860758781433105e-01
5.299922227859497070e-01 1.281847059726715088e-02
