3.493112623691558838e-01 4.992044270038604736e-01
5.396564602851867676e-01 4.114815890789031982e-01
4.059077203273773193e-01 3.211873471736907959e-01
5.130977630615234375e-01 7.514322400093078613e-01
4.008513987064361572e-01 7.929071784019470215e-01
5.280275940895080566e-01 1.238580718636512756e-01
7.771263718605041504e-01 7.243241071701049805e-01
1.199608296155929565e-02 8.284436464309692383e-01
5.004062056541442871e-01 1.821466139517724514e-03
2.699887752532958984e-01 6.017146110534667969e-01
5.647107362747192383e-01 5.464213490486145020e-01
6.743789911270141602e-01 8.480881154537200928e-02
1.185237914323806763e-01 2.499684095382690430e-01
9.673767089843750000e-01 2.330801934003829956e-01
1.277923285961151123e-01 9.748078584671020508e-01
9.358009099960327148e-01 6.124852895736694336e-01
3.948912918567657471e-01 7.631853222846984863e-01
8.163977265357971191e-01 4.934769272804260254e-01
2.593748271465301514e-01 6.824921965599060059e-01
8.092823028564453125e-01 3.287069499492645264e-01
9.680801033973693848e-01 3.263722360134124756e-01
5.904358029365539551e-01 2.661366164684295654e-01
6.228594183921813965e-01 4.558591246604919434e-01
9.294988587498664856e-03 2.379476092755794525e-02
6.417720913887023926e-01 2.709826827049255371e-01
3.342787325382232666e-01 9.654978513717651367e-01
4.745990931987762451e-01 6.864200830459594727e-01
7.068386673927307129e-01 6.943467855453491211e-01
4.174386560916900635e-01 2.262171655893325806e-01
7.560416311025619507e-02 8.411984443664550781e-01
8.008276820182800293e-01 8.176149129867553711e-01
9.150117039680480957e-01 6.544872522354125977e-01
3.807945549488067627e-01 2.070822753012180328e-02
3.555133342742919922e-01 5.407541394233703613e-01
4.497984945774078369e-01 8.834975957870483398e-01
3.230374753475189209e-01 6.230133175849914551e-01
8.136212825775146484e-01 9.507932066917419434e-01
1.335759274661540985e-02 9.142280817031860352e-01
3.922862410545349121e-01 1.797149479389190674e-01
5.125074982643127441e-01 6.612878441810607910e-01
4.292745292186737061e-01 7.529397010803222656e-01
1.083017513155937195e-01 7.436103373765945435e-02
9.189842939376831055e-01 4.434774518013000488e-01
3.699905797839164734e-02 1.352150365710258484e-02
3.674979209899902344e-01 3.562720715999603271e-01
5.318670868873596191e-01 7.699036002159118652e-01
7.451716661453247070e-01 1.625057458877563477e-01
4.804991483688354492e-01 1.848097294569015503e-01
3.948715627193450928e-01 1.543856561183929443e-01
3.260584175586700439e-01 8.571528196334838867e-01
8.283854722976684570e-01 5.640619993209838867e-01
4.816136658191680908e-01 8.143170475959777832e-01
8.626097440719604492e-01 6.707161664962768555e-01
6.563807129859924316e-01 8.287980556488037109e-01
5.383794307708740234e-01 8.772945404052734375e-01
6.959678232669830322e-02 2.475329786539077759e-01
8.584226369857788086e-01 2.099398225545883179e-01
9.459693431854248047e-01 3.234391212463378906e-01
6.036213040351867676e-01 3.709891140460968018e-01
9.704214930534362793e-01 4.669954776763916016e-01
5.159555077552795410e-01 9.889578223228454590e-01
3.340795934200286865e-01 7.271303534507751465e-01
8.843236416578292847e-02 8.483530879020690918e-01
5.133067965507507324e-01 6.155760958790779114e-03
3.466967940330505371e-01 1.103548482060432434e-01
8.731499314308166504e-01 1.263586580753326416e-01
7.734393477439880371e-01 4.013578295707702637e-01
6.634737253189086914e-01 9.018614888191223145e-01
6.745755076408386230e-01 4.939968138933181763e-02
9.755699634552001953e-01 9.722350239753723145e-01
5.427647829055786133e-01 2.392236888408660889e-01
5.415303632616996765e-02 8.085178583860397339e-02
5.490208864212036133e-01 2.214189618825912476e-01
9.216597080230712891e-01 3.433828055858612061e-01
3.504350781440734863e-01 1.401811838150024414e-01
9.819236397743225098e-01 8.384739160537719727e-01
6.847261786460876465e-01 3.248221874237060547e-01
8.125422596931457520e-01 2.069618403911590576e-01
3.495467603206634521e-01 7.030924558639526367e-01
5.014828443527221680e-01 1.108431890606880188e-01
6.309888958930969238e-01 2.313669174909591675e-01
4.967955946922302246e-01 9.816211462020874023e-01
5.913832187652587891e-01 7.440091371536254883e-01
1.493840664625167847e-01 5.122335162013769150e-03
1.151982843875885010e-01 8.276044726371765137e-01
9.973084926605224609e-01 9.495514631271362305e-01
7.418251037597656250e-01 2.031127512454986572e-01
1.637172698974609375e-01 6.400330662727355957e-01
8.892613053321838379e-01 9.051171541213989258e-01
1.045218557119369507e-01 8.482950329780578613e-01
9.510025382041931152e-01 4.427963197231292725e-01
4.257543385028839111e-01 7.254355400800704956e-02
5.776698589324951172e-01 8.912035822868347168e-01
7.918931245803833008e-01 6.957079172134399414e-01
5.866799950599670410e-01 1.960996538400650024e-01
2.165436595678329468e-01 9.733283519744873047e-01
3.599401116371154785e-01 7.464442253112792969e-01
3.841764926910400391e-01 9.616644382476806641e-01
3.088467121124267578e-01 3.436264991760253906e-01
2.327463775873184204e-01 9.803562760353088379e-01
9.570839405059814453e-01 4.297708868980407715e-01
8.560281395912170410e-01 4.095157086849212646e-01
8.552034497261047363e-01 3.714082241058349609e-01
7.398041486740112305e-01 6.868884563446044922e-01
4.179832935333251953e-01 9.147260189056396484e-01
4.713427722454071045e-01 6.479102373123168945e-01
8.288876414299011230e-01 5.846890211105346680e-01
4.871008098125457764e-01 1.086615473031997681e-01
2.218347415328025818e-02 2.531152665615081787e-01
8.887369632720947266e-01 6.293042302131652832e-01
9.977110028266906738e-01 2.201799601316452026e-01
9.185736775398254395e-01 4.775635600090026855e-01
7.629467844963073730e-01 2.737211287021636963e-01
4.674744606018066406e-01 9.900261759757995605e-01
8.006342053413391113e-01 2.312892824411392212e-01
1.745256930589675903e-01 3.356190621852874756e-01
4.561126604676246643e-02 1.484578400850296021e-01
5.503239035606384277e-01 5.879441499710083008e-01
9.888317584991455078e-01 8.354291319847106934e-01
2.180663198232650757e-01 5.322334170341491699e-01
4.098036587238311768e-01 2.321703135967254639e-01
2.570767104625701904e-01 7.319320440292358398e-01
8.860853314399719238e-01 5.325950980186462402e-01
8.738759756088256836e-01 7.725583910942077637e-01
5.513777136802673340e-01 6.337859034538269043e-01
5.351622700691223145e-01 3.230045735836029053e-01
1.056654751300811768e-02 3.647173047065734863e-01
2.234423719346523285e-02 6.992478966712951660e-01
2.272191494703292847e-01 9.017482995986938477e-01
4.890241920948028564e-01 7.042201161384582520e-01
1.862693876028060913e-01 9.520909786224365234e-01
4.753625690937042236e-01 3.382516801357269287e-01
4.161166548728942871e-01 7.615721225738525391e-01
1.779008358716964722e-01 8.003212213516235352e-01
2.538352608680725098e-01 1.687926352024078369e-01
4.575915932655334473e-01 9.885026812553405762e-01
2.287994138896465302e-02 1.269138455390930176e-01
8.907920718193054199e-01 4.054511785507202148e-01
8.531469106674194336e-01 8.289057612419128418e-01
9.201797246932983398e-01 1.523490548133850098e-01
4.403503239154815674e-01 4.623798131942749023e-01
6.315554380416870117e-01 5.866034030914306641e-01
1.621304750442504883e-01 6.428165435791015625e-01
2.638542056083679199e-01 3.537655472755432129e-01
5.847038626670837402e-01 4.384227842092514038e-02
6.487618088722229004e-01 1.838779896497726440e-01
9.285779595375061035e-01 6.502757072448730469e-01
5.411657691001892090e-01 4.548073410987854004e-01
5.979102849960327148e-01 6.197690963745117188e-02
6.307298541069030762e-01 4.850345849990844727e-01
9.115232825279235840e-01 8.688025474548339844e-01
1.610969156026840210e-01 9.073786139488220215e-01
4.507721364498138428e-01 4.268844425678253174e-01
9.901294112205505371e-01 5.128918886184692383e-01
7.837800383567810059e-01 4.430627524852752686e-01
1.628878265619277954e-01 5.508691668510437012e-01
6.651734709739685059e-01 7.205995917320251465e-01
9.814195036888122559e-01 9.295677542686462402e-01
1.396757662296295166e-01 7.919135093688964844e-01
5.407024025917053223e-01 8.786617517471313477e-01
3.720667362213134766e-01 9.774606227874755859e-01
1.798810660839080811e-01 1.290431059896945953e-02
5.856472849845886230e-01 8.980423212051391602e-01
2.002097666263580322e-01 2.682997845113277435e-02
6.091089248657226562e-01 6.195743083953857422e-01
8.727667331695556641e-01 1.001817360520362854e-01
6.530309915542602539e-01 8.034906983375549316e-01
3.493070006370544434e-01 8.220689296722412109e-01
6.908286213874816895e-01 8.924939632415771484e-01
1.840794272720813751e-02 5.484821647405624390e-02
2.879407703876495361e-01 7.295329570770263672e-01
7.904300093650817871e-02 2.334975302219390869e-01
9.235372543334960938e-01 1.193496361374855042e-01
9.858833551406860352e-01 3.330222666263580322e-01
6.379265785217285156e-01 8.387438058853149414e-01
2.637049555778503418e-01 1.265198923647403717e-02
6.751452088356018066e-01 2.899233400821685791e-01
7.609296441078186035e-01 3.086494505405426025e-01
3.576658964157104492e-01 4.930222928524017334e-01
3.083564043045043945e-01 9.013021588325500488e-01
7.678960561752319336e-01 6.676454544067382812e-01
9.216747879981994629e-01 8.265668749809265137e-01
4.849373400211334229e-01 6.182820200920104980e-01
5.791978836059570312e-01 2.161165773868560791e-01
3.617636859416961670e-01 2.778438329696655273e-01
4.555203020572662354e-01 8.582516908645629883e-01
2.325272411108016968e-01 6.230923533439636230e-02
4.187879562377929688e-01 2.234777808189392090e-01
7.295159250497817993e-02 3.592656850814819336e-01
3.652313649654388428e-01 5.506785511970520020e-01
8.353876471519470215e-01 8.621159195899963379e-01
4.170915484428405762e-01 3.421277403831481934e-01
1.994990855455398560e-01 2.048820108175277710e-01
1.367482244968414307e-01 9.603552818298339844e-01
7.865925431251525879e-01 3.030253052711486816e-01
5.066934823989868164e-01 9.873855113983154297e-01
2.372990548610687256e-02 8.116866946220397949e-01
1.308301389217376709e-01 8.907660096883773804e-02
8.229371905326843262e-02 7.145729660987854004e-01
8.638448119163513184e-01 3.750119209289550781e-01
8.235316872596740723e-01 5.407677292823791504e-01
3.092923164367675781e-01 3.767273724079132080e-01
9.923813343048095703e-01 3.773040771484375000e-01
9.872501492500305176e-01 8.503933548927307129e-01
2.841368131339550018e-02 7.938141822814941406e-01
3.188185691833496094e-01 7.445234060287475586e-01
1.022369340062141418e-01 1.606546789407730103e-01
5.396952033042907715e-01 9.373355507850646973e-01
3.491180837154388428e-01 1.622852385044097900e-01
9.107945561408996582e-01 3.946207761764526367e-01
6.045725941658020020e-01 1.477234512567520142e-01
2.397890537977218628e-01 1.868424587883055210e-03
6.418445110321044922e-01 5.647742748260498047e-01
5.225805640220642090e-01 5.426816940307617188e-01
7.006039619445800781e-01 6.676537394523620605e-01
2.151845395565032959e-01 5.181649327278137207e-01
8.074262738227844238e-02 1.858175545930862427e-01
1.461331248283386230e-01 6.334300041198730469e-01
9.299858212471008301e-01 6.857564449310302734e-01
7.583792507648468018e-02 6.084489226341247559e-01
9.275887012481689453e-01 8.039801716804504395e-01
5.652223825454711914e-01 6.890465021133422852e-01
3.378086984157562256e-01 7.568402886390686035e-01
9.384395480155944824e-01 8.154866099357604980e-01
7.174296379089355469e-01 1.794448792934417725e-01
7.294123768806457520e-01 7.444207072257995605e-01
3.796974122524261475e-01 9.175692200660705566e-01
3.860013186931610107e-01 6.837898492813110352e-02
3.232140466570854187e-02 5.217028260231018066e-01
8.361440300941467285e-01 3.995694816112518311e-01
5.576485395431518555e-01 9.898979067802429199e-01
2.697914540767669678e-01 6.788017749786376953e-01
7.617725729942321777e-01 1.986478865146636963e-01
8.477728962898254395e-01 2.096775621175765991e-01
4.966433048248291016e-01 8.742907047271728516e-01
3.096288740634918213e-01 1.283965259790420532e-01
3.342137932777404785e-01 3.692201673984527588e-01
6.979697942733764648e-01 4.274908900260925293e-01
3.530654907226562500e-01 8.795988559722900391e-01
5.036598071455955505e-02 9.635815620422363281e-01
2.364754676818847656e-01 6.305046081542968750e-01
6.269934773445129395e-01 5.502660572528839111e-02
5.275505185127258301e-01 6.494265049695968628e-02
6.882782280445098877e-02 6.506738662719726562e-01
8.556371927261352539e-01 3.775128722190856934e-01
3.221757709980010986e-01 5.716810226440429688e-01
6.931248903274536133e-01 7.429038286209106445e-01
7.538650631904602051e-01 2.567080855369567871e-01
8.870562314987182617e-01 1.817253530025482178e-01
9.312586188316345215e-01 1.424872130155563354e-01
5.147467851638793945e-01 5.985637903213500977e-01
5.030848979949951172e-01 5.454884171485900879e-01
4.964254200458526611e-01 1.939659938216209412e-02
6.594910621643066406e-01 3.998234570026397705e-01
4.260130822658538818e-01 9.349497556686401367e-01
3.438184037804603577e-02 6.952056884765625000e-01
2.644464075565338135e-01 5.479325652122497559e-01
2.949939668178558350e-01 6.994245648384094238e-01
9.956555366516113281e-01 1.230872198939323425e-01
9.298594594001770020e-01 2.477004677057266235e-01
2.945165761047974229e-05 8.033118844032287598e-01
5.675073862075805664e-01 6.953432559967041016e-01
8.380461335182189941e-01 8.758466839790344238e-01
4.914349317550659180e-01 7.734129428863525391e-01
8.358805775642395020e-01 1.289011240005493164e-01
3.178670406341552734e-01 1.456325948238372803e-01
2.065565139055252075e-01 9.890726208686828613e-01
7.570967078208923340e-01 8.570439219474792480e-01
5.576685070991516113e-01 1.879908144474029541e-01
3.577714562416076660e-01 9.589973092079162598e-01
2.614060044288635254e-01 2.391479462385177612e-01
6.622440218925476074e-01 6.018735170364379883e-01
9.239317476749420166e-02 3.733622729778289795e-01
8.263360857963562012e-01 4.388357400894165039e-01
6.167880073189735413e-02 4.999728202819824219e-01
6.765730977058410645e-01 8.921965360641479492e-01
8.529642224311828613e-01 9.935972094535827637e-01
5.611464381217956543e-01 1.087457016110420227e-01
8.201733827590942383e-01 3.004116117954254150e-01
2.047320455312728882e-02 3.390550240874290466e-02
2.572859227657318115e-01 9.308488965034484863e-01
4.673468768596649170e-01 3.269722163677215576e-01
2.406148985028266907e-02 2.201572358608245850e-01
4.244171679019927979e-01 9.782347083091735840e-01
5.131478309631347656e-01 6.158223748207092285e-01
7.672529816627502441e-01 2.086794078350067139e-01
8.874129652976989746e-01 3.334214091300964355e-01
8.069472387433052063e-03 7.860931754112243652e-01
2.265339940786361694e-01 8.555348962545394897e-02
7.549492120742797852e-01 1.070398688316345215e-01
9.669026136398315430e-01 4.513676166534423828e-01
2.079818993806838989e-01 6.199705600738525391e-01
1.881856173276901245e-01 1.186549142003059387e-01
9.438256025314331055e-01 9.085791110992431641e-01
2.264387458562850952e-01 7.767195701599121094e-01
8.524491190910339355e-01 6.809284090995788574e-01
7.005867362022399902e-01 7.567183375358581543e-01
7.282931208610534668e-01 7.085928916931152344e-01
6.296707391738891602e-01 9.068361520767211914e-01
5.997525900602340698e-02 2.454424649477005005e-01
7.006140947341918945e-01 9.985057711601257324e-01
3.166659176349639893e-01 6.867669820785522461e-01
7.240393757820129395e-01 8.412715196609497070e-01
1.893135458230972290e-01 3.240991532802581787e-01
8.001742959022521973e-01 9.312326312065124512e-01
3.043052256107330322e-01 1.604569703340530396e-01
3.777566254138946533e-01 3.214834928512573242e-01
4.144604206085205078e-01 5.119405388832092285e-01
3.711864650249481201e-01 7.725601792335510254e-01
3.384256958961486816e-01 6.168642640113830566e-01
8.421365171670913696e-02 3.224838078022003174e-01
6.191476583480834961e-01 8.588135242462158203e-01
1.602812856435775757e-01 6.064327955245971680e-01
6.377450823783874512e-01 1.444183737039566040e-01
9.366017580032348633e-02 4.924566149711608887e-01
1.300387680530548096e-01 1.236106380820274353e-01
2.155006974935531616e-01 4.900091588497161865e-01
5.546494722366333008e-01 6.781830638647079468e-02
4.177385270595550537e-01 1.296797096729278564e-01
4.565477967262268066e-01 9.294238090515136719e-01
7.894418239593505859e-01 9.883755445480346680e-01
5.668625235557556152e-02 9.388698935508728027e-01
6.691309809684753418e-01 6.155233085155487061e-02
8.486650586128234863e-01 6.946094632148742676e-01
5.007789283990859985e-02 5.296142697334289551e-01
8.618485331535339355e-01 5.161030888557434082e-01
1.774940192699432373e-01 2.122884392738342285e-01
3.489751219749450684e-01 9.639804959297180176e-01
2.433440834283828735e-01 4.428166449069976807e-01
4.458701908588409424e-01 9.303454756736755371e-01
9.784452617168426514e-02 1.901385337114334106e-01
5.562435090541839600e-02 6.465691328048706055e-01
2.401163429021835327e-01 3.195992708206176758e-01
7.785903215408325195e-01 2.578737437725067139e-01
1.752547919750213623e-01 9.980617165565490723e-01
1.295121312141418457e-01 9.789416193962097168e-01
9.153351783752441406e-01 4.328089952468872070e-01
2.860133349895477295e-01 3.091197907924652100e-01
1.552662104368209839e-01 8.904384970664978027e-01
5.621746778488159180e-01 4.191518425941467285e-01
4.463922679424285889e-01 2.677359245717525482e-02
4.269292354583740234e-01 1.242452934384346008e-01
2.883092463016510010e-01 9.440341591835021973e-01
2.542583942413330078e-01 9.772017598152160645e-01
7.822231054306030273e-01 2.237764149904251099e-01
9.047325700521469116e-02 4.031611979007720947e-01
9.478774070739746094e-01 3.603259921073913574e-01
7.003300786018371582e-01 2.095953375101089478e-01
4.084316492080688477e-01 7.035419344902038574e-01
4.191036820411682129e-01 1.390845887362957001e-02
7.455822825431823730e-01 6.700128316879272461e-01
7.800317406654357910e-01 9.066875576972961426e-01
6.754801273345947266e-01 4.774516224861145020e-01
7.101823687553405762e-01 6.423335671424865723e-01
5.610082149505615234e-01 1.854336261749267578e-02
4.942183196544647217e-02 3.098800964653491974e-02
7.497467398643493652e-01 8.740867376327514648e-01
9.431065618991851807e-02 5.538719296455383301e-01
2.743572592735290527e-01 8.793017864227294922e-01
4.871925413608551025e-01 7.618708610534667969e-01
5.491676330566406250e-01 9.521369338035583496e-01
4.769004881381988525e-01 7.519904375076293945e-01
6.178892850875854492e-01 8.820527195930480957e-01
6.360657215118408203e-01 7.144477963447570801e-01
2.083640173077583313e-02 5.262482166290283203e-01
8.349238038063049316e-01 2.429772466421127319e-01
5.192787200212478638e-02 2.007029801607131958e-01
9.575533866882324219e-01 4.886092841625213623e-01
8.296114802360534668e-01 8.016957640647888184e-01
8.746337294578552246e-01 5.366101264953613281e-01
1.581346839666366577e-01 5.598735809326171875e-01
8.333951830863952637e-01 4.531496763229370117e-01
8.323144912719726562e-01 9.145860075950622559e-01
2.455557435750961304e-01 7.055346965789794922e-01
5.503401160240173340e-02 9.186469316482543945e-01
7.954466342926025391e-01 6.313718557357788086e-01
6.084222793579101562e-01 5.568085312843322754e-01
8.194736391305923462e-02 2.802373468875885010e-01
6.051846742630004883e-01 5.431991815567016602e-01
7.343576848506927490e-02 7.722973823547363281e-01
6.349316239356994629e-02 3.406134843826293945e-01
9.773886203765869141e-01 5.979856252670288086e-01
7.120944857597351074e-01 8.831254839897155762e-01
4.342566430568695068e-01 7.358741164207458496e-01
9.612258672714233398e-01 2.190685123205184937e-01
8.785923011600971222e-03 3.510874882340431213e-02
9.556645750999450684e-01 7.379585504531860352e-01
2.680791914463043213e-02 9.778130054473876953e-01
5.288040637969970703e-01 1.362892091274261475e-01
5.934191867709159851e-02 6.763683557510375977e-01
2.233302444219589233e-01 2.700879275798797607e-01
6.501209735870361328e-01 7.270284891128540039e-01
3.288166970014572144e-02 7.745586037635803223e-01
7.095317244529724121e-01 6.979987621307373047e-01
9.452949762344360352e-01 2.916125655174255371e-01
8.741143345832824707e-01 7.516782879829406738e-01
2.100143022835254669e-02 1.324811279773712158e-01
4.719241335988044739e-02 9.290261268615722656e-01
2.883476912975311279e-01 7.006619572639465332e-01
4.805497825145721436e-02 2.072563022375106812e-02
8.958656787872314453e-01 4.188042283058166504e-01
9.543614983558654785e-01 6.750051379203796387e-01
8.865391612052917480e-01 6.562618613243103027e-01
8.499360084533691406e-02 3.287900388240814209e-01
7.652329802513122559e-01 7.147541046142578125e-01
6.055615544319152832e-01 3.372376561164855957e-01
5.767939686775207520e-01 8.883401751518249512e-01
4.780174195766448975e-01 1.389465015381574631e-02
8.446439504623413086e-01 7.824881076812744141e-01
4.556262791156768799e-01 1.897157281637191772e-01
9.063286781311035156e-01 4.548024386167526245e-02
3.295219242572784424e-01 9.766173958778381348e-01
8.755720257759094238e-01 3.908502757549285889e-01
2.133561074733734131e-01 7.839281558990478516e-01
5.184181034564971924e-02 3.352019190788269043e-01
9.729632139205932617e-01 3.834008276462554932e-01
6.334885954856872559e-01 8.497512340545654297e-01
3.766152262687683105e-01 8.292062878608703613e-01
9.455721378326416016e-01 4.908660650253295898e-01
5.507882833480834961e-01 1.653909683227539062e-01
6.345334053039550781e-01 5.747326016426086426e-01
4.440442919731140137e-01 7.093820571899414062e-01
8.520793914794921875e-01 1.792995929718017578e-01
4.580624699592590332e-01 6.673926711082458496e-01
5.125768780708312988e-01 9.554721713066101074e-01
1.247127354145050049e-01 9.160985350608825684e-01
4.669398665428161621e-01 1.641784459352493286e-01
1.406687498092651367e-01 3.036291301250457764e-01
5.744313597679138184e-01 7.630900144577026367e-01
6.950988769531250000e-01 6.819463372230529785e-01
1.113297790288925171e-02 4.525240957736968994e-01
6.906954646110534668e-01 1.693561822175979614e-01
9.121173024177551270e-01 7.998196482658386230e-01
7.092550992965698242e-01 8.402041196823120117e-01
6.725179553031921387e-01 9.069142937660217285e-01
1.045244187116622925e-01 6.026461720466613770e-01
9.085425734519958496e-01 7.640662193298339844e-01
1.397525072097778320e-01 7.091351151466369629e-01
7.046625614166259766e-01 8.435922265052795410e-01
9.635285735130310059e-01 6.193160414695739746e-01
6.108034849166870117e-01 4.146061241626739502e-01
4.256980419158935547e-01 6.466470360755920410e-01
9.868920445442199707e-01 9.297069907188415527e-01
8.232094645500183105e-01 8.090019822120666504e-01
5.460357069969177246e-01 7.912268638610839844e-01
9.227951169013977051e-01 2.845686972141265869e-01
4.289803504943847656e-01 8.704502135515213013e-02
3.480740785598754883e-01 9.110172390937805176e-01
6.345640867948532104e-02 3.390228003263473511e-02
8.872379064559936523e-01 3.373392224311828613e-01
9.284076690673828125e-01 2.319021150469779968e-02
6.755308061838150024e-02 2.923991978168487549e-01
7.018514871597290039e-01 1.443494856357574463e-01
4.008396565914154053e-01 9.581043124198913574e-01
9.286444187164306641e-01 2.767671942710876465e-01
2.145795375108718872e-01 1.667393594980239868e-01
1.470137536525726318e-01 2.042871415615081787e-01
4.731095135211944580e-01 9.641320109367370605e-01
9.751408100128173828e-01 4.293735325336456299e-01
1.261438429355621338e-01 9.382328987121582031e-01
2.260911166667938232e-01 5.962183475494384766e-01
1.850519776344299316e-01 8.608719706535339355e-01
7.846609950065612793e-01 8.830581307411193848e-01
4.531023502349853516e-01 1.107377037405967712e-01
7.500476837158203125e-01 8.426969498395919800e-02
3.234782218933105469e-01 3.273405730724334717e-01
1.053378432989120483e-01 8.272373676300048828e-01
8.140898942947387695e-01 9.899532198905944824e-01
8.254239559173583984e-01 4.082998633384704590e-01
8.513960242271423340e-01 8.684527873992919922e-01
4.934223741292953491e-02 1.514782160520553589e-01
4.557287096977233887e-01 2.327949255704879761e-01
1.376470923423767090e-01 2.490320056676864624e-02
7.258796691894531250e-02 9.359108805656433105e-01
7.827788591384887695e-01 7.113804817199707031e-01
3.379574418067932129e-01 8.587465286254882812e-01
5.665252208709716797e-01 6.502106785774230957e-01
1.094559729099273682e-01 8.811497688293457031e-01
9.805324673652648926e-01 6.704912185668945312e-01
6.665042638778686523e-01 7.527366876602172852e-01
4.520068764686584473e-01 7.854059934616088867e-01
6.403268128633499146e-02 1.320707239210605621e-02
7.895761728286743164e-01 3.060092031955718994e-01
5.493821576237678528e-02 7.616765499114990234e-01
9.176120162010192871e-01 7.282958626747131348e-01
3.518353998661041260e-01 1.188040599226951599e-01
4.396885037422180176e-01 2.727562785148620605e-01
7.987580299377441406e-01 1.092413142323493958e-01
4.492404758930206299e-01 8.678510189056396484e-01
3.262152075767517090e-01 3.803793489933013916e-01
9.575541019439697266e-01 3.219773173332214355e-01
4.335342049598693848e-01 9.330450892448425293e-01
8.910475671291351318e-02 8.154125809669494629e-01
5.424746870994567871e-01 8.166804313659667969e-01
2.421759963035583496e-01 9.833328127861022949e-01
5.245544314384460449e-01 7.588116526603698730e-01
4.489863216876983643e-01 8.843386769294738770e-01
7.547149062156677246e-01 5.280516743659973145e-01
7.651087641716003418e-01 8.073009848594665527e-01
5.834932327270507812e-01 7.401015758514404297e-01
9.511254429817199707e-01 4.164570868015289307e-01
1.056269183754920959e-01 6.246731877326965332e-01
3.755959272384643555e-01 2.420930564403533936e-01
5.645361542701721191e-01 7.524979710578918457e-01
2.408821284770965576e-01 5.428473949432373047e-01
8.555243015289306641e-01 6.501883268356323242e-01
9.023803472518920898e-01 9.668666869401931763e-02
3.165118992328643799e-01 1.034087389707565308e-01
3.211250603199005127e-01 3.542933762073516846e-01
9.231280684471130371e-01 6.625349521636962891e-01
9.975178241729736328e-01 7.032598257064819336e-01
2.960506379604339600e-01 7.907602190971374512e-01
7.660478949546813965e-01 1.496714949607849121e-01
4.112936556339263916e-01 5.481250882148742676e-01
7.743977904319763184e-01 5.741216540336608887e-01
2.313770055770874023e-01 3.480868041515350342e-01
5.112778544425964355e-01 6.449770331382751465e-01
4.874772429466247559e-01 4.867564141750335693e-01
9.362761378288269043e-01 4.240885972976684570e-01
8.404526114463806152e-01 4.122559428215026855e-01
1.991129666566848755e-01 4.266944229602813721e-01
6.237001158297061920e-03 1.217205896973609924e-01
1.489922311156988144e-02 7.562866806983947754e-02
5.730355978012084961e-01 8.392673730850219727e-01
6.418213248252868652e-01 5.867358446121215820e-01
9.146786928176879883e-01 3.547518253326416016e-01
9.981962442398071289e-01 3.065826594829559326e-01
4.027359783649444580e-01 1.164715662598609924e-01
8.023520708084106445e-01 4.808750748634338379e-01
2.903799712657928467e-01 3.175260722637176514e-01
2.124181985855102539e-01 4.260398149490356445e-01
3.124215900897979736e-01 7.478992938995361328e-01
5.054598450660705566e-01 8.568681478500366211e-01
4.264708161354064941e-01 6.618214249610900879e-01
1.911284029483795166e-01 6.662412881851196289e-01
6.617140769958496094e-01 6.306409835815429688e-01
9.581213444471359253e-02 7.281141281127929688e-01
2.603437900543212891e-01 8.809128403663635254e-01
2.268064618110656738e-01 8.416222333908081055e-01
9.418538808822631836e-01 1.275849342346191406e-01
2.123173326253890991e-01 5.709972977638244629e-01
4.524118304252624512e-01 4.275880753993988037e-01
4.719672203063964844e-01 3.571367859840393066e-01
8.586637377738952637e-01 9.140587449073791504e-01
1.999214738607406616e-01 5.145644545555114746e-01
4.147805273532867432e-01 1.031386107206344604e-01
9.191751480102539062e-01 4.125961661338806152e-01
8.743831515312194824e-01 2.083627432584762573e-01
7.376827001571655273e-01 5.149996653199195862e-02
8.029830455780029297e-01 2.468944340944290161e-01
8.195483088493347168e-01 5.275983214378356934e-01
9.445932507514953613e-01 1.105245500802993774e-01
5.138706564903259277e-01 1.577187627553939819e-01
9.379900693893432617e-01 8.590876460075378418e-01
8.134338855743408203e-01 7.061310410499572754e-01
2.083993852138519287e-01 1.256790757179260254e-01
2.272094413638114929e-02 4.961058497428894043e-01
3.572222962975502014e-02 2.069028466939926147e-01
1.286228150129318237e-01 1.816634684801101685e-01
8.179166913032531738e-01 9.469667077064514160e-01
6.731073856353759766e-01 5.349602103233337402e-01
2.387278079986572266e-01 5.231640934944152832e-01
3.569052517414093018e-01 3.627335429191589355e-01
5.073179006576538086e-01 5.721669793128967285e-01
6.710557341575622559e-01 2.057338505983352661e-01
5.962696671485900879e-01 9.168996810913085938e-01
1.402344405651092529e-01 6.017590761184692383e-01
4.634980559349060059e-01 8.503965139389038086e-01
9.403458237648010254e-01 9.121540784835815430e-01
5.174157619476318359e-01 3.093231320381164551e-01
2.634806334972381592e-01 2.061267197132110596e-01
3.204832375049591064e-01 9.065027832984924316e-01
4.955734014511108398e-01 3.909388780593872070e-01
4.093338549137115479e-01 8.370256423950195312e-01
7.737432122230529785e-01 9.815101027488708496e-01
1.223820671439170837e-01 7.962953448295593262e-01
2.013704478740692139e-01 2.887088060379028320e-01
3.649392426013946533e-01 3.614206910133361816e-01
7.131919860839843750e-01 7.810407876968383789e-01
1.817784607410430908e-01 7.491120100021362305e-01
9.843870401382446289e-01 3.233367204666137695e-01
1.713277995586395264e-01 4.037640988826751709e-01
2.100700736045837402e-01 5.581945776939392090e-01
8.756120204925537109e-01 4.928975999355316162e-01
2.693911492824554443e-01 2.070706784725189209e-01
3.736369907855987549e-01 8.984186649322509766e-01
6.207284331321716309e-01 1.099646836519241333e-01
8.123571276664733887e-01 5.306514501571655273e-01
7.551127076148986816e-01 4.232178926467895508e-01
4.429188072681427002e-01 8.834803104400634766e-01
8.420284986495971680e-01 1.655609905719757080e-01
6.270609498023986816e-01 5.072227716445922852e-01
6.585015654563903809e-01 1.826138645410537720e-01
2.319109737873077393e-01 6.786466240882873535e-01
2.374034672975540161e-01 7.836043238639831543e-01
9.492377638816833496e-01 3.099938929080963135e-01
6.009647250175476074e-01 7.369980812072753906e-01
6.299249529838562012e-01 3.823401033878326416e-02
3.215674459934234619e-01 7.055281400680541992e-01
2.439388334751129150e-01 7.874328494071960449e-01
9.290308952331542969e-01 1.929452121257781982e-01
7.084563970565795898e-01 5.708411335945129395e-01
2.241220772266387939e-01 9.986172914505004883e-01
5.989757776260375977e-01 2.912536859512329102e-01
9.472786784172058105e-01 5.726136565208435059e-01
2.555625736713409424e-01 1.157585605978965759e-01
8.559638261795043945e-01 9.534642696380615234e-01
5.425561070442199707e-01 3.178815543651580811e-02
1.418388634920120239e-01 1.206417828798294067e-01
4.393891990184783936e-01 1.179364696145057678e-01
5.456131100654602051e-01 2.147848457098007202e-01
3.843126296997070312e-01 7.379750013351440430e-01
3.888602852821350098e-01 8.021441102027893066e-01
5.830207467079162598e-01 9.177185297012329102e-01
7.077856063842773438e-01 4.747181832790374756e-01
3.985702991485595703e-01 8.399600628763437271e-04
2.608169317245483398e-01 4.806738793849945068e-01
3.848244845867156982e-01 8.138071298599243164e-01
8.876685500144958496e-01 2.598171234130859375e-01
1.937671005725860596e-01 9.651940464973449707e-01
5.464630126953125000e-01 9.876593947410583496e-01
7.709288001060485840e-01 6.035567522048950195e-01
8.129965066909790039e-01 1.545799225568771362e-01
2.635872662067413330e-01 1.676218658685684204e-01
8.287640810012817383e-01 6.486500501632690430e-01
6.244711279869079590e-01 4.466280043125152588e-01
2.766878902912139893e-02 7.819733619689941406e-01
2.300004661083221436e-02 6.469471454620361328e-01
2.717274427413940430e-01 1.056301742792129517e-01
9.059845805168151855e-01 8.845975995063781738e-01
4.759594425559043884e-02 9.697010517120361328e-01
6.033718585968017578e-01 5.490791797637939453e-01
6.176580786705017090e-01 8.813060522079467773e-01
9.281615614891052246e-01 9.941527247428894043e-01
2.953530251979827881e-01 4.451459050178527832e-01
6.197007298469543457e-01 1.369723584502935410e-02
2.339634150266647339e-01 2.781000137329101562e-01
9.215250015258789062e-01 9.482881426811218262e-01
8.689892888069152832e-01 6.373297572135925293e-01
7.470345497131347656e-01 4.172942042350769043e-01
9.228071570396423340e-01 9.949302077293395996e-01
2.597926855087280273e-01 1.777907907962799072e-01
4.594531953334808350e-01 2.740939557552337646e-01
4.320802390575408936e-01 9.371766448020935059e-01
5.731555223464965820e-01 3.828392550349235535e-02
6.891270875930786133e-01 5.457348227500915527e-01
9.117808938026428223e-01 5.582692623138427734e-01
4.617964923381805420e-01 4.472835659980773926e-01
6.487256884574890137e-01 3.951794505119323730e-01
9.866743534803390503e-02 2.499987334012985229e-01
9.402292370796203613e-01 6.260395646095275879e-01
6.693368554115295410e-01 6.947137117385864258e-01
8.339627981185913086e-01 6.414366364479064941e-01
6.935859322547912598e-01 1.846471875905990601e-01
1.427939534187316895e-01 1.726425588130950928e-01
7.013984322547912598e-01 3.820690512657165527e-01
2.930627763271331787e-02 8.493914604187011719e-01
7.757669687271118164e-02 3.539192080497741699e-01
9.774991869926452637e-01 7.902609109878540039e-01
9.732054471969604492e-01 2.510744631290435791e-01
1.123540997505187988e-01 8.193400502204895020e-01
7.201268076896667480e-01 1.171822100877761841e-01
6.848834753036499023e-01 6.750814914703369141e-01
5.707896351814270020e-01 2.134028971195220947e-01
9.878749847412109375e-01 1.373663395643234253e-01
8.376747965812683105e-01 9.473164677619934082e-01
5.743142962455749512e-01 9.635127186775207520e-01
4.984837770462036133e-01 4.913567900657653809e-01
1.307925209403038025e-02 9.689253568649291992e-01
7.739584445953369141e-01 3.018074855208396912e-02
7.891190471127629280e-04 7.980979084968566895e-01
5.832610130310058594e-01 3.626403212547302246e-01
6.999124288558959961e-01 4.218835849314928055e-03
8.079910278320312500e-01 1.410090178251266479e-01
3.953845500946044922e-01 8.368893265724182129e-01
2.080283015966415405e-01 6.813687682151794434e-01
2.320556342601776123e-01 2.529333531856536865e-01
2.010967954993247986e-02 2.741065323352813721e-01
5.602529644966125488e-01 3.197017610073089600e-01
4.058886468410491943e-01 5.693472027778625488e-01
7.843393683433532715e-01 2.108449786901473999e-01
9.550805091857910156e-01 3.030923306941986084e-01
5.704819560050964355e-01 8.099601864814758301e-01
1.978067606687545776e-01 2.500436604022979736e-01
3.692818107083439827e-03 1.061096042394638062e-01
7.605691552162170410e-01 9.335972666740417480e-01
9.027498364448547363e-01 1.202224344015121460e-01
3.729534447193145752e-01 9.208548069000244141e-01
6.993978023529052734e-01 7.453131675720214844e-01
6.753143072128295898e-01 8.156769275665283203e-01
5.404416322708129883e-01 1.750816404819488525e-01
4.969948828220367432e-01 9.964382648468017578e-01
1.481284797191619873e-01 4.950863420963287354e-01
8.822112083435058594e-01 5.539784431457519531e-01
9.283112883567810059e-01 6.796841025352478027e-01
8.849487900733947754e-01 2.950010895729064941e-01
6.522446870803833008e-01 5.174048542976379395e-01
3.268283009529113770e-01 3.498328626155853271e-01
1.304119229316711426e-01 1.841861903667449951e-01
1.704671233892440796e-01 3.203363716602325439e-01
6.586121916770935059e-01 9.230383634567260742e-01
7.480955123901367188e-01 8.867931365966796875e-01
8.547116070985794067e-02 1.946022212505340576e-01
2.267774343490600586e-01 9.538725018501281738e-02
6.002297997474670410e-01 3.382909595966339111e-01
1.956031322479248047e-01 7.924615144729614258e-01
3.297633305191993713e-02 3.053245842456817627e-01
8.497167825698852539e-01 7.456978559494018555e-01
2.601458430290222168e-01 4.143384695053100586e-01
6.507242470979690552e-02 2.320486120879650116e-03
9.904665350914001465e-01 4.824194908142089844e-01
2.976234555244445801e-01 9.378538131713867188e-01
1.361193209886550903e-01 9.130358695983886719e-01
3.188208937644958496e-01 9.039307832717895508e-01
3.465927243232727051e-01 7.127733826637268066e-01
3.613537251949310303e-01 2.021160125732421875e-01
3.011181056499481201e-01 7.294590473175048828e-01
6.799773313105106354e-03 3.356723580509424210e-03
5.671300292015075684e-01 6.519643664360046387e-01
1.556279659271240234e-01 5.851883888244628906e-01
9.549268484115600586e-01 9.453171491622924805e-01
4.840020537376403809e-01 3.112535476684570312e-01
9.228843450546264648e-01 1.762837916612625122e-01
1.975365877151489258e-01 5.060706287622451782e-02
9.328609704971313477e-01 9.574920535087585449e-01
7.396599054336547852e-01 5.255037546157836914e-01
9.345449209213256836e-01 5.326810479164123535e-01
2.208423465490341187e-01 3.304764330387115479e-01
9.154922366142272949e-01 8.808598518371582031e-01
1.128622144460678101e-01 3.689933121204376221e-01
7.107332348823547363e-01 4.775297641754150391e-01
1.702601611614227295e-01 7.169503569602966309e-01
8.887743949890136719e-01 9.719560742378234863e-01
7.697492241859436035e-01 6.163805723190307617e-01
8.826692104339599609e-01 6.260132193565368652e-01
1.363352090120315552e-01 9.551880955696105957e-01
1.411612033843994141e-01 5.476363301277160645e-01
8.632988333702087402e-01 9.300044178962707520e-01
5.210464000701904297e-01 1.440903693437576294e-01
8.712293505668640137e-01 8.778160810470581055e-01
5.967776179313659668e-01 6.791916489601135254e-01
2.321274280548095703e-01 2.927647903561592102e-02
2.563787698745727539e-01 2.938935756683349609e-01
7.828659415245056152e-01 3.970940709114074707e-01
8.931586742401123047e-01 4.041648209095001221e-01
1.799330264329910278e-01 2.477297186851501465e-01
5.671640634536743164e-01 2.695092856884002686e-01
2.982027530670166016e-01 7.769460678100585938e-01
8.051999807357788086e-01 5.727109909057617188e-01
9.395399689674377441e-01 2.215720415115356445e-01
4.525415599346160889e-01 9.100233912467956543e-01
8.003568649291992188e-01 4.723652303218841553e-01
2.175928466022014618e-02 1.696739047765731812e-01
6.842988729476928711e-02 7.171983122825622559e-01
7.918273806571960449e-01 3.379817903041839600e-01
3.352472186088562012e-01 6.475758552551269531e-01
7.354330420494079590e-01 2.461179941892623901e-01
2.087608575820922852e-01 9.459779262542724609e-01
1.786392480134963989e-01 3.267446160316467285e-01
2.088070847094058990e-02 3.449540734291076660e-01
7.117566466331481934e-01 2.496896684169769287e-01
4.591285288333892822e-01 6.008898019790649414e-01
6.748412847518920898e-01 2.341667711734771729e-01
1.825525313615798950e-01 2.569797039031982422e-01
7.782533764839172363e-01 5.355782508850097656e-01
1.247302442789077759e-01 8.727266192436218262e-01
5.932838320732116699e-01 9.945356845855712891e-01
5.565798878669738770e-01 9.283721446990966797e-02
8.251903057098388672e-01 9.846091866493225098e-01
5.706394910812377930e-01 3.097267448902130127e-01
9.541633129119873047e-01 4.531632959842681885e-01
5.847432017326354980e-01 3.463309705257415771e-01
7.413314580917358398e-01 6.282999515533447266e-01
4.519453942775726318e-01 3.575292527675628662e-01
6.228004693984985352e-01 4.892333149909973145e-01
3.941852152347564697e-01 3.353828191757202148e-02
9.679654836654663086e-01 4.419353306293487549e-01
6.660658866167068481e-02 9.043725579977035522e-02
2.155383229255676270e-01 9.244065284729003906e-01
9.214138388633728027e-01 9.681887179613113403e-02
2.255719155073165894e-03 2.454380393028259277e-01
9.556707143783569336e-01 2.012094110250473022e-01
8.473086953163146973e-01 3.394267559051513672e-01
5.347187072038650513e-02 8.333942890167236328e-01
8.255015015602111816e-01 4.039213061332702637e-02
1.553936451673507690e-01 8.839633464813232422e-01
9.188468456268310547e-01 2.871426939964294434e-01
8.412486314773559570e-01 2.754606008529663086e-01
9.343864321708679199e-01 1.703058779239654541e-01
6.294108629226684570e-01 4.021559655666351318e-01
1.572665423154830933e-01 3.539811074733734131e-01
2.524488866329193115e-01 9.821293354034423828e-01
6.805106401443481445e-01 2.675224840641021729e-01
5.263777375221252441e-01 4.466197490692138672e-01
4.745309352874755859e-01 3.619967401027679443e-01
7.082153111696243286e-02 3.555487096309661865e-01
8.695224523544311523e-01 9.840523600578308105e-01
5.461090803146362305e-01 4.202456474304199219e-01
9.212518334388732910e-01 8.853526711463928223e-01
7.261382937431335449e-01 3.708244264125823975e-01
5.119590759277343750e-01 9.497825503349304199e-01
9.814100861549377441e-01 1.578068584203720093e-01
6.783639192581176758e-01 9.435135126113891602e-01
6.256968975067138672e-01 7.614874243736267090e-01
6.546033024787902832e-01 2.336414158344268799e-01
8.803867101669311523e-01 6.807297468185424805e-01
6.370683312416076660e-01 9.475829005241394043e-01
9.769495725631713867e-01 4.664789736270904541e-01
1.281146109104156494e-01 1.032996326684951782e-01
6.939742565155029297e-01 6.167524456977844238e-01
8.101107478141784668e-01 4.706720113754272461e-01
7.543265223503112793e-01 7.171081304550170898e-01
4.092305004596710205e-01 5.603244304656982422e-01
2.431646138429641724e-01 2.290772944688796997e-01
8.578765392303466797e-02 6.898499280214309692e-02
3.702521622180938721e-01 8.665058612823486328e-01
4.498462080955505371e-01 7.043731808662414551e-01
8.079356551170349121e-01 1.243171617388725281e-01
2.818960547447204590e-01 7.737872600555419922e-01
3.348329663276672363e-01 7.676863074302673340e-01
7.473236322402954102e-01 7.099163532257080078e-01
5.367538928985595703e-01 5.767319202423095703e-01
7.794224470853805542e-02 7.364295721054077148e-01
4.328340590000152588e-01 9.096942842006683350e-02
6.234898567199707031e-01 1.014541313052177429e-01
3.321370780467987061e-01 7.153148055076599121e-01
5.056455135345458984e-01 1.116183400154113770e-01
7.060560584068298340e-01 2.876450121402740479e-01
8.337470889091491699e-01 2.193964570760726929e-01
3.829339146614074707e-01 8.170969486236572266e-01
3.401658236980438232e-01 5.132978558540344238e-01
8.720373511314392090e-01 8.417605757713317871e-01
5.740428566932678223e-01 8.981482982635498047e-01
8.800501227378845215e-01 9.416017532348632812e-01
6.472720205783843994e-02 4.420992136001586914e-01
9.472139477729797363e-01 4.519435465335845947e-01
1.546076983213424683e-01 1.653496772050857544e-01
1.783510893583297729e-01 9.112935066223144531e-01
6.962149590253829956e-02 1.283980309963226318e-01
8.998351693153381348e-01 8.510289788246154785e-01
9.540475606918334961e-01 3.220615983009338379e-01
1.841769367456436157e-01 3.956375718116760254e-01
6.186906695365905762e-01 2.687523961067199707e-01
4.658934772014617920e-01 7.893902063369750977e-02
2.352710217237472534e-01 5.558763742446899414e-01
5.404881238937377930e-01 8.222256302833557129e-01
3.420330286026000977e-01 2.707480192184448242e-01
3.502832949161529541e-01 7.758616805076599121e-01
4.133466780185699463e-01 9.083763360977172852e-01
4.190884232521057129e-01 5.931847691535949707e-01
8.314748406410217285e-01 8.736834526062011719e-01
3.103744089603424072e-01 4.330421388149261475e-01
8.581508994102478027e-01 9.170877337455749512e-01
5.311738848686218262e-01 4.064182937145233154e-01
8.128909468650817871e-01 4.327870011329650879e-01
2.804329395294189453e-01 2.001318484544754028e-01
6.541457176208496094e-01 3.192249834537506104e-01
5.429029464721679688e-01 6.274490356445312500e-01
8.855821490287780762e-01 3.224887847900390625e-01
1.146851256489753723e-01 1.795582771301269531e-01
4.596865177154541016e-01 9.988283514976501465e-01
4.765526056289672852e-01 2.490536272525787354e-01
6.508962512016296387e-01 8.302417397499084473e-02
3.583827614784240723e-01 8.072373867034912109e-01
4.054496996104717255e-03 7.721711397171020508e-01
6.545912027359008789e-01 5.541629195213317871e-01
3.850510120391845703e-01 1.592677086591720581e-01
7.240970730781555176e-01 6.913500428199768066e-01
3.129368647933006287e-02 1.065016016364097595e-01
1.061573997139930725e-01 1.938737481832504272e-01
5.048785805702209473e-01 6.636748313903808594e-01
6.032954454421997070e-01 9.447272419929504395e-01
9.331735968589782715e-01 1.043715998530387878e-01
1.917849034070968628e-01 7.339234352111816406e-01
4.143078327178955078e-01 5.799517035484313965e-01
2.956652045249938965e-01 6.862706542015075684e-01
2.528061866760253906e-01 1.625576317310333252e-01
1.403978317975997925e-01 4.526989459991455078e-01
6.265143752098083496e-01 8.044999837875366211e-01
2.162797898054122925e-01 9.276689291000366211e-01
4.587441086769104004e-01 7.378379255533218384e-02
6.763323545455932617e-01 1.107807233929634094e-01
6.410032510757446289e-02 9.400773048400878906e-01
9.676114320755004883e-01 5.393714308738708496e-01
7.233883738517761230e-01 3.798690736293792725e-01
3.995569944381713867e-01 1.131249144673347473e-01
7.890132814645767212e-02 5.061334744095802307e-02
1.584310084581375122e-01 4.188832640647888184e-01
3.785203397274017334e-01 8.194815516471862793e-01
6.915124654769897461e-01 4.307254254817962646e-01
1.108701601624488831e-01 2.647275030612945557e-01
3.049557805061340332e-01 2.759723663330078125e-01
8.862730264663696289e-01 7.359327077865600586e-01
4.229207336902618408e-01 7.742351293563842773e-01
9.878192543983459473e-01 3.655044138431549072e-01
7.135722637176513672e-01 7.468464374542236328e-01
8.075001835823059082e-01 3.449843227863311768e-01
7.010268568992614746e-01 2.620295584201812744e-01
7.772633433341979980e-01 7.554949522018432617e-01
3.234787657856941223e-02 4.920526742935180664e-01
6.629726886749267578e-01 7.033370733261108398e-01
8.276541829109191895e-01 3.530603647232055664e-01
4.272787868976593018e-01 3.705677986145019531e-01
8.530212640762329102e-01 7.105702161788940430e-01
3.368684053421020508e-01 7.796537876129150391e-01
7.603653073310852051e-01 7.490363121032714844e-01
3.127237781882286072e-02 6.143527626991271973e-01
3.922857046127319336e-01 8.539846539497375488e-01
5.505583062767982483e-02 8.287369012832641602e-01
4.068113267421722412e-01 6.025676727294921875e-01
8.186588883399963379e-01 5.237365886569023132e-02
5.287472605705261230e-01 4.886292517185211182e-01
1.941269040107727051e-01 6.710378527641296387e-01
7.655402272939682007e-02 1.368048787117004395e-01
1.608731038868427277e-02 5.032507777214050293e-01
1.887641698122024536e-01 8.559057712554931641e-01
6.538043618202209473e-01 7.034330964088439941e-01
8.559796810150146484e-01 4.341185092926025391e-03
3.814224004745483398e-01 8.270726203918457031e-01
8.878896236419677734e-01 3.996777832508087158e-01
9.744110107421875000e-01 6.049991846084594727e-01
5.595611929893493652e-01 3.309713900089263916e-01
4.303011596202850342e-01 9.402744770050048828e-01
1.361439283937215805e-02 9.827696681022644043e-01
2.020190507173538208e-01 7.686223983764648438e-01
1.694200783967971802e-01 2.602156698703765869e-01
8.328236639499664307e-02 9.013001918792724609e-01
6.588156819343566895e-01 2.899355888366699219e-01
2.217864692211151123e-01 7.164214849472045898e-01
5.039500594139099121e-01 1.584321111440658569e-01
8.806037902832031250e-01 3.124914765357971191e-01
4.707730412483215332e-01 4.155516624450683594e-01
1.045623943209648132e-01 1.632308065891265869e-01
9.459221959114074707e-01 4.332890808582305908e-01
2.809080183506011963e-01 1.479760408401489258e-01
8.409788608551025391e-01 7.078439742326736450e-02
1.457482278347015381e-01 7.725109457969665527e-01
8.362573385238647461e-01 8.695148229598999023e-01
3.755486309528350830e-01 4.104433953762054443e-02
7.187497019767761230e-01 8.765481710433959961e-01
3.267541229724884033e-01 1.978006362915039062e-01
6.238283514976501465e-01 6.809907406568527222e-02
1.128914952278137207e-01 4.817480742931365967e-01
5.988757610321044922e-01 6.051211953163146973e-01
8.996023535728454590e-01 7.263011932373046875e-01
5.635350346565246582e-01 6.554853916168212891e-02
4.545530974864959717e-01 4.497561752796173096e-01
8.227565884590148926e-01 8.567946404218673706e-02
2.624983489513397217e-01 4.512150287628173828e-01
3.185141086578369141e-01 5.087744593620300293e-01
7.705500125885009766e-01 7.195043563842773438e-01
1.349260509014129639e-01 8.293584585189819336e-01
5.302296876907348633e-01 8.312574625015258789e-01
6.510797142982482910e-01 5.737378001213073730e-01
1.139654591679573059e-01 8.596668243408203125e-01
8.776615262031555176e-01 4.340212047100067139e-01
5.592068433761596680e-01 6.824377775192260742e-01
6.829379200935363770e-01 5.956099033355712891e-01
4.539957642555236816e-01 6.299980878829956055e-01
8.869743943214416504e-01 5.424289703369140625e-01
8.486530780792236328e-01 8.416907787322998047e-01
8.419824838638305664e-01 3.055835664272308350e-01
3.679772317409515381e-01 2.578698098659515381e-01
8.309857845306396484e-01 2.524627149105072021e-01
1.408776193857192993e-01 8.896999806165695190e-02
4.040034115314483643e-01 8.142083883285522461e-01
5.092390179634094238e-01 9.695462584495544434e-01
3.037728369235992432e-01 8.936701416969299316e-01
9.694973230361938477e-01 4.206998944282531738e-01
6.229311227798461914e-01 4.456828236579895020e-01
3.824847042560577393e-01 9.376168847084045410e-01
5.309118032455444336e-01 3.082426078617572784e-02
3.021166920661926270e-01 7.270674407482147217e-02
3.148715496063232422e-01 1.966940611600875854e-01
5.638459920883178711e-01 1.587413251399993896e-01
4.210315942764282227e-01 7.103339433670043945e-01
8.014972805976867676e-01 4.666057825088500977e-01
3.193798363208770752e-01 5.465405583381652832e-01
6.829791665077209473e-01 7.778370976448059082e-01
7.921020388603210449e-01 7.238608002662658691e-01
8.944439291954040527e-01 6.718689799308776855e-01
2.659891545772552490e-01 8.655253052711486816e-02
3.292804956436157227e-01 1.477558910846710205e-01
5.834058523178100586e-01 7.443088889122009277e-01
6.969466805458068848e-01 6.547559499740600586e-01
3.543850481510162354e-01 7.607448697090148926e-01
1.931135207414627075e-01 2.917088270187377930e-01
2.884698472917079926e-02 8.247568011283874512e-01
9.066419601440429688e-01 6.277445554733276367e-01
3.689860552549362183e-02 2.831001281738281250e-01
5.262954235076904297e-01 2.184012830257415771e-01
7.914474010467529297e-01 2.652899920940399170e-01
6.925939917564392090e-01 6.336597800254821777e-01
8.047860860824584961e-01 6.737384796142578125e-01
7.913979887962341309e-01 7.547329664230346680e-01
2.694292962551116943e-01 1.098042353987693787e-01
6.485240459442138672e-01 9.860044121742248535e-01
7.463045120239257812e-01 7.537385225296020508e-01
6.751057505607604980e-02 1.869754344224929810e-01
8.577086925506591797e-01 4.184494614601135254e-01
2.377687096595764160e-01 3.144029974937438965e-01
7.631191015243530273e-01 7.249823808670043945e-01
8.809018731117248535e-01 2.921840548515319824e-01
5.429871678352355957e-01 9.928029775619506836e-01
1.367354243993759155e-01 8.375427722930908203e-01
9.624592661857604980e-01 7.591045498847961426e-01
1.712728142738342285e-01 3.988868743181228638e-02
9.789422750473022461e-01 7.417867183685302734e-01
8.389650583267211914e-01 2.192644029855728149e-01
3.107363283634185791e-01 7.059496641159057617e-01
2.083297818899154663e-01 6.231375336647033691e-01
3.668767213821411133e-01 8.289539217948913574e-01
6.035519242286682129e-01 8.516219854354858398e-01
6.158198416233062744e-02 7.832165360450744629e-01
9.696543216705322266e-01 7.760921716690063477e-01
3.377517163753509521e-01 2.480614036321640015e-01
7.243808507919311523e-01 8.519375324249267578e-02
9.805433750152587891e-01 6.716521978378295898e-01
4.674221947789192200e-02 1.636039316654205322e-01
8.044691085815429688e-01 5.540028810501098633e-01
6.406759023666381836e-01 3.871467113494873047e-01
5.179223418235778809e-01 3.765257820487022400e-02
5.966092348098754883e-01 7.643402218818664551e-01
3.465467393398284912e-01 1.634898944757878780e-03
