8.078177571296691895e-01 7.956721782684326172e-01
3.162742257118225098e-01 3.817964494228363037e-01
3.046714067459106445e-01 2.972175180912017822e-01
7.929363846778869629e-01 7.127698063850402832e-01
8.958247900009155273e-01 9.958058595657348633e-01
2.982828915119171143e-01 1.028499379754066467e-01
3.567732572555541992e-01 3.662126064300537109e-01
2.807158827781677246e-01 3.073378503322601318e-01
8.653042912483215332e-01 9.668198972940444946e-02
7.675392627716064453e-01 5.299999117851257324e-01
2.654957473278045654e-01 6.097156405448913574e-01
1.232184395194053650e-01 7.704465389251708984e-01
8.856260180473327637e-01 4.089392423629760742e-01
1.630644351243972778e-01 4.175758957862854004e-01
2.527737021446228027e-01 2.098785936832427979e-01
3.571743071079254150e-01 3.244553208351135254e-01
8.490515947341918945e-01 7.190318107604980469e-01
2.990422546863555908e-01 9.130831360816955566e-01
3.895809948444366455e-01 1.124625578522682190e-01
1.963586360216140747e-01 1.986799091100692749e-01
1.659110337495803833e-01 4.354892969131469727e-01
5.940781831741333008e-01 8.293402194976806641e-01
6.848285198211669922e-01 3.236814737319946289e-01
1.654773950576782227e-01 7.422642111778259277e-01
8.170174807310104370e-02 3.552885353565216064e-01
4.631626978516578674e-02 8.223966360092163086e-01
5.988889932632446289e-01 5.765604376792907715e-01
7.451792359352111816e-01 6.321833133697509766e-01
1.477555185556411743e-01 3.172305524349212646e-01
2.327887862920761108e-01 3.929670155048370361e-01
5.448681116104125977e-01 9.588959813117980957e-01
1.045821383595466614e-01 6.884845495223999023e-01
4.682139754295349121e-01 2.282662317156791687e-02
5.169432163238525391e-01 9.021836519241333008e-02
8.768017888069152832e-01 3.073851466178894043e-01
6.051576137542724609e-01 5.430226400494575500e-02
3.938235044479370117e-01 5.574647784233093262e-01
3.757021129131317139e-01 6.604019999504089355e-01
9.055129885673522949e-01 5.298017263412475586e-01
3.528272211551666260e-01 6.863838434219360352e-01
8.433675169944763184e-01 8.431922793388366699e-01
3.394973576068878174e-01 4.175108373165130615e-01
3.502019643783569336e-01 5.545765161514282227e-01
5.039101839065551758e-01 5.681881904602050781e-01
9.111592173576354980e-02 3.652740418910980225e-01
3.213474154472351074e-01 9.269555211067199707e-01
5.040809512138366699e-01 1.655456721782684326e-01
6.454230546951293945e-01 6.808351278305053711e-01
2.623003721237182617e-01 3.824920654296875000e-01
3.441713750362396240e-01 3.657924011349678040e-02
4.751165211200714111e-01 2.701060175895690918e-01
7.581736445426940918e-01 6.628703474998474121e-01
3.062222003936767578e-01 6.269347667694091797e-01
1.148380339145660400e-02 2.519004940986633301e-01
4.338484704494476318e-01 7.840755581855773926e-01
6.197608709335327148e-01 5.430868268013000488e-01
6.268490552902221680e-01 6.469994187355041504e-01
3.406066894531250000e-01 9.034118652343750000e-01
1.337120383977890015e-01 4.018160402774810791e-01
2.129699289798736572e-01 8.264470100402832031e-01
8.224604129791259766e-01 3.081545233726501465e-01
4.460912048816680908e-01 6.623448729515075684e-01
1.160756722092628479e-01 5.617512762546539307e-02
7.451691664755344391e-03 9.560333490371704102e-01
6.016030907630920410e-01 3.617926239967346191e-01
8.394709229469299316e-01 4.531930983066558838e-01
5.383465290069580078e-01 9.762094020843505859e-01
9.326992630958557129e-01 3.410561084747314453e-01
7.624313831329345703e-01 2.422387748956680298e-01
5.435363054275512695e-01 2.323560183867812157e-03
8.985771983861923218e-02 3.779980540275573730e-01
3.545761108398437500e-02 5.745031237602233887e-01
2.374764978885650635e-01 5.599303245544433594e-01
7.204640507698059082e-01 7.979694008827209473e-01
1.896348595619201660e-01 1.579284667968750000e-01
4.840427339076995850e-01 4.605028331279754639e-01
5.720019713044166565e-02 8.674777150154113770e-01
6.336603164672851562e-01 6.077199578285217285e-01
1.640110015869140625e-01 8.595893383026123047e-01
1.997940242290496826e-01 6.289230585098266602e-01
8.424425125122070312e-01 6.872641444206237793e-01
8.478214591741561890e-02 6.252464652061462402e-01
7.548055052757263184e-02 7.543373703956604004e-01
2.286092005670070648e-02 4.380821287631988525e-01
2.383828461170196533e-01 6.162736415863037109e-01
9.600830674171447754e-01 5.766726136207580566e-01
1.480377167463302612e-01 7.788562774658203125e-01
4.669307917356491089e-02 5.448040962219238281e-01
1.681166589260101318e-01 8.149210214614868164e-01
7.812173366546630859e-01 7.945169210433959961e-01
3.930795788764953613e-01 9.803580045700073242e-01
9.109097123146057129e-01 1.418715417385101318e-01
4.238008558750152588e-01 4.420057237148284912e-01
3.281531333923339844e-01 7.157236933708190918e-01
8.973647952079772949e-01 9.564921259880065918e-01
1.770857274532318115e-01 5.468264222145080566e-02
3.058902919292449951e-01 4.929684996604919434e-01
6.484901905059814453e-02 5.709484219551086426e-01
7.923811078071594238e-01 1.930794268846511841e-01
9.295225739479064941e-01 6.793124079704284668e-01
8.974930644035339355e-01 8.271502256393432617e-01
7.487652301788330078e-01 8.579145073890686035e-01
3.279514610767364502e-01 6.542684435844421387e-01
9.424982666969299316e-01 4.352759569883346558e-02
1.704013645648956299e-01 1.465037912130355835e-01
8.806316256523132324e-01 6.259563565254211426e-01
7.947977781295776367e-01 5.686470866203308105e-01
1.666271239519119263e-01 5.837970376014709473e-01
8.581302762031555176e-01 5.130155086517333984e-01
5.677750334143638611e-02 4.601257145404815674e-01
1.558894366025924683e-01 9.417946338653564453e-01
8.821657299995422363e-02 3.066248893737792969e-01
8.397403359413146973e-01 2.448847591876983643e-01
3.358670473098754883e-01 6.592193841934204102e-01
2.217274457216262817e-01 3.080546557903289795e-01
8.759171962738037109e-01 6.283581256866455078e-01
6.707175970077514648e-01 1.055642664432525635e-01
2.674469649791717529e-01 9.118036832660436630e-04
1.186100766062736511e-01 4.968731105327606201e-01
1.902877390384674072e-01 6.614872068166732788e-02
2.134667187929153442e-01 5.105388164520263672e-01
8.070094883441925049e-02 2.481376379728317261e-01
3.414961695671081543e-01 6.959677934646606445e-01
9.512473344802856445e-01 6.406923383474349976e-02
4.096959829330444336e-01 7.499661445617675781e-01
8.528032302856445312e-01 8.069262504577636719e-01
4.615644216537475586e-01 6.898010373115539551e-01
5.718725323677062988e-01 9.343668818473815918e-01
7.311419397592544556e-02 6.599467992782592773e-01
7.234714627265930176e-01 2.192387431859970093e-01
1.880835294723510742e-01 3.729487061500549316e-01
3.593720197677612305e-01 2.192673236131668091e-01
8.777369856834411621e-01 9.127516746520996094e-01
1.844454556703567505e-01 3.340301513671875000e-01
6.530148983001708984e-01 1.675389260053634644e-01
8.883781433105468750e-01 6.041309237480163574e-01
8.103826083242893219e-03 4.008379578590393066e-01
3.174006706103682518e-03 4.764498770236968994e-01
3.750444352626800537e-01 2.881720066070556641e-01
1.093379259109497070e-01 5.423356890678405762e-01
3.570199310779571533e-01 7.333538532257080078e-01
6.088368296623229980e-01 2.239731103181838989e-01
7.509437799453735352e-01 8.260147571563720703e-01
5.977784395217895508e-01 9.358141422271728516e-01
7.144433259963989258e-01 1.759323626756668091e-01
7.183626294136047363e-01 7.827998399734497070e-01
4.260846674442291260e-01 3.476582765579223633e-01
2.435504496097564697e-01 9.975680150091648102e-03
2.058518677949905396e-02 6.885825991630554199e-01
4.040271937847137451e-01 6.100761294364929199e-01
9.772818684577941895e-01 3.876653611660003662e-01
7.478583455085754395e-01 7.220692038536071777e-01
5.463004857301712036e-02 9.786904454231262207e-01
7.235143184661865234e-01 6.777177453041076660e-01
1.401402801275253296e-01 6.846686005592346191e-01
6.525026559829711914e-01 6.612991690635681152e-01
9.528631567955017090e-01 5.954967141151428223e-01
5.516434311866760254e-01 3.785452246665954590e-01
8.574547171592712402e-01 7.836431860923767090e-01
7.830340862274169922e-01 4.006860554218292236e-01
1.767331808805465698e-01 2.611739039421081543e-01
3.721185326576232910e-01 8.678780198097229004e-01
4.322734475135803223e-01 4.451773166656494141e-01
7.961546070873737335e-03 4.240632429718971252e-02
7.511222958564758301e-01 5.394116044044494629e-01
5.042194128036499023e-01 5.681772828102111816e-01
8.049033880233764648e-01 4.967386834323406219e-03
8.492090702056884766e-01 5.020598173141479492e-01
2.339127510786056519e-01 9.537682533264160156e-01
9.922989457845687866e-02 7.528733611106872559e-01
4.958532750606536865e-02 8.454465866088867188e-01
3.008678853511810303e-01 6.989647150039672852e-01
4.960573613643646240e-01 3.223073184490203857e-01
3.549605309963226318e-01 4.070354402065277100e-01
2.734284996986389160e-01 8.973495960235595703e-01
5.753418207168579102e-01 4.264928400516510010e-01
6.955236792564392090e-01 9.503034949302673340e-01
5.685735940933227539e-01 1.089302599430084229e-01
3.312947750091552734e-01 2.895944714546203613e-01
6.252403259277343750e-01 5.320115089416503906e-01
1.672360450029373169e-01 5.455235242843627930e-01
6.667416691780090332e-01 5.041058659553527832e-01
6.214521527290344238e-01 3.292720317840576172e-01
3.490003943443298340e-01 8.148488402366638184e-01
7.548630833625793457e-01 5.094837769865989685e-02
8.378736376762390137e-01 1.018903180956840515e-01
2.624185681343078613e-01 2.187897562980651855e-01
9.681378602981567383e-01 8.149171471595764160e-01
5.743912458419799805e-01 1.482847481966018677e-01
6.278151869773864746e-01 9.085986018180847168e-02
3.543333113193511963e-01 1.616956666111946106e-02
5.417007207870483398e-01 1.583444029092788696e-01
5.051023960113525391e-01 2.613122165203094482e-01
1.161870360374450684e-01 4.104230403900146484e-01
2.289659827947616577e-01 4.167328476905822754e-01
9.930231571197509766e-01 5.073622465133666992e-01
9.392324090003967285e-01 4.577259421348571777e-01
4.292931556701660156e-01 3.497044788673520088e-03
3.680852055549621582e-01 5.797075033187866211e-01
1.448260247707366943e-01 3.431840538978576660e-01
6.962907910346984863e-01 4.395982027053833008e-01
5.253162384033203125e-01 5.688494443893432617e-01
9.328871034085750580e-03 1.632299832999706268e-02
5.739772319793701172e-01 8.204445838928222656e-01
9.377035498619079590e-02 8.398755192756652832e-01
7.842937111854553223e-01 2.748973667621612549e-01
5.984446406364440918e-01 2.294740825891494751e-01
6.214170455932617188e-01 5.258590579032897949e-01
6.711227297782897949e-01 9.162438511848449707e-01
1.888515055179595947e-01 7.868646383285522461e-01
8.512778878211975098e-01 8.511177301406860352e-01
2.460616528987884521e-01 9.323124885559082031e-01
9.132614731788635254e-01 4.522943496704101562e-02
4.472536966204643250e-02 4.488009512424468994e-01
5.761237069964408875e-02 4.157228171825408936e-01
9.410465359687805176e-01 2.748713828623294830e-02
2.552354522049427032e-02 8.459335565567016602e-01
5.146504640579223633e-01 6.737017035484313965e-01
3.709683120250701904e-01 9.841646552085876465e-01
3.218725323677062988e-01 2.770449519157409668e-01
6.867093592882156372e-02 6.345834136009216309e-01
2.419587671756744385e-01 9.292606711387634277e-01
6.127223372459411621e-01 3.664100468158721924e-01
8.673748970031738281e-01 8.492287993431091309e-01
7.416239976882934570e-01 3.493695557117462158e-01
8.945378661155700684e-01 8.009095788002014160e-01
6.747063398361206055e-01 3.211759626865386963e-01
3.776884973049163818e-01 6.502136588096618652e-01
5.859600901603698730e-01 6.228059530258178711e-01
6.961638480424880981e-02 5.334805846214294434e-01
7.738428115844726562e-01 8.021482825279235840e-01
9.327297210693359375e-01 8.756576776504516602e-01
3.707389235496520996e-01 6.776037216186523438e-01
7.478967308998107910e-01 5.598693713545799255e-02
1.778721511363983154e-01 5.112084746360778809e-02
9.232419133186340332e-01 7.161408066749572754e-01
2.810274958610534668e-01 2.184802740812301636e-01
1.431775186210870743e-02 9.553900957107543945e-01
6.740232110023498535e-01 4.753933846950531006e-01
4.559308588504791260e-01 7.422535419464111328e-01
6.179128885269165039e-01 6.376693248748779297e-01
2.282746285200119019e-01 6.996955871582031250e-01
6.271545886993408203e-01 7.292214035987854004e-01
3.319413363933563232e-01 1.067332103848457336e-01
2.102367877960205078e-01 8.575286269187927246e-01
1.268384307622909546e-01 8.846498727798461914e-01
5.188999176025390625e-01 2.355617433786392212e-01
7.185497879981994629e-01 2.486638426780700684e-01
1.496666073799133301e-01 4.217868745326995850e-01
3.164113461971282959e-01 5.627291277050971985e-02
5.874487757682800293e-01 3.263203203678131104e-01
6.093358993530273438e-01 6.599544286727905273e-01
7.613860368728637695e-01 5.717471987009048462e-02
9.709085822105407715e-01 6.894899010658264160e-01
2.629720866680145264e-01 3.694295883178710938e-01
5.214836075901985168e-02 5.620768070220947266e-01
7.843766361474990845e-02 9.915881156921386719e-01
5.036953687667846680e-01 7.263666391372680664e-01
6.540267467498779297e-01 6.826668977737426758e-02
8.602550625801086426e-01 1.515176594257354736e-01
9.368066191673278809e-01 9.963597655296325684e-01
2.724556326866149902e-01 7.057505249977111816e-01
5.837908983230590820e-01 7.458961009979248047e-01
2.636595368385314941e-01 5.028179287910461426e-01
4.834397137165069580e-01 6.320532560348510742e-01
4.256805181503295898e-01 7.535271048545837402e-01
4.922032654285430908e-01 7.729734480381011963e-02
5.139878392219543457e-01 9.650826454162597656e-01
9.380859136581420898e-01 5.621581673622131348e-01
3.371577560901641846e-01 2.905689477920532227e-01
3.655422031879425049e-01 1.672326475381851196e-01
5.247805714607238770e-01 9.645013809204101562e-01
1.238681674003601074e-01 8.636904954910278320e-01
5.339326858520507812e-01 3.844597041606903076e-01
6.085240244865417480e-01 5.826520919799804688e-01
7.315830588340759277e-01 7.613639235496520996e-01
2.006487734615802765e-02 2.946285009384155273e-01
3.658019006252288818e-01 3.963887095451354980e-01
3.703286945819854736e-01 4.206041395664215088e-01
2.657929062843322754e-01 4.616800546646118164e-01
9.733363986015319824e-01 4.217921197414398193e-01
1.418396979570388794e-01 7.519783377647399902e-01
9.073424935340881348e-01 4.780872166156768799e-01
8.355038762092590332e-01 4.046965539455413818e-01
1.679093092679977417e-01 5.758272409439086914e-01
4.293348491191864014e-01 9.755506515502929688e-01
3.758290410041809082e-01 1.638084352016448975e-01
7.119650840759277344e-01 2.555472403764724731e-02
6.764923334121704102e-01 9.346615076065063477e-01
8.190937042236328125e-01 8.914237022399902344e-01
1.800761222839355469e-01 5.005751252174377441e-01
2.362032681703567505e-01 2.206800132989883423e-01
7.900589108467102051e-01 4.990547522902488708e-02
5.334944128990173340e-01 7.376906871795654297e-01
3.440535366535186768e-01 2.677890360355377197e-01
4.109415709972381592e-01 7.285039126873016357e-02
4.821552336215972900e-01 6.745459437370300293e-01
6.753389835357666016e-01 1.471105217933654785e-01
3.684491813182830811e-01 4.443850517272949219e-01
6.212894320487976074e-01 1.505865901708602905e-01
2.679552650079131126e-03 3.615854382514953613e-01
1.879255026578903198e-01 4.930160939693450928e-01
1.857877373695373535e-01 9.298004508018493652e-01
1.190919801592826843e-01 9.836868848651647568e-04
8.922683596611022949e-01 8.295865654945373535e-01
6.686547398567199707e-01 6.880896091461181641e-01
7.042424082756042480e-01 9.075335860252380371e-01
2.792096734046936035e-01 3.134825229644775391e-01
4.659590125083923340e-02 8.452028036117553711e-01
2.379827797412872314e-01 5.533701777458190918e-01
5.980197191238403320e-01 9.950795769691467285e-01
5.032456517219543457e-01 9.978283047676086426e-01
7.952238619327545166e-02 7.535035610198974609e-01
9.008529782295227051e-01 8.567208647727966309e-01
8.590981364250183105e-01 7.120158672332763672e-01
7.427284717559814453e-01 1.863263249397277832e-01
9.515241384506225586e-01 3.134444355964660645e-01
6.215162202715873718e-02 6.813762784004211426e-01
5.163604021072387695e-01 8.967430591583251953e-01
4.921486973762512207e-01 3.218144774436950684e-01
9.998824596405029297e-01 5.069196224212646484e-01
6.560955047607421875e-01 5.848606228828430176e-01
2.961391508579254150e-01 9.490615129470825195e-01
4.055637121200561523e-01 2.147882580757141113e-01
6.628277301788330078e-01 2.083286345005035400e-01
2.691476643085479736e-01 4.330665469169616699e-01
2.702310681343078613e-01 5.458174943923950195e-01
1.280583143234252930e-01 4.608246684074401855e-01
8.730632066726684570e-01 9.292799830436706543e-01
1.006925702095031738e-01 4.281339049339294434e-02
3.420137166976928711e-01 9.079940915107727051e-01
3.895053267478942871e-01 3.378580808639526367e-01
6.319867372512817383e-01 4.133408889174461365e-02
1.734540052711963654e-02 1.543248742818832397e-01
8.536359667778015137e-01 3.527823686599731445e-01
7.915454506874084473e-01 4.662131965160369873e-01
6.904807686805725098e-01 4.617988467216491699e-01
7.606014013290405273e-01 2.863603234291076660e-01
2.337581813335418701e-01 8.242126703262329102e-01
4.595586061477661133e-01 1.206623688340187073e-01
6.942685842514038086e-01 6.087549328804016113e-01
2.445245981216430664e-01 7.501420974731445312e-01
9.313781857490539551e-01 5.960680246353149414e-01
5.593233108520507812e-01 1.011079028248786926e-01
9.361940026283264160e-01 7.511153221130371094e-01
6.469179987907409668e-01 8.332767486572265625e-01
7.253323197364807129e-01 1.558710038661956787e-01
2.861354947090148926e-01 7.488858699798583984e-01
7.555540204048156738e-01 1.926485002040863037e-01
1.212044507265090942e-01 5.411618947982788086e-01
8.126099109649658203e-01 5.761012434959411621e-01
7.866455912590026855e-01 4.188006222248077393e-01
3.746946752071380615e-01 3.966751396656036377e-01
2.018121778964996338e-01 7.407758235931396484e-01
6.502356529235839844e-01 7.316739559173583984e-01
8.016893267631530762e-02 7.305779457092285156e-01
7.300499081611633301e-01 8.384630084037780762e-01
6.091122627258300781e-01 9.224774241447448730e-01
4.488466084003448486e-01 3.083317577838897705e-01
2.878839373588562012e-01 5.326693058013916016e-01
9.440879821777343750e-01 7.153965830802917480e-01
3.795117139816284180e-01 5.447587370872497559e-01
9.542467594146728516e-01 4.329660534858703613e-01
9.237603545188903809e-01 4.435761272907257080e-01
6.260358691215515137e-01 7.069710493087768555e-01
9.017586708068847656e-02 7.054865360260009766e-01
4.972680509090423584e-01 9.941067695617675781e-01
7.869595885276794434e-01 6.188382506370544434e-01
7.045976519584655762e-01 4.717992246150970459e-01
6.872326731681823730e-01 8.719301819801330566e-01
3.492285013198852539e-01 2.656442523002624512e-01
1.993172913789749146e-01 2.762469947338104248e-01
8.040255904197692871e-01 8.087574839591979980e-01
7.722014188766479492e-01 9.878563284873962402e-01
2.256601303815841675e-01 7.833400964736938477e-01
9.521008729934692383e-01 4.343332052230834961e-01
5.867409706115722656e-01 7.654945850372314453e-01
5.789456963539123535e-01 9.442373514175415039e-01
9.879029542207717896e-02 8.156944513320922852e-01
2.145313918590545654e-01 5.414847135543823242e-01
1.747522130608558655e-02 1.749158352613449097e-01
4.136250317096710205e-01 5.964983701705932617e-01
9.430552273988723755e-02 6.411256194114685059e-01
2.638998329639434814e-01 8.575169444084167480e-01
2.967762947082519531e-01 1.159348413348197937e-01
4.119366705417633057e-01 3.312577605247497559e-01
1.446482390165328979e-01 3.284948468208312988e-01
2.441657632589340210e-01 4.636877477169036865e-01
3.399994969367980957e-01 7.193624377250671387e-01
2.225314974784851074e-01 1.722778379917144775e-01
4.515179991722106934e-01 4.450018703937530518e-02
5.480185151100158691e-02 4.615775942802429199e-01
8.964394927024841309e-01 9.746912717819213867e-01
9.805175065994262695e-01 4.322629570960998535e-01
9.347580671310424805e-01 3.389262855052947998e-01
4.411978423595428467e-01 2.888105809688568115e-01
4.216381907463073730e-01 7.825860977172851562e-01
3.399070501327514648e-01 6.529302000999450684e-01
9.125463366508483887e-01 4.660243988037109375e-01
2.028798907995223999e-01 6.455733180046081543e-01
6.121668815612792969e-01 7.470180988311767578e-01
4.833086133003234863e-01 6.962767243385314941e-01
5.893548130989074707e-01 8.271234631538391113e-01
1.857573986053466797e-01 5.018476024270057678e-02
4.950717687606811523e-01 3.888897597789764404e-01
9.192130565643310547e-01 1.997875422239303589e-01
1.839518249034881592e-01 4.454721808433532715e-01
1.797605305910110474e-01 9.099261760711669922e-01
1.765815168619155884e-01 3.100171387195587158e-01
2.080601751804351807e-01 3.668340444564819336e-01
4.622030556201934814e-01 2.848543822765350342e-01
1.099736616015434265e-01 6.076419353485107422e-01
7.694472670555114746e-01 5.723229050636291504e-01
2.777218222618103027e-01 9.720552563667297363e-01
9.014094620943069458e-02 7.629391551017761230e-01
6.399428248405456543e-01 2.753801941871643066e-01
2.047388553619384766e-01 8.250001668930053711e-01
3.426881730556488037e-01 6.942725777626037598e-01
9.333991408348083496e-01 5.294697284698486328e-01
4.025122523307800293e-01 1.567218601703643799e-01
3.835817575454711914e-01 2.029704153537750244e-01
6.011727452278137207e-01 3.632557392120361328e-01
2.862679660320281982e-01 6.519299745559692383e-01
6.023306250572204590e-01 5.020529627799987793e-01
3.130250573158264160e-01 9.914216399192810059e-02
1.334266662597656250e-01 2.936336398124694824e-01
9.464181028306484222e-03 5.170022249221801758e-01
1.232287138700485229e-01 4.377684295177459717e-01
4.225997924804687500e-01 1.503382623195648193e-01
1.625844687223434448e-01 5.185887813568115234e-01
6.685003638267517090e-01 6.453362703323364258e-01
2.621494792401790619e-02 4.655954241752624512e-01
9.766546487808227539e-01 6.323301792144775391e-01
5.214939117431640625e-01 2.334210835397243500e-02
4.377457499504089355e-01 9.546325802803039551e-01
6.949196755886077881e-02 3.389901220798492432e-01
5.538732409477233887e-01 3.157227039337158203e-01
1.583722531795501709e-01 3.011398762464523315e-02
1.236948594450950623e-01 1.507033705711364746e-01
2.325489223003387451e-01 4.879360795021057129e-01
2.184593975543975830e-01 1.351759880781173706e-01
5.986216664314270020e-01 8.090327978134155273e-01
4.772825241088867188e-01 9.987440705299377441e-01
8.481054902076721191e-01 8.483640849590301514e-03
1.060922294855117798e-01 4.713003039360046387e-01
4.290012717247009277e-01 8.704546689987182617e-01
3.220590651035308838e-01 6.866703629493713379e-01
4.497929811477661133e-01 8.689514994621276855e-01
3.282325863838195801e-01 1.534545570611953735e-01
2.878865599632263184e-01 3.779352009296417236e-01
6.222158670425415039e-01 2.478989660739898682e-01
6.591780185699462891e-01 9.220796227455139160e-01
2.370952814817428589e-01 8.586543798446655273e-01
1.097933501005172729e-01 3.480874300003051758e-01
8.095973134040832520e-01 9.948142766952514648e-01
9.267563819885253906e-01 2.473533302545547485e-01
9.757577627897262573e-02 2.730449140071868896e-01
6.118215322494506836e-01 5.326546728610992432e-02
1.500768959522247314e-01 4.114587903022766113e-01
6.204411014914512634e-02 1.958297342061996460e-01
6.521255373954772949e-01 8.698593378067016602e-01
2.130742371082305908e-01 4.145649969577789307e-01
6.581662297248840332e-01 2.738669812679290771e-01
6.940702199935913086e-01 5.770514011383056641e-01
3.433091640472412109e-01 6.638310104608535767e-02
3.123883605003356934e-01 8.412118256092071533e-02
1.057100892066955566e-01 7.150228023529052734e-01
7.584396004676818848e-01 8.248321413993835449e-01
5.520317554473876953e-01 4.972318410873413086e-01
6.476408243179321289e-01 4.017359614372253418e-01
4.593089222908020020e-03 1.946003139019012451e-01
7.755726575851440430e-02 7.083425521850585938e-01
9.145417213439941406e-01 6.703735589981079102e-01
3.341573178768157959e-01 9.524541497230529785e-01
5.112856626510620117e-01 2.637054324150085449e-01
9.186157584190368652e-01 5.032992362976074219e-01
4.017044305801391602e-01 8.622177839279174805e-01
4.746064245700836182e-01 7.929161787033081055e-01
3.745519220829010010e-01 6.337129473686218262e-01
8.733308315277099609e-02 8.250106573104858398e-01
1.052514761686325073e-01 7.055586576461791992e-02
9.515383243560791016e-01 4.315452277660369873e-01
1.180793121457099915e-01 5.852892994880676270e-01
1.534675061702728271e-01 6.324540972709655762e-01
3.174154758453369141e-01 1.036003157496452332e-01
6.538153290748596191e-01 1.947053819894790649e-01
5.539320111274719238e-01 5.812836885452270508e-01
3.026557862758636475e-01 8.221929073333740234e-01
7.805234789848327637e-01 8.062984943389892578e-01
3.146467506885528564e-01 4.369333088397979736e-01
9.552730917930603027e-01 5.992245674133300781e-01
1.502705365419387817e-01 1.320422589778900146e-01
3.041695356369018555e-01 1.076127886772155762e-01
4.184312820434570312e-01 9.838935732841491699e-02
7.404845952987670898e-01 4.020331799983978271e-01
6.009639501571655273e-01 6.367211341857910156e-01
5.700837373733520508e-01 5.301453471183776855e-01
8.347399234771728516e-01 2.158561497926712036e-01
2.033543884754180908e-01 2.919352650642395020e-01
1.294375061988830566e-01 2.284929305315017700e-01
1.475319713354110718e-01 8.580856323242187500e-01
4.428342729806900024e-02 3.761931657791137695e-01
4.091473519802093506e-01 1.396439373493194580e-01
9.024522304534912109e-01 3.964434862136840820e-01
1.823706626892089844e-01 5.755226612091064453e-01
5.033885240554809570e-01 1.731809079647064209e-01
2.289882749319076538e-01 6.025990247726440430e-01
6.994472742080688477e-01 8.460630178451538086e-01
4.612083733081817627e-01 8.378795385360717773e-01
8.934350013732910156e-01 1.908508241176605225e-01
9.450157880783081055e-01 5.728270411491394043e-01
6.565218418836593628e-02 2.109205871820449829e-01
5.405105948448181152e-01 4.555897116661071777e-01
5.824899077415466309e-01 7.032079100608825684e-01
1.049247980117797852e-01 5.977377891540527344e-01
3.254297375679016113e-01 4.750689268112182617e-01
5.611364841461181641e-01 4.863510429859161377e-01
4.191018939018249512e-01 9.073717594146728516e-01
3.766225576400756836e-01 6.107151508331298828e-01
8.888550102710723877e-02 7.692937254905700684e-01
7.965973578393459320e-03 3.947954773902893066e-01
4.748237319290637970e-03 5.043064355850219727e-01
7.974815554916858673e-03 2.657108604907989502e-01
1.847270876169204712e-01 8.095377087593078613e-01
1.663753539323806763e-01 1.934262216091156006e-01
9.863200783729553223e-01 6.971061229705810547e-02
1.386322379112243652e-01 5.432000756263732910e-01
7.801774740219116211e-01 2.833282947540283203e-01
9.938941597938537598e-01 6.584202051162719727e-01
1.836909353733062744e-01 6.416592597961425781e-01
6.627879738807678223e-01 5.034182667732238770e-01
5.185273289680480957e-01 5.903183221817016602e-01
6.272195577621459961e-01 6.875526625663042068e-03
7.007721066474914551e-01 8.921027183532714844e-01
2.567525506019592285e-01 1.299684587866067886e-02
8.226615935564041138e-02 6.513942480087280273e-01
6.538932323455810547e-01 1.552588939666748047e-01
5.373710989952087402e-01 4.666779339313507080e-01
9.059745073318481445e-01 2.233398705720901489e-01
8.471283912658691406e-01 4.810831844806671143e-01
9.760751388967037201e-03 1.322489604353904724e-02
2.017432898283004761e-01 7.598500847816467285e-01
9.305119514465332031e-01 5.550254583358764648e-01
3.595516979694366455e-01 6.908488869667053223e-01
2.475206106901168823e-01 1.619732230901718140e-01
8.498582839965820312e-01 6.064649224281311035e-01
4.172184169292449951e-01 4.530941843986511230e-01
4.402064383029937744e-01 7.959017753601074219e-01
7.984700798988342285e-01 7.267525196075439453e-01
7.393711209297180176e-01 5.656968355178833008e-01
7.793011516332626343e-02 2.160178571939468384e-01
1.133198365569114685e-01 9.619293212890625000e-01
4.257879555225372314e-01 3.554941117763519287e-01
1.032342687249183655e-01 5.097041726112365723e-01
1.024998798966407776e-01 8.947562575340270996e-01
6.859974861145019531e-01 8.336724042892456055e-01
6.572247017174959183e-03 9.236199259757995605e-01
6.412094831466674805e-01 3.819888532161712646e-01
1.589278429746627808e-01 6.091599464416503906e-01
8.783093690872192383e-01 4.322647750377655029e-01
2.046952694654464722e-01 9.628413319587707520e-01
2.031180560588836670e-01 2.212423980236053467e-01
1.863359212875366211e-01 3.262019902467727661e-02
4.822979271411895752e-01 4.262344837188720703e-01
9.284597039222717285e-01 2.064379751682281494e-01
2.888292670249938965e-01 7.006947696208953857e-02
5.013728141784667969e-01 7.552485466003417969e-01
5.837964415550231934e-01 5.366179943084716797e-01
7.133273780345916748e-02 4.636337459087371826e-01
6.173803210258483887e-01 3.539904356002807617e-01
4.735443890094757080e-01 9.721086025238037109e-01
6.197253465652465820e-01 5.361143946647644043e-01
3.615908920764923096e-01 7.769587039947509766e-01
2.696738243103027344e-01 3.431077674031257629e-02
6.876285672187805176e-01 2.722133100032806396e-01
9.827300906181335449e-01 1.107420250773429871e-01
3.398183584213256836e-01 3.344152569770812988e-01
6.484618186950683594e-01 4.361160397529602051e-01
5.777059197425842285e-01 1.235006600618362427e-01
1.629367321729660034e-01 6.246666312217712402e-01
6.243667006492614746e-01 7.618679404258728027e-01
2.301148697733879089e-02 2.389422059059143066e-01
7.737106084823608398e-01 1.855791211128234863e-01
4.459111392498016357e-02 9.863746762275695801e-01
9.593287110328674316e-01 2.551420927047729492e-01
5.352833867073059082e-01 3.639011681079864502e-01
3.315297663211822510e-01 3.000688925385475159e-02
9.269073009490966797e-01 9.812045842409133911e-02
1.104864180088043213e-01 4.068790748715400696e-02
7.961877584457397461e-01 7.910386919975280762e-01
7.142429351806640625e-01 3.560347855091094971e-01
1.901919394731521606e-01 1.658815741539001465e-01
3.347644507884979248e-01 9.181922674179077148e-01
9.716733694076538086e-01 2.448537759482860565e-02
2.502050101757049561e-01 6.153190135955810547e-01
9.660904407501220703e-01 2.451387047767639160e-01
2.663651108741760254e-01 8.048357367515563965e-01
7.527893185615539551e-01 4.572750329971313477e-01
4.085983932018280029e-01 7.233171164989471436e-02
3.564281165599822998e-01 7.396181225776672363e-01
5.200025439262390137e-01 8.366025686264038086e-01
3.388909399509429932e-01 4.553911685943603516e-01
7.999728322029113770e-01 9.785705208778381348e-01
6.408118605613708496e-01 7.262723445892333984e-01
5.070729255676269531e-01 5.691836476325988770e-01
4.476071298122406006e-01 7.006802558898925781e-01
5.527859926223754883e-01 7.343254089355468750e-01
9.851235151290893555e-02 1.545324325561523438e-01
3.332752287387847900e-01 3.568147122859954834e-01
3.948635458946228027e-01 8.212273716926574707e-01
8.839378505945205688e-02 4.042556583881378174e-01
3.491373732686042786e-02 2.400470376014709473e-01
1.401889920234680176e-01 9.166187644004821777e-01
7.295178771018981934e-01 9.101919531822204590e-01
9.702674150466918945e-01 5.166718363761901855e-01
6.963520497083663940e-02 3.406506478786468506e-01
2.972977459430694580e-01 9.557175040245056152e-01
3.863072097301483154e-01 9.873358607292175293e-01
6.738563627004623413e-02 8.617553114891052246e-01
1.550836861133575439e-02 3.236955404281616211e-01
2.880057394504547119e-01 8.908674120903015137e-01
9.957723617553710938e-01 2.766300551593303680e-02
1.486849784851074219e-01 2.860845327377319336e-01
3.607369661331176758e-01 3.909142315387725830e-01
4.904291406273841858e-02 1.557085961103439331e-01
8.814501166343688965e-01 1.116398200392723083e-01
5.748650431632995605e-01 7.405313253402709961e-01
2.473414987325668335e-01 5.318132787942886353e-02
4.998562633991241455e-01 6.008434295654296875e-01
8.911468386650085449e-01 1.086740046739578247e-01
1.552237421274185181e-01 9.314097762107849121e-01
3.127155900001525879e-01 8.276386857032775879e-01
7.759306430816650391e-01 6.336661577224731445e-01
7.484135031700134277e-01 2.299702912569046021e-01
9.724409580230712891e-01 2.767502367496490479e-01
5.104829072952270508e-01 2.855011224746704102e-01
3.810803592205047607e-01 4.373338818550109863e-01
4.023813605308532715e-01 2.166364789009094238e-01
3.803686201572418213e-01 6.534632444381713867e-01
6.994226574897766113e-02 6.282880306243896484e-01
3.811706006526947021e-01 3.125673532485961914e-01
8.134239912033081055e-01 3.644730523228645325e-02
2.118438929319381714e-01 7.538171857595443726e-02
3.915087282657623291e-01 7.676700502634048462e-02
8.569593429565429688e-01 2.652159333229064941e-01
3.142687976360321045e-01 2.550820261240005493e-02
9.590072035789489746e-01 7.674486041069030762e-01
4.087295830249786377e-01 2.685224404558539391e-03
2.041116356849670410e-01 2.956196963787078857e-01
7.681899666786193848e-01 3.060432076454162598e-01
7.473355531692504883e-01 8.702589869499206543e-01
2.176361680030822754e-01 3.704466521739959717e-01
2.947339043021202087e-02 5.267934203147888184e-01
6.184845566749572754e-01 9.109712839126586914e-01
4.748070836067199707e-01 3.791739344596862793e-01
2.869676351547241211e-01 9.110179543495178223e-01
6.977459192276000977e-01 5.624966025352478027e-01
7.334913015365600586e-01 3.365672007203102112e-02
3.903566673398017883e-02 3.057047724723815918e-01
8.468909263610839844e-01 7.912451028823852539e-01
2.414577752351760864e-01 2.174710482358932495e-01
4.130395352840423584e-01 7.120816707611083984e-01
7.700026631355285645e-01 3.801307976245880127e-01
7.892781496047973633e-01 2.121983021497726440e-01
4.903215169906616211e-01 1.930701136589050293e-01
6.574275493621826172e-01 4.283806681632995605e-01
9.083244949579238892e-02 4.811027646064758301e-01
7.576814293861389160e-02 7.237375378608703613e-01
7.514944076538085938e-01 5.502389073371887207e-01
2.281151711940765381e-01 4.310084283351898193e-01
4.896050691604614258e-01 1.983971893787384033e-01
9.441241621971130371e-02 2.862762510776519775e-01
2.833524346351623535e-01 3.510989248752593994e-01
4.739142060279846191e-01 9.143970012664794922e-01
4.809545576572418213e-01 7.104689478874206543e-01
8.920015692710876465e-01 6.294797658920288086e-01
9.530133605003356934e-01 5.344270169734954834e-02
6.026020050048828125e-01 3.650338947772979736e-01
6.799600720405578613e-01 4.550630152225494385e-01
2.065768092870712280e-01 6.406187415122985840e-01
9.437008500099182129e-01 6.515257358551025391e-01
4.906741976737976074e-01 8.080379962921142578e-01
4.616081416606903076e-01 4.748161435127258301e-01
4.301692545413970947e-01 7.881947159767150879e-01
6.355618238449096680e-01 4.569014310836791992e-01
5.538892745971679688e-01 3.081583082675933838e-01
7.265994548797607422e-01 4.345329105854034424e-01
8.881654143333435059e-01 5.753158926963806152e-01
6.045394763350486755e-02 3.991954624652862549e-01
2.115337364375591278e-02 6.134594082832336426e-01
8.530046343803405762e-01 7.369685173034667969e-02
1.217176467180252075e-01 9.772387742996215820e-01
4.541857242584228516e-01 7.184793353080749512e-01
1.110577583312988281e-02 9.284163713455200195e-01
7.058774828910827637e-01 2.791399061679840088e-01
6.735337376594543457e-01 8.520514965057373047e-01
1.946620643138885498e-02 6.232483983039855957e-01
6.853108406066894531e-01 7.968684285879135132e-02
5.428440123796463013e-02 9.171233177185058594e-01
2.639125883579254150e-01 6.317418217658996582e-01
6.716590374708175659e-02 3.457742631435394287e-01
6.821414828300476074e-02 4.217911660671234131e-01
1.465466767549514771e-01 8.292419910430908203e-01
1.956318467855453491e-01 7.790549099445343018e-02
1.193277165293693542e-01 4.982515275478363037e-01
7.811762690544128418e-01 1.364720314741134644e-01
1.617399230599403381e-02 6.555395722389221191e-01
8.470931053161621094e-01 4.649938642978668213e-02
3.072227239608764648e-01 3.561440110206604004e-01
1.077141389250755310e-01 2.921926975250244141e-01
6.120866909623146057e-02 2.933466732501983643e-01
4.122498333454132080e-01 7.883234880864620209e-03
5.170146822929382324e-01 2.185437232255935669e-01
4.178731739521026611e-01 5.557548999786376953e-01
4.243604540824890137e-01 1.288245320320129395e-01
4.991367459297180176e-01 8.670246005058288574e-01
9.581757783889770508e-01 6.242337226867675781e-01
4.289096295833587646e-01 7.418438196182250977e-01
3.132368326187133789e-01 9.087024927139282227e-01
2.211505770683288574e-01 7.471103072166442871e-01
2.276106327772140503e-01 6.458582878112792969e-01
2.396116256713867188e-01 6.820616722106933594e-01
1.240521967411041260e-01 1.122603788971900940e-01
1.741612702608108521e-01 4.656743109226226807e-01
5.146223306655883789e-01 6.430310010910034180e-01
6.355870515108108521e-02 8.036512732505798340e-01
9.776221513748168945e-01 3.747560977935791016e-01
4.325579702854156494e-01 2.578278481960296631e-01
2.949981987476348877e-01 1.091884449124336243e-01
1.716808080673217773e-01 2.883383631706237793e-01
3.656906634569168091e-02 1.520520355552434921e-02
1.748250126838684082e-01 9.673603624105453491e-02
4.104292988777160645e-01 3.431589901447296143e-01
9.939167499542236328e-01 1.841591894626617432e-01
2.080680578947067261e-01 9.941933155059814453e-01
7.408633828163146973e-01 8.428298681974411011e-02
3.191796541213989258e-01 9.118306636810302734e-01
9.464830756187438965e-01 6.810415983200073242e-01
2.513731122016906738e-01 5.105527639389038086e-01
7.989742755889892578e-01 7.050790190696716309e-01
1.347737461328506470e-01 8.790125250816345215e-01
6.272990703582763672e-01 5.546039938926696777e-01
3.494268059730529785e-01 8.071241527795791626e-02
7.485116720199584961e-01 2.308357656002044678e-01
9.618532061576843262e-01 9.171361923217773438e-01
4.875878989696502686e-01 3.099390566349029541e-01
5.296868085861206055e-01 9.626624584197998047e-01
6.665579676628112793e-01 9.776944518089294434e-01
8.998969793319702148e-01 5.334370732307434082e-01
1.502007152885198593e-02 6.786113977432250977e-01
4.049361348152160645e-01 3.752825558185577393e-01
7.791442871093750000e-01 9.987227916717529297e-01
6.347215771675109863e-01 7.007843255996704102e-01
3.208778500556945801e-01 7.706974744796752930e-01
2.672590613365173340e-01 4.498519375920295715e-02
8.083242177963256836e-02 5.841162800788879395e-01
8.521264791488647461e-01 6.811612844467163086e-01
4.843657910823822021e-01 2.626099884510040283e-01
8.249433636665344238e-01 2.511351406574249268e-01
9.370857477188110352e-01 7.171387076377868652e-01
3.758992552757263184e-01 8.730360865592956543e-01
1.094759926199913025e-01 7.459539175033569336e-01
1.897300630807876587e-01 7.018159031867980957e-01
1.426889151334762573e-01 5.899298787117004395e-01
3.114460706710815430e-01 7.289914488792419434e-01
7.441729307174682617e-01 1.514124572277069092e-01
9.585561752319335938e-01 5.460588335990905762e-01
3.841283917427062988e-01 1.363223046064376831e-01
3.438582122325897217e-01 1.528417319059371948e-01
7.500714063644409180e-01 9.768958091735839844e-01
6.010851822793483734e-03 6.190127134323120117e-01
7.763051390647888184e-01 4.062166213989257812e-01
8.939428925514221191e-01 1.167007833719253540e-01
7.747386693954467773e-01 5.246591567993164062e-01
5.273364782333374023e-01 9.546979069709777832e-01
8.042122125625610352e-01 2.523429095745086670e-01
8.638421893119812012e-01 5.176215767860412598e-01
2.812505364418029785e-01 8.577481508255004883e-01
6.866163015365600586e-01 7.593661546707153320e-01
5.534933805465698242e-01 9.227038621902465820e-01
6.551167368888854980e-01 8.324062824249267578e-01
1.291446089744567871e-01 8.270330429077148438e-01
3.134917318820953369e-01 8.024317026138305664e-01
8.727894723415374756e-02 2.395244836807250977e-01
4.360462129116058350e-01 2.214234024286270142e-01
7.896860837936401367e-01 8.587192744016647339e-02
3.790001571178436279e-01 8.337929248809814453e-01
6.039509177207946777e-01 2.736602444201707840e-03
2.979594171047210693e-01 2.616643309593200684e-01
3.339242339134216309e-01 7.231767773628234863e-01
2.801219522953033447e-01 5.289415642619132996e-02
5.522634387016296387e-01 9.363511949777603149e-02
4.231231808662414551e-01 6.416100263595581055e-01
1.811742782592773438e-01 7.807536721229553223e-01
9.014392644166946411e-02 6.669825911521911621e-01
6.573255658149719238e-01 2.207935452461242676e-01
2.076388150453567505e-01 3.946645259857177734e-01
1.323031187057495117e-01 2.154477834701538086e-01
4.180333912372589111e-01 3.707724511623382568e-01
1.843648031353950500e-02 5.370495319366455078e-01
8.766883611679077148e-01 9.462625980377197266e-01
7.708754390478134155e-02 6.401735544204711914e-01
1.599924564361572266e-01 7.077905535697937012e-01
6.024196147918701172e-01 7.348975539207458496e-01
2.730929553508758545e-01 4.794118180871009827e-02
4.083336293697357178e-01 3.551282882690429688e-01
6.275720000267028809e-01 1.970594972372055054e-01
4.058922529220581055e-01 3.461503684520721436e-01
3.974546194076538086e-01 8.925050497055053711e-01
7.352234125137329102e-01 2.264333814382553101e-01
9.598594307899475098e-01 5.390797182917594910e-02
7.322620153427124023e-01 8.304212093353271484e-01
9.217975735664367676e-01 4.105491638183593750e-01
4.228453040122985840e-01 1.808511316776275635e-01
3.413941562175750732e-01 8.879360556602478027e-01
8.246254324913024902e-01 9.393579363822937012e-01
4.639840126037597656e-02 2.080889642238616943e-01
1.513690650463104248e-01 6.266331076622009277e-01
6.975402235984802246e-01 2.334828674793243408e-01
3.611387610435485840e-01 3.220331370830535889e-01
8.255780339241027832e-01 6.451970934867858887e-01
3.834207355976104736e-01 7.918190360069274902e-01
8.107088208198547363e-01 1.471724454313516617e-02
1.317348033189773560e-01 2.239769548177719116e-01
9.737801551818847656e-01 3.018831610679626465e-01
6.859966516494750977e-01 8.676930665969848633e-01
9.057819843292236328e-01 7.929246425628662109e-01
6.973977088928222656e-01 1.418631672859191895e-01
7.763487696647644043e-01 9.505923986434936523e-01
8.829585909843444824e-01 3.801236748695373535e-01
4.450075924396514893e-01 2.424474358558654785e-01
2.693207263946533203e-01 5.892081260681152344e-01
6.865445971488952637e-01 9.696494340896606445e-01
3.663972616195678711e-01 3.999603390693664551e-01
6.108679771423339844e-01 7.864554524421691895e-01
5.901015996932983398e-01 3.359070792794227600e-02
8.821972012519836426e-01 6.492865085601806641e-01
6.017724275588989258e-01 9.820047765970230103e-02
6.548573374748229980e-01 9.717594981193542480e-01
8.074806928634643555e-01 2.479026615619659424e-01
8.385916948318481445e-01 7.918912768363952637e-01
6.418444514274597168e-01 8.828611969947814941e-01
9.025102257728576660e-01 3.874967098236083984e-01
2.997010350227355957e-01 7.543768882751464844e-01
1.370834466069936752e-02 7.715743184089660645e-01
8.694279193878173828e-01 4.918143153190612793e-01
6.404655575752258301e-01 2.201637625694274902e-01
8.785369396209716797e-01 1.483403444290161133e-01
7.586745023727416992e-01 7.647315859794616699e-01
2.931074500083923340e-01 2.759468555450439453e-01
1.697880774736404419e-01 1.134245917201042175e-01
5.660607218742370605e-01 4.495964646339416504e-01
8.204297423362731934e-01 3.206340074539184570e-01
2.234002947807312012e-01 4.561980366706848145e-01
8.330940604209899902e-01 5.995026230812072754e-01
8.364255428314208984e-01 4.479363858699798584e-01
9.435001015663146973e-01 4.830952584743499756e-01
1.396722346544265747e-01 7.051483392715454102e-01
9.222841262817382812e-01 6.033083796501159668e-01
4.185922443866729736e-01 2.756029665470123291e-01
7.754243612289428711e-01 3.873161375522613525e-01
7.408068180084228516e-01 2.049413919448852539e-01
7.122665643692016602e-01 9.948308467864990234e-01
7.445561885833740234e-01 3.313843905925750732e-01
2.182613462209701538e-01 6.664486527442932129e-01
6.649612784385681152e-01 8.207755684852600098e-01
7.993283867835998535e-01 5.344710350036621094e-01
4.893438518047332764e-01 7.740461826324462891e-01
5.785908699035644531e-01 7.041339874267578125e-01
1.988349556922912598e-01 4.367980360984802246e-01
7.769572734832763672e-01 5.899189114570617676e-01
4.124839901924133301e-01 7.695494890213012695e-01
9.261875748634338379e-01 2.119010537862777710e-01
4.732036888599395752e-01 1.074857041239738464e-01
3.447478711605072021e-01 7.396916043944656849e-04
7.100737094879150391e-01 8.761157281696796417e-03
5.754770040512084961e-01 1.598894894123077393e-01
8.863100409507751465e-02 4.664804041385650635e-01
9.409068226814270020e-01 2.331798523664474487e-01
8.464477658271789551e-01 5.635639429092407227e-01
1.877325177192687988e-01 7.037386894226074219e-01
4.912233352661132812e-01 5.687094330787658691e-01
1.294872015714645386e-01 3.884688317775726318e-01
8.770712018013000488e-01 4.516871571540832520e-01
8.241757154464721680e-01 6.150239706039428711e-01
5.632197260856628418e-01 8.599849939346313477e-01
4.934667348861694336e-01 8.394147753715515137e-01
8.246799707412719727e-01 3.744314610958099365e-01
2.037751376628875732e-01 1.870911121368408203e-01
2.717277705669403076e-01 4.470842182636260986e-01
1.126731112599372864e-01 2.695274055004119873e-01
9.739184975624084473e-01 2.625211328268051147e-02
3.676079809665679932e-01 3.257386386394500732e-01
1.382988244295120239e-01 6.936792284250259399e-02
6.109822988510131836e-01 8.581362962722778320e-01
1.874949932098388672e-01 7.423774152994155884e-02
3.327652215957641602e-01 3.213250041007995605e-01
3.007494211196899414e-01 9.636766910552978516e-01
9.276189655065536499e-02 5.865697190165519714e-02
3.702446701936423779e-04 2.783086597919464111e-01
3.563526570796966553e-01 2.217299044132232666e-01
9.573917984962463379e-01 9.350867867469787598e-01
5.922573059797286987e-02 1.420531272888183594e-01
6.821040529757738113e-03 3.867608010768890381e-01
8.888268470764160156e-01 5.104991197586059570e-01
7.075608372688293457e-01 7.258921265602111816e-01
1.681047827005386353e-01 6.797399520874023438e-01
1.693016141653060913e-01 7.854874730110168457e-01
5.319780707359313965e-01 5.905643105506896973e-01
9.198565483093261719e-01 2.638288736343383789e-01
8.928582668304443359e-01 3.936377763748168945e-01
2.170621976256370544e-02 6.224231123924255371e-01
7.858927249908447266e-01 3.373554050922393799e-01
7.139606475830078125e-01 9.714965224266052246e-01
6.283211112022399902e-01 5.456890463829040527e-01
8.797649294137954712e-02 6.517761945724487305e-01
1.816388666629791260e-01 2.534402906894683838e-01
9.258992671966552734e-01 9.312384128570556641e-01
3.989673554897308350e-01 8.633329868316650391e-01
2.732865214347839355e-01 7.371127009391784668e-01
5.527307093143463135e-02 7.266467809677124023e-01
9.374229907989501953e-01 1.226592734456062317e-01
3.226518332958221436e-01 4.571502208709716797e-01
3.306775689125061035e-01 5.197556614875793457e-01
9.471715688705444336e-01 8.014432191848754883e-01
1.936890631914138794e-01 3.320982158184051514e-01
1.202205717563629150e-01 5.548409223556518555e-01
4.543663263320922852e-01 3.216099441051483154e-01
5.618133544921875000e-01 5.482808947563171387e-01
1.107566058635711670e-01 1.263670921325683594e-01
6.309066414833068848e-01 5.441707968711853027e-01
6.390337944030761719e-01 5.384060740470886230e-01
8.918115496635437012e-02 1.534058600664138794e-01
7.773761749267578125e-01 4.299045205116271973e-01
8.434366583824157715e-01 8.397691845893859863e-01
6.052880287170410156e-01 7.395926713943481445e-01
5.342700481414794922e-01 2.479894906282424927e-01
4.534049630165100098e-01 3.610192239284515381e-01
5.491220355033874512e-01 6.951835155487060547e-01
8.480051904916763306e-02 9.477269649505615234e-01
4.171290695667266846e-01 2.203108556568622589e-02
6.124067306518554688e-01 3.089926540851593018e-01
2.669069468975067139e-01 1.281258761882781982e-01
1.946497261524200439e-01 8.262322545051574707e-01
2.473772019147872925e-01 5.264534056186676025e-02
3.536171019077301025e-01 9.512169957160949707e-01
8.574242591857910156e-01 6.605303287506103516e-01
2.106976658105850220e-01 1.982097700238227844e-02
1.568641364574432373e-01 9.059463627636432648e-03
2.535991072654724121e-01 4.446380734443664551e-01
6.260817404836416245e-03 3.257106244564056396e-01
9.510121941566467285e-01 3.534296452999114990e-01
5.225582718849182129e-01 4.323886707425117493e-02
2.773643434047698975e-01 2.095676511526107788e-01
9.114220738410949707e-01 5.071831941604614258e-01
7.995261549949645996e-01 6.013814806938171387e-01
3.312715590000152588e-01 7.707195281982421875e-01
4.725855886936187744e-01 8.851670660078525543e-03
3.022499978542327881e-01 5.789304375648498535e-01
2.595919966697692871e-01 3.527973592281341553e-02
7.859840393066406250e-01 7.916982173919677734e-01
2.834652923047542572e-02 9.898477792739868164e-02
2.775608301162719727e-01 4.577186107635498047e-01
1.621612012386322021e-01 6.345732808113098145e-01
7.386243939399719238e-01 2.497568726539611816e-01
6.154770255088806152e-01 2.016836553812026978e-01
4.019102454185485840e-01 4.484628513455390930e-02
7.331771850585937500e-01 2.161126434803009033e-01
2.568652331829071045e-01 6.647681593894958496e-01
5.992505550384521484e-01 6.201322078704833984e-01
6.362718939781188965e-01 6.221568584442138672e-01
6.688342094421386719e-01 7.848836779594421387e-01
1.748671680688858032e-01 4.906860291957855225e-01
9.975518286228179932e-02 9.967474937438964844e-01
1.325289756059646606e-01 1.723917871713638306e-01
9.105232357978820801e-02 9.444381594657897949e-01
3.065385222434997559e-01 5.974080562591552734e-01
1.568596959114074707e-01 7.412074208259582520e-01
6.944518089294433594e-01 1.379677504301071167e-01
3.501585721969604492e-01 4.045765399932861328e-01
4.631443023681640625e-01 5.944136977195739746e-01
8.235633373260498047e-01 4.810441136360168457e-01
1.884974353015422821e-02 1.967754215002059937e-01
1.834369897842407227e-01 1.534885317087173462e-01
2.222903668880462646e-01 7.255063056945800781e-01
2.310279011726379395e-01 2.677058279514312744e-01
2.923591732978820801e-01 9.688932299613952637e-01
6.551389694213867188e-01 5.816365480422973633e-01
9.859259128570556641e-01 9.217277765274047852e-01
3.104685842990875244e-01 2.386215329170227051e-01
3.200926631689071655e-02 7.834568023681640625e-01
5.876968502998352051e-01 9.241873025894165039e-01
8.430512547492980957e-01 6.866352558135986328e-01
1.938785314559936523e-01 5.665840506553649902e-01
4.361022114753723145e-01 5.409068241715431213e-02
3.153455853462219238e-01 4.645578563213348389e-02
8.352869749069213867e-01 8.103663921356201172e-01
2.748458683490753174e-01 9.842056035995483398e-01
2.672856450080871582e-01 7.124384641647338867e-01
1.161440610885620117e-01 4.913357794284820557e-01
7.590053677558898926e-01 1.663512438535690308e-01
8.831681013107299805e-01 7.500161230564117432e-02
6.787598133087158203e-01 6.849834918975830078e-01
1.949110440909862518e-02 1.583607047796249390e-01
7.071231603622436523e-01 8.123901486396789551e-01
3.754776716232299805e-01 5.094904899597167969e-01
2.683429419994354248e-01 7.260167002677917480e-01
5.377520918846130371e-01 7.938010096549987793e-01
4.061988592147827148e-01 2.423828840255737305e-01
9.344759583473205566e-01 5.613446235656738281e-01
6.737793684005737305e-01 8.884260058403015137e-02
9.004703760147094727e-01 8.487235307693481445e-01
3.921955525875091553e-01 6.714078783988952637e-01
9.426674246788024902e-01 5.414400696754455566e-01
4.259216487407684326e-01 8.964213132858276367e-01
6.370646357536315918e-01 9.981302544474601746e-03
3.656532168388366699e-01 9.745123386383056641e-01
6.490235924720764160e-01 7.662569284439086914e-01
8.407130241394042969e-01 9.964865446090698242e-01
3.389140367507934570e-01 8.414452075958251953e-01
2.155989408493041992e-01 9.962661266326904297e-01
6.351733207702636719e-02 3.381120860576629639e-01
6.845164895057678223e-01 4.159247279167175293e-01
1.101015135645866394e-01 2.288173884153366089e-01
