9.611327648162841797e-01 5.978947877883911133e-01
3.943754434585571289e-01 2.828440964221954346e-01
8.230898529291152954e-02 1.396863013505935669e-01
2.993196547031402588e-01 4.763222932815551758e-01
3.761902153491973877e-01 7.377786040306091309e-01
8.877137303352355957e-01 9.423772096633911133e-01
1.152243539690971375e-01 8.475893139839172363e-01
3.747774064540863037e-01 3.700523376464843750e-01
7.022261619567871094e-01 1.852527558803558350e-01
1.729097962379455566e-01 6.283146142959594727e-01
4.286845624446868896e-01 2.112478464841842651e-01
6.083994507789611816e-01 9.246395230293273926e-01
1.877740919589996338e-01 6.031462550163269043e-01
2.860636711120605469e-01 2.120404243469238281e-01
4.483402967453002930e-01 4.301821067929267883e-02
2.414192706346511841e-01 8.491805791854858398e-01
8.878755569458007812e-02 7.275425195693969727e-01
3.199250996112823486e-01 6.510508060455322266e-01
7.440159320831298828e-01 5.979157090187072754e-01
5.697324275970458984e-01 7.925098538398742676e-01
8.087158799171447754e-01 6.203588247299194336e-01
6.444413661956787109e-01 2.426293045282363892e-01
3.650538623332977295e-01 6.207513213157653809e-01
8.820186257362365723e-01 5.372008085250854492e-01
9.446189999580383301e-01 2.995324432849884033e-01
7.989929914474487305e-01 7.478272914886474609e-01
6.882914900779724121e-01 6.118891388177871704e-02
3.560819625854492188e-01 8.639330267906188965e-01
4.351140558719635010e-02 6.647107601165771484e-01
4.687609076499938965e-01 6.377960443496704102e-01
9.730761647224426270e-01 4.258977994322776794e-02
3.041161298751831055e-01 5.966800451278686523e-01
7.140183448791503906e-01 3.871650099754333496e-01
2.837920486927032471e-01 8.911618590354919434e-01
5.934146642684936523e-01 7.751841545104980469e-01
8.146792054176330566e-01 3.133929967880249023e-01
1.787872016429901123e-01 9.776676893234252930e-01
8.829470276832580566e-01 4.923537075519561768e-01
7.916464209556579590e-01 4.157197773456573486e-01
1.766967028379440308e-01 7.390376329421997070e-01
2.617778480052947998e-01 2.639075815677642822e-01
7.774134278297424316e-01 9.289181232452392578e-01
4.791834056377410889e-01 7.145343422889709473e-01
9.805359244346618652e-01 6.230363845825195312e-01
5.437996983528137207e-01 6.408115625381469727e-01
1.790476739406585693e-01 9.221623539924621582e-01
8.747804760932922363e-01 9.135722517967224121e-01
9.240565896034240723e-01 1.942056268453598022e-01
5.563311278820037842e-02 6.577310562133789062e-01
2.683907449245452881e-01 1.512759923934936523e-01
8.344460725784301758e-01 8.117110729217529297e-01
5.771287679672241211e-01 2.694109454751014709e-02
8.198634386062622070e-01 6.718103289604187012e-01
3.154458701610565186e-01 9.954211711883544922e-01
2.430176734924316406e-01 4.659067690372467041e-01
7.340742349624633789e-01 4.174451231956481934e-01
2.379392087459564209e-01 2.875147201120853424e-02
9.273601174354553223e-01 1.795149594545364380e-01
9.559731483459472656e-01 7.479854822158813477e-01
7.671895027160644531e-01 1.277106255292892456e-01
9.334945678710937500e-01 5.426069498062133789e-01
6.683594584465026855e-01 5.288243889808654785e-01
3.866425156593322754e-02 9.906640648841857910e-01
5.567961931228637695e-01 3.706476986408233643e-01
5.608818531036376953e-01 2.116661667823791504e-01
9.316363371908664703e-03 4.528798162937164307e-01
7.201080322265625000e-01 7.082132101058959961e-01
5.755887627601623535e-01 9.356120824813842773e-01
9.139002114534378052e-02 3.480036184191703796e-02
8.804511427879333496e-01 2.670260071754455566e-01
8.012568354606628418e-01 4.650545418262481689e-01
8.943985700607299805e-01 3.395156860351562500e-01
4.698855578899383545e-01 9.383271634578704834e-02
7.970900535583496094e-01 7.409698963165283203e-01
5.875082015991210938e-01 7.880990505218505859e-01
9.988213181495666504e-01 3.199286460876464844e-01
1.575226783752441406e-01 7.778421044349670410e-01
3.781372010707855225e-01 9.065952301025390625e-01
1.757120490074157715e-01 1.431811004877090454e-01
2.401605248451232910e-01 4.698869287967681885e-01
5.260698199272155762e-01 7.625913023948669434e-01
2.487040162086486816e-01 4.869227707386016846e-01
3.231916725635528564e-01 7.957074791193008423e-02
4.107977747917175293e-01 2.046030163764953613e-01
4.580844938755035400e-01 1.132646799087524414e-01
3.261245191097259521e-01 1.503508072346448898e-02
1.926375180482864380e-01 2.896130979061126709e-01
1.594115644693374634e-01 9.710428118705749512e-01
9.549897313117980957e-01 8.620424270629882812e-01
3.687391579151153564e-01 1.274732947349548340e-01
9.638324975967407227e-01 9.004127383232116699e-01
8.156273365020751953e-01 8.845555186271667480e-01
5.169769525527954102e-01 3.671260178089141846e-01
3.014557063579559326e-01 3.678947091102600098e-01
7.020063996315002441e-01 8.326730728149414062e-01
9.165650606155395508e-01 9.079568386077880859e-01
9.317252039909362793e-01 2.933576405048370361e-01
9.762385487556457520e-01 6.619645357131958008e-01
8.392958641052246094e-01 4.594141840934753418e-01
4.520069360733032227e-01 3.050786852836608887e-01
5.636295676231384277e-01 1.855101436376571655e-01
8.008917570114135742e-01 5.613707304000854492e-01
5.629177093505859375e-01 1.224556341767311096e-01
1.402215957641601562e-01 6.734666973352432251e-02
6.556870341300964355e-01 3.560687899589538574e-01
7.216971516609191895e-01 7.021822333335876465e-01
8.645871877670288086e-01 4.286704361438751221e-01
5.647107958793640137e-02 9.209311604499816895e-01
7.034679651260375977e-01 4.448807835578918457e-01
9.437085390090942383e-01 3.486963808536529541e-01
1.964583396911621094e-01 9.070835113525390625e-01
4.742013514041900635e-01 6.132227182388305664e-01
3.422791063785552979e-01 2.169006466865539551e-01
6.529805660247802734e-01 4.420009851455688477e-01
2.866247892379760742e-01 8.915053009986877441e-01
1.455783993005752563e-01 6.298860907554626465e-02
8.697564601898193359e-01 7.311522960662841797e-01
3.768348395824432373e-01 9.564684033393859863e-01
1.116066053509712219e-01 3.249627947807312012e-01
5.183463692665100098e-01 4.653086066246032715e-01
5.017189383506774902e-01 5.288263559341430664e-01
9.080557227134704590e-01 1.124103441834449768e-01
7.733213305473327637e-01 9.021975398063659668e-01
7.350205183029174805e-01 2.826914489269256592e-01
7.144140005111694336e-01 7.483096122741699219e-01
8.538085035979747772e-03 9.316520690917968750e-01
7.234227657318115234e-02 2.896857857704162598e-01
7.877740859985351562e-01 7.519300580024719238e-01
1.430027633905410767e-01 7.719972729682922363e-02
1.463509052991867065e-01 5.760141611099243164e-01
1.674919724464416504e-01 8.062372207641601562e-01
7.816168665885925293e-01 9.218810796737670898e-01
4.216969385743141174e-02 8.524790406227111816e-01
2.632632851600646973e-03 6.736015528440475464e-02
9.706614613533020020e-01 9.304028004407882690e-02
9.128133058547973633e-01 6.176153421401977539e-01
2.973947674036026001e-02 9.257163405418395996e-01
9.185037016868591309e-01 9.982992410659790039e-01
7.342708706855773926e-01 2.172232121229171753e-01
2.833731770515441895e-01 7.533718943595886230e-01
4.551793634891510010e-01 9.338732957839965820e-01
6.681689620018005371e-01 7.639345526695251465e-01
3.360046148300170898e-01 3.732051700353622437e-02
1.812377721071243286e-01 7.886443734169006348e-01
7.990996837615966797e-01 3.319580554962158203e-01
8.883710503578186035e-01 4.851056635379791260e-01
9.011160135269165039e-01 5.588625669479370117e-01
8.812974691390991211e-01 9.153565764427185059e-01
6.351556777954101562e-01 2.209336459636688232e-01
6.940715312957763672e-01 2.917265594005584717e-01
2.443688362836837769e-01 7.541778683662414551e-02
6.828128695487976074e-01 7.560358643531799316e-01
2.458047568798065186e-01 7.475622892379760742e-01
1.104546934366226196e-01 2.348610162734985352e-01
6.188545823097229004e-01 3.450429141521453857e-01
3.293557763099670410e-01 4.341536462306976318e-01
1.214793920516967773e-01 4.183599650859832764e-01
6.859351396560668945e-01 9.533715844154357910e-01
4.804574251174926758e-01 6.862536072731018066e-01
2.570575661957263947e-02 4.450085461139678955e-01
5.326288342475891113e-01 8.346596360206604004e-02
3.549880087375640869e-01 2.654226422309875488e-01
4.255678132176399231e-02 7.375063896179199219e-01
6.199079751968383789e-01 9.305071830749511719e-01
6.149995923042297363e-01 2.606190145015716553e-01
4.308296740055084229e-01 5.759143829345703125e-02
1.514884531497955322e-01 8.178020119667053223e-01
3.340297043323516846e-01 8.743583559989929199e-01
8.945384621620178223e-01 3.995254039764404297e-01
7.363231778144836426e-01 7.599033117294311523e-01
2.837369740009307861e-01 9.233005046844482422e-01
6.829266995191574097e-02 4.246188104152679443e-01
9.391788840293884277e-01 2.926519811153411865e-01
4.132108390331268311e-01 6.862708330154418945e-01
8.287850618362426758e-01 6.917733233422040939e-03
8.277624845504760742e-03 3.535991609096527100e-01
9.486147761344909668e-01 4.854790866374969482e-01
8.286920189857482910e-01 2.662622034549713135e-01
1.325270384550094604e-01 5.408504605293273926e-01
2.336686700582504272e-01 5.327739715576171875e-01
4.818095862865447998e-01 6.344025731086730957e-01
1.883736401796340942e-01 6.846659779548645020e-01
3.090417087078094482e-01 3.247353136539459229e-01
1.431137174367904663e-01 6.836276650428771973e-01
5.647550821304321289e-01 1.031485386192798615e-02
2.196689248085021973e-01 4.421870410442352295e-01
5.532853603363037109e-01 4.980595707893371582e-01
1.524081081151962280e-01 7.504057288169860840e-01
3.109771609306335449e-01 6.033025979995727539e-01
9.516056776046752930e-01 1.274632215499877930e-01
6.418621540069580078e-01 4.228888750076293945e-01
3.894364833831787109e-01 2.057208120822906494e-01
3.111131489276885986e-01 9.606828093528747559e-01
6.792555451393127441e-01 9.074733257293701172e-01
9.782028794288635254e-01 1.329106986522674561e-01
9.512694180011749268e-02 7.805725336074829102e-01
3.165451586246490479e-01 6.509217619895935059e-01
1.972909569740295410e-01 7.860735058784484863e-01
1.679891794919967651e-01 9.147838950157165527e-01
7.952498793601989746e-01 4.940505027770996094e-01
7.379351258277893066e-01 7.948374152183532715e-01
5.746220946311950684e-01 9.083712100982666016e-01
1.759369671344757080e-01 7.800861597061157227e-01
7.838153839111328125e-01 6.402408480644226074e-01
6.483280062675476074e-01 7.090926766395568848e-01
3.004859434440732002e-03 5.851198434829711914e-01
6.766059398651123047e-01 6.590496301651000977e-01
5.747485756874084473e-01 6.692590117454528809e-01
7.857586741447448730e-01 6.637450456619262695e-01
3.745962381362915039e-01 5.573115944862365723e-01
2.363705337047576904e-01 5.473336577415466309e-01
7.562431097030639648e-01 7.163784932345151901e-03
4.167271852493286133e-01 3.747604042291641235e-02
2.627178728580474854e-01 4.176313281059265137e-01
7.710124850273132324e-01 7.456476092338562012e-01
3.158263117074966431e-02 5.830052867531776428e-02
3.136932849884033203e-01 2.140228897333145142e-01
7.221381664276123047e-01 7.578901052474975586e-01
2.073479890823364258e-01 7.996844053268432617e-01
6.094500422477722168e-01 5.201102495193481445e-01
4.548041149973869324e-02 7.435520291328430176e-01
9.758855700492858887e-01 6.759535670280456543e-01
4.209706783294677734e-01 9.361681938171386719e-01
8.373827338218688965e-01 4.426687657833099365e-01
3.992567658424377441e-01 1.830535829067230225e-01
9.589465856552124023e-01 5.417730212211608887e-01
5.261963009834289551e-01 4.057214409112930298e-02
2.634847164154052734e-01 4.431095719337463379e-02
4.369733333587646484e-01 4.585787653923034668e-01
1.646044999361038208e-01 6.368952393531799316e-01
1.598846353590488434e-02 1.287046819925308228e-01
6.754397600889205933e-02 8.684331178665161133e-01
1.087776347994804382e-01 5.355396494269371033e-02
9.867992997169494629e-01 8.329668045043945312e-01
5.276713967323303223e-01 4.430504143238067627e-01
2.498876750469207764e-01 6.986566185951232910e-01
4.319039285182952881e-01 1.154667064547538757e-01
2.947435379028320312e-01 8.099600076675415039e-01
4.777968823909759521e-01 7.803521752357482910e-01
9.445866346359252930e-01 7.052613049745559692e-02
6.552167534828186035e-01 6.675595641136169434e-01
1.414833031594753265e-02 9.686067700386047363e-01
5.431047454476356506e-02 9.453279972076416016e-01
8.390272855758666992e-01 9.830725789070129395e-01
6.671143174171447754e-01 2.289991825819015503e-01
1.379247903823852539e-01 2.408948987722396851e-01
5.831874608993530273e-01 4.055028557777404785e-01
6.931008100509643555e-01 8.794825077056884766e-01
3.573708981275558472e-02 6.146458983421325684e-01
1.299901008605957031e-01 5.686852615326642990e-03
5.102551579475402832e-01 7.588691115379333496e-01
7.763367891311645508e-01 3.836008012294769287e-01
3.365634754300117493e-02 3.174981176853179932e-01
5.142071750015020370e-03 1.933703385293483734e-02
1.742051541805267334e-02 8.876977562904357910e-01
7.636685967445373535e-01 9.481638669967651367e-01
4.425523281097412109e-01 1.217233464121818542e-01
4.313263595104217529e-01 4.338017404079437256e-01
8.786981701850891113e-01 4.911004304885864258e-01
6.129622086882591248e-02 3.391160070896148682e-01
6.303384304046630859e-01 3.897507786750793457e-01
8.726258873939514160e-01 8.903012871742248535e-01
7.603127956390380859e-01 7.464097738265991211e-01
3.782219290733337402e-01 6.583651900291442871e-01
2.371733486652374268e-01 8.919108510017395020e-01
7.422355413436889648e-01 3.270592987537384033e-01
5.320669412612915039e-01 2.419067472219467163e-01
8.107550144195556641e-01 4.514547884464263916e-01
3.399637043476104736e-01 2.682698331773281097e-02
5.782509446144104004e-01 9.323306083679199219e-01
6.719374656677246094e-01 2.404105365276336670e-01
3.675351738929748535e-01 6.320197582244873047e-01
7.002233266830444336e-01 1.652067303657531738e-01
5.448887348175048828e-01 8.600572347640991211e-01
6.633453536778688431e-03 9.018494486808776855e-01
1.112442314624786377e-01 1.108236163854598999e-01
4.727411568164825439e-01 9.556167125701904297e-01
4.905901849269866943e-01 1.196999177336692810e-01
9.386372566223144531e-01 5.191545486450195312e-01
4.995726943016052246e-01 7.983891367912292480e-01
6.492977142333984375e-01 3.540001213550567627e-01
3.873680531978607178e-01 7.592996954917907715e-01
6.838104128837585449e-01 6.081339716911315918e-01
3.906895220279693604e-01 7.735694646835327148e-01
7.439618110656738281e-01 9.860251545906066895e-01
4.964463412761688232e-01 2.084135711193084717e-01
2.382020652294158936e-01 4.627337455749511719e-01
8.870509862899780273e-01 3.701675832271575928e-01
7.409467548131942749e-02 3.103741407394409180e-01
4.300496578216552734e-01 8.079974055290222168e-01
4.016006886959075928e-01 9.761696457862854004e-01
7.582425475120544434e-01 4.112138450145721436e-01
7.154152989387512207e-01 5.265156626701354980e-01
4.644034206867218018e-01 3.182308673858642578e-01
7.828577160835266113e-01 5.468852519989013672e-01
3.214639797806739807e-02 1.798077076673507690e-01
3.860375881195068359e-01 2.446448504924774170e-01
8.935717344284057617e-01 5.019765496253967285e-01
4.852716028690338135e-01 1.611165553331375122e-01
5.094059109687805176e-01 2.710947990417480469e-01
1.592943966388702393e-01 9.107947945594787598e-01
2.905799746513366699e-01 4.247986674308776855e-01
5.374460220336914062e-01 5.983433127403259277e-01
9.839683771133422852e-01 2.118710875511169434e-01
7.586309909820556641e-01 2.064743638038635254e-01
4.349029958248138428e-01 8.512775897979736328e-01
3.721075132489204407e-02 7.637947052717208862e-02
5.848667025566101074e-01 1.247477345168590546e-02
3.740192055702209473e-01 2.818536162376403809e-01
7.098330855369567871e-01 3.425551354885101318e-01
5.494531393051147461e-01 7.731698155403137207e-01
9.684372544288635254e-01 2.723692059516906738e-01
6.729217171669006348e-01 3.505721688270568848e-01
1.397724300622940063e-01 6.253663897514343262e-01
6.665298938751220703e-01 7.511281371116638184e-01
4.003070294857025146e-02 3.400849401950836182e-01
2.443421185016632080e-01 4.975969791412353516e-01
4.735736548900604248e-01 3.922544121742248535e-01
9.527332186698913574e-01 3.638077080249786377e-01
2.035051733255386353e-01 4.239833354949951172e-01
5.347033739089965820e-01 3.243347406387329102e-01
2.299654483795166016e-01 3.386612832546234131e-01
9.141560792922973633e-01 9.285367727279663086e-01
5.891141295433044434e-01 2.521884143352508545e-01
8.036175966262817383e-01 6.821722388267517090e-01
2.471448779106140137e-01 5.383080840110778809e-01
3.088554739952087402e-02 3.098011482506990433e-03
1.236038208007812500e-01 9.351748824119567871e-01
9.814189076423645020e-01 9.894214868545532227e-01
5.863857865333557129e-01 7.198172211647033691e-01
8.756412267684936523e-01 5.185896158218383789e-01
1.987055689096450806e-01 7.204098701477050781e-01
6.921184659004211426e-01 9.754269719123840332e-01
9.223207235336303711e-01 1.719803959131240845e-01
5.555452704429626465e-01 7.500101625919342041e-02
7.422639727592468262e-01 3.382859528064727783e-01
4.099042117595672607e-01 3.979363664984703064e-02
6.082611680030822754e-01 4.987951219081878662e-01
8.522734045982360840e-01 8.377985358238220215e-01
6.863015294075012207e-01 8.208714127540588379e-01
8.336244821548461914e-01 6.153520196676254272e-02
3.344921767711639404e-01 9.087460041046142578e-01
9.175630807876586914e-01 3.382234573364257812e-01
6.710877418518066406e-01 3.794839978218078613e-01
3.312863409519195557e-01 5.853051543235778809e-01
5.289962291717529297e-01 3.169857263565063477e-01
8.516379445791244507e-02 6.828968971967697144e-02
1.241040825843811035e-01 2.704374790191650391e-01
6.827803254127502441e-01 9.480851888656616211e-01
2.127686291933059692e-01 8.066540360450744629e-01
8.040212988853454590e-01 4.757315516471862793e-01
9.853975176811218262e-01 8.498328924179077148e-01
3.810507655143737793e-01 4.335953891277313232e-01
8.424518704414367676e-01 5.372017025947570801e-01
1.397264301776885986e-01 8.770309686660766602e-01
8.651815056800842285e-01 4.444350302219390869e-01
5.186774730682373047e-01 8.364548087120056152e-01
1.497492641210556030e-01 1.054486557841300964e-01
8.373647332191467285e-01 7.418977022171020508e-01
8.532567620277404785e-01 5.799304246902465820e-01
7.741113305091857910e-01 5.301831364631652832e-01
1.951992660760879517e-01 5.850518345832824707e-01
5.989127755165100098e-01 1.949312537908554077e-01
4.329341948032379150e-01 8.885514140129089355e-01
3.807663321495056152e-01 9.642599523067474365e-02
4.153479933738708496e-01 7.589500546455383301e-01
9.426246881484985352e-01 5.276163816452026367e-01
3.231084048748016357e-01 5.310987234115600586e-01
5.818397998809814453e-01 2.179769277572631836e-01
8.959928154945373535e-01 9.186279177665710449e-01
2.670041024684906006e-01 9.061434268951416016e-01
4.198627471923828125e-01 1.024759262800216675e-01
7.028470188379287720e-02 3.147537261247634888e-02
3.246830105781555176e-01 9.620695114135742188e-01
6.360098123550415039e-01 5.246523022651672363e-01
9.967334270477294922e-01 9.778612852096557617e-01
6.427919268608093262e-01 8.710625767707824707e-01
1.046545803546905518e-01 2.519407272338867188e-01
5.452255606651306152e-01 3.765584230422973633e-01
6.484006643295288086e-01 7.264548540115356445e-01
5.281450152397155762e-01 8.769345283508300781e-01
6.020289659500122070e-01 7.971507906913757324e-01
9.870904088020324707e-01 2.483847439289093018e-01
8.774482011795043945e-01 3.418477475643157959e-01
4.848903715610504150e-01 7.641721367835998535e-01
7.049693465232849121e-01 5.028842091560363770e-01
6.736903190612792969e-01 7.631316781044006348e-01
9.016945958137512207e-01 8.099247813224792480e-01
2.126886844635009766e-01 6.569861173629760742e-01
7.310649752616882324e-01 5.084032416343688965e-01
5.117812156677246094e-01 3.661539554595947266e-01
1.456753164529800415e-01 1.231810599565505981e-01
9.982216358184814453e-01 6.335965394973754883e-01
2.265010923147201538e-01 3.298175334930419922e-02
5.883333086967468262e-01 4.708265066146850586e-01
3.832293152809143066e-01 2.196926176548004150e-01
4.674724340438842773e-01 8.156020045280456543e-01
4.502841830253601074e-01 5.661554336547851562e-01
5.393031239509582520e-02 6.750838756561279297e-01
4.953896999359130859e-01 2.791299521923065186e-01
5.718412995338439941e-02 5.768393278121948242e-01
4.123885557055473328e-02 7.932485938072204590e-01
6.565269231796264648e-01 1.521433442831039429e-01
6.388229131698608398e-01 8.977043032646179199e-01
5.102705359458923340e-01 6.555548906326293945e-01
9.311019778251647949e-01 1.899843662977218628e-01
1.570147424936294556e-01 9.410524740815162659e-03
6.886947154998779297e-01 4.226013720035552979e-01
4.690164327621459961e-01 2.080156505107879639e-01
7.681173086166381836e-01 7.357404828071594238e-01
5.120372176170349121e-01 7.130207121372222900e-02
6.700776219367980957e-01 4.781312048435211182e-01
1.957432478666305542e-01 7.143148183822631836e-01
5.814798474311828613e-01 2.798919938504695892e-02
6.834909319877624512e-02 7.727618813514709473e-01
4.180128574371337891e-01 9.615635275840759277e-01
3.060077726840972900e-01 5.672792196273803711e-01
3.028981685638427734e-01 4.797126054763793945e-01
2.791453003883361816e-01 4.694725275039672852e-01
3.189021348953247070e-01 6.470610499382019043e-01
2.910675108432769775e-01 3.113058209419250488e-01
1.405851691961288452e-01 3.388550281524658203e-01
7.856129407882690430e-01 3.610722720623016357e-01
5.282877683639526367e-01 5.570282936096191406e-01
9.977598190307617188e-01 2.109527140855789185e-01
2.571397274732589722e-02 3.823337256908416748e-01
7.548220157623291016e-01 5.476848483085632324e-01
9.940949678421020508e-01 5.851581096649169922e-01
9.630414098501205444e-02 1.042980584315955639e-03
9.875074028968811035e-01 8.963996917009353638e-02
8.763653635978698730e-01 9.054242968559265137e-01
2.461854219436645508e-01 8.308219909667968750e-01
9.578398466110229492e-01 1.112293377518653870e-01
8.251009583473205566e-01 7.150244712829589844e-01
7.981736660003662109e-01 7.013010978698730469e-01
3.638016879558563232e-01 9.786640405654907227e-01
1.115834265947341919e-01 5.467795729637145996e-01
3.234418928623199463e-01 6.881772875785827637e-01
8.527368903160095215e-01 7.586624622344970703e-01
2.073436379432678223e-01 4.877605736255645752e-01
6.593840718269348145e-01 5.050440430641174316e-01
2.211731225252151489e-01 7.457726597785949707e-01
5.204563140869140625e-01 4.350156784057617188e-01
1.732644885778427124e-01 9.416186213493347168e-01
8.725772500038146973e-01 4.623637497425079346e-01
5.352679491043090820e-01 7.636999487876892090e-01
7.185454964637756348e-01 5.585574507713317871e-01
8.158712387084960938e-01 8.883255720138549805e-02
6.495757102966308594e-01 4.802443981170654297e-01
4.556645080447196960e-02 6.318125128746032715e-02
1.829912960529327393e-01 3.604356348514556885e-01
5.397840738296508789e-01 7.337757349014282227e-01
8.514277338981628418e-01 1.663144975900650024e-01
5.622048377990722656e-01 1.366629898548126221e-01
7.696960121393203735e-02 7.753012776374816895e-01
3.055064678192138672e-01 9.450918436050415039e-01
3.448360264301300049e-01 6.630835682153701782e-02
6.659659743309020996e-01 8.608644008636474609e-01
8.874729275703430176e-01 3.240714967250823975e-01
3.094770014286041260e-01 4.674468338489532471e-01
4.275277853012084961e-01 4.135307669639587402e-01
7.287014722824096680e-01 8.797457218170166016e-01
3.858995139598846436e-01 4.750253856182098389e-01
5.550991743803024292e-02 4.954133331775665283e-01
3.302735984325408936e-01 6.004022359848022461e-01
9.604997038841247559e-01 9.435694217681884766e-01
8.060399293899536133e-01 1.520780622959136963e-01
2.136302590370178223e-01 2.422867529094219208e-02
8.144546151161193848e-01 3.474505841732025146e-01
7.061513066291809082e-01 2.408696562051773071e-01
6.075638812035322189e-03 1.499728262424468994e-01
5.403265357017517090e-01 2.875181734561920166e-01
5.710124969482421875e-01 9.465346336364746094e-01
1.614545285701751709e-01 7.782162427902221680e-01
2.693326473236083984e-01 8.559247851371765137e-01
2.273904383182525635e-01 6.200276017189025879e-01
9.017035961151123047e-01 4.253927767276763916e-01
7.369157075881958008e-01 6.161785721778869629e-01
9.465768337249755859e-01 4.337794184684753418e-01
1.275412887334823608e-01 9.500857442617416382e-03
6.298305988311767578e-01 1.131238937377929688e-01
6.202310919761657715e-01 5.991559028625488281e-01
8.297489285469055176e-01 6.976067423820495605e-01
8.714631795883178711e-01 5.973854660987854004e-01
6.483442783355712891e-01 7.038453817367553711e-01
4.355132281780242920e-01 3.331688791513442993e-02
7.123057246208190918e-01 4.256491065025329590e-01
8.301183581352233887e-01 8.115322589874267578e-01
5.523027777671813965e-01 7.665005326271057129e-01
8.120472431182861328e-01 6.230939626693725586e-01
1.919873803853988647e-01 6.121108531951904297e-01
5.742379426956176758e-01 6.991009116172790527e-01
7.163096070289611816e-01 2.233206182718276978e-01
1.813461035490036011e-01 2.208932191133499146e-01
2.651601731777191162e-01 9.162356853485107422e-01
9.217387437820434570e-01 8.176870346069335938e-01
4.116755127906799316e-01 2.282055169343948364e-01
7.867025732994079590e-01 2.735505700111389160e-01
3.427803516387939453e-01 3.458243906497955322e-01
9.529391527175903320e-01 4.918735921382904053e-01
1.049264892935752869e-01 3.554716333746910095e-02
9.003474116325378418e-01 7.402707338333129883e-01
5.184316039085388184e-01 2.163961976766586304e-01
2.902996242046356201e-01 7.213785052299499512e-01
7.362147569656372070e-01 6.097781937569379807e-03
5.294979214668273926e-01 4.182633385062217712e-02
6.113018393516540527e-01 4.094612598419189453e-01
2.446946203708648682e-01 1.344863176345825195e-01
7.240219116210937500e-01 7.936726510524749756e-02
6.107356548309326172e-01 9.856409430503845215e-01
5.818048715591430664e-01 9.087911248207092285e-01
8.777573108673095703e-01 2.479931414127349854e-01
8.620344996452331543e-01 6.272184252738952637e-01
2.960424721240997314e-01 7.631929516792297363e-01
8.229728937149047852e-01 6.671305298805236816e-01
6.276943683624267578e-01 2.299656420946121216e-01
3.811298310756683350e-01 9.697108864784240723e-01
7.358295321464538574e-01 4.956937432289123535e-01
1.206922754645347595e-01 2.328200340270996094e-01
9.498771429061889648e-01 9.404302239418029785e-01
2.860794961452484131e-01 8.632721304893493652e-01
7.970963120460510254e-01 9.102476239204406738e-01
3.989036679267883301e-01 2.057228088378906250e-01
3.168673068284988403e-02 7.275515794754028320e-01
6.278645396232604980e-01 1.639869213104248047e-01
3.558063805103302002e-01 7.515112161636352539e-01
3.688727021217346191e-01 9.933648705482482910e-01
1.425950527191162109e-01 7.087553739547729492e-01
9.228056669235229492e-01 7.756165862083435059e-01
4.379982650279998779e-01 6.795265078544616699e-01
9.434664845466613770e-01 7.802316546440124512e-01
2.823964357376098633e-01 8.158206343650817871e-01
8.542710542678833008e-01 8.001325130462646484e-01
7.926722764968872070e-01 8.711758852005004883e-01
4.403007924556732178e-01 5.907871127128601074e-01
5.830284953117370605e-01 5.959745645523071289e-01
2.002717256546020508e-01 6.294019222259521484e-01
2.357160598039627075e-01 9.233794808387756348e-01
4.815907478332519531e-01 4.282394945621490479e-01
2.360164076089859009e-01 5.056627392768859863e-01
8.272634744644165039e-01 5.006471276283264160e-01
6.365472078323364258e-01 8.304496407508850098e-01
3.713399469852447510e-01 8.739748597145080566e-02
9.920097589492797852e-01 7.172257900238037109e-01
3.835402727127075195e-01 8.506084084510803223e-01
8.905501365661621094e-01 8.088998198509216309e-01
7.740592360496520996e-01 4.104571416974067688e-02
1.575405150651931763e-01 3.171120285987854004e-01
3.790561556816101074e-01 6.628296524286270142e-02
9.756792783737182617e-01 2.789545059204101562e-01
5.018212795257568359e-01 2.080920487642288208e-01
3.420105576515197754e-02 9.451532959938049316e-01
6.101475954055786133e-01 6.852470040321350098e-01
6.812176704406738281e-01 9.999307990074157715e-01
9.648231267929077148e-01 6.575881242752075195e-01
3.928698301315307617e-01 5.663804411888122559e-01
3.626782000064849854e-01 5.559251308441162109e-01
8.551287055015563965e-01 1.121239289641380310e-01
6.544056534767150879e-01 2.229538187384605408e-02
4.038170278072357178e-01 4.712270200252532959e-01
5.575897097587585449e-01 8.318828344345092773e-01
7.160264849662780762e-01 9.994865059852600098e-01
1.219973787665367126e-01 2.022568434476852417e-01
7.070645093917846680e-01 4.604218602180480957e-01
7.616468071937561035e-01 3.971553966403007507e-02
8.120196461677551270e-01 9.545837640762329102e-01
6.569952368736267090e-01 9.543776512145996094e-01
4.017086029052734375e-01 9.865099787712097168e-01
3.802056908607482910e-01 7.179905474185943604e-02
8.323198556900024414e-01 8.081598877906799316e-01
9.040130376815795898e-01 8.249257802963256836e-01
9.672622084617614746e-01 3.930990993976593018e-01
1.453244686126708984e-01 1.322513669729232788e-01
7.543404698371887207e-01 3.129786252975463867e-01
6.771941184997558594e-01 6.638667583465576172e-01
8.751331567764282227e-01 1.960735619068145752e-01
8.989248871803283691e-01 6.910491585731506348e-01
4.528510570526123047e-01 8.725070953369140625e-01
8.139081597328186035e-01 3.983242213726043701e-01
8.856456279754638672e-01 7.115315794944763184e-01
4.987533390522003174e-01 6.046934723854064941e-01
4.762360155582427979e-01 6.488460302352905273e-01
2.556951045989990234e-01 9.013844728469848633e-01
2.673527300357818604e-01 2.850097119808197021e-01
8.463779091835021973e-01 8.301006555557250977e-01
3.370296955108642578e-01 8.612818717956542969e-01
6.709329485893249512e-01 7.260317206382751465e-01
4.854888096451759338e-02 9.786471724510192871e-01
4.994090497493743896e-01 2.593716979026794434e-01
4.311317205429077148e-01 3.422595262527465820e-01
7.610634714365005493e-02 7.771415710449218750e-01
5.060078501701354980e-01 2.329157888889312744e-01
2.558130621910095215e-01 8.473999500274658203e-01
6.126843020319938660e-02 5.933710932731628418e-01
8.951185345649719238e-01 9.356969594955444336e-01
2.678894102573394775e-01 9.012529253959655762e-01
7.946549355983734131e-02 6.622956395149230957e-01
9.922173619270324707e-01 8.499466180801391602e-01
1.872047781944274902e-01 5.763233304023742676e-01
6.940599679946899414e-01 9.899363517761230469e-01
7.665530443191528320e-01 4.178127646446228027e-01
4.793356359004974365e-01 3.251706063747406006e-01
4.881226718425750732e-01 5.502862483263015747e-02
5.406801104545593262e-01 7.085518240928649902e-01
4.504613578319549561e-01 2.864542305469512939e-01
6.508234739303588867e-01 8.651508688926696777e-01
8.659465610980987549e-02 6.921143829822540283e-02
6.048057973384857178e-02 8.631560206413269043e-02
3.276826143264770508e-01 1.623681038618087769e-01
8.655546307563781738e-01 4.458353519439697266e-01
7.521709799766540527e-01 9.279282093048095703e-01
9.414328932762145996e-01 9.381989240646362305e-01
4.084697663784027100e-01 3.145609498023986816e-01
5.080334544181823730e-01 5.865246057510375977e-01
5.372884273529052734e-01 9.424870014190673828e-01
3.385736048221588135e-01 8.210342526435852051e-01
3.694859743118286133e-01 1.711408644914627075e-01
5.842937827110290527e-01 4.619540572166442871e-01
1.652025878429412842e-01 2.263605296611785889e-01
4.746851623058319092e-01 7.347711920738220215e-01
3.423383831977844238e-01 9.933113455772399902e-01
1.041022539138793945e-01 6.703481078147888184e-01
5.648335218429565430e-01 1.771060563623905182e-02
7.866063117980957031e-01 5.860340595245361328e-01
6.752637624740600586e-01 4.394443631172180176e-01
5.622928738594055176e-01 7.807680368423461914e-01
9.335089921951293945e-01 1.172705143690109253e-01
2.357409298419952393e-01 2.471419572830200195e-01
4.163534641265869141e-01 2.158873379230499268e-01
6.223758682608604431e-02 7.325697541236877441e-01
8.079236745834350586e-01 6.245524287223815918e-01
9.047673344612121582e-01 7.295820713043212891e-01
2.808646857738494873e-01 1.893780976533889771e-01
5.662449076771736145e-02 4.710879027843475342e-01
8.664609789848327637e-01 9.288439750671386719e-01
1.014214530587196350e-01 3.350771069526672363e-01
4.517252147197723389e-01 6.934613585472106934e-01
9.288481473922729492e-01 6.606911420822143555e-01
2.256817072629928589e-01 8.888868689537048340e-01
7.871407270431518555e-01 1.951287239789962769e-01
9.781254529953002930e-01 7.635280489921569824e-01
8.663436770439147949e-01 1.478290855884552002e-01
7.290855646133422852e-01 7.408236265182495117e-01
3.441307842731475830e-01 2.229783236980438232e-01
5.918906629085540771e-02 6.626966595649719238e-01
7.163192033767700195e-01 8.605012297630310059e-01
8.087505586445331573e-03 2.635812759399414062e-01
4.633330702781677246e-01 9.736332297325134277e-01
5.679376125335693359e-01 8.600115776062011719e-01
2.807894051074981689e-01 8.558858633041381836e-01
8.962098360061645508e-01 1.259246021509170532e-01
9.723117947578430176e-01 7.285491228103637695e-01
4.382512867450714111e-01 3.226244747638702393e-01
4.364370405673980713e-01 8.084050416946411133e-01
5.247219800949096680e-01 4.075545370578765869e-01
5.616829395294189453e-01 9.048499464988708496e-01
6.678947806358337402e-01 3.021789789199829102e-01
8.541744351387023926e-01 5.475826263427734375e-01
6.302995681762695312e-01 3.109339624643325806e-02
3.926042914390563965e-01 6.958569884300231934e-01
7.018391489982604980e-01 4.086892902851104736e-01
7.511056661605834961e-01 1.703204661607742310e-01
7.593628764152526855e-01 7.261992096900939941e-01
6.053158044815063477e-01 6.193981170654296875e-01
9.203715324401855469e-01 6.719332933425903320e-01
2.759682200849056244e-02 6.540464162826538086e-01
8.945778012275695801e-01 8.773348927497863770e-01
8.575738668441772461e-01 2.566846013069152832e-01
5.710749030113220215e-01 3.603614270687103271e-01
4.706405699253082275e-01 1.341327577829360962e-01
5.391929149627685547e-01 6.843554973602294922e-01
2.196965068578720093e-01 7.072653174400329590e-01
9.075239300727844238e-01 5.327644348144531250e-01
8.969001770019531250e-01 2.614034712314605713e-01
4.787516891956329346e-01 8.795825242996215820e-01
7.299804687500000000e-01 5.895181894302368164e-01
1.012249216437339783e-01 9.886737465858459473e-01
8.072694540023803711e-01 4.600299596786499023e-01
9.292200803756713867e-01 6.752796471118927002e-02
2.724179327487945557e-01 4.561307132244110107e-01
2.650294303894042969e-01 4.860257357358932495e-02
6.556009501218795776e-02 2.921182848513126373e-02
2.162413001060485840e-01 8.767928481101989746e-01
4.779852330684661865e-01 9.859869480133056641e-01
6.530123203992843628e-02 5.994500517845153809e-01
9.414315819740295410e-01 6.533934473991394043e-01
6.091688871383666992e-01 5.983470082283020020e-01
9.872756600379943848e-01 1.281278729438781738e-01
2.528995089232921600e-02 7.289488315582275391e-01
1.193417757749557495e-01 9.168656468391418457e-01
1.529175788164138794e-01 8.935786783695220947e-02
9.153721481561660767e-02 7.163236141204833984e-01
9.060644507408142090e-01 1.597047448158264160e-01
7.062731683254241943e-02 6.818915605545043945e-01
1.200919002294540405e-01 9.595174193382263184e-01
5.187773704528808594e-01 4.283516667783260345e-03
1.081845760345458984e-01 1.286446899175643921e-01
9.335678070783615112e-02 2.718987762928009033e-01
8.576059341430664062e-01 7.919058799743652344e-01
5.422055721282958984e-01 1.835169345140457153e-01
8.693313598632812500e-01 7.685370445251464844e-01
4.061933979392051697e-02 8.256852030754089355e-01
8.627895712852478027e-01 9.302643537521362305e-01
9.087802767753601074e-01 1.477915793657302856e-01
4.693610072135925293e-01 3.281888067722320557e-01
6.475591063499450684e-01 8.042290210723876953e-01
7.414057254791259766e-01 7.912825345993041992e-01
8.839576840400695801e-01 7.398213744163513184e-01
9.739203453063964844e-01 1.782141625881195068e-02
1.571598351001739502e-01 7.819874882698059082e-01
7.767285108566284180e-01 3.677405118942260742e-01
3.890836536884307861e-01 4.157916903495788574e-01
6.913124918937683105e-01 1.023047789931297302e-01
5.871101617813110352e-01 6.231905817985534668e-01
5.351662039756774902e-01 3.946903645992279053e-01
9.115342497825622559e-01 8.825920820236206055e-01
5.709370970726013184e-01 5.262920260429382324e-01
3.527231216430664062e-01 2.868180572986602783e-01
5.944923758506774902e-01 7.668055891990661621e-01
9.357624500989913940e-02 4.133402705192565918e-01
2.382461279630661011e-01 1.522510200738906860e-01
5.933537483215332031e-01 7.579442262649536133e-01
1.752604991197586060e-01 7.182290554046630859e-01
5.097207427024841309e-02 3.180814683437347412e-01
3.101062774658203125e-01 9.914880394935607910e-01
9.334952831268310547e-01 4.654405638575553894e-02
2.295446097850799561e-01 1.145998463034629822e-01
5.645910501480102539e-01 5.960348844528198242e-01
3.023793101310729980e-01 7.992413043975830078e-01
8.951953053474426270e-02 1.031746640801429749e-01
7.129028439521789551e-02 7.038717269897460938e-01
1.506597176194190979e-02 8.432683348655700684e-01
6.887495517730712891e-01 8.774416446685791016e-01
6.938942670822143555e-01 7.221360802650451660e-01
9.686140418052673340e-01 4.253486394882202148e-01
9.243273735046386719e-01 4.909728094935417175e-02
1.412961333990097046e-01 7.493013739585876465e-01
3.372519612312316895e-01 1.695444136857986450e-01
1.451576352119445801e-01 6.567741632461547852e-01
2.103532254695892334e-01 5.907085165381431580e-02
8.555932044982910156e-01 6.333550810813903809e-01
4.349948167800903320e-01 9.068956375122070312e-01
6.842376589775085449e-01 9.014029502868652344e-01
1.116418838500976562e-01 7.006556540727615356e-02
1.798526942729949951e-01 6.824461221694946289e-01
1.487984955310821533e-01 6.274694800376892090e-01
9.060206413269042969e-01 8.304303884506225586e-01
8.201987147331237793e-01 8.483064174652099609e-01
1.052962765097618103e-01 9.951177984476089478e-02
4.120256304740905762e-01 5.778790712356567383e-01
9.353324770927429199e-01 9.049252867698669434e-01
1.040173098444938660e-01 1.022163480520248413e-01
2.714410424232482910e-01 1.397210508584976196e-01
8.529010415077209473e-01 3.505265712738037109e-01
5.969710946083068848e-01 8.118039369583129883e-01
8.244424462318420410e-01 9.820389151573181152e-01
8.251463174819946289e-01 3.293459713459014893e-01
5.577101111412048340e-01 7.719552516937255859e-01
4.326077997684478760e-01 3.908322453498840332e-01
1.863090395927429199e-01 9.386059641838073730e-01
7.288237214088439941e-01 6.723443865776062012e-01
4.999523758888244629e-01 6.305597424507141113e-01
5.494157075881958008e-01 2.155261635780334473e-01
2.595754265785217285e-01 4.653036892414093018e-01
2.707088887691497803e-01 7.331883311271667480e-01
9.105271100997924805e-01 6.727357506752014160e-01
7.269122600555419922e-01 8.548793792724609375e-01
7.669702768325805664e-01 6.027617454528808594e-01
9.129120707511901855e-01 3.729978799819946289e-01
8.644844889640808105e-01 9.818531274795532227e-01
7.688303589820861816e-01 7.609252333641052246e-01
7.349309325218200684e-01 4.700492694973945618e-02
9.243426471948623657e-02 2.221051603555679321e-01
2.519303187727928162e-02 7.964497059583663940e-02
7.513447999954223633e-01 5.680383741855621338e-02
7.264780402183532715e-01 2.267598733305931091e-02
7.032104134559631348e-01 5.646978616714477539e-01
3.251397013664245605e-01 9.959868192672729492e-01
6.028206348419189453e-01 8.926710486412048340e-01
1.615093052387237549e-01 6.536575555801391602e-01
7.504643797874450684e-01 2.833731174468994141e-01
5.995676517486572266e-01 3.734101355075836182e-01
5.436840653419494629e-01 4.538165405392646790e-02
4.477773904800415039e-01 1.291484683752059937e-01
5.373699665069580078e-01 8.218396306037902832e-01
3.991516232490539551e-01 2.376997917890548706e-01
4.490731358528137207e-01 6.750367283821105957e-01
4.305018484592437744e-02 2.511850595474243164e-01
9.332551956176757812e-01 7.665452361106872559e-01
5.218228697776794434e-01 7.179233431816101074e-02
6.669307947158813477e-01 3.580562174320220947e-01
5.189993381500244141e-01 8.666785955429077148e-01
3.228802680969238281e-01 7.694593667984008789e-01
7.729399204254150391e-01 6.978766322135925293e-01
2.596634328365325928e-01 6.503115892410278320e-01
3.172447085380554199e-01 1.083447933197021484e-01
6.070821881294250488e-01 5.282877087593078613e-01
3.245919644832611084e-01 8.661365509033203125e-01
8.817057609558105469e-01 9.852092713117599487e-03
5.242068171501159668e-01 4.464154243469238281e-01
9.853699058294296265e-02 7.326172590255737305e-01
7.900733947753906250e-01 4.803374409675598145e-01
3.703802227973937988e-01 2.645432353019714355e-01
3.246621489524841309e-01 8.024890422821044922e-01
5.819900631904602051e-01 9.019729495048522949e-01
5.361732244491577148e-01 5.259919539093971252e-02
6.509314775466918945e-01 5.505267381668090820e-01
3.806853294372558594e-02 2.142737805843353271e-01
4.895865321159362793e-01 6.362047195434570312e-01
3.031994402408599854e-01 1.171000897884368896e-01
7.836155891418457031e-01 5.252006929367780685e-03
8.602995276451110840e-01 8.888648152351379395e-01
3.077083230018615723e-01 3.350973427295684814e-01
3.490697592496871948e-03 2.563476264476776123e-01
4.869239330291748047e-01 2.066935598850250244e-01
8.873257040977478027e-01 3.396505713462829590e-01
3.427710533142089844e-01 7.588009834289550781e-01
9.117677211761474609e-01 4.010240435600280762e-01
9.140911698341369629e-01 8.073695898056030273e-01
7.565163373947143555e-01 2.752534151077270508e-01
2.029719352722167969e-01 4.264442622661590576e-01
2.494616210460662842e-01 9.745886921882629395e-01
3.130427598953247070e-01 9.913982152938842773e-01
2.373797893524169922e-01 7.017060518264770508e-01
4.008002877235412598e-01 2.680698037147521973e-01
3.105582594871520996e-01 6.844148635864257812e-01
4.893486499786376953e-01 3.793497979640960693e-01
7.373287677764892578e-01 4.888838827610015869e-01
5.316605567932128906e-01 1.059611067175865173e-01
5.412182211875915527e-01 3.790939971804618835e-02
4.655515551567077637e-01 7.742748260498046875e-01
1.057890281081199646e-01 4.164484739303588867e-01
2.901315502822399139e-02 8.174530267715454102e-01
8.230742067098617554e-02 7.806546092033386230e-01
6.812242269515991211e-01 8.550108969211578369e-02
9.495812058448791504e-01 9.311881661415100098e-01
2.493671476840972900e-01 7.341052889823913574e-01
5.354015231132507324e-01 6.164535284042358398e-01
6.667566299438476562e-01 4.969055056571960449e-01
8.931435346603393555e-01 3.701852262020111084e-01
8.688587546348571777e-01 6.902137994766235352e-01
5.808188915252685547e-01 8.849679827690124512e-01
9.824217557907104492e-01 7.596482038497924805e-01
5.592512488365173340e-01 2.043871209025382996e-02
6.458258032798767090e-01 6.211866736412048340e-01
1.593466699123382568e-01 4.255321621894836426e-01
6.801601052284240723e-01 5.823536515235900879e-01
2.216304093599319458e-01 4.158548116683959961e-01
9.337930083274841309e-01 2.692237198352813721e-01
7.972511053085327148e-01 7.463572025299072266e-01
3.646331429481506348e-01 2.316958904266357422e-01
3.603524565696716309e-01 2.278716117143630981e-01
5.730065703392028809e-01 7.582454681396484375e-01
5.695545673370361328e-01 4.231493473052978516e-01
5.459867119789123535e-01 3.878162801265716553e-01
6.046712771058082581e-02 5.225543975830078125e-01
9.761924743652343750e-01 5.105453729629516602e-01
8.243485689163208008e-01 1.062310393899679184e-02
4.596481025218963623e-01 8.762686848640441895e-01
5.857334733009338379e-01 7.119756340980529785e-01
6.760389208793640137e-01 9.099381566047668457e-01
6.675030589103698730e-01 8.063812255859375000e-01
1.012809649109840393e-01 4.472340270876884460e-02
9.844990372657775879e-01 6.446178555488586426e-01
1.232386082410812378e-01 1.309059113264083862e-01
6.715670824050903320e-01 2.884617261588573456e-02
1.587754935026168823e-01 9.520880132913589478e-02
4.488994777202606201e-01 2.456000149250030518e-01
9.236809015274047852e-01 2.899196147918701172e-01
6.322861909866333008e-01 9.204861521720886230e-01
8.988302946090698242e-01 9.005877971649169922e-01
4.449121057987213135e-01 1.957988590002059937e-01
8.589014410972595215e-01 5.347871780395507812e-01
8.069099187850952148e-01 1.560851931571960449e-01
9.233098626136779785e-01 8.383022546768188477e-01
6.100278496742248535e-01 1.286546289920806885e-01
5.069801807403564453e-01 4.197745323181152344e-01
1.132071670144796371e-02 1.255529969930648804e-01
5.755624547600746155e-02 2.386247068643569946e-01
5.039449930191040039e-01 4.137317836284637451e-01
4.258693158626556396e-01 3.156949952244758606e-02
1.865618675947189331e-01 2.486307919025421143e-02
7.406769394874572754e-01 5.458015203475952148e-01
6.909123808145523071e-02 7.930654287338256836e-01
6.710321903228759766e-01 9.743786454200744629e-01
9.738994389772415161e-02 7.563298344612121582e-01
8.596622347831726074e-01 2.295041978359222412e-01
2.387069165706634521e-01 3.016703128814697266e-01
9.910961985588073730e-01 8.920986056327819824e-01
1.740744858980178833e-01 9.012566804885864258e-01
4.961688220500946045e-01 6.659647226333618164e-01
7.569368183612823486e-02 9.114801287651062012e-01
7.576681971549987793e-01 5.970201492309570312e-01
9.498506039381027222e-02 6.674050092697143555e-01
7.529410123825073242e-01 3.939120471477508545e-01
4.731106758117675781e-01 5.389295220375061035e-01
8.843111991882324219e-01 4.853381589055061340e-02
3.539385795593261719e-01 9.335544705390930176e-02
1.600801795721054077e-01 7.028196752071380615e-02
7.382536530494689941e-01 9.832534193992614746e-01
1.307775825262069702e-01 6.813964247703552246e-01
2.073348015546798706e-01 6.434375643730163574e-01
8.263126015663146973e-03 5.286859869956970215e-01
7.815346717834472656e-01 2.079780250787734985e-01
8.904910683631896973e-01 9.376392364501953125e-01
1.736325472593307495e-01 9.312703609466552734e-01
3.481754064559936523e-01 3.826893866062164307e-01
3.217924833297729492e-01 5.243094563484191895e-01
3.934811353683471680e-01 7.866858839988708496e-01
8.143957257270812988e-01 1.885917782783508301e-01
6.799840927124023438e-01 2.711952626705169678e-01
9.275773167610168457e-01 8.122792840003967285e-01
8.307218551635742188e-01 5.484513640403747559e-01
5.949786305427551270e-01 7.006361335515975952e-02
7.803190946578979492e-01 3.124145567417144775e-01
8.099110722541809082e-01 7.090301513671875000e-01
4.311481714248657227e-01 3.254291834309697151e-03
1.564758419990539551e-01 6.919630765914916992e-01
1.495886296033859253e-01 8.544133901596069336e-01
9.034832119941711426e-01 4.857970178127288818e-01
8.720052838325500488e-01 7.805204987525939941e-01
1.641196906566619873e-01 8.765955567359924316e-01
7.802686691284179688e-01 6.747196912765502930e-01
8.931224346160888672e-01 6.909484267234802246e-01
5.802867412567138672e-01 9.611178636550903320e-01
3.438341617584228516e-01 1.435946524143218994e-01
8.063526749610900879e-01 2.353359907865524292e-01
9.712824225425720215e-01 7.476494312286376953e-01
3.099628724157810211e-02 3.211720883846282959e-01
5.290999636054039001e-02 8.623706698417663574e-01
5.936818122863769531e-01 1.684711128473281860e-01
2.691025733947753906e-01 2.338973283767700195e-01
6.266374588012695312e-01 7.871133685111999512e-01
6.258940696716308594e-01 1.213883832097053528e-01
3.461444377899169922e-01 9.822096228599548340e-01
5.177147388458251953e-01 8.133307099342346191e-01
2.013106048107147217e-01 8.884777426719665527e-01
8.720422387123107910e-01 5.035413503646850586e-01
2.273685485124588013e-01 2.728479206562042236e-01
1.516610980033874512e-01 9.957839846611022949e-01
1.553783416748046875e-01 9.690113067626953125e-01
5.695502161979675293e-01 1.745950281620025635e-01
7.549070715904235840e-01 3.423311933875083923e-02
9.390413761138916016e-01 1.153808459639549255e-01
5.136752128601074219e-01 6.512148380279541016e-01
6.529563665390014648e-01 2.709186673164367676e-01
3.273890912532806396e-01 8.785987496376037598e-01
9.114539027214050293e-01 4.038111269474029541e-01
6.223616600036621094e-01 1.638396084308624268e-01
7.981587052345275879e-01 5.826151371002197266e-01
3.552090823650360107e-01 7.355152368545532227e-01
6.782860159873962402e-01 3.505921661853790283e-01
2.508738040924072266e-01 4.210416674613952637e-01
7.250882983207702637e-01 5.999188423156738281e-01
1.916309297084808350e-01 9.870383888483047485e-02
8.653927445411682129e-01 6.946687102317810059e-01
2.539358139038085938e-01 6.458148360252380371e-01
6.488232612609863281e-01 7.050449848175048828e-01
3.801216185092926025e-01 8.300820738077163696e-02
3.207272291183471680e-01 4.468051716685295105e-02
6.100137233734130859e-01 3.159825503826141357e-01
5.856849253177642822e-02 9.365193843841552734e-01
4.442420303821563721e-01 3.620276749134063721e-01
8.450605869293212891e-01 4.766561090946197510e-01
1.190057471394538879e-01 3.379090428352355957e-01
5.599356889724731445e-01 8.477982282638549805e-01
8.602991700172424316e-01 6.079612970352172852e-01
2.538797557353973389e-01 6.514048576354980469e-01
2.384094595909118652e-01 8.611958026885986328e-01
9.780372977256774902e-01 7.216958999633789062e-01
8.742491006851196289e-01 4.873410165309906006e-01
1.811477839946746826e-01 2.969740033149719238e-01
7.970927357673645020e-01 1.802527755498886108e-01
5.731508135795593262e-01 3.165042400360107422e-01
8.902668356895446777e-01 6.092336773872375488e-01
3.857714831829071045e-01 9.752164483070373535e-01
6.301625967025756836e-01 3.773285448551177979e-01
5.447234511375427246e-01 7.025458216667175293e-01
4.128800630569458008e-01 1.918572187423706055e-01
6.808699965476989746e-01 4.242332577705383301e-01
2.151269912719726562e-01 6.022189930081367493e-02
7.646437287330627441e-01 8.102141022682189941e-01
9.687830805778503418e-01 2.126936763525009155e-01
3.696038424968719482e-01 2.620643675327301025e-01
1.861793696880340576e-01 6.449128687381744385e-02
7.677104324102401733e-02 5.750701427459716797e-01
2.084287442266941071e-02 9.226120710372924805e-01
4.349830150604248047e-01 7.524285912513732910e-01
2.667431831359863281e-01 3.929728269577026367e-02
7.290713489055633545e-02 1.016698777675628662e-01
9.915320277214050293e-01 2.974597215652465820e-01
1.926779150962829590e-01 5.861056447029113770e-01
2.061829119920730591e-01 8.928874731063842773e-01
4.049103558063507080e-01 6.424294710159301758e-01
3.088878989219665527e-01 2.221442759037017822e-01
5.784087181091308594e-01 9.121785759925842285e-01
3.919396698474884033e-01 8.195680379867553711e-01
8.891650438308715820e-01 2.420805096626281738e-01
6.761834621429443359e-01 6.593894362449645996e-01
7.106127738952636719e-01 5.931058526039123535e-01
5.683873593807220459e-02 2.357934713363647461e-01
6.964060664176940918e-01 1.815137714147567749e-01
9.089903235435485840e-01 7.462515830993652344e-01
6.739062070846557617e-01 6.555721163749694824e-01
4.269677698612213135e-01 1.989368945360183716e-01
6.507535576820373535e-01 8.315162658691406250e-01
7.116763591766357422e-01 4.052978754043579102e-02
7.698431015014648438e-01 3.427635431289672852e-01
1.404360234737396240e-01 8.452162742614746094e-01
5.527387261390686035e-01 4.254830777645111084e-01
5.481919646263122559e-01 1.143879443407058716e-01
4.596989601850509644e-02 7.073311805725097656e-01
9.343665242195129395e-01 1.726595498621463776e-02
1.680519282817840576e-01 3.659676611423492432e-01
3.733716607093811035e-01 6.972808241844177246e-01
6.176665425300598145e-01 4.498541653156280518e-01
9.699030518531799316e-01 3.790750801563262939e-01
7.677088975906372070e-01 2.602987289428710938e-01
4.970012903213500977e-01 1.409628540277481079e-01
2.392273396253585815e-01 3.744433820247650146e-02
5.066642761230468750e-01 7.147489814087748528e-04
4.533918201923370361e-01 6.248334646224975586e-01
6.478853821754455566e-01 3.199705183506011963e-01
1.110390722751617432e-01 8.899711370468139648e-01
