5.552451014518737793e-01 5.839354991912841797e-01
3.832537531852722168e-01 5.660613998770713806e-02
8.313966393470764160e-01 5.534403324127197266e-01
7.628626227378845215e-01 7.260039448738098145e-01
8.322874456644058228e-02 5.062558054924011230e-01
7.450943589210510254e-01 9.450883865356445312e-01
4.194040000438690186e-01 4.565441906452178955e-01
9.239871501922607422e-01 1.560792177915573120e-01
3.605063259601593018e-01 2.328748255968093872e-01
4.979629516601562500e-01 2.154206484556198120e-01
6.290933489799499512e-01 9.507616162300109863e-01
9.018409252166748047e-01 9.171546101570129395e-01
7.551941275596618652e-01 9.791855812072753906e-01
9.698980301618576050e-02 3.077014535665512085e-02
2.349276393651962280e-01 5.765241980552673340e-01
3.044222593307495117e-01 2.945908345282077789e-02
9.557363986968994141e-01 6.212524771690368652e-01
9.734129309654235840e-01 3.973370194435119629e-01
7.208815217018127441e-01 6.783478260040283203e-01
3.059644699096679688e-01 7.300443053245544434e-01
4.910308122634887695e-01 4.514588117599487305e-01
2.819398641586303711e-01 5.328240394592285156e-01
4.389081895351409912e-01 9.018077254295349121e-01
5.897431373596191406e-01 3.918275833129882812e-01
7.404041290283203125e-01 8.848243951797485352e-01
8.704519271850585938e-01 5.921016335487365723e-01
7.426477074623107910e-01 2.609595656394958496e-01
2.300434559583663940e-01 8.064029812812805176e-01
4.527473151683807373e-01 1.119154691696166992e-02
6.196337938308715820e-01 9.565464854240417480e-01
7.395666837692260742e-01 9.923745393753051758e-01
1.617492884397506714e-01 9.403506517410278320e-01
4.819610714912414551e-01 3.832086324691772461e-01
9.475936293601989746e-01 7.444568276405334473e-01
6.889380216598510742e-01 6.957163810729980469e-01
7.253807187080383301e-01 6.503342390060424805e-01
4.273170232772827148e-01 6.715671420097351074e-01
3.091596765443682671e-03 9.666956663131713867e-01
1.680907905101776123e-01 9.440650939941406250e-01
4.012033343315124512e-01 8.127923607826232910e-01
2.253273129463195801e-02 5.344130992889404297e-01
7.208278179168701172e-01 3.669345676898956299e-01
6.611148118972778320e-01 3.223254084587097168e-01
5.369754433631896973e-01 1.490319818258285522e-01
2.435480654239654541e-01 1.893256306648254395e-01
4.039072990417480469e-01 8.483035564422607422e-01
1.860790401697158813e-01 1.678373664617538452e-01
3.517076745629310608e-02 6.905153393745422363e-01
6.789934039115905762e-01 2.559263706207275391e-01
7.399186491966247559e-01 7.550711631774902344e-01
7.074548602104187012e-01 9.831145405769348145e-01
5.215616226196289062e-01 7.754293680191040039e-01
4.455068707466125488e-01 6.080152988433837891e-01
5.645491480827331543e-01 9.844590425491333008e-01
1.994137465953826904e-01 8.736076354980468750e-01
1.864149570465087891e-01 5.391268730163574219e-01
7.049270272254943848e-01 2.812984585762023926e-01
9.714422225952148438e-01 7.727735489606857300e-02
2.989938855171203613e-01 3.992678597569465637e-02
2.288098037242889404e-01 6.426561474800109863e-01
6.467756628990173340e-01 4.439998567104339600e-01
4.800618290901184082e-01 3.750405311584472656e-01
2.966772615909576416e-01 7.486321926116943359e-01
4.972814619541168213e-01 3.673336207866668701e-01
3.131968677043914795e-01 5.198880434036254883e-01
5.476495623588562012e-01 3.807362616062164307e-01
8.292522430419921875e-01 9.557206034660339355e-01
3.214545845985412598e-01 3.754381835460662842e-01
7.849918603897094727e-01 6.070071458816528320e-01
7.695497274398803711e-01 5.531405806541442871e-01
8.889137506484985352e-01 4.529841840267181396e-01
3.996303379535675049e-01 5.470129251480102539e-01
3.013451397418975830e-01 5.539312958717346191e-01
6.499111652374267578e-01 8.409544825553894043e-01
8.160445094108581543e-01 3.139980137348175049e-01
9.296483397483825684e-01 9.719263315200805664e-01
8.488039374351501465e-01 3.883001804351806641e-01
4.416112899780273438e-01 9.350935220718383789e-01
8.350585103034973145e-01 7.690243721008300781e-01
5.107071995735168457e-01 3.507873117923736572e-01
8.768249154090881348e-01 8.785872459411621094e-01
9.032981991767883301e-01 9.710029959678649902e-01
4.416804909706115723e-01 6.006232276558876038e-02
2.640553116798400879e-01 6.238441467285156250e-01
6.294277906417846680e-01 9.954600930213928223e-01
9.689213633537292480e-01 9.762939214706420898e-01
7.466005682945251465e-01 3.372685909271240234e-01
4.235740378499031067e-02 9.730256199836730957e-01
7.680604606866836548e-02 1.549409925937652588e-01
5.407583117485046387e-01 1.990860402584075928e-01
3.790706396102905273e-01 2.790442109107971191e-01
3.464769423007965088e-01 2.507297098636627197e-01
4.701965674757957458e-02 9.459125995635986328e-01
6.299068927764892578e-01 2.424813359975814819e-01
5.634523034095764160e-01 7.119997143745422363e-01
2.208607196807861328e-01 3.594428002834320068e-01
2.968834042549133301e-01 9.369080662727355957e-01
1.599395871162414551e-01 4.517694711685180664e-01
9.313068985939025879e-01 4.267818927764892578e-01
4.595857262611389160e-01 6.091058254241943359e-01
6.384912133216857910e-01 4.313100874423980713e-01
9.043903350830078125e-01 9.302729964256286621e-01
6.208820343017578125e-01 8.382134437561035156e-01
2.504602372646331787e-01 4.230656921863555908e-01
6.965967416763305664e-01 6.398296952247619629e-01
3.269767463207244873e-01 2.679392993450164795e-01
9.417074322700500488e-01 5.467020347714424133e-02
7.532237768173217773e-01 1.330471634864807129e-01
7.334913015365600586e-01 8.374241590499877930e-01
7.227001339197158813e-02 9.046639204025268555e-01
1.756307482719421387e-01 4.860186278820037842e-01
3.419369161128997803e-01 9.017323255538940430e-01
8.051008582115173340e-01 2.769369482994079590e-01
8.204637467861175537e-02 5.455249547958374023e-01
4.226392507553100586e-01 3.219882845878601074e-01
4.870618879795074463e-01 6.932464838027954102e-01
4.380426108837127686e-01 9.184263944625854492e-01
6.898316740989685059e-01 4.279862642288208008e-01
8.421767950057983398e-01 5.187802910804748535e-01
5.976867675781250000e-01 4.640152156352996826e-01
5.723765492439270020e-01 1.378604024648666382e-01
6.091700196266174316e-01 1.759910136461257935e-01
1.242649555206298828e-01 4.235629439353942871e-01
9.506337642669677734e-01 2.265873849391937256e-01
1.465804874897003174e-02 9.256180375814437866e-02
7.047140598297119141e-02 6.573027968406677246e-01
8.741452097892761230e-01 8.953312635421752930e-01
5.455681681632995605e-01 7.656886577606201172e-01
8.463749289512634277e-01 9.314799308776855469e-01
9.516344666481018066e-01 9.847754240036010742e-01
8.385314941406250000e-01 3.085983991622924805e-01
2.333484441041946411e-01 3.280610740184783936e-01
5.412159860134124756e-02 7.642614841461181641e-01
6.899738907814025879e-01 2.210275232791900635e-01
3.994711041450500488e-01 6.670366227626800537e-02
6.984267830848693848e-01 1.841502338647842407e-01
8.337398171424865723e-01 1.029576212167739868e-01
3.977667391300201416e-01 3.212131559848785400e-01
1.097892373800277710e-01 3.716952800750732422e-01
2.599043548107147217e-01 7.113137841224670410e-01
1.571248471736907959e-01 7.688345760107040405e-02
1.803544759750366211e-01 4.826094210147857666e-02
8.829158544540405273e-01 5.529130101203918457e-01
2.335802763700485229e-01 3.666989207267761230e-01
2.560117542743682861e-01 6.495945900678634644e-02
6.666363477706909180e-01 7.944765686988830566e-01
7.413520812988281250e-01 6.308898329734802246e-01
9.554879069328308105e-01 5.988513827323913574e-01
8.314525485038757324e-01 3.662541508674621582e-01
2.624447643756866455e-01 2.583718597888946533e-01
4.471172988414764404e-01 3.197394907474517822e-01
4.596717953681945801e-01 2.507199645042419434e-01
7.324874997138977051e-01 9.198266267776489258e-02
1.040590330958366394e-01 3.551426902413368225e-02
4.396237730979919434e-01 1.338171213865280151e-01
5.536338686943054199e-01 1.024533733725547791e-01
1.988000273704528809e-01 7.300407886505126953e-01
6.752266883850097656e-01 3.439916372299194336e-01
5.492652058601379395e-01 1.980009824037551880e-01
7.072737812995910645e-01 8.297316431999206543e-01
7.609788179397583008e-01 2.026386111974716187e-01
8.099328875541687012e-01 8.657766580581665039e-01
6.777957677841186523e-01 7.737671732902526855e-01
1.423191577196121216e-01 5.640925765037536621e-01
2.444611936807632446e-01 1.095900833606719971e-01
6.967807412147521973e-01 5.472176074981689453e-01
2.963374853134155273e-01 1.427612304687500000e-01
9.760913252830505371e-01 9.388707876205444336e-01
4.390924572944641113e-01 3.413244485855102539e-01
4.914721846580505371e-01 4.253693222999572754e-01
7.785297036170959473e-01 7.068137526512145996e-01
9.186190366744995117e-01 4.518804848194122314e-01
9.529878497123718262e-01 7.462081909179687500e-01
5.648016929626464844e-01 9.567244052886962891e-01
4.961322546005249023e-01 6.578443050384521484e-01
2.135172337293624878e-01 5.956600308418273926e-01
5.596773624420166016e-01 8.164324164390563965e-01
8.332005739212036133e-01 2.068060487508773804e-01
7.873681783676147461e-01 6.486590504646301270e-01
5.116222500801086426e-01 2.322822064161300659e-01
3.286187350749969482e-01 2.342275381088256836e-01
3.264226019382476807e-01 9.684635996818542480e-01
2.946532070636749268e-01 3.384828567504882812e-02
6.700023412704467773e-01 7.738903164863586426e-01
8.365489244461059570e-01 8.919935822486877441e-01
3.782247602939605713e-01 6.271539330482482910e-01
1.169288977980613708e-01 5.735388398170471191e-01
7.839266061782836914e-01 8.247518539428710938e-01
3.060391247272491455e-01 4.106259047985076904e-01
9.156301021575927734e-01 6.817836165428161621e-01
5.776760578155517578e-01 5.953170061111450195e-01
3.880014419555664062e-01 4.657572805881500244e-01
3.803592920303344727e-01 9.192472696304321289e-02
4.199194014072418213e-01 8.230366706848144531e-01
1.745539158582687378e-01 1.126251444220542908e-01
7.440585494041442871e-01 5.780528187751770020e-01
2.653735578060150146e-01 2.619168162345886230e-02
8.724147677421569824e-01 2.570503056049346924e-01
4.429374635219573975e-01 4.150831699371337891e-01
1.904271543025970459e-01 7.146795988082885742e-01
2.778545916080474854e-01 3.504146933555603027e-01
5.359050631523132324e-01 8.578869104385375977e-01
3.902415931224822998e-01 8.416579961776733398e-01
8.116921409964561462e-03 5.941532850265502930e-01
1.348704248666763306e-01 8.092592358589172363e-01
1.060881186276674271e-02 4.676228761672973633e-01
1.775439679622650146e-01 4.386587440967559814e-01
7.711600065231323242e-01 3.133647441864013672e-01
5.480650067329406738e-01 9.911726117134094238e-01
7.909843921661376953e-01 6.920791417360305786e-02
6.998996138572692871e-01 2.431641519069671631e-01
9.515510797500610352e-01 3.553853034973144531e-01
2.457742393016815186e-01 6.206948757171630859e-01
7.766105532646179199e-01 7.837003469467163086e-01
6.849752366542816162e-02 4.237560629844665527e-01
9.966996908187866211e-01 3.332777917385101318e-01
4.776865839958190918e-01 5.969851836562156677e-02
2.506010830402374268e-01 6.433268189430236816e-01
4.356245398521423340e-01 3.317086100578308105e-01
8.559121489524841309e-01 7.771945595741271973e-01
9.467635750770568848e-01 5.351923108100891113e-01
5.310506001114845276e-02 7.208072543144226074e-01
9.724915027618408203e-01 9.898841381072998047e-01
5.923013091087341309e-01 4.896198511123657227e-01
1.318309605121612549e-01 8.499407768249511719e-01
1.028218958526849747e-02 3.876270353794097900e-01
6.868449449539184570e-01 8.270401954650878906e-01
1.874346137046813965e-01 5.166895985603332520e-01
7.457107901573181152e-01 8.967064023017883301e-01
4.734388291835784912e-01 7.571316361427307129e-01
8.342961072921752930e-01 1.839794963598251343e-01
4.282700419425964355e-01 1.140060350298881531e-01
3.395232856273651123e-01 8.309042453765869141e-01
9.035983681678771973e-01 5.392536520957946777e-01
8.978185802698135376e-02 8.647682070732116699e-01
4.461101889610290527e-01 6.641154885292053223e-01
6.875884532928466797e-01 6.326848864555358887e-01
5.916110277175903320e-01 4.951739013195037842e-01
3.529951870441436768e-01 4.350944459438323975e-01
9.173913598060607910e-01 7.636566758155822754e-01
4.956957697868347168e-01 6.557942628860473633e-01
4.470826387405395508e-01 1.286875009536743164e-01
7.828546166419982910e-01 3.506820797920227051e-01
5.107772946357727051e-01 5.933465957641601562e-01
5.416126251220703125e-01 7.032319307327270508e-01
5.693268775939941406e-01 5.967763066291809082e-01
9.788265824317932129e-01 1.541045457124710083e-01
1.126850843429565430e-01 8.351910114288330078e-01
4.955330491065979004e-01 7.610268890857696533e-02
8.135265707969665527e-01 8.242791295051574707e-01
7.372336983680725098e-01 3.408179283142089844e-01
3.336935341358184814e-01 1.342836320400238037e-01
6.758417487144470215e-01 4.132189154624938965e-01
9.035363197326660156e-01 9.329865574836730957e-01
6.817044615745544434e-01 6.743565201759338379e-01
9.931649565696716309e-01 5.598698556423187256e-02
7.696431875228881836e-01 5.039220452308654785e-01
4.630859196186065674e-01 2.712685763835906982e-01
4.839884340763092041e-01 5.640772581100463867e-01
2.728542871773242950e-02 7.459642887115478516e-01
6.898122429847717285e-01 6.789879202842712402e-01
6.414425373077392578e-01 6.507834196090698242e-01
8.746154904365539551e-01 9.197485446929931641e-01
3.990369383245706558e-03 6.465019583702087402e-01
4.898138940334320068e-01 7.570610195398330688e-02
6.050082445144653320e-01 9.631734490394592285e-01
1.401188373565673828e-01 3.489975929260253906e-01
5.367193818092346191e-01 7.867008447647094727e-01
8.844991326332092285e-01 8.076364398002624512e-01
1.761471927165985107e-01 4.728090763092041016e-01
4.383634924888610840e-01 5.953333973884582520e-01
8.853282779455184937e-03 6.009554266929626465e-01
6.967891454696655273e-01 6.023515462875366211e-01
6.175097823143005371e-01 6.714080572128295898e-01
6.072589755058288574e-01 6.336639523506164551e-01
5.838692784309387207e-01 7.730910778045654297e-01
3.717852830886840820e-01 5.025832056999206543e-01
2.595704607665538788e-02 6.125964522361755371e-01
7.051635980606079102e-01 8.526733517646789551e-01
4.322992861270904541e-01 2.804796695709228516e-01
4.194145202636718750e-01 6.353092193603515625e-01
8.029389381408691406e-01 3.157387375831604004e-01
2.180206924676895142e-01 2.514577209949493408e-01
6.994896531105041504e-01 2.735365331172943115e-01
1.842842996120452881e-01 5.748471021652221680e-01
5.587068200111389160e-01 8.629211783409118652e-02
2.382920533418655396e-01 3.609430491924285889e-01
6.591817140579223633e-01 7.592968344688415527e-01
5.699205994606018066e-01 5.624416843056678772e-02
8.510668873786926270e-01 6.960262358188629150e-02
6.600259244441986084e-02 6.067718192934989929e-02
9.231027960777282715e-01 3.063991367816925049e-01
6.871262192726135254e-01 6.568276286125183105e-01
1.927003264427185059e-01 1.054155007004737854e-01
4.436062872409820557e-01 8.295372128486633301e-01
5.173103809356689453e-01 8.582386374473571777e-01
2.814036309719085693e-01 8.121494948863983154e-02
4.635967314243316650e-01 5.916888117790222168e-01
4.261035919189453125e-01 1.837854981422424316e-01
3.856919705867767334e-01 2.253499925136566162e-01
2.478727251291275024e-01 8.686507344245910645e-01
4.391598403453826904e-01 4.262965023517608643e-01
2.372933737933635712e-02 6.366759538650512695e-01
8.474991917610168457e-01 9.686337113380432129e-01
5.385096371173858643e-02 3.499299585819244385e-01
2.658287286758422852e-01 2.343402504920959473e-01
2.141077518463134766e-01 3.653621673583984375e-01
2.352497130632400513e-01 6.002771258354187012e-01
8.531860113143920898e-01 7.749724984169006348e-01
4.668182432651519775e-01 4.817122220993041992e-01
3.441324830055236816e-02 6.055554151535034180e-01
2.280061990022659302e-01 8.424757048487663269e-03
5.092067122459411621e-01 5.172438547015190125e-02
1.434393320232629776e-02 4.747242629528045654e-01
7.382217049598693848e-01 8.266149163246154785e-01
4.912211000919342041e-01 3.604446947574615479e-01
4.040212929248809814e-01 7.674473524093627930e-02
1.123519018292427063e-01 1.295012980699539185e-01
2.079885751008987427e-01 2.037248909473419189e-01
6.849121451377868652e-01 2.351544648408889771e-01
5.923355221748352051e-01 8.941199779510498047e-01
5.405194163322448730e-01 6.946182847023010254e-01
7.450604438781738281e-02 8.417153954505920410e-01
9.683806300163269043e-01 6.320386528968811035e-01
3.077142313122749329e-02 6.772988438606262207e-01
3.620787560939788818e-01 8.905838131904602051e-01
3.484361171722412109e-01 4.437511861324310303e-01
7.190108895301818848e-01 8.006322979927062988e-01
2.311803549528121948e-01 2.127854824066162109e-01
7.104615569114685059e-01 2.476709336042404175e-01
8.410087823867797852e-01 1.371872127056121826e-01
6.915802359580993652e-01 9.302839636802673340e-01
2.440631091594696045e-01 3.035488426685333252e-01
1.082534715533256531e-01 8.482581973075866699e-01
7.547979950904846191e-01 8.392174243927001953e-01
9.085509777069091797e-01 7.133737802505493164e-01
7.225666046142578125e-01 8.214092850685119629e-01
7.994983792304992676e-01 5.585493445396423340e-01
6.407439708709716797e-01 7.478387951850891113e-01
8.649583458900451660e-01 7.449048161506652832e-01
9.472624063491821289e-01 6.650112867355346680e-01
4.752473831176757812e-01 3.396412730216979980e-02
7.554453015327453613e-01 7.972943782806396484e-01
6.408470869064331055e-01 9.778255596756935120e-03
5.187055468559265137e-01 9.251542687416076660e-01
3.651781082153320312e-01 1.177798677235841751e-02
5.983683466911315918e-01 5.318202972412109375e-01
4.522689282894134521e-01 3.452323079109191895e-01
6.341135501861572266e-01 6.973490118980407715e-01
3.238362073898315430e-02 8.015613555908203125e-01
9.745776057243347168e-01 3.820408880710601807e-01
5.332767367362976074e-01 4.021426439285278320e-01
9.983407855033874512e-01 6.677750349044799805e-01
9.720896482467651367e-01 8.160519003868103027e-01
3.513860702514648438e-01 9.735757112503051758e-01
3.102114200592041016e-01 1.775513589382171631e-01
4.970021545886993408e-01 2.242277115583419800e-01
6.609587073326110840e-01 7.925601601600646973e-01
1.540823876857757568e-01 7.744262814521789551e-01
7.697811126708984375e-01 7.004070878028869629e-01
4.103314578533172607e-01 7.600999474525451660e-01
1.289979070425033569e-01 1.312880963087081909e-01
7.427306771278381348e-01 9.234718084335327148e-01
6.631022691726684570e-01 7.628737688064575195e-01
1.306019723415374756e-01 1.152577027678489685e-01
9.395781159400939941e-01 6.327148079872131348e-01
1.116053313016891479e-01 9.671653509140014648e-01
6.640436053276062012e-01 1.939641833305358887e-01
6.321898698806762695e-01 6.943706274032592773e-01
1.010896787047386169e-01 1.049876660108566284e-01
6.388125419616699219e-01 2.953868806362152100e-01
4.636521339416503906e-01 9.913949966430664062e-01
9.886496067047119141e-01 5.135790705680847168e-01
5.666765198111534119e-02 4.186542332172393799e-01
5.557895898818969727e-01 3.637539744377136230e-01
9.922585487365722656e-01 3.642985830083489418e-03
2.265987694263458252e-01 9.052949398756027222e-02
3.289004862308502197e-01 5.071203708648681641e-01
5.519057512283325195e-01 4.841718971729278564e-01
3.553137481212615967e-01 5.796923637390136719e-01
4.678052067756652832e-01 3.423958122730255127e-01
1.567198932170867920e-01 4.972864091396331787e-01
5.104387551546096802e-02 2.520312368869781494e-01
4.066140949726104736e-01 3.930687308311462402e-01
9.125164747238159180e-01 5.615279674530029297e-01
5.431872010231018066e-01 3.585476875305175781e-01
2.013519704341888428e-01 9.287258386611938477e-01
4.368854463100433350e-01 6.226802468299865723e-01
4.458822607994079590e-01 7.016102075576782227e-01
3.480419814586639404e-01 2.455639541149139404e-01
4.316224455833435059e-01 5.620495975017547607e-02
5.808732509613037109e-01 7.106689214706420898e-01
8.002911806106567383e-01 8.646296858787536621e-01
9.200749397277832031e-01 7.534325122833251953e-01
3.141119480133056641e-01 3.351652622222900391e-01
1.964738219976425171e-01 7.241424918174743652e-02
5.968843698501586914e-01 3.066273927688598633e-01
4.685816764831542969e-01 4.958766698837280273e-01
5.692758560180664062e-01 5.305023789405822754e-01
5.488490462303161621e-01 1.196154952049255371e-01
9.086141586303710938e-01 8.582658767700195312e-01
5.137715339660644531e-01 6.546921562403440475e-03
6.564971208572387695e-01 3.776992261409759521e-01
9.550734609365463257e-02 4.364069104194641113e-01
9.743258357048034668e-01 4.136079251766204834e-01
4.223068058490753174e-01 9.238367080688476562e-01
7.925717234611511230e-01 5.711096152663230896e-02
7.862470149993896484e-01 9.338998794555664062e-01
3.964768052101135254e-01 8.257061243057250977e-01
8.901489973068237305e-01 3.531113564968109131e-01
5.435158014297485352e-01 3.858128190040588379e-01
6.230963468551635742e-01 4.349389374256134033e-01
2.725396454334259033e-01 2.142870724201202393e-01
8.320446610450744629e-01 3.696169555187225342e-01
6.051908731460571289e-01 9.055125117301940918e-01
6.108573079109191895e-02 4.033728241920471191e-01
8.572956323623657227e-01 4.229010045528411865e-01
3.396877348423004150e-01 4.083940684795379639e-01
7.269655466079711914e-01 9.496188759803771973e-01
2.092002891004085541e-02 1.705470830202102661e-01
6.609712839126586914e-01 7.657524347305297852e-01
7.214093208312988281e-01 8.553704619407653809e-01
8.107746243476867676e-01 3.430025279521942139e-01
6.972489506006240845e-02 3.595198988914489746e-01
1.941455900669097900e-01 8.186412453651428223e-01
8.066348433494567871e-01 4.512218534946441650e-01
8.478713631629943848e-01 2.281802445650100708e-01
9.974022507667541504e-01 8.519802689552307129e-01
2.345865666866302490e-01 2.929813563823699951e-01
6.011304855346679688e-01 3.213661313056945801e-01
6.425592303276062012e-01 6.462758034467697144e-02
4.439457952976226807e-01 3.495005071163177490e-01
4.676016867160797119e-01 5.557237863540649414e-01
2.603577375411987305e-01 9.329240322113037109e-01
8.466778397560119629e-01 7.105168104171752930e-01
8.844276666641235352e-01 6.882018446922302246e-01
3.660326302051544189e-01 4.385067522525787354e-01
5.850794911384582520e-01 5.521768927574157715e-01
6.777149438858032227e-01 5.536482334136962891e-01
8.062391281127929688e-01 3.325214385986328125e-01
4.932594597339630127e-01 4.416953027248382568e-01
9.349481016397476196e-02 5.476005673408508301e-01
6.876177191734313965e-01 3.591450154781341553e-01
2.839230895042419434e-01 2.343171089887619019e-01
3.099079430103302002e-01 5.609833598136901855e-01
6.328161358833312988e-01 9.355876445770263672e-01
6.381072402000427246e-01 1.279958635568618774e-01
6.721460819244384766e-01 3.706648945808410645e-01
9.269740581512451172e-01 7.858317494392395020e-01
3.578734993934631348e-01 6.591122746467590332e-01
4.593906998634338379e-01 7.274997234344482422e-01
5.170048475265502930e-01 4.355118274688720703e-01
3.580760359764099121e-01 8.030575513839721680e-01
7.330787777900695801e-01 9.783884882926940918e-01
6.094561815261840820e-01 3.423008918762207031e-01
4.182443916797637939e-01 3.398074805736541748e-01
9.381107091903686523e-01 6.174739003181457520e-01
7.679494023323059082e-01 4.581201672554016113e-01
4.676886200904846191e-01 7.544105052947998047e-01
3.247759640216827393e-01 9.314033985137939453e-01
5.364935472607612610e-02 1.210303530097007751e-01
7.517418861389160156e-01 9.940040111541748047e-01
7.069814205169677734e-01 1.739145629107952118e-02
6.415321230888366699e-01 4.278312623500823975e-01
1.548688113689422607e-01 4.700005650520324707e-01
1.612332016229629517e-01 5.515409111976623535e-01
5.904912352561950684e-01 4.080685675144195557e-01
3.585061132907867432e-01 5.968841537833213806e-02
3.374359905719757080e-01 8.422780036926269531e-01
2.347064018249511719e-01 4.184232950210571289e-01
6.881253123283386230e-01 1.731525212526321411e-01
3.541800677776336670e-01 3.263337016105651855e-01
1.207180693745613098e-01 1.405651718378067017e-01
3.339569270610809326e-01 8.847489356994628906e-01
4.808924198150634766e-01 1.769919246435165405e-01
8.544815182685852051e-01 7.257858514785766602e-01
5.235310792922973633e-01 9.030396938323974609e-01
3.430303633213043213e-01 2.785071134567260742e-01
3.495497405529022217e-01 8.080412745475769043e-01
4.649110510945320129e-02 9.138826131820678711e-01
5.044259428977966309e-01 6.577071547508239746e-01
6.553387045860290527e-01 2.974007129669189453e-01
1.459752023220062256e-01 2.782757580280303955e-01
8.950753808021545410e-01 4.083269536495208740e-01
9.246924892067909241e-03 3.806580007076263428e-01
9.244228005409240723e-01 4.955827593803405762e-01
9.528303146362304688e-01 2.944001853466033936e-01
4.432472884654998779e-01 9.467211365699768066e-02
6.739706993103027344e-01 6.272673606872558594e-01
6.864389181137084961e-01 4.959154129028320312e-01
3.551775217056274414e-01 8.130823969841003418e-01
8.662971854209899902e-01 7.273608446121215820e-02
6.191371679306030273e-01 8.067494034767150879e-01
5.041160583496093750e-01 5.614647269248962402e-01
2.425745874643325806e-01 8.184413313865661621e-01
5.120146274566650391e-01 6.422147154808044434e-01
1.505058109760284424e-01 2.815710008144378662e-01
8.380169868469238281e-01 3.749837875366210938e-01
3.354914486408233643e-01 9.629590511322021484e-01
1.062051728367805481e-01 6.894686818122863770e-01
2.062481343746185303e-01 7.377192974090576172e-01
6.413464546203613281e-01 9.092140793800354004e-01
5.895238518714904785e-01 3.948966562747955322e-01
8.393284678459167480e-01 7.125428915023803711e-01
4.929862022399902344e-01 9.757829308509826660e-01
3.349572420120239258e-01 7.481256127357482910e-01
3.382242321968078613e-01 1.620656400918960571e-01
2.713012099266052246e-01 5.517761036753654480e-02
8.912847638130187988e-01 3.572462797164916992e-01
7.235494256019592285e-01 2.418740540742874146e-01
9.630445390939712524e-02 5.215303897857666016e-01
1.554432809352874756e-01 1.780788004398345947e-01
7.066867947578430176e-01 2.855569124221801758e-01
2.116176038980484009e-01 3.972639739513397217e-01
4.399643838405609131e-01 4.704138264060020447e-02
3.487671166658401489e-02 9.237122535705566406e-01
9.999278783798217773e-01 6.896643042564392090e-01
1.427584737539291382e-01 1.155994012951850891e-01
3.954738378524780273e-01 8.452731966972351074e-01
7.787571549415588379e-01 2.590846121311187744e-01
8.413137197494506836e-01 4.676991105079650879e-01
7.471845149993896484e-01 9.118989706039428711e-01
7.982246875762939453e-01 7.780588269233703613e-01
7.237877845764160156e-01 9.766092300415039062e-01
7.608041763305664062e-01 4.147144258022308350e-01
7.282181382179260254e-01 5.601462125778198242e-01
5.501396656036376953e-01 9.431324005126953125e-01
1.056981012225151062e-01 4.355741441249847412e-01
4.180603623390197754e-01 7.226358652114868164e-01
2.361126095056533813e-01 1.750865578651428223e-01
1.514433920383453369e-01 2.493064552545547485e-01
3.537836372852325439e-01 2.459665387868881226e-01
9.025592207908630371e-01 9.317872524261474609e-01
8.053540587425231934e-01 6.600250601768493652e-01
1.714773774147033691e-01 1.583959013223648071e-01
3.634896278381347656e-01 6.149832606315612793e-01
1.984752118587493896e-01 2.811718881130218506e-01
9.474994540214538574e-01 4.752897620201110840e-01
9.859870076179504395e-01 3.650014698505401611e-01
9.566451907157897949e-01 8.718028664588928223e-01
2.612585201859474182e-02 2.182792276144027710e-01
3.170672059059143066e-01 8.758481740951538086e-01
8.629062175750732422e-01 5.459614396095275879e-01
8.249130100011825562e-02 8.663797974586486816e-01
6.196044683456420898e-01 5.021704435348510742e-01
7.498586177825927734e-01 1.324757188558578491e-01
1.589999645948410034e-01 4.651127457618713379e-01
4.574252665042877197e-01 5.438570380210876465e-01
1.646820604801177979e-01 2.785705626010894775e-01
9.063805341720581055e-01 7.671355009078979492e-01
1.424132734537124634e-01 9.363583326339721680e-01
4.910647273063659668e-01 5.150544270873069763e-02
4.879667758941650391e-01 6.613042950630187988e-01
1.946806535124778748e-02 5.793693661689758301e-01
5.837556123733520508e-01 2.769964747130870819e-03
3.317824900150299072e-01 7.417002916336059570e-01
5.298780202865600586e-01 8.696619272232055664e-01
4.926230907440185547e-01 5.372528359293937683e-02
7.545359134674072266e-01 8.843654990196228027e-01
5.441673398017883301e-01 5.403082370758056641e-01
5.765039920806884766e-01 8.834767937660217285e-01
3.661266565322875977e-01 8.487779498100280762e-01
3.034608066082000732e-01 3.480598628520965576e-01
4.050870239734649658e-02 9.888873100280761719e-01
1.798986084759235382e-02 4.840056896209716797e-01
6.733050346374511719e-01 8.673793077468872070e-02
6.295278668403625488e-01 7.961460351943969727e-01
7.353895306587219238e-01 3.959130644798278809e-01
9.883249998092651367e-01 6.894823312759399414e-01
2.457956820726394653e-01 1.516528278589248657e-01
3.356677889823913574e-01 2.359781414270401001e-01
9.579968452453613281e-01 5.403487086296081543e-01
7.325751185417175293e-01 5.130809545516967773e-01
2.122095823287963867e-01 5.892561674118041992e-01
5.767861604690551758e-01 4.964502155780792236e-01
7.337399721145629883e-01 5.889447331428527832e-01
6.050422191619873047e-01 4.667092263698577881e-01
7.487726211547851562e-01 1.470206230878829956e-01
8.721910119056701660e-01 1.974530369043350220e-01
7.423533797264099121e-01 2.748583555221557617e-01
6.400842666625976562e-01 5.914274454116821289e-01
7.700257301330566406e-01 9.238766431808471680e-01
6.068744063377380371e-01 1.254501938819885254e-01
5.494490265846252441e-01 3.255992829799652100e-01
4.956570565700531006e-01 5.314162969589233398e-01
9.308219552040100098e-01 7.690977454185485840e-01
9.797853827476501465e-01 5.466076135635375977e-01
7.878081202507019043e-01 9.320580363273620605e-01
5.387230515480041504e-01 5.807132720947265625e-01
4.804712235927581787e-01 5.028866529464721680e-01
1.857326924800872803e-01 8.634240627288818359e-01
9.012513160705566406e-01 3.996183872222900391e-01
4.356943368911743164e-01 5.316039919853210449e-01
5.912070274353027344e-01 2.671627104282379150e-01
1.807583719491958618e-01 3.900131285190582275e-01
1.578673534095287323e-02 6.318886876106262207e-01
9.008411765098571777e-01 8.349904417991638184e-01
9.731443524360656738e-01 1.121415011584758759e-02
9.224843978881835938e-01 7.341273427009582520e-01
1.504267752170562744e-01 9.943192601203918457e-01
7.024807333946228027e-01 6.876663565635681152e-01
7.214627861976623535e-01 7.519227862358093262e-01
4.172328859567642212e-02 5.900712609291076660e-01
1.973348110914230347e-01 6.194372773170471191e-01
5.250113010406494141e-01 2.039309889078140259e-01
8.099158406257629395e-01 7.502068281173706055e-01
7.386994361877441406e-01 8.171629309654235840e-01
3.762093186378479004e-02 1.196575388312339783e-01
6.676052808761596680e-01 1.293704658746719360e-01
4.436559975147247314e-01 9.799581766128540039e-01
3.081929683685302734e-01 1.110074743628501892e-01
5.824393630027770996e-01 4.655731618404388428e-01
5.516483783721923828e-01 2.987163662910461426e-01
4.331755936145782471e-01 2.134364843368530273e-02
6.239129900932312012e-01 3.227888606488704681e-03
7.759157419204711914e-01 8.832015991210937500e-01
6.084131076931953430e-02 9.868842959403991699e-01
5.395153164863586426e-01 9.710370898246765137e-01
7.887755036354064941e-01 8.633732795715332031e-03
4.511061012744903564e-01 3.270194828510284424e-01
8.483693003654479980e-01 3.214581012725830078e-01
6.752199530601501465e-01 6.135646104812622070e-01
8.541376143693923950e-02 5.753990411758422852e-01
7.624432444572448730e-01 1.927457153797149658e-01
5.904474258422851562e-01 3.378680348396301270e-01
2.134077697992324829e-01 3.424262404441833496e-01
3.897769451141357422e-01 5.072143673896789551e-02
3.127798438072204590e-01 3.164960816502571106e-02
7.602194324135780334e-03 7.377485036849975586e-01
7.294653058052062988e-01 7.419067025184631348e-01
5.024723242968320847e-03 4.853484034538269043e-01
5.038002729415893555e-01 8.888756036758422852e-01
6.640643477439880371e-01 3.307660818099975586e-01
9.327312707901000977e-01 4.338964223861694336e-01
4.967916309833526611e-01 2.546341419219970703e-01
9.805215001106262207e-01 7.973422408103942871e-01
6.833013892173767090e-01 7.315901517868041992e-01
7.791941165924072266e-01 9.679505228996276855e-01
9.384338855743408203e-01 6.887995600700378418e-01
2.822513878345489502e-01 8.496378660202026367e-01
4.967187941074371338e-01 5.714202523231506348e-01
8.322225213050842285e-01 1.835521012544631958e-01
7.043350338935852051e-01 5.614565014839172363e-01
6.561370193958282471e-02 7.818807959556579590e-01
9.056124687194824219e-01 4.518992602825164795e-01
3.611913621425628662e-01 6.750709414482116699e-01
8.858628273010253906e-01 9.609028697013854980e-02
3.566163778305053711e-02 1.573872268199920654e-01
8.435366749763488770e-01 6.059124469757080078e-01
9.076722264289855957e-01 9.889974594116210938e-01
4.290840923786163330e-01 3.934704363346099854e-01
8.097743391990661621e-01 3.858437240123748779e-01
9.121916890144348145e-01 2.279624640941619873e-01
8.849555626511573792e-03 1.123225539922714233e-01
7.599250674247741699e-01 8.027876019477844238e-01
8.517521619796752930e-01 2.810938954353332520e-01
9.141598343849182129e-01 7.292301058769226074e-01
9.507417082786560059e-01 1.572203189134597778e-01
9.381441473960876465e-01 3.833558857440948486e-01
4.746391475200653076e-01 7.764145731925964355e-01
2.637245506048202515e-02 1.680459529161453247e-01
5.135811567306518555e-01 4.651361107826232910e-01
1.038442030549049377e-01 2.300683408975601196e-01
1.412857174873352051e-01 9.970010071992874146e-02
6.549710035324096680e-01 1.394188702106475830e-01
7.015965580940246582e-01 2.523413002490997314e-01
3.501247242093086243e-02 1.399768292903900146e-01
6.631671637296676636e-02 9.586085677146911621e-01
5.462003350257873535e-01 8.604843169450759888e-02
1.630168259143829346e-01 1.964375972747802734e-01
2.155132293701171875e-01 4.241299927234649658e-01
6.827074289321899414e-01 9.506750106811523438e-01
3.650426268577575684e-01 6.290553808212280273e-01
1.659878045320510864e-01 4.696455299854278564e-01
6.935808658599853516e-01 8.139410614967346191e-01
5.924913883209228516e-01 5.936537981033325195e-01
2.793571650981903076e-01 9.839302897453308105e-01
5.353732965886592865e-03 7.599583268165588379e-01
8.722973465919494629e-01 7.855626940727233887e-01
3.282376527786254883e-01 2.016259729862213135e-01
9.802156090736389160e-01 3.704040646553039551e-01
2.779995501041412354e-01 2.348439246416091919e-01
2.722688019275665283e-01 4.483750462532043457e-01
1.707058586180210114e-02 3.434123694896697998e-01
4.216603040695190430e-01 7.078568935394287109e-01
7.165972590446472168e-01 3.183097839355468750e-01
4.773675203323364258e-01 3.545650467276573181e-02
5.165906548500061035e-01 8.084136992692947388e-02
4.988040626049041748e-01 5.937845706939697266e-01
5.935572385787963867e-01 4.501533806324005127e-01
3.871082961559295654e-01 1.688794344663619995e-01
5.732331871986389160e-01 3.021977543830871582e-01
4.922793805599212646e-01 3.381423354148864746e-01
4.907782077789306641e-01 5.098127722740173340e-01
4.865364134311676025e-01 2.766880691051483154e-01
4.020073711872100830e-01 3.567591905593872070e-01
5.348750352859497070e-01 4.511600434780120850e-01
2.557504177093505859e-01 7.786785066127777100e-02
3.776852786540985107e-01 1.331930309534072876e-01
5.771870613098144531e-01 9.932755231857299805e-01
1.777251362800598145e-01 4.728692397475242615e-02
1.223990172147750854e-01 4.701852202415466309e-01
7.776141166687011719e-01 8.452143073081970215e-01
4.499682188034057617e-01 5.080008506774902344e-01
5.630594491958618164e-01 7.164888978004455566e-01
1.768921911716461182e-01 3.680381476879119873e-01
6.475267931818962097e-03 8.374386429786682129e-01
9.304803013801574707e-01 7.882483601570129395e-01
3.166360259056091309e-01 3.035591840744018555e-01
4.611642360687255859e-01 3.883642256259918213e-01
7.630210518836975098e-01 1.268804818391799927e-01
7.644614577293395996e-01 5.899327993392944336e-01
8.229141831398010254e-01 5.907313823699951172e-01
5.841004848480224609e-01 1.776849180459976196e-01
7.548640966415405273e-01 4.337484240531921387e-01
4.106000959873199463e-01 9.878237247467041016e-01
6.286980509757995605e-01 8.479881882667541504e-01
5.038810968399047852e-01 1.531504392623901367e-01
3.380129486322402954e-02 5.756645202636718750e-01
9.423425793647766113e-01 2.662910707294940948e-02
9.892369508743286133e-01 4.878212511539459229e-01
7.810246348381042480e-01 7.758326530456542969e-01
3.593488931655883789e-01 5.959784388542175293e-01
5.094387531280517578e-01 5.987213253974914551e-01
8.400214910507202148e-01 5.048681497573852539e-01
8.964816927909851074e-01 9.732872843742370605e-01
6.657966971397399902e-01 5.398877263069152832e-01
9.947036504745483398e-01 4.907214641571044922e-01
4.251762330532073975e-01 5.815844535827636719e-01
8.652139902114868164e-01 4.379014950245618820e-03
8.762698769569396973e-01 7.655546665191650391e-01
5.034822821617126465e-01 6.345056295394897461e-01
6.348040699958801270e-02 6.771356612443923950e-02
2.069591581821441650e-01 5.538004636764526367e-01
8.551715016365051270e-01 1.380810439586639404e-01
4.220000803470611572e-01 4.088621139526367188e-01
7.427822947502136230e-01 9.615505933761596680e-01
2.413087338209152222e-01 8.453795313835144043e-01
2.151625752449035645e-01 5.630390048027038574e-01
7.345772981643676758e-01 6.834326982498168945e-01
4.900080561637878418e-01 6.240136027336120605e-01
8.356546759605407715e-01 9.633732438087463379e-01
9.363031387329101562e-01 5.458886027336120605e-01
1.591904908418655396e-01 8.664686679840087891e-01
3.833256959915161133e-01 3.071503639221191406e-01
2.920701205730438232e-01 4.795857071876525879e-01
5.868461728096008301e-01 5.725944042205810547e-02
1.327303349971771240e-01 3.906877934932708740e-01
5.011374354362487793e-01 4.486575424671173096e-01
6.617909669876098633e-01 1.924186944961547852e-01
8.841849863529205322e-02 4.815552532672882080e-01
9.533655047416687012e-01 2.580475062131881714e-02
4.743885993957519531e-01 4.586126208305358887e-01
9.666165709495544434e-02 2.166037708520889282e-01
6.156810522079467773e-01 2.647654116153717041e-01
9.862480759620666504e-01 1.270876917988061905e-02
3.174474239349365234e-01 7.471207976341247559e-01
8.023387193679809570e-01 5.623932480812072754e-01
5.395622849464416504e-01 3.692210018634796143e-01
3.384983539581298828e-01 1.409738957881927490e-01
6.176651716232299805e-01 6.998365521430969238e-01
9.438287615776062012e-01 9.660030007362365723e-01
4.263427555561065674e-01 9.568026065826416016e-01
3.622154295444488525e-01 4.074293375015258789e-01
5.207807421684265137e-01 5.603924393653869629e-01
5.063850283622741699e-01 4.751004576683044434e-01
5.821567177772521973e-01 5.712877511978149414e-01
9.592754244804382324e-01 5.478528887033462524e-02
3.095968663692474365e-01 3.878599032759666443e-02
1.762645840644836426e-01 6.426004767417907715e-01
9.089598655700683594e-01 3.311674594879150391e-01
6.735172867774963379e-01 9.575142860412597656e-01
3.297370076179504395e-01 5.214235186576843262e-01
5.902488827705383301e-01 8.599528670310974121e-01
7.891091704368591309e-01 1.987690627574920654e-01
3.120993077754974365e-01 6.276650428771972656e-01
7.290253639221191406e-01 7.467277646064758301e-01
3.731382265686988831e-02 7.709528803825378418e-01
8.322583436965942383e-01 8.886206746101379395e-01
6.217114329338073730e-01 6.063632965087890625e-01
3.094332814216613770e-01 7.621580958366394043e-01
2.361017018556594849e-01 5.359754562377929688e-01
9.120070338249206543e-01 3.106372617185115814e-02
5.463720485568046570e-02 7.646089792251586914e-02
8.350636363029479980e-01 7.031214237213134766e-01
5.503233522176742554e-02 7.845074534416198730e-01
3.455352783203125000e-01 4.206370413303375244e-01
6.009253859519958496e-01 2.886911928653717041e-01
6.295551359653472900e-02 3.045511245727539062e-01
4.415314793586730957e-01 8.821495175361633301e-01
5.734754204750061035e-01 1.916817128658294678e-01
6.661716103553771973e-01 9.772588014602661133e-01
8.304499983787536621e-01 9.588915109634399414e-01
3.311798572540283203e-01 1.321093831211328506e-02
8.032851815223693848e-01 9.902207553386688232e-02
1.279131174087524414e-01 3.711031675338745117e-01
5.479085445404052734e-01 2.770747542381286621e-01
5.042410492897033691e-01 5.371373891830444336e-01
8.691861629486083984e-01 7.293239235877990723e-01
5.107745528221130371e-01 3.400934040546417236e-01
5.663340687751770020e-01 5.519122481346130371e-01
4.961070418357849121e-01 7.380939126014709473e-01
2.846055477857589722e-02 6.203687191009521484e-01
3.181032240390777588e-01 5.218828320503234863e-01
3.829880654811859131e-01 7.238156199455261230e-01
4.069339632987976074e-01 7.148619294166564941e-01
5.921606421470642090e-01 9.737962484359741211e-01
4.951251745223999023e-01 1.659979075193405151e-01
2.685337886214256287e-02 3.994866013526916504e-01
7.683085203170776367e-01 7.231476902961730957e-01
4.998894035816192627e-01 9.035767316818237305e-01
3.117065727710723877e-01 4.208164811134338379e-01
9.724612236022949219e-01 4.193393588066101074e-01
7.718374133110046387e-01 3.002939820289611816e-01
7.166719436645507812e-01 1.792344003915786743e-01
8.873155713081359863e-01 9.548560380935668945e-01
9.001310467720031738e-01 5.789555311203002930e-01
4.849427938461303711e-01 7.876016199588775635e-02
3.609527349472045898e-01 1.092215627431869507e-01
6.396882981061935425e-02 6.016617417335510254e-01
6.648906469345092773e-01 1.129547879099845886e-01
1.536312699317932129e-01 6.764537096023559570e-01
8.778548836708068848e-01 3.623843789100646973e-01
1.096018776297569275e-01 4.319195151329040527e-01
5.228968262672424316e-01 6.084530353546142578e-01
2.787679433822631836e-01 1.570868343114852905e-01
6.063000559806823730e-01 8.355844020843505859e-01
7.296739220619201660e-01 2.534953355789184570e-01
6.596656441688537598e-01 2.090896964073181152e-01
5.876611471176147461e-01 7.582513093948364258e-01
3.992642462253570557e-01 7.560585737228393555e-01
8.577178716659545898e-01 9.670630097389221191e-03
3.703408539295196533e-01 1.000161617994308472e-01
3.161193430423736572e-01 3.994823396205902100e-01
5.441866517066955566e-01 3.368928134441375732e-01
9.120492339134216309e-01 5.573415011167526245e-02
2.472068816423416138e-01 5.160522460937500000e-01
5.902824401855468750e-01 4.937895108014345169e-03
5.437755584716796875e-01 9.726407527923583984e-01
7.215460389852523804e-02 4.438624083995819092e-01
7.435131669044494629e-01 3.244178891181945801e-01
7.401619553565979004e-01 9.605577588081359863e-02
8.764714002609252930e-01 6.108253262937068939e-03
6.100602746009826660e-01 5.148758888244628906e-01
6.715381741523742676e-01 9.981734752655029297e-01
6.407485604286193848e-01 4.823261201381683350e-01
3.173204958438873291e-01 1.154470816254615784e-01
1.989546716213226318e-01 8.591684103012084961e-01
6.687119007110595703e-01 7.303179502487182617e-01
5.830465555191040039e-01 6.417245268821716309e-01
6.965215802192687988e-01 9.422196149826049805e-01
5.851401686668395996e-01 3.833065629005432129e-01
9.897196888923645020e-01 1.483729481697082520e-01
9.887455701828002930e-01 9.038723111152648926e-01
1.433752477169036865e-01 3.215785324573516846e-01
6.239621639251708984e-01 1.955561786890029907e-01
8.993775844573974609e-01 8.726174235343933105e-01
1.910608112812042236e-01 9.902352467179298401e-03
8.918344378471374512e-01 5.015493035316467285e-01
5.458575487136840820e-01 4.945179224014282227e-01
8.683720827102661133e-01 6.237732172012329102e-01
4.389477670192718506e-01 1.944650709629058838e-01
1.834594607353210449e-01 1.871128976345062256e-01
8.480036258697509766e-01 3.858650326728820801e-01
6.290127336978912354e-02 4.726245105266571045e-01
8.710074424743652344e-01 7.872132062911987305e-01
3.002707958221435547e-01 9.139325618743896484e-01
3.323933184146881104e-01 7.758419513702392578e-01
4.448853731155395508e-01 5.665091276168823242e-01
1.497628632932901382e-02 3.905865252017974854e-01
6.746709942817687988e-01 2.647407948970794678e-01
2.357302159070968628e-01 8.913604617118835449e-01
8.611686229705810547e-01 5.385887026786804199e-01
9.097926616668701172e-01 4.098165780305862427e-02
3.283737003803253174e-01 9.309514164924621582e-01
6.831705570220947266e-01 3.924999535083770752e-01
2.421381920576095581e-01 7.924022674560546875e-01
5.689750909805297852e-01 9.381612539291381836e-01
2.016888260841369629e-01 6.020304188132286072e-02
1.381847113370895386e-01 6.596536636352539062e-01
3.783017992973327637e-01 3.379582464694976807e-01
3.420245647430419922e-01 7.984404563903808594e-01
4.889515042304992676e-01 8.637595772743225098e-01
7.369027137756347656e-01 2.283735275268554688e-01
1.646309942007064819e-01 6.592634916305541992e-01
9.827983379364013672e-01 4.198788106441497803e-01
5.610764622688293457e-01 7.852059006690979004e-01
5.906111598014831543e-01 4.311337471008300781e-01
6.436558961868286133e-01 2.804067730903625488e-01
4.488069713115692139e-01 8.147290349006652832e-01
6.990292072296142578e-01 7.823194861412048340e-01
8.184607625007629395e-01 2.152263820171356201e-01
6.120364069938659668e-01 9.271506667137145996e-01
4.911974668502807617e-01 9.336956143379211426e-01
7.917705774307250977e-01 1.076482310891151428e-01
4.373955428600311279e-01 2.618433535099029541e-01
1.651231199502944946e-01 1.516065597534179688e-01
4.574427306652069092e-01 4.088853597640991211e-01
8.055494427680969238e-01 5.479216575622558594e-01
3.880521953105926514e-01 1.709246449172496796e-02
3.003454208374023438e-01 1.847522333264350891e-02
6.092115044593811035e-01 5.208153724670410156e-01
6.904116868972778320e-01 7.015541791915893555e-01
5.574197769165039062e-01 9.921242594718933105e-01
6.099565029144287109e-01 6.778605580329895020e-01
3.118676245212554932e-01 2.973284423351287842e-01
5.808261632919311523e-01 4.432152211666107178e-01
9.776622056961059570e-02 4.593568742275238037e-01
6.169832944869995117e-01 2.082392871379852295e-01
3.905700743198394775e-01 6.532375216484069824e-01
4.519387781620025635e-01 4.528404474258422852e-01
6.467302441596984863e-01 2.149009704589843750e-01
4.775449931621551514e-01 4.123574867844581604e-02
5.555619597434997559e-01 5.214622616767883301e-01
9.739816188812255859e-01 7.545934319496154785e-01
6.419716477394104004e-01 3.736266493797302246e-01
1.940388604998588562e-02 1.838892698287963867e-01
7.776611447334289551e-01 6.086896657943725586e-01
8.274252414703369141e-01 1.542900651693344116e-01
5.922087654471397400e-02 9.308449625968933105e-01
5.313454270362854004e-01 6.420998573303222656e-01
6.375296115875244141e-01 1.376245170831680298e-01
5.526190623641014099e-02 9.363532662391662598e-01
8.679722547531127930e-01 2.193587273359298706e-01
7.198247313499450684e-01 4.987940937280654907e-02
5.800921916961669922e-01 3.762004375457763672e-01
2.720876932144165039e-01 5.806853175163269043e-01
2.500756382942199707e-01 7.202540636062622070e-01
7.441211491823196411e-02 2.149670273065567017e-01
9.648339748382568359e-01 7.702343463897705078e-01
4.898973107337951660e-01 3.378695249557495117e-01
4.789323508739471436e-01 9.447536468505859375e-01
8.877790570259094238e-01 8.410652279853820801e-01
6.080846190452575684e-01 5.058153867721557617e-01
5.037006139755249023e-01 2.244845777750015259e-01
7.429047822952270508e-01 8.332877159118652344e-01
4.975096881389617920e-01 3.070349693298339844e-01
6.128637790679931641e-01 1.294604539871215820e-01
3.806664347648620605e-01 6.741974353790283203e-01
7.625445127487182617e-01 5.103564858436584473e-01
2.321065068244934082e-01 7.763180732727050781e-01
8.353335857391357422e-01 6.781245470046997070e-01
8.709455728530883789e-01 9.957375526428222656e-01
4.493727087974548340e-01 3.586735129356384277e-01
2.581907808780670166e-01 6.692678928375244141e-01
5.166522860527038574e-01 5.359705090522766113e-01
2.953881025314331055e-01 7.504694908857345581e-02
4.455364942550659180e-01 2.998788952827453613e-01
4.749933779239654541e-01 1.372888535261154175e-01
5.338568687438964844e-01 5.041845515370368958e-02
1.909359395503997803e-01 1.276312321424484253e-01
7.743711471557617188e-01 4.046606123447418213e-01
7.192614078521728516e-01 6.666965484619140625e-01
2.197339534759521484e-01 1.458814442157745361e-01
7.124472856521606445e-01 3.143962621688842773e-01
3.725378811359405518e-01 8.866260051727294922e-01
5.844666361808776855e-01 4.524995684623718262e-01
3.771097064018249512e-01 4.647421091794967651e-02
6.359366774559020996e-01 5.697855949401855469e-01
2.055367827415466309e-01 1.085358783602714539e-01
7.540433406829833984e-01 9.416335821151733398e-01
7.006400823593139648e-01 2.265846729278564453e-01
9.155063033103942871e-01 6.397421956062316895e-01
4.014841020107269287e-01 8.624525070190429688e-01
7.282522320747375488e-01 5.821009278297424316e-01
6.719245910644531250e-01 3.911764323711395264e-01
6.099033951759338379e-01 3.345396369695663452e-02
9.662591218948364258e-01 2.466128468513488770e-01
5.974993109703063965e-01 4.943895637989044189e-01
4.762044250965118408e-01 6.353003978729248047e-01
1.611789911985397339e-01 1.143887192010879517e-01
6.157973408699035645e-01 1.867361813783645630e-01
5.040369629859924316e-01 9.141066670417785645e-01
9.654718637466430664e-01 5.646723508834838867e-01
7.693548202514648438e-01 7.628057003021240234e-01
4.195716977119445801e-01 1.221714168787002563e-01
8.722008019685745239e-02 7.807949781417846680e-01
8.912250399589538574e-01 3.471897244453430176e-01
5.505162477493286133e-01 2.470758557319641113e-01
6.121007204055786133e-01 3.182189464569091797e-01
3.704181909561157227e-01 2.800337970256805420e-01
4.898673892021179199e-01 8.703973293304443359e-01
2.184389904141426086e-02 5.793279409408569336e-01
4.605478644371032715e-01 2.273522466421127319e-01
6.337931156158447266e-01 9.738619923591613770e-01
4.645841419696807861e-01 4.659338891506195068e-01
6.000929474830627441e-01 3.962382376194000244e-01
1.804679930210113525e-01 6.073904037475585938e-01
9.230924844741821289e-01 5.716056227684020996e-01
2.543007582426071167e-02 8.856109380722045898e-01
2.976742088794708252e-01 2.160817831754684448e-01
3.507170379161834717e-01 5.172179937362670898e-01
1.784534156322479248e-01 3.753831386566162109e-01
9.249757528305053711e-01 2.395481169223785400e-01
1.468251496553421021e-01 3.818076252937316895e-01
7.776705026626586914e-01 6.685944795608520508e-01
7.795211076736450195e-01 2.529180943965911865e-01
9.355835914611816406e-01 8.830853700637817383e-01
3.132194876670837402e-01 3.906056284904479980e-01
1.568113565444946289e-01 2.867258712649345398e-02
6.070147752761840820e-01 9.832810610532760620e-03
8.029751777648925781e-01 8.861331343650817871e-01
6.354413032531738281e-01 3.967687860131263733e-02
7.310430407524108887e-01 1.123935431241989136e-01
7.874886989593505859e-01 1.395243406295776367e-01
3.746651709079742432e-01 4.547508060932159424e-01
1.093011721968650818e-01 8.241098374128341675e-02
1.972362995147705078e-01 2.803136408329010010e-01
9.350913166999816895e-01 7.941908836364746094e-01
2.547503709793090820e-01 5.820984244346618652e-01
5.060850381851196289e-01 3.897412121295928955e-01
2.957938313484191895e-01 6.262120604515075684e-01
3.097573816776275635e-01 2.367037236690521240e-01
8.876093029975891113e-01 6.597021222114562988e-01
6.057905405759811401e-02 6.876299381256103516e-01
8.729161024093627930e-01 6.863658428192138672e-01
7.635815143585205078e-01 9.646270275115966797e-01
7.912752628326416016e-01 2.250294238328933716e-01
3.960386514663696289e-01 6.018196344375610352e-01
9.449237585067749023e-02 4.177014827728271484e-01
8.054956793785095215e-01 7.071319222450256348e-01
8.763566017150878906e-01 3.589766323566436768e-01
7.552591562271118164e-01 1.896004825830459595e-01
8.312695622444152832e-01 8.444123268127441406e-01
