3.773128390312194824e-01 5.939567089080810547e-02
5.109705328941345215e-01 6.587364077568054199e-01
2.047338485717773438e-01 3.450466394424438477e-01
4.764896035194396973e-01 2.588104605674743652e-01
4.290045797824859619e-01 2.448106408119201660e-01
9.317204952239990234e-01 3.736223280429840088e-01
2.328271232545375824e-02 8.468077778816223145e-01
8.613809943199157715e-01 7.708132863044738770e-01
7.308427691459655762e-01 7.340553402900695801e-01
9.855171442031860352e-01 4.549866020679473877e-01
4.038372039794921875e-01 4.835378527641296387e-01
4.362641870975494385e-01 7.972586154937744141e-01
3.677176833152770996e-01 5.047597885131835938e-01
7.669367194175720215e-01 7.076721191406250000e-01
9.572382569313049316e-01 6.348160505294799805e-01
3.198399245738983154e-01 6.738976240158081055e-01
8.575639128684997559e-01 6.651928424835205078e-01
9.849517941474914551e-01 9.282206296920776367e-01
2.427276670932769775e-01 3.991686701774597168e-01
5.686262845993041992e-01 2.856502830982208252e-01
7.191258668899536133e-01 8.880346417427062988e-01
5.763410925865173340e-01 1.153151690959930420e-01
2.312174141407012939e-01 3.583884835243225098e-01
3.736847639083862305e-01 7.874696254730224609e-01
9.666488170623779297e-01 7.488236427307128906e-01
2.165400534868240356e-01 7.980473041534423828e-01
9.385816454887390137e-01 5.009741336107254028e-02
3.668779730796813965e-01 9.327485561370849609e-01
9.068948775529861450e-02 8.039897680282592773e-01
6.617354154586791992e-01 1.838439106941223145e-01
8.634240031242370605e-01 6.041400432586669922e-01
2.368733733892440796e-01 3.036286234855651855e-01
3.119847178459167480e-01 4.820376336574554443e-01
9.789844155311584473e-01 9.375842809677124023e-01
2.527685463428497314e-01 6.457089185714721680e-01
5.616226196289062500e-01 4.206442236900329590e-01
2.560640871524810791e-02 6.775543689727783203e-01
7.014603018760681152e-01 5.293652415275573730e-01
1.633168309926986694e-01 8.211657404899597168e-02
8.356103897094726562e-01 4.302406013011932373e-01
6.434398889541625977e-01 6.837789416313171387e-01
1.720848828554153442e-01 5.583199262619018555e-01
3.436529040336608887e-01 8.340941667556762695e-01
5.083585381507873535e-01 2.251107543706893921e-01
9.935668706893920898e-01 2.775855660438537598e-01
9.213529229164123535e-01 8.532268553972244263e-02
9.120245575904846191e-01 1.921472251415252686e-01
7.699676752090454102e-01 2.071870118379592896e-01
5.408868789672851562e-01 2.517961561679840088e-01
1.171234622597694397e-02 6.824355721473693848e-01
2.476806640625000000e-01 2.328521311283111572e-01
4.101711213588714600e-01 4.089138284325599670e-02
5.623927712440490723e-01 8.251690864562988281e-01
6.862122416496276855e-01 7.988949418067932129e-01
6.128751039505004883e-01 5.576998591423034668e-01
6.404048204421997070e-01 5.906853675842285156e-01
3.488381206989288330e-01 1.748090088367462158e-01
6.092636585235595703e-01 3.003461062908172607e-01
9.070336818695068359e-01 8.316612243652343750e-01
7.564735412597656250e-01 7.153318077325820923e-02
7.382192015647888184e-01 8.818768858909606934e-01
8.812839984893798828e-01 5.102572441101074219e-01
7.421037554740905762e-01 2.988216578960418701e-01
9.783445000648498535e-01 9.853622317314147949e-01
5.880355238914489746e-01 9.333540797233581543e-01
3.449305593967437744e-01 2.893457412719726562e-01
8.706831336021423340e-01 5.038720965385437012e-01
1.231617201119661331e-02 7.365128397941589355e-01
6.723442077636718750e-01 5.416930317878723145e-01
9.667314887046813965e-01 9.312604069709777832e-01
5.621507167816162109e-01 4.171468317508697510e-01
6.068949103355407715e-01 9.789879322052001953e-01
3.668906688690185547e-01 6.222011446952819824e-01
2.602590024471282959e-01 8.216527700424194336e-01
5.088486671447753906e-01 1.132241934537887573e-01
8.411897420883178711e-01 3.230232298374176025e-01
5.750861167907714844e-01 6.637185811996459961e-01
9.741823077201843262e-01 6.241847872734069824e-01
9.396377801895141602e-01 3.331487476825714111e-01
7.198101282119750977e-01 3.985650837421417236e-01
9.039293229579925537e-02 8.330864906311035156e-01
8.322262167930603027e-01 9.341191053390502930e-01
4.822615087032318115e-01 9.293951392173767090e-01
4.066824913024902344e-01 5.152569338679313660e-02
2.779221162199974060e-02 4.757413864135742188e-01
9.916464686393737793e-01 1.086219474673271179e-01
5.592421293258666992e-01 3.314688205718994141e-01
1.011269688606262207e-01 7.740927487611770630e-02
5.412607192993164062e-01 9.130539894104003906e-01
7.082569599151611328e-01 7.469254136085510254e-01
5.343144536018371582e-01 3.594288527965545654e-01
4.537596702575683594e-01 2.099625617265701294e-01
7.935789227485656738e-01 7.516958117485046387e-01
8.761482238769531250e-01 9.419981241226196289e-01
9.976961612701416016e-01 1.855727052316069603e-03
2.699336111545562744e-01 3.775717690587043762e-02
5.298078060150146484e-01 1.498161554336547852e-01
8.707623481750488281e-01 2.579571008682250977e-01
9.594681262969970703e-01 3.987075090408325195e-01
3.596590757369995117e-01 6.908168792724609375e-01
3.348093330860137939e-01 5.037454962730407715e-01
2.991762161254882812e-01 4.494830369949340820e-01
5.221548676490783691e-01 9.269318729639053345e-02
8.249630928039550781e-01 8.734130263328552246e-01
9.698271155357360840e-01 4.183649122714996338e-01
2.611398696899414062e-01 9.091305136680603027e-01
5.230226516723632812e-01 8.542948365211486816e-01
3.094686865806579590e-01 5.981737375259399414e-01
6.624190807342529297e-01 1.513744294643402100e-01
8.260305523872375488e-01 9.720437526702880859e-01
9.008345603942871094e-01 7.396126985549926758e-01
2.290762215852737427e-01 2.881943583488464355e-01
4.830276072025299072e-01 6.461642384529113770e-01
3.204218149185180664e-01 3.334811925888061523e-01
2.094547636806964874e-02 8.295524120330810547e-02
1.066414862871170044e-01 6.870332360267639160e-01
3.379165828227996826e-01 1.830587349832057953e-02
3.293215036392211914e-01 6.454157643020153046e-03
2.741883099079132080e-01 8.905444741249084473e-01
8.826825022697448730e-01 2.399134486913681030e-01
4.362866878509521484e-01 4.138747155666351318e-01
3.023042529821395874e-02 2.634288743138313293e-02
8.773284554481506348e-01 1.674078702926635742e-01
3.542161881923675537e-01 9.663359522819519043e-01
8.749959468841552734e-01 6.983839869499206543e-01
5.566808581352233887e-01 4.756498038768768311e-01
3.615894019603729248e-01 5.456793308258056641e-02
8.223529458045959473e-01 9.088277816772460938e-01
8.200465887784957886e-02 8.863732814788818359e-01
5.557170510292053223e-01 3.381764590740203857e-01
2.490173131227493286e-01 4.898330271244049072e-01
1.862805485725402832e-01 3.257140517234802246e-01
1.504176408052444458e-01 6.328020095825195312e-01
9.792164564132690430e-01 5.868099331855773926e-01
7.093183398246765137e-01 8.558018803596496582e-01
8.384382724761962891e-01 9.375073313713073730e-01
3.377682566642761230e-01 5.281474590301513672e-01
9.475768804550170898e-01 8.520058989524841309e-01
6.235577464103698730e-01 6.212588548660278320e-01
2.833334356546401978e-02 2.352163009345531464e-02
7.273887991905212402e-01 7.269887924194335938e-01
3.575718402862548828e-01 7.212626934051513672e-01
8.699495792388916016e-01 3.179938793182373047e-01
3.457395434379577637e-01 8.581695556640625000e-01
2.572488188743591309e-01 4.720374941825866699e-01
7.775630354881286621e-01 3.326426148414611816e-01
1.947743892669677734e-01 3.128468692302703857e-01
9.085739850997924805e-01 9.959723353385925293e-01
2.109718173742294312e-01 9.216893315315246582e-01
1.309258192777633667e-01 5.072948336601257324e-01
2.038282454013824463e-01 7.651327848434448242e-01
8.270403146743774414e-01 5.757321119308471680e-01
5.500013828277587891e-01 7.729263901710510254e-01
8.342635631561279297e-01 6.264494061470031738e-01
7.672163248062133789e-01 2.142170965671539307e-01
4.350849986076354980e-01 4.675924777984619141e-01
2.663499712944030762e-01 1.351910084486007690e-02
7.770869731903076172e-01 6.411240100860595703e-01
3.650235235691070557e-01 8.371133804321289062e-01
6.019876003265380859e-01 8.568749427795410156e-01
4.099383652210235596e-01 8.814545273780822754e-01
3.899490833282470703e-01 3.883379399776458740e-01
5.054405927658081055e-01 6.461051106452941895e-01
6.049460172653198242e-01 7.961651682853698730e-02
9.907922744750976562e-01 9.774032235145568848e-01
6.775141358375549316e-01 9.992639422416687012e-01
9.516331553459167480e-01 9.519679546356201172e-01
3.730655908584594727e-01 1.833342611789703369e-01
2.884624302387237549e-01 8.135541081428527832e-01
3.577176034450531006e-01 4.683630540966987610e-02
6.419321298599243164e-01 7.635414004325866699e-01
5.486535429954528809e-01 8.677186965942382812e-01
1.750114113092422485e-01 6.006581783294677734e-01
7.326896786689758301e-01 2.782182693481445312e-01
8.104616999626159668e-01 9.139470458030700684e-01
5.374837517738342285e-01 9.107496142387390137e-01
5.269219279289245605e-01 3.365509510040283203e-01
5.014016628265380859e-01 7.493279576301574707e-01
8.133528232574462891e-01 9.605350345373153687e-02
1.549482643604278564e-01 1.513669937849044800e-01
4.780768156051635742e-01 2.025031149387359619e-01
7.402158379554748535e-01 6.623135805130004883e-01
1.696037054061889648e-01 3.429233133792877197e-01
9.117400050163269043e-01 3.704425413161516190e-03
8.172028511762619019e-02 4.282921850681304932e-01
6.118106245994567871e-01 9.336127340793609619e-02
4.371617734432220459e-01 6.386026144027709961e-01
9.864507317543029785e-01 3.516360223293304443e-01
9.619399309158325195e-01 5.940887331962585449e-01
5.500234663486480713e-02 5.855422019958496094e-01
8.757839202880859375e-01 4.668282568454742432e-01
5.723537802696228027e-01 1.765950173139572144e-01
8.554351925849914551e-01 1.025896221399307251e-01
5.047288537025451660e-02 3.690844476222991943e-01
3.042981326580047607e-01 1.879178136587142944e-01
2.573275864124298096e-01 2.069698423147201538e-01
5.817329287528991699e-01 9.948906302452087402e-01
9.454703927040100098e-01 2.338651008903980255e-02
2.867330312728881836e-01 1.982483454048633575e-02
8.725123405456542969e-01 9.618064761161804199e-01
6.247746348381042480e-01 8.429894447326660156e-01
4.903649389743804932e-01 6.736788153648376465e-01
6.590966582298278809e-01 6.721703410148620605e-01
5.625481009483337402e-01 3.975194394588470459e-01
8.253712654113769531e-01 2.982031106948852539e-01
4.505326747894287109e-01 9.415343999862670898e-01
3.745696842670440674e-01 7.867395877838134766e-01
6.038807034492492676e-01 3.871549665927886963e-01
6.948956288397312164e-03 7.591286301612854004e-01
8.832567930221557617e-01 4.328176677227020264e-01
7.198163270950317383e-01 3.509943187236785889e-01
1.996919363737106323e-01 8.465476036071777344e-01
6.422028541564941406e-01 6.200030446052551270e-01
9.842494130134582520e-01 9.343227744102478027e-01
3.841820359230041504e-01 6.476380825042724609e-01
4.846712052822113037e-01 2.519001066684722900e-01
7.283815741539001465e-01 6.475278735160827637e-01
3.651506602764129639e-01 7.930628657341003418e-01
9.226459860801696777e-01 5.202974081039428711e-01
9.355213046073913574e-01 1.926203519105911255e-01
9.907101392745971680e-01 6.995425820350646973e-01
5.239565372467041016e-01 8.597199618816375732e-02
8.617967963218688965e-01 5.139795541763305664e-01
5.780937671661376953e-01 7.499783039093017578e-01
5.515007972717285156e-01 6.164045929908752441e-01
5.382090210914611816e-01 8.452438712120056152e-01
3.548820018768310547e-01 4.499112665653228760e-01
5.095049738883972168e-01 3.182502686977386475e-01
5.296648740768432617e-01 8.248810172080993652e-01
8.223219513893127441e-01 3.588303457945585251e-03
5.663024783134460449e-01 8.586349487304687500e-01
7.823107242584228516e-01 3.588200807571411133e-01
6.134402751922607422e-01 6.132957935333251953e-01
8.147180676460266113e-01 5.398191809654235840e-01
1.121784150600433350e-01 1.344295442104339600e-01
7.680699229240417480e-01 9.745622277259826660e-01
4.010772407054901123e-01 9.280195236206054688e-01
3.306407332420349121e-01 2.033318728208541870e-01
7.571449279785156250e-01 1.986723244190216064e-01
7.158243656158447266e-01 2.865082919597625732e-01
5.358967185020446777e-01 6.341195106506347656e-01
8.975279927253723145e-01 6.623059511184692383e-01
8.794562220573425293e-01 2.369790337979793549e-02
1.324927210807800293e-01 8.383434414863586426e-01
6.309245824813842773e-01 5.744274854660034180e-01
9.244964718818664551e-01 4.483256638050079346e-01
1.086115017533302307e-01 2.526316344738006592e-01
1.049319133162498474e-01 3.843717277050018311e-01
7.465426921844482422e-01 6.248719692230224609e-01
6.021992564201354980e-01 4.933947697281837463e-02
9.418359398841857910e-01 5.402700901031494141e-01
1.345393806695938110e-01 3.672319650650024414e-01
8.573491573333740234e-01 6.789426207542419434e-01
2.656346857547760010e-01 9.312270879745483398e-01
8.414074778556823730e-01 4.956997036933898926e-01
4.384762942790985107e-01 9.325124621391296387e-01
5.904592871665954590e-01 4.346992969512939453e-01
4.776369035243988037e-01 4.908252358436584473e-01
6.483700871467590332e-01 1.879626065492630005e-01
8.592006564140319824e-01 9.274956583976745605e-01
7.852553129196166992e-01 2.849904298782348633e-01
4.104930162429809570e-02 3.738311529159545898e-01
2.947863638401031494e-01 2.631160318851470947e-01
2.401200681924819946e-01 2.936985492706298828e-01
6.570016741752624512e-01 4.875828027725219727e-01
8.348305821418762207e-01 5.562542080879211426e-01
5.463348031044006348e-01 9.934337139129638672e-01
6.337277293205261230e-01 8.210321068763732910e-01
7.409818768501281738e-01 5.184771418571472168e-01
3.543000295758247375e-02 1.682401001453399658e-01
4.019427597522735596e-01 7.437813878059387207e-01
4.340254366397857666e-01 8.085655570030212402e-01
6.083720922470092773e-01 4.492065310478210449e-01
9.095955491065979004e-01 3.967540562152862549e-01
5.947706103324890137e-01 9.914152622222900391e-01
4.796324670314788818e-01 2.972499728202819824e-01
9.502189159393310547e-01 4.552436172962188721e-01
1.330262124538421631e-01 5.038822293281555176e-01
2.777450904250144958e-02 2.550937533378601074e-01
7.201080322265625000e-01 1.150655597448348999e-01
6.233841776847839355e-01 2.527047395706176758e-01
3.901655077934265137e-01 9.132380597293376923e-03
5.682106018066406250e-01 9.009904861450195312e-01
9.665457010269165039e-01 2.229904979467391968e-01
5.773294568061828613e-01 6.451649665832519531e-01
2.870767414569854736e-01 8.357349634170532227e-01
7.896787524223327637e-01 2.867125570774078369e-01
9.110969901084899902e-01 4.354998171329498291e-01
8.429885506629943848e-01 7.173745632171630859e-01
8.687354326248168945e-01 9.781610965728759766e-01
3.800088167190551758e-01 3.800183832645416260e-01
8.644284009933471680e-01 5.344124436378479004e-01
4.027459621429443359e-01 1.232081949710845947e-01
7.631595730781555176e-01 4.907987117767333984e-01
8.341613411903381348e-01 7.109349370002746582e-01
5.207526087760925293e-01 9.098764657974243164e-01
8.693901896476745605e-01 1.425705850124359131e-02
2.327000945806503296e-01 4.151202365756034851e-02
7.578043937683105469e-01 6.980198621749877930e-01
9.179607033729553223e-01 5.157164335250854492e-01
1.518808752298355103e-01 3.849816620349884033e-01
1.117417365312576294e-01 2.725156247615814209e-01
2.116163372993469238e-01 3.447488695383071899e-02
3.659615218639373779e-01 6.806224584579467773e-01
4.184134304523468018e-01 5.484969019889831543e-01
9.147155880928039551e-01 6.370776891708374023e-01
6.118250489234924316e-01 9.290881752967834473e-01
8.377526402473449707e-01 4.989316463470458984e-01
7.966219782829284668e-01 8.500089049339294434e-01
8.840543031692504883e-01 9.404810070991516113e-01
1.795429587364196777e-01 9.701692461967468262e-01
2.636935412883758545e-01 6.179333850741386414e-02
7.211689352989196777e-01 6.622632741928100586e-01
3.600868582725524902e-01 5.914488434791564941e-01
1.632479727268218994e-01 9.657388925552368164e-01
9.606714844703674316e-01 4.866183996200561523e-01
3.361757695674896240e-01 8.373062610626220703e-01
4.088133275508880615e-01 5.592879652976989746e-01
5.348353981971740723e-01 8.818902969360351562e-01
8.304896354675292969e-01 7.104556560516357422e-01
8.253104090690612793e-01 8.430140018463134766e-01
7.941932082176208496e-01 6.768636107444763184e-01
7.506892681121826172e-01 1.135975029319524765e-02
9.318944811820983887e-01 3.851304054260253906e-01
2.083159983158111572e-01 7.854391336441040039e-01
3.021424412727355957e-01 2.164777368307113647e-01
8.119567036628723145e-01 3.557177484035491943e-01
9.228904843330383301e-01 1.250678207725286484e-03
2.963013760745525360e-02 1.898307353258132935e-01
6.603863239288330078e-01 1.451952010393142700e-01
2.827727794647216797e-01 9.334523081779479980e-01
9.717150926589965820e-01 6.705734133720397949e-01
8.891434073448181152e-01 5.223160982131958008e-01
6.170044541358947754e-01 2.098735123872756958e-01
7.898256182670593262e-01 6.006031632423400879e-01
5.813114643096923828e-01 5.986739993095397949e-01
6.947070360183715820e-01 3.956149816513061523e-01
4.506624937057495117e-01 1.664289236068725586e-01
9.991049766540527344e-01 5.679494142532348633e-01
8.944506645202636719e-01 8.582499027252197266e-01
7.534556388854980469e-01 8.642248809337615967e-02
9.098160862922668457e-01 9.588140249252319336e-01
2.013226151466369629e-01 9.972612261772155762e-01
4.581095278263092041e-01 6.509903073310852051e-01
8.018817901611328125e-01 2.475071996450424194e-01
8.534012436866760254e-01 4.314013719558715820e-01
7.870819568634033203e-01 8.854860663414001465e-01
2.360774725675582886e-01 5.727946758270263672e-01
9.805344939231872559e-01 4.922715947031974792e-03
6.565340161323547363e-01 4.752268493175506592e-01
8.959906101226806641e-01 4.353646337985992432e-01
9.148255586624145508e-01 6.412547230720520020e-01
6.804962158203125000e-01 5.679831504821777344e-01
4.911647439002990723e-01 4.640944004058837891e-01
5.369650125503540039e-01 6.176769733428955078e-01
3.377219140529632568e-01 4.931186884641647339e-02
5.384679436683654785e-01 8.287268574349582195e-04
7.909660935401916504e-01 2.206782251596450806e-01
5.494760870933532715e-01 2.150153517723083496e-01
4.529599249362945557e-01 3.119498491287231445e-01
2.618819475173950195e-01 2.476502060890197754e-01
3.256274759769439697e-01 5.049238204956054688e-01
5.932109355926513672e-01 6.601227521896362305e-01
7.062770128250122070e-01 3.025068938732147217e-01
9.367957115173339844e-01 4.491188228130340576e-01
6.757881045341491699e-01 4.675722718238830566e-01
6.045925617218017578e-01 2.162051647901535034e-01
8.517957925796508789e-01 5.990113615989685059e-01
9.110780358314514160e-01 9.653752446174621582e-01
3.883603811264038086e-01 2.303502857685089111e-01
7.772738933563232422e-01 2.902666330337524414e-01
8.773571252822875977e-01 8.024461865425109863e-01
6.759315729141235352e-01 1.905462145805358887e-01
8.803100585937500000e-01 7.653630375862121582e-01
5.058295726776123047e-01 3.137452304363250732e-01
4.121388792991638184e-01 5.113615393638610840e-01
8.246625065803527832e-01 8.587003946304321289e-01
1.316550653427839279e-02 9.772211313247680664e-01
8.054003119468688965e-01 7.455617189407348633e-01
4.095431566238403320e-01 2.506775259971618652e-01
9.855939149856567383e-01 3.331589102745056152e-01
5.821548700332641602e-01 5.070256590843200684e-01
5.683388710021972656e-01 7.758576869964599609e-01
9.338909387588500977e-01 3.482089638710021973e-01
5.888986587524414062e-01 1.258360147476196289e-01
4.070471525192260742e-01 9.994334541261196136e-03
7.239848971366882324e-01 7.471192479133605957e-01
4.794025421142578125e-01 5.316258668899536133e-01
7.994765639305114746e-01 9.444574713706970215e-01
1.231154650449752808e-01 1.162928715348243713e-01
9.830005764961242676e-01 7.786379456520080566e-01
5.427266955375671387e-01 8.220577836036682129e-01
6.976142525672912598e-01 1.670151054859161377e-01
5.949986577033996582e-01 7.633897662162780762e-01
6.033481359481811523e-01 6.588543057441711426e-01
5.253533720970153809e-01 7.389124631881713867e-01
6.194264888763427734e-01 1.356865912675857544e-01
5.380484461784362793e-01 1.531858891248703003e-01
5.253425836563110352e-01 3.284052014350891113e-01
6.292272210121154785e-01 9.678738713264465332e-01
8.085386157035827637e-01 2.585120797157287598e-01
5.593891143798828125e-01 8.649063706398010254e-01
2.071075886487960815e-01 3.267619311809539795e-01
5.741912722587585449e-01 7.466619014739990234e-01
2.231252491474151611e-01 3.527572751045227051e-01
9.023883193731307983e-02 2.164206951856613159e-01
3.064582943916320801e-01 7.889936566352844238e-01
2.115197777748107910e-01 6.789643764495849609e-01
4.062092900276184082e-01 8.054242730140686035e-01
6.370557546615600586e-01 1.818902939558029175e-01
5.258527398109436035e-01 5.490152239799499512e-01
6.839937567710876465e-01 9.788533449172973633e-01
7.457274198532104492e-01 7.321329414844512939e-02
6.425796151161193848e-01 2.239180952310562134e-01
1.450947672128677368e-01 2.234077006578445435e-01
5.147222876548767090e-01 3.328652381896972656e-01
8.593241125345230103e-02 5.571948885917663574e-01
3.855168521404266357e-01 3.752173781394958496e-01
3.859161138534545898e-01 1.909951865673065186e-02
6.084115058183670044e-02 8.198354244232177734e-01
9.213877916336059570e-01 9.356909990310668945e-01
1.375028342008590698e-01 9.943444132804870605e-01
5.820651054382324219e-01 3.778635710477828979e-02
1.462782323360443115e-01 2.392360121011734009e-01
7.833859324455261230e-01 3.992143869400024414e-01
7.459725737571716309e-01 4.413546919822692871e-01
4.435513615608215332e-01 6.058816909790039062e-01
8.685373067855834961e-01 8.383179306983947754e-01
6.573056578636169434e-01 9.860149621963500977e-01
6.389571726322174072e-02 7.141344547271728516e-01
7.178723216056823730e-01 4.636123180389404297e-01
9.140482544898986816e-01 1.979930251836776733e-01
3.384519815444946289e-01 8.485712409019470215e-01
6.009641289710998535e-01 1.850637197494506836e-01
6.332552433013916016e-01 7.802861332893371582e-01
5.599499344825744629e-01 6.047697067260742188e-01
9.246224164962768555e-02 9.113702774047851562e-01
2.033427059650421143e-01 5.587886571884155273e-01
9.819261431694030762e-01 9.473910331726074219e-01
8.978289961814880371e-01 5.751828551292419434e-01
4.526589473243802786e-04 7.402554750442504883e-01
4.795992374420166016e-01 7.896645665168762207e-01
9.008669257164001465e-01 7.046657055616378784e-02
8.539391160011291504e-01 8.365889787673950195e-01
1.304505467414855957e-01 9.322205781936645508e-01
7.761245369911193848e-01 3.394123017787933350e-01
7.242096066474914551e-01 1.877172291278839111e-01
4.035838842391967773e-01 1.927149742841720581e-01
2.700948715209960938e-01 3.934399187564849854e-01
2.863010577857494354e-02 3.620280027389526367e-01
9.682633280754089355e-01 8.947857618331909180e-01
9.939345717430114746e-01 7.403651475906372070e-01
3.916355967521667480e-01 9.461284279823303223e-01
5.515871047973632812e-01 6.290392577648162842e-02
6.385474205017089844e-01 1.574682593345642090e-01
5.673338174819946289e-01 9.879961013793945312e-01
7.082338333129882812e-01 6.019917726516723633e-01
1.324915289878845215e-01 5.025504231452941895e-01
1.430933475494384766e-01 9.575660228729248047e-01
9.903414249420166016e-01 4.556038677692413330e-01
8.066696524620056152e-01 1.095390543341636658e-01
1.581979691982269287e-01 1.479009985923767090e-01
9.066807627677917480e-01 4.173047244548797607e-01
2.136533260345458984e-01 2.036420851945877075e-01
7.937068343162536621e-01 5.566873550415039062e-01
2.452947497367858887e-01 2.159582376480102539e-01
6.404388546943664551e-01 1.691105365753173828e-01
4.562817513942718506e-01 2.664228975772857666e-01
9.749406576156616211e-01 8.066667318344116211e-01
2.134422063827514648e-01 8.195527195930480957e-01
4.386303424835205078e-01 9.897417426109313965e-01
6.823244690895080566e-01 5.950835943222045898e-01
5.670768022537231445e-01 3.307351171970367432e-01
5.753974318504333496e-01 7.437716126441955566e-01
9.399817585945129395e-01 5.217972993850708008e-01
1.416606158018112183e-01 9.094442725181579590e-01
9.444338679313659668e-01 9.237911701202392578e-01
6.122651100158691406e-01 4.001413285732269287e-01
5.750933289527893066e-01 4.661747515201568604e-01
1.671459823846817017e-01 9.500860571861267090e-01
4.335862696170806885e-01 1.390502750873565674e-01
4.283590614795684814e-01 3.330560624599456787e-01
1.893224269151687622e-01 2.937872111797332764e-01
1.203505471348762512e-01 1.925344020128250122e-01
1.158330887556076050e-01 9.270976781845092773e-01
5.837324857711791992e-01 1.422550529241561890e-02
8.086833357810974121e-01 9.839711338281631470e-02
6.411734223365783691e-01 3.427309989929199219e-01
3.749181926250457764e-01 9.328351616859436035e-01
2.472140826284885406e-02 5.510100722312927246e-01
5.281242728233337402e-01 1.467407941818237305e-01
9.316368699073791504e-01 2.608353197574615479e-01
7.836838364601135254e-01 7.815505266189575195e-01
8.736996650695800781e-01 6.010550856590270996e-01
9.759855270385742188e-01 7.459432631731033325e-02
8.149435520172119141e-01 5.590077638626098633e-01
3.122359700500965118e-02 8.364547044038772583e-02
9.109547734260559082e-01 4.839085936546325684e-01
5.221925377845764160e-01 2.385860830545425415e-01
7.519116401672363281e-01 4.244937896728515625e-01
5.901570320129394531e-01 4.557448625564575195e-01
4.416427314281463623e-01 9.829288125038146973e-01
1.742105931043624878e-01 7.076589763164520264e-02
8.615051954984664917e-02 9.781252145767211914e-01
8.500725030899047852e-01 5.469959229230880737e-02
2.373127937316894531e-01 5.723802447319030762e-01
4.609801471233367920e-01 3.935213983058929443e-01
9.047470688819885254e-01 5.832654237747192383e-01
8.838992118835449219e-01 2.953871898353099823e-02
1.082946509122848511e-01 3.081533871591091156e-02
6.784163117408752441e-01 2.885631620883941650e-01
6.133400201797485352e-01 2.306203357875347137e-02
8.231473714113235474e-02 3.382346928119659424e-01
9.781056642532348633e-01 7.307143211364746094e-01
5.259888172149658203e-01 9.378157258033752441e-01
6.790076494216918945e-01 5.320560932159423828e-01
9.842851758003234863e-01 8.893333673477172852e-01
3.782523274421691895e-01 7.585111260414123535e-02
3.769640624523162842e-02 2.192842662334442139e-01
6.028070449829101562e-01 6.088007688522338867e-01
7.164298892021179199e-01 4.027526080608367920e-01
7.469207048416137695e-01 9.934138655662536621e-01
5.963808298110961914e-01 3.679425120353698730e-01
6.359748244285583496e-01 5.851090550422668457e-01
6.459177285432815552e-02 7.127195000648498535e-01
9.584593772888183594e-01 9.213320612907409668e-01
4.931988716125488281e-01 9.796367287635803223e-01
9.499658346176147461e-01 7.843335866928100586e-01
5.789074301719665527e-01 6.194048523902893066e-01
6.682636737823486328e-01 6.788341403007507324e-01
9.890092015266418457e-01 1.424865871667861938e-01
3.662484884262084961e-01 7.551646232604980469e-02
5.352712273597717285e-01 8.012709617614746094e-01
2.585995793342590332e-01 5.050106644630432129e-01
9.441210627555847168e-01 6.047518253326416016e-01
8.265451788902282715e-01 5.486221313476562500e-01
3.297888934612274170e-01 3.690089881420135498e-01
3.722976744174957275e-01 6.849863380193710327e-02
6.232901811599731445e-01 6.533316373825073242e-01
6.334248185157775879e-01 9.289360642433166504e-01
4.999967515468597412e-01 5.777197480201721191e-01
9.242212772369384766e-01 8.663807511329650879e-01
5.880100727081298828e-01 6.458197236061096191e-01
7.486736774444580078e-01 4.440816342830657959e-01
5.260133147239685059e-01 2.855974733829498291e-01
7.538166642189025879e-01 9.124169945716857910e-01
8.807117938995361328e-01 7.334226965904235840e-01
8.832938075065612793e-01 4.731425940990447998e-01
9.269596934318542480e-01 8.634420037269592285e-01
1.608818173408508301e-01 9.540770947933197021e-02
4.377322196960449219e-01 1.887205541133880615e-01
6.546643972396850586e-01 1.587376296520233154e-01
5.959321856498718262e-01 1.899732798337936401e-01
5.523344874382019043e-01 2.637260593473911285e-02
2.062242180109024048e-01 5.997852683067321777e-01
3.226940333843231201e-02 3.057117462158203125e-01
2.086010277271270752e-01 1.064726188778877258e-01
4.244694486260414124e-02 5.180256366729736328e-01
6.394224762916564941e-01 3.604998886585235596e-01
5.194324254989624023e-01 1.626097410917282104e-01
5.561848357319831848e-02 5.869730561971664429e-02
5.316734910011291504e-01 8.015648722648620605e-01
8.186816573143005371e-01 8.449707627296447754e-01
9.238829016685485840e-01 4.880156219005584717e-01
9.131374955177307129e-01 7.624714970588684082e-01
8.053863048553466797e-01 4.836291968822479248e-01
5.309792160987854004e-01 2.791028916835784912e-01
8.742203712463378906e-01 6.447488069534301758e-01
5.527651906013488770e-01 5.574800968170166016e-01
5.036413669586181641e-01 6.236832737922668457e-01
3.870961368083953857e-01 8.976092338562011719e-01
1.120633725076913834e-02 8.075515627861022949e-01
1.295388787984848022e-01 3.800807893276214600e-01
7.108593583106994629e-01 9.155675768852233887e-01
9.672080725431442261e-02 4.370979964733123779e-01
4.097610116004943848e-01 4.342503249645233154e-01
6.200917363166809082e-01 7.168375253677368164e-01
9.707379937171936035e-01 6.138204932212829590e-01
2.575149834156036377e-01 2.354982495307922363e-01
2.993820905685424805e-01 7.290835380554199219e-01
1.411481648683547974e-01 4.804677069187164307e-01
6.710785031318664551e-01 9.594502449035644531e-01
6.654340028762817383e-01 7.161530852317810059e-02
2.495266795158386230e-01 1.276759207248687744e-01
2.794980704784393311e-01 4.328368604183197021e-01
7.931566834449768066e-01 4.029381573200225830e-01
2.621394097805023193e-01 6.905373930931091309e-01
2.798317745327949524e-02 4.116783142089843750e-01
1.142235100269317627e-01 2.518220841884613037e-01
3.275063633918762207e-01 9.152076840400695801e-01
2.371171116828918457e-01 1.442222893238067627e-01
7.858414649963378906e-01 2.770065963268280029e-01
6.456578373908996582e-01 9.388484954833984375e-01
7.768827080726623535e-01 5.857853889465332031e-01
1.979783028364181519e-01 5.859310626983642578e-01
8.953791260719299316e-01 9.382409453392028809e-01
1.459118276834487915e-01 6.539641320705413818e-02
8.058247566223144531e-01 8.682421445846557617e-01
6.454740166664123535e-01 9.960134625434875488e-01
2.151494771242141724e-01 5.979207754135131836e-01
7.383468151092529297e-01 8.181550502777099609e-01
7.678570747375488281e-01 4.542575478553771973e-01
5.887070894241333008e-01 6.338209509849548340e-01
5.465713143348693848e-01 5.219821929931640625e-01
6.729333400726318359e-01 7.384636998176574707e-01
7.318195104598999023e-01 9.167652130126953125e-01
9.800024628639221191e-01 4.674663245677947998e-01
7.597297430038452148e-01 1.556995362043380737e-01
3.100391328334808350e-01 4.930861592292785645e-01
7.981441020965576172e-01 2.451073974370956421e-01
2.078076750040054321e-01 5.024886727333068848e-01
3.601279258728027344e-01 6.068527102470397949e-01
5.426712036132812500e-01 7.851313948631286621e-01
7.663341760635375977e-01 6.107491254806518555e-01
1.752873510122299194e-01 4.866222143173217773e-01
8.016402125358581543e-01 6.420547366142272949e-01
9.805153012275695801e-01 7.809187769889831543e-01
4.810559153556823730e-01 3.426165282726287842e-01
1.413352191448211670e-01 6.901529431343078613e-01
8.904932141304016113e-01 8.535866737365722656e-01
2.882373631000518799e-01 4.074740409851074219e-01
2.743482291698455811e-01 2.538481056690216064e-01
7.466565370559692383e-01 9.463174343109130859e-01
7.015351057052612305e-01 2.397799044847488403e-01
2.171401828527450562e-01 8.541656136512756348e-01
6.305483579635620117e-01 7.508548498153686523e-01
2.510143071413040161e-02 2.473212033510208130e-01
6.484166979789733887e-01 6.635799407958984375e-01
1.522634178400039673e-01 3.650190234184265137e-01
7.749391198158264160e-01 3.480589389801025391e-01
6.093806028366088867e-01 1.361771970987319946e-01
9.879925847053527832e-01 7.063608616590499878e-02
2.993858158588409424e-01 2.284249961376190186e-01
3.413291573524475098e-01 2.035283893346786499e-01
5.387309789657592773e-01 3.538995385169982910e-01
1.431059390306472778e-01 3.169311210513114929e-02
7.354311347007751465e-01 9.678547978401184082e-01
9.079748988151550293e-01 7.973735332489013672e-01
2.508660554885864258e-01 8.092527091503143311e-02
1.670963168144226074e-01 7.215712070465087891e-01
9.085263609886169434e-01 4.052002131938934326e-01
3.431521654129028320e-01 1.431249678134918213e-01
7.337983250617980957e-01 8.059715032577514648e-01
6.620206236839294434e-01 1.464517414569854736e-01
7.371410131454467773e-01 7.170609831809997559e-01
9.014228582382202148e-01 8.952027559280395508e-01
4.005014002323150635e-01 8.628907799720764160e-01
6.246863603591918945e-01 8.091394305229187012e-01
4.932988584041595459e-01 4.284911751747131348e-01
4.765986204147338867e-01 6.863986849784851074e-01
5.798579454421997070e-01 1.228147223591804504e-01
9.429248571395874023e-01 8.954353332519531250e-01
5.829486250877380371e-01 8.409669995307922363e-01
9.783387780189514160e-01 6.127473711967468262e-01
9.974585175514221191e-01 7.016791105270385742e-01
7.770330309867858887e-01 9.746572971343994141e-01
7.128153443336486816e-01 4.711883068084716797e-01
8.624079227447509766e-01 9.016258120536804199e-01
1.242353469133377075e-01 1.017013490200042725e-01
9.734721183776855469e-01 5.756031870841979980e-01
9.581379890441894531e-01 3.520419001579284668e-01
5.919054746627807617e-01 7.352564334869384766e-01
9.415374994277954102e-01 4.524608552455902100e-01
6.412117481231689453e-01 8.146865963935852051e-01
1.937527358531951904e-01 4.364892542362213135e-01
3.912677466869354248e-01 6.760907173156738281e-01
9.140439629554748535e-01 2.887740731239318848e-01
9.340118169784545898e-01 1.334910392761230469e-01
7.000352740287780762e-01 8.762385845184326172e-01
5.247311666607856750e-02 7.805601954460144043e-01
6.578756570816040039e-01 9.680529236793518066e-01
6.257990002632141113e-02 8.041298985481262207e-01
6.847975254058837891e-01 5.964760780334472656e-01
6.415093541145324707e-01 8.306232690811157227e-01
3.599458038806915283e-01 5.968194007873535156e-01
6.589552164077758789e-01 3.921503424644470215e-01
8.903818130493164062e-01 1.870054453611373901e-01
4.095185995101928711e-01 2.168409973382949829e-01
5.799859166145324707e-01 3.870024383068084717e-01
3.362649381160736084e-01 8.474621921777725220e-02
4.397722482681274414e-01 4.866167902946472168e-01
4.065301716327667236e-01 2.430505156517028809e-01
2.577840685844421387e-01 7.278373837471008301e-01
2.088137716054916382e-02 2.527385950088500977e-02
9.065645337104797363e-01 9.679105877876281738e-01
6.828784942626953125e-01 2.949367761611938477e-01
5.067753195762634277e-01 9.093399643898010254e-01
4.788776934146881104e-01 6.622346490621566772e-02
6.967591643333435059e-01 8.821988701820373535e-01
5.225977301597595215e-01 1.296806633472442627e-01
2.525062114000320435e-02 1.245626881718635559e-01
2.290339320898056030e-01 7.988123297691345215e-01
9.350354075431823730e-01 7.301909327507019043e-01
9.617514014244079590e-01 7.214220762252807617e-01
2.135856747627258301e-01 2.498188801109790802e-02
3.710674047470092773e-01 8.931784629821777344e-01
2.945588715374469757e-02 6.476009488105773926e-01
6.917749643325805664e-01 2.302647829055786133e-01
7.575213313102722168e-01 8.031270503997802734e-01
9.761143922805786133e-01 1.009711772203445435e-01
2.745904326438903809e-01 8.824532032012939453e-01
5.753411650657653809e-01 8.441671133041381836e-01
4.641339778900146484e-01 6.987439095973968506e-02
6.249532699584960938e-01 5.726066231727600098e-01
1.278904676437377930e-01 8.937503099441528320e-01
2.993863821029663086e-01 3.554154932498931885e-01
1.389611512422561646e-01 6.546862721443176270e-01
1.770530492067337036e-01 7.166513800621032715e-01
6.013172864913940430e-01 1.301832497119903564e-01
5.496225953102111816e-01 4.147320091724395752e-01
7.735106945037841797e-01 9.945774674415588379e-01
5.426617860794067383e-01 7.830853462219238281e-01
7.010096311569213867e-02 7.159099578857421875e-01
8.582684993743896484e-01 5.039218664169311523e-01
8.879226446151733398e-01 7.922044396400451660e-01
9.416784346103668213e-02 7.214217185974121094e-01
7.293594479560852051e-01 3.624259233474731445e-01
6.152436137199401855e-01 7.083254456520080566e-01
7.552843689918518066e-01 3.710948526859283447e-01
7.434530258178710938e-01 6.424975991249084473e-01
1.339895725250244141e-01 6.355998516082763672e-01
4.319035708904266357e-01 6.202867627143859863e-01
4.925764501094818115e-01 5.066069960594177246e-01
2.159411758184432983e-01 7.125405073165893555e-01
9.009521603584289551e-01 9.503231644630432129e-01
4.118769466876983643e-01 9.246404767036437988e-01
9.187235236167907715e-01 4.443446993827819824e-01
4.256860911846160889e-01 6.562954187393188477e-01
6.645734310150146484e-01 1.897582858800888062e-01
4.859862625598907471e-01 5.823948383331298828e-01
4.781167805194854736e-01 5.834611132740974426e-03
2.162289619445800781e-01 9.123864769935607910e-01
6.981240510940551758e-01 2.675457000732421875e-01
4.203052520751953125e-01 6.141983717679977417e-02
8.195781111717224121e-01 1.936674714088439941e-01
1.042685732245445251e-01 3.648294508457183838e-01
8.942129462957382202e-02 2.473627477884292603e-01
5.317515879869461060e-02 8.908753395080566406e-01
8.526498079299926758e-01 9.961430430412292480e-01
7.953278422355651855e-01 4.591953158378601074e-01
2.705366313457489014e-01 8.254234790802001953e-01
5.006244778633117676e-01 6.233767271041870117e-01
1.917544156312942505e-01 5.163112878799438477e-01
1.946741789579391479e-01 4.559900760650634766e-01
7.396662831306457520e-01 4.296115040779113770e-01
1.035493537783622742e-01 2.644394934177398682e-01
8.113940954208374023e-01 7.271099090576171875e-01
1.698824018239974976e-01 5.902190208435058594e-01
9.799182415008544922e-01 7.932810187339782715e-01
5.374047160148620605e-01 4.485657513141632080e-01
8.054639101028442383e-01 2.603429369628429413e-02
7.900775074958801270e-01 9.007917642593383789e-01
9.386097192764282227e-01 9.877945184707641602e-01
5.723236799240112305e-01 6.321210861206054688e-01
8.724219202995300293e-01 7.099685668945312500e-01
4.719121456146240234e-01 4.296727776527404785e-01
6.929681897163391113e-01 9.193250536918640137e-01
5.645574331283569336e-01 9.270065426826477051e-01
8.181067705154418945e-01 3.567201197147369385e-01
3.484044075012207031e-01 8.577584028244018555e-01
8.352966308593750000e-01 5.711971521377563477e-01
4.907429218292236328e-01 9.264997243881225586e-01
9.103589653968811035e-01 7.830575108528137207e-01
4.143788665533065796e-02 2.199207544326782227e-01
4.219590723514556885e-01 4.458577930927276611e-02
9.575487375259399414e-01 2.883001863956451416e-01
1.922848075628280640e-01 1.916482597589492798e-01
9.879501909017562866e-02 5.397636890411376953e-01
6.534222960472106934e-01 6.561322212219238281e-01
3.006074726581573486e-01 2.010315470397472382e-02
9.457754343748092651e-02 9.236001968383789062e-02
3.972525894641876221e-01 8.665022850036621094e-01
3.567216694355010986e-01 7.626236081123352051e-01
4.034271240234375000e-01 5.973268151283264160e-01
8.738205432891845703e-01 4.454240500926971436e-01
9.943339228630065918e-01 6.347014904022216797e-01
2.970852255821228027e-01 1.916341856122016907e-02
9.333475828170776367e-01 2.187574207782745361e-01
7.848680019378662109e-01 2.965906560420989990e-01
9.173142910003662109e-01 7.086884379386901855e-01
4.254647791385650635e-01 3.598554134368896484e-01
7.311110496520996094e-01 8.059301376342773438e-01
6.124160885810852051e-01 8.972675800323486328e-01
7.713163495063781738e-01 5.978041887283325195e-01
8.720462918281555176e-01 6.072649359703063965e-01
1.285872906446456909e-01 9.195059537887573242e-01
5.498874559998512268e-02 8.958949893712997437e-02
9.752252697944641113e-01 5.221676826477050781e-01
1.547302864491939545e-02 3.738522157073020935e-02
3.449775278568267822e-01 2.737052142620086670e-01
7.900426983833312988e-01 4.652528464794158936e-01
7.159757614135742188e-01 4.289820194244384766e-01
3.224703967571258545e-01 8.279914855957031250e-01
5.274940729141235352e-01 4.999070465564727783e-01
8.445434570312500000e-01 2.890082299709320068e-01
4.212183058261871338e-01 9.007751345634460449e-01
5.921123027801513672e-01 9.675291180610656738e-01
1.613579541444778442e-01 7.965143322944641113e-01
6.354917287826538086e-01 3.407094180583953857e-01
1.443850435316562653e-02 1.085866838693618774e-01
7.893227934837341309e-01 8.525157570838928223e-01
8.745006322860717773e-01 7.298117280006408691e-01
3.793607950210571289e-01 6.088997125625610352e-01
8.127543330192565918e-01 4.488233029842376709e-01
7.800537943840026855e-01 3.135300576686859131e-01
1.827382743358612061e-01 6.365779638290405273e-01
9.208559393882751465e-01 8.133523464202880859e-01
6.749730110168457031e-01 1.629659235477447510e-01
8.422158360481262207e-01 6.600717306137084961e-01
9.293827414512634277e-01 5.740558505058288574e-01
3.587216734886169434e-01 5.230621099472045898e-01
3.598456084728240967e-01 5.447085499763488770e-01
4.549475312232971191e-01 7.892909646034240723e-01
1.151712015271186829e-01 9.687739610671997070e-01
6.657049655914306641e-01 8.473109602928161621e-01
8.204748630523681641e-01 6.534451246261596680e-01
4.079630374908447266e-01 2.968305647373199463e-01
3.913369774818420410e-01 4.222275912761688232e-01
1.578053981065750122e-01 8.810929656028747559e-01
8.564717769622802734e-01 4.558433592319488525e-01
5.555099248886108398e-01 5.121845379471778870e-02
5.799944996833801270e-01 8.212113380432128906e-01
7.345645427703857422e-01 6.893333792686462402e-01
5.298296213150024414e-01 5.740039944648742676e-01
6.347381472587585449e-01 9.056166410446166992e-01
6.085612252354621887e-02 3.231283426284790039e-01
5.428686141967773438e-01 6.905912160873413086e-01
2.555465400218963623e-01 4.199332743883132935e-02
7.236464023590087891e-01 1.947560161352157593e-01
2.152731567621231079e-01 2.438488006591796875e-01
2.505245804786682129e-01 4.527062550187110901e-02
6.239263415336608887e-01 4.965076446533203125e-01
6.196212768554687500e-01 3.148809671401977539e-01
6.098030805587768555e-01 8.146305084228515625e-01
7.541635632514953613e-01 1.535250693559646606e-01
8.605340719223022461e-01 6.908160448074340820e-01
6.941450834274291992e-01 6.849430799484252930e-01
9.594163298606872559e-02 7.102833390235900879e-01
8.835553526878356934e-01 7.809535861015319824e-01
8.927135169506072998e-02 7.352113723754882812e-01
9.714627861976623535e-01 3.297395110130310059e-01
4.310919642448425293e-01 3.095302283763885498e-01
2.135487049818038940e-01 2.915214002132415771e-01
7.762005329132080078e-01 3.778243064880371094e-01
7.237444818019866943e-02 1.930278092622756958e-01
8.923877477645874023e-01 1.808035969734191895e-01
5.778437852859497070e-01 8.115116357803344727e-01
8.200449943542480469e-01 5.850121974945068359e-01
3.780830800533294678e-01 8.919129967689514160e-01
7.082520723342895508e-01 9.044144749641418457e-01
4.611432552337646484e-01 9.699736833572387695e-01
3.171977102756500244e-01 9.576287269592285156e-01
6.658538579940795898e-01 6.361925601959228516e-01
3.588461279869079590e-01 6.615070998668670654e-02
6.778824329376220703e-02 5.750920176506042480e-01
7.046036720275878906e-01 8.859776854515075684e-01
4.603171348571777344e-02 5.013957023620605469e-01
1.650595813989639282e-01 6.759408116340637207e-01
2.191938646137714386e-02 2.515071928501129150e-01
5.317217111587524414e-01 1.912780702114105225e-01
8.544502258300781250e-01 6.529549956321716309e-01
3.063712716102600098e-01 2.639780640602111816e-01
3.607388436794281006e-01 9.739347696304321289e-01
3.161267340183258057e-01 8.970693945884704590e-01
8.007731437683105469e-01 1.759203821420669556e-01
2.579147815704345703e-01 3.976559937000274658e-01
8.582057803869247437e-02 1.787615418434143066e-01
7.105458974838256836e-01 2.690605819225311279e-01
9.694998264312744141e-01 4.434166848659515381e-01
9.270120263099670410e-01 1.191844195127487183e-01
5.982250571250915527e-01 6.381950378417968750e-01
9.005011320114135742e-01 4.807442128658294678e-01
2.972928583621978760e-01 6.793192028999328613e-01
8.926016688346862793e-01 7.516239881515502930e-01
8.925068974494934082e-01 5.245698690414428711e-01
9.010999798774719238e-01 7.427961826324462891e-01
5.472559332847595215e-01 9.735686779022216797e-01
7.800065875053405762e-01 7.044439762830734253e-02
6.936966776847839355e-01 1.631449311971664429e-01
3.588418364524841309e-01 1.008694395422935486e-01
2.854336798191070557e-01 2.945371270179748535e-01
6.960102915763854980e-01 7.678918242454528809e-01
8.597947359085083008e-01 6.330735683441162109e-01
5.121247172355651855e-01 7.993491291999816895e-01
8.514008522033691406e-01 6.533422321081161499e-02
7.077573537826538086e-01 2.496449649333953857e-01
2.226776182651519775e-01 6.363985538482666016e-01
8.030642271041870117e-01 8.382871747016906738e-01
8.206223249435424805e-01 3.148258328437805176e-01
1.766368895769119263e-01 9.416952133178710938e-01
9.592256546020507812e-01 4.221088290214538574e-01
3.299685418605804443e-01 1.294379234313964844e-01
1.309733986854553223e-01 4.817738831043243408e-01
4.721237719058990479e-01 7.813043594360351562e-01
1.135743688791990280e-02 7.921704649925231934e-01
6.774804592132568359e-01 9.774650931358337402e-01
1.598585546016693115e-01 3.359017372131347656e-01
3.706893324851989746e-02 3.990372121334075928e-01
4.714343249797821045e-01 8.795955181121826172e-01
6.872392296791076660e-01 6.202123165130615234e-01
7.726616859436035156e-01 9.307532310485839844e-01
5.986196398735046387e-01 3.418451845645904541e-01
6.450451016426086426e-01 7.197927236557006836e-01
8.587158918380737305e-01 6.438303589820861816e-01
4.148867130279541016e-01 4.227525591850280762e-01
6.358166933059692383e-01 4.583402276039123535e-01
8.298401236534118652e-01 5.467036366462707520e-01
7.315402030944824219e-01 9.986926317214965820e-01
2.214910089969635010e-01 1.420692503452301025e-01
9.404404759407043457e-01 4.280555546283721924e-01
6.955050826072692871e-01 8.369115591049194336e-01
6.038587912917137146e-02 6.652830839157104492e-01
1.823142170906066895e-01 1.246699541807174683e-01
7.801947593688964844e-01 7.366167306900024414e-01
5.573140382766723633e-01 6.439309120178222656e-01
3.179776370525360107e-01 6.161747574806213379e-01
5.808181762695312500e-01 6.300354599952697754e-01
4.118952453136444092e-01 3.154620230197906494e-01
2.704476416110992432e-01 9.310637712478637695e-01
2.916187942028045654e-01 5.935606956481933594e-01
7.080531716346740723e-01 1.270032078027725220e-01
6.966962814331054688e-01 7.494537830352783203e-01
3.973521888256072998e-01 1.471181511878967285e-01
6.278929710388183594e-01 9.016562104225158691e-01
4.701054394245147705e-01 5.022724270820617676e-01
8.577777445316314697e-02 8.204521238803863525e-02
2.177324891090393066e-01 4.121695160865783691e-01
7.172035574913024902e-01 9.553222060203552246e-01
7.043132185935974121e-01 6.863923668861389160e-01
6.969497799873352051e-01 2.934033274650573730e-01
5.229080319404602051e-01 6.122832298278808594e-01
7.549694180488586426e-01 7.372383475303649902e-01
7.174612879753112793e-01 5.266578495502471924e-02
1.323115825653076172e-01 5.575762987136840820e-01
4.358100295066833496e-01 2.219491004943847656e-01
8.782037496566772461e-01 8.509480357170104980e-01
2.247068285942077637e-01 2.832385301589965820e-01
4.725131094455718994e-01 1.573401540517807007e-01
5.707939863204956055e-01 3.766214549541473389e-01
4.088058769702911377e-01 2.495420873165130615e-01
4.913660883903503418e-01 8.697032332420349121e-01
9.371736645698547363e-01 3.399446904659271240e-01
8.653832674026489258e-01 7.390633821487426758e-01
5.459073185920715332e-01 1.402315199375152588e-01
7.356492877006530762e-01 2.378567159175872803e-01
9.161005020141601562e-01 6.687703728675842285e-01
2.877613306045532227e-01 4.138196706771850586e-01
1.315479818731546402e-02 1.734589934349060059e-01
6.628746390342712402e-01 8.182322382926940918e-01
3.147845864295959473e-01 9.560657143592834473e-01
7.207561731338500977e-01 4.797400534152984619e-01
4.114181697368621826e-01 7.888175249099731445e-01
2.052726447582244873e-01 5.895916372537612915e-02
4.091300815343856812e-02 8.920439481735229492e-01
5.803687572479248047e-01 4.711850583553314209e-01
3.248450458049774170e-01 7.632282972335815430e-01
4.985917210578918457e-01 2.755546569824218750e-01
2.611466944217681885e-01 6.459980010986328125e-01
7.165251374244689941e-01 9.777318239212036133e-01
5.030196905136108398e-01 2.732947766780853271e-01
9.007009863853454590e-01 5.648435950279235840e-01
5.237313508987426758e-01 8.528795242309570312e-01
8.987265825271606445e-01 6.436881143599748611e-03
4.238763749599456787e-01 1.098692491650581360e-01
7.214163541793823242e-01 1.671073287725448608e-01
3.955383598804473877e-01 8.758335113525390625e-01
4.506685435771942139e-01 6.516104191541671753e-02
9.427345991134643555e-01 4.816556349396705627e-03
8.671523332595825195e-01 8.330373764038085938e-01
9.503964185714721680e-01 1.766514629125595093e-01
4.752842783927917480e-01 7.116508483886718750e-01
8.159076571464538574e-01 2.255955338478088379e-01
2.735773622989654541e-01 3.405080139636993408e-01
9.548513889312744141e-01 9.030629992485046387e-01
8.469712734222412109e-01 1.125900894403457642e-01
5.828763246536254883e-01 1.519804447889328003e-01
7.944071292877197266e-01 8.797096014022827148e-01
9.697753787040710449e-01 6.871477365493774414e-01
1.744952946901321411e-01 9.388107657432556152e-01
5.533358454704284668e-01 8.841022849082946777e-01
9.287555217742919922e-01 7.737938165664672852e-01
1.541952937841415405e-01 2.068477123975753784e-01
3.122169524431228638e-02 4.131543040275573730e-01
4.660863280296325684e-01 9.746475815773010254e-01
7.918421626091003418e-01 5.241379141807556152e-01
1.112162768840789795e-01 4.917918741703033447e-01
3.211271464824676514e-01 1.598923802375793457e-01
3.320581316947937012e-01 8.680869340896606445e-01
5.833620429039001465e-01 3.666293621063232422e-01
9.591982364654541016e-01 9.219180941581726074e-01
7.126005291938781738e-01 3.251528739929199219e-01
5.034844875335693359e-01 8.564476370811462402e-01
5.959734320640563965e-01 1.087421104311943054e-01
2.297128885984420776e-01 5.683906748890876770e-02
6.751070618629455566e-01 4.841499924659729004e-01
3.195352256298065186e-01 3.830476701259613037e-01
6.025878787040710449e-01 6.033164262771606445e-01
4.332930445671081543e-01 6.332925558090209961e-01
1.484921872615814209e-01 1.112356111407279968e-01
2.329577803611755371e-01 7.174125909805297852e-01
9.443874955177307129e-01 3.883202075958251953e-01
2.392200976610183716e-01 6.706836819648742676e-01
7.395164370536804199e-01 2.197399437427520752e-01
7.824836969375610352e-01 8.720145821571350098e-01
6.228686571121215820e-01 2.081061005592346191e-01
4.908619225025177002e-01 5.720300078392028809e-01
4.592409133911132812e-01 8.722965717315673828e-01
4.760022759437561035e-01 9.520583748817443848e-01
8.108611218631267548e-03 8.416657149791717529e-02
1.463910043239593506e-01 4.178313314914703369e-01
3.497427105903625488e-01 9.385909438133239746e-01
1.111607998609542847e-02 8.514721989631652832e-01
6.072655320167541504e-01 5.252978205680847168e-01
8.955616950988769531e-01 4.399601519107818604e-01
1.935867965221405029e-01 5.377652868628501892e-02
3.992881774902343750e-01 4.112159609794616699e-01
2.808634638786315918e-01 8.137392997741699219e-02
4.001308381557464600e-01 3.070802986621856689e-01
1.250593066215515137e-01 7.902219891548156738e-01
4.002054631710052490e-01 8.719685673713684082e-01
3.138873353600502014e-02 4.619558453559875488e-01
8.240756392478942871e-01 7.592129707336425781e-01
8.503434658050537109e-01 2.370736151933670044e-01
8.512257337570190430e-01 6.358009576797485352e-01
