4.981918931007385254e-01 6.123322844505310059e-01
2.625680565834045410e-01 6.310654282569885254e-01
3.657264411449432373e-01 5.728271007537841797e-01
1.888215243816375732e-01 8.317760229110717773e-01
1.423158943653106689e-01 8.157849907875061035e-01
4.785642921924591064e-01 3.027972877025604248e-01
5.624500513076782227e-01 8.876528143882751465e-01
2.201865240931510925e-02 4.875976741313934326e-01
7.164052724838256836e-01 3.380264937877655029e-01
3.820334076881408691e-01 8.496022224426269531e-02
1.973505765199661255e-01 4.005093574523925781e-01
6.706570982933044434e-01 2.382183223962783813e-01
8.338261842727661133e-01 1.638796627521514893e-01
5.240511894226074219e-01 4.581687450408935547e-01
5.561080574989318848e-02 3.092266321182250977e-01
1.507572978734970093e-01 8.332787454128265381e-02
4.227282702922821045e-01 7.864080667495727539e-01
5.764061212539672852e-01 8.879001140594482422e-01
2.826869189739227295e-01 1.101654246449470520e-01
4.051931798458099365e-01 7.472794055938720703e-01
7.790596485137939453e-01 9.909020662307739258e-01
6.124317049980163574e-01 8.274984955787658691e-01
5.069622993469238281e-01 3.484957665205001831e-02
5.900337100028991699e-01 5.957115292549133301e-01
4.235793948173522949e-01 5.035445690155029297e-01
3.328669965267181396e-01 8.410724252462387085e-02
3.999264240264892578e-01 5.209575295448303223e-01
3.424050509929656982e-01 9.840098023414611816e-01
2.207337319850921631e-01 2.307119369506835938e-01
6.976426243782043457e-01 3.131314814090728760e-01
8.513894081115722656e-01 8.275168389081954956e-02
1.871186345815658569e-01 4.368104934692382812e-01
4.127777218818664551e-01 1.903866827487945557e-01
6.622822284698486328e-01 2.632873356342315674e-01
2.093669921159744263e-01 4.959470927715301514e-01
1.263291686773300171e-01 9.544501900672912598e-01
1.677613854408264160e-01 6.816790699958801270e-01
5.942263603210449219e-01 5.193510651588439941e-01
8.219236731529235840e-01 3.632154762744903564e-01
5.895560383796691895e-01 3.403890132904052734e-01
3.648793399333953857e-01 6.950625777244567871e-02
3.287058174610137939e-01 1.159000918269157410e-01
9.234337806701660156e-01 1.110073700547218323e-01
6.403992176055908203e-01 7.445023059844970703e-01
5.136647224426269531e-01 8.740250468254089355e-01
3.106485903263092041e-01 2.426949739456176758e-01
5.615015029907226562e-01 1.770398169755935669e-01
2.033758908510208130e-01 5.165590643882751465e-01
4.094994664192199707e-01 8.266571164131164551e-01
1.857881098985671997e-01 2.021122127771377563e-01
1.023030653595924377e-01 1.569742523133754730e-02
6.254521757364273071e-02 8.879324197769165039e-01
7.529435157775878906e-01 1.845339983701705933e-01
4.647780656814575195e-01 1.846665516495704651e-02
3.155084848403930664e-01 8.974530100822448730e-01
2.914226651191711426e-01 3.520680069923400879e-01
6.185230016708374023e-01 8.778747320175170898e-01
9.498165249824523926e-01 9.047828316688537598e-01
7.841948270797729492e-01 1.954196393489837646e-01
7.044378519058227539e-01 3.275197148323059082e-01
3.490775227546691895e-01 6.088483929634094238e-01
8.512767553329467773e-01 7.896810770034790039e-01
1.822864115238189697e-01 1.774226725101470947e-01
2.182775437831878662e-01 1.545222289860248566e-02
2.417008429765701294e-01 8.699615001678466797e-01
7.346199452877044678e-02 2.810440659523010254e-01
7.122515439987182617e-01 5.162653923034667969e-01
4.404609203338623047e-01 1.503133475780487061e-01
6.557304859161376953e-01 7.608329057693481445e-01
7.662293314933776855e-01 2.170985639095306396e-01
5.609586462378501892e-02 7.870360612869262695e-01
9.008255004882812500e-01 8.304466605186462402e-01
7.297019958496093750e-01 2.338016927242279053e-01
7.522368431091308594e-01 1.049682218581438065e-02
9.252073168754577637e-01 6.624529361724853516e-01
8.221133351325988770e-01 1.387165188789367676e-01
9.820120334625244141e-01 6.932883858680725098e-01
2.834474742412567139e-01 1.372376978397369385e-01
9.469521045684814453e-01 8.857994675636291504e-01
1.656293720006942749e-01 4.213809072971343994e-01
8.081083893775939941e-01 9.069141745567321777e-01
4.716302752494812012e-01 7.499044388532638550e-02
6.468599438667297363e-01 4.008012712001800537e-01
2.009618729352951050e-01 4.019604921340942383e-01
7.128289341926574707e-01 4.000626802444458008e-01
4.378313571214675903e-02 5.959413051605224609e-01
3.924857079982757568e-01 4.478721022605895996e-01
4.185049533843994141e-01 6.483950018882751465e-01
1.751724183559417725e-01 5.818001031875610352e-01
8.041500449180603027e-01 5.395730733871459961e-01
9.644948840141296387e-01 8.053665161132812500e-01
6.399205327033996582e-01 4.343304038047790527e-01
1.072420105338096619e-01 5.599663853645324707e-01
2.366746217012405396e-01 2.085126787424087524e-01
4.399119913578033447e-01 4.894720911979675293e-01
3.993036746978759766e-01 1.170360147953033447e-01
7.097356319427490234e-01 4.966545403003692627e-01
2.383965253829956055e-01 9.340613484382629395e-01
4.546594917774200439e-01 4.207001924514770508e-01
1.084097027778625488e-01 8.645574450492858887e-01
2.899619638919830322e-01 9.309899210929870605e-01
5.650566890835762024e-02 2.931197732686996460e-02
9.382344782352447510e-02 6.746040582656860352e-01
3.715188503265380859e-01 6.167631223797798157e-02
4.339416325092315674e-01 9.135479480028152466e-02
7.218441963195800781e-01 7.662117481231689453e-01
4.196737408638000488e-01 3.304325640201568604e-01
9.287034869194030762e-01 8.561230301856994629e-01
4.969508647918701172e-01 4.533879458904266357e-01
9.014045596122741699e-01 7.014724016189575195e-01
5.805817842483520508e-01 3.208649456501007080e-01
8.059222698211669922e-01 8.320320248603820801e-01
8.283608555793762207e-01 5.378140807151794434e-01
7.752171754837036133e-01 4.260706603527069092e-01
7.429656386375427246e-01 1.161243915557861328e-01
8.582473397254943848e-01 7.708460688591003418e-01
1.874016970396041870e-01 9.640119075775146484e-01
2.150986790657043457e-01 2.909991145133972168e-01
2.480755597352981567e-01 8.276447057723999023e-01
3.634859621524810791e-01 4.249417185783386230e-01
7.347669005393981934e-01 9.671811461448669434e-01
8.339923620223999023e-01 9.150604605674743652e-01
8.917226195335388184e-01 9.778721928596496582e-01
4.128659665584564209e-01 1.424798220396041870e-01
6.255850791931152344e-01 3.392605185508728027e-01
8.067857027053833008e-01 7.511751055717468262e-01
5.826764702796936035e-01 3.996154069900512695e-01
2.161351293325424194e-01 9.175760149955749512e-01
2.004103809595108032e-01 5.526242256164550781e-01
3.023153841495513916e-01 3.050234913825988770e-01
5.071454644203186035e-01 6.581062823534011841e-02
3.553619086742401123e-01 3.315158486366271973e-01
2.255037892609834671e-03 2.617076039314270020e-01
3.371149301528930664e-01 6.555314064025878906e-01
4.638960957527160645e-01 7.314730882644653320e-01
4.255188703536987305e-01 2.376289814710617065e-01
9.396334886550903320e-01 6.764661520719528198e-02
7.677518129348754883e-01 8.268141150474548340e-01
6.938946247100830078e-01 4.694236814975738525e-02
2.999318540096282959e-01 5.371658205986022949e-01
6.084709167480468750e-01 4.588200151920318604e-01
4.805671572685241699e-01 1.498771738260984421e-02
5.016328692436218262e-01 4.361066520214080811e-01
9.877321124076843262e-01 5.168092250823974609e-01
8.693584203720092773e-01 5.705429315567016602e-01
9.481624960899353027e-01 7.215355336666107178e-02
9.002235531806945801e-01 5.808617472648620605e-01
7.441712617874145508e-01 4.011020362377166748e-01
6.318747997283935547e-01 5.692565441131591797e-01
5.528795123100280762e-01 1.502438075840473175e-02
1.300357095897197723e-02 5.949881076812744141e-01
1.685433834791183472e-01 4.514734148979187012e-01
3.595813512802124023e-01 5.493109226226806641e-01
3.421166241168975830e-01 2.888502478599548340e-01
3.292465806007385254e-01 6.395602226257324219e-01
1.250463873147964478e-01 5.069372653961181641e-01
3.480808064341545105e-02 4.544213414192199707e-01
2.437747567892074585e-01 3.555384874343872070e-01
1.595252156257629395e-01 7.298110127449035645e-01
9.026753306388854980e-01 5.052812770009040833e-02
4.000857770442962646e-01 5.872467160224914551e-01
8.887382745742797852e-01 4.266638681292533875e-02
6.484936177730560303e-02 6.740891933441162109e-01
2.686966024339199066e-02 4.191162288188934326e-01
1.577081084251403809e-01 1.800099760293960571e-01
6.896285414695739746e-01 9.740318655967712402e-01
6.501245498657226562e-02 4.059584140777587891e-01
2.635077834129333496e-01 4.239345490932464600e-01
5.651739835739135742e-01 9.264476895332336426e-01
2.913332879543304443e-01 6.131452322006225586e-01
2.462596446275711060e-01 2.684064805507659912e-01
4.624906480312347412e-01 9.114113450050354004e-01
4.454751014709472656e-01 2.185818552970886230e-02
8.343970775604248047e-01 5.488250255584716797e-01
7.838197350502014160e-01 7.680619359016418457e-01
2.098565995693206787e-01 8.287144899368286133e-01
2.119732797145843506e-01 9.845345616340637207e-01
7.389940619468688965e-01 8.705715537071228027e-01
4.088124930858612061e-01 2.458469271659851074e-01
2.951066195964813232e-01 1.530010104179382324e-01
2.155525386333465576e-01 6.162018179893493652e-01
9.746869206428527832e-01 1.569038629531860352e-01
3.280835151672363281e-01 7.044194936752319336e-01
2.460919022560119629e-01 3.921846747398376465e-01
3.650223612785339355e-01 1.718536615371704102e-01
6.533357501029968262e-01 4.048854708671569824e-01
1.282274723052978516e-01 4.681769013404846191e-01
7.153684496879577637e-01 8.236849308013916016e-01
4.346657991409301758e-01 4.628600478172302246e-01
2.574791014194488525e-01 8.583693504333496094e-01
8.848906755447387695e-01 9.894916415214538574e-01
2.030277848243713379e-01 1.092015504837036133e-01
6.009140610694885254e-01 9.506968855857849121e-01
7.750070691108703613e-01 8.311089873313903809e-01
2.549885809421539307e-01 3.108404874801635742e-01
8.261714130640029907e-02 4.064625203609466553e-01
4.652056992053985596e-01 6.382315158843994141e-01
1.176175996661186218e-01 8.553546667098999023e-01
5.660331845283508301e-01 8.840106725692749023e-01
2.992496490478515625e-01 6.452461481094360352e-01
9.823873639106750488e-01 5.409830212593078613e-01
3.977504074573516846e-01 7.691639065742492676e-01
7.102218866348266602e-01 8.782042860984802246e-01
2.420486509799957275e-01 1.192174553871154785e-01
9.794227480888366699e-01 1.993941664695739746e-01
6.577346920967102051e-01 7.761256098747253418e-01
9.457052350044250488e-01 9.362343549728393555e-01
5.131561309099197388e-03 1.375263929367065430e-01
4.288395643234252930e-01 3.553518652915954590e-01
4.687542319297790527e-01 2.444503605365753174e-01
6.218171119689941406e-01 2.215326130390167236e-01
5.724357366561889648e-01 2.597774267196655273e-01
9.809429049491882324e-01 2.092392593622207642e-01
5.103953480720520020e-01 6.844532489776611328e-01
1.801933348178863525e-01 1.837076395750045776e-01
2.588561475276947021e-01 4.896371662616729736e-01
5.194343924522399902e-01 3.251139447093009949e-02
1.785760670900344849e-01 2.494409680366516113e-02
8.782741427421569824e-01 7.980791330337524414e-01
1.254100445657968521e-02 1.005863845348358154e-01
4.864595234394073486e-01 9.778043031692504883e-01
1.491159349679946899e-01 6.049925088882446289e-01
4.055812954902648926e-01 1.977961212396621704e-01
9.584739804267883301e-01 5.512210726737976074e-01
7.826058864593505859e-01 4.557843506336212158e-01
3.014250993728637695e-01 4.988144636154174805e-01
1.711019128561019897e-01 6.677948236465454102e-01
9.564185142517089844e-02 1.533083319664001465e-01
7.691045403480529785e-01 9.355781674385070801e-01
8.468881994485855103e-02 3.268512487411499023e-01
4.004867076873779297e-01 4.681055247783660889e-01
6.642343401908874512e-01 2.536102533340454102e-01
4.866833090782165527e-01 1.796421855688095093e-01
2.048229575157165527e-01 4.422252774238586426e-01
6.685891747474670410e-01 8.623293638229370117e-01
6.595041751861572266e-01 8.580485731363296509e-02
8.466165661811828613e-01 4.434164464473724365e-01
5.281070470809936523e-01 3.212442398071289062e-01
4.049330353736877441e-01 6.811674833297729492e-01
9.317626953125000000e-01 1.711456477642059326e-01
4.979898631572723389e-01 7.960001230239868164e-01
8.034560680389404297e-01 5.982143059372901917e-02
6.605070829391479492e-01 2.442199140787124634e-01
6.120654344558715820e-01 7.261223196983337402e-01
7.523155212402343750e-01 5.657105445861816406e-01
2.354502826929092407e-01 4.305707216262817383e-01
9.049865603446960449e-01 5.849611759185791016e-01
8.549341559410095215e-01 1.927520185708999634e-01
7.759950160980224609e-01 5.133929252624511719e-01
7.947544455528259277e-01 5.456719547510147095e-02
9.145650267601013184e-02 8.496351838111877441e-01
1.887043267488479614e-01 4.954352974891662598e-02
8.960517048835754395e-01 1.713192649185657501e-02
4.805178642272949219e-01 6.911341547966003418e-01
4.675998687744140625e-01 6.157481670379638672e-01
1.446829885244369507e-01 8.381626009941101074e-02
8.910027146339416504e-01 9.355752915143966675e-02
5.347607135772705078e-01 8.017265796661376953e-01
7.501165270805358887e-01 5.618116855621337891e-01
7.416896522045135498e-02 4.952536821365356445e-01
3.554571866989135742e-01 2.494079768657684326e-01
6.388927102088928223e-01 8.694859147071838379e-01
8.960602283477783203e-01 6.811188459396362305e-01
5.780040621757507324e-01 3.396392464637756348e-01
8.532129973173141479e-02 9.697893857955932617e-01
2.258781790733337402e-01 5.077133178710937500e-01
7.830179929733276367e-01 2.421942055225372314e-01
4.483310878276824951e-01 5.644427537918090820e-01
5.805874466896057129e-01 4.350701868534088135e-01
6.158128976821899414e-01 4.351572394371032715e-01
6.867725849151611328e-01 8.047681450843811035e-01
6.002296209335327148e-01 7.885535359382629395e-01
6.658245325088500977e-01 4.208517670631408691e-01
3.254728913307189941e-01 5.507378578186035156e-01
5.293888449668884277e-01 8.157703280448913574e-01
5.641416311264038086e-01 8.336617350578308105e-01
9.686841964721679688e-01 1.984066367149353027e-01
4.433172345161437988e-01 1.144692972302436829e-01
9.715686738491058350e-02 7.653435468673706055e-01
1.888853460550308228e-01 9.314461946487426758e-01
3.579668998718261719e-01 3.365711867809295654e-01
5.358035564422607422e-01 9.234318137168884277e-01
6.816655863076448441e-03 6.054720282554626465e-02
5.485318303108215332e-01 8.365281820297241211e-01
3.323562145233154297e-01 7.390011548995971680e-01
1.307015866041183472e-01 2.864081263542175293e-01
6.065321564674377441e-01 7.096791174262762070e-03
6.997393369674682617e-01 8.252092599868774414e-01
7.657533288002014160e-01 4.802410006523132324e-01
6.781245470046997070e-01 9.653270840644836426e-01
9.679025411605834961e-01 3.859025537967681885e-01
7.809768915176391602e-01 4.152533411979675293e-01
1.616043783724308014e-02 6.398976445198059082e-01
8.901247382164001465e-01 4.307390153408050537e-01
1.462783217430114746e-01 9.853677153587341309e-01
1.140169501304626465e-01 9.427061676979064941e-02
4.684157371520996094e-01 2.966105639934539795e-01
7.547322511672973633e-01 6.215037703514099121e-01
5.791827440261840820e-01 1.980712413787841797e-01
1.850877553224563599e-01 4.542223811149597168e-01
9.360447525978088379e-02 7.989870905876159668e-01
4.861673712730407715e-01 1.570464372634887695e-01
7.319139838218688965e-01 5.875269174575805664e-01
5.457126349210739136e-02 5.976050496101379395e-01
3.389439880847930908e-01 8.860099911689758301e-01
6.465728878974914551e-01 7.493394613265991211e-01
4.758025407791137695e-01 7.824814915657043457e-01
5.032237768173217773e-01 1.084331050515174866e-01
5.917559862136840820e-01 6.538785696029663086e-01
7.964008450508117676e-01 5.199130177497863770e-01
9.443172812461853027e-02 9.713709354400634766e-01
2.475315779447555542e-01 8.973724246025085449e-01
6.243902444839477539e-01 6.291010379791259766e-01
9.280884861946105957e-01 4.411259200423955917e-03
3.772808611392974854e-01 4.219060838222503662e-01
9.346542358398437500e-01 9.825874567031860352e-01
8.006433844566345215e-01 5.351372957229614258e-01
8.157356381416320801e-01 7.810077164322137833e-03
2.747875452041625977e-01 3.467935025691986084e-01
2.549291253089904785e-01 1.776284575462341309e-01
8.669143170118331909e-02 8.773293495178222656e-01
6.889358162879943848e-01 9.716151356697082520e-01
3.206915259361267090e-01 6.272108107805252075e-02
9.757512211799621582e-01 5.341788381338119507e-02
7.524634599685668945e-01 1.471055448055267334e-01
5.797346234321594238e-01 5.141977667808532715e-01
1.030932143330574036e-01 8.606681227684020996e-01
9.174903035163879395e-01 2.111983001232147217e-01
3.021392226219177246e-02 8.550764322280883789e-01
8.430634140968322754e-01 1.763824820518493652e-01
2.001977413892745972e-01 1.272651255130767822e-01
5.834199488162994385e-02 8.613523840904235840e-01
8.235771656036376953e-01 5.171176046133041382e-02
3.318640887737274170e-01 6.669837832450866699e-01
8.328895568847656250e-01 6.831020861864089966e-02
2.192037105560302734e-01 9.223966598510742188e-01
7.042017579078674316e-01 2.381791025400161743e-01
5.403896570205688477e-01 7.558152079582214355e-01
8.266834616661071777e-01 3.819659650325775146e-01
3.856223821640014648e-01 6.225212812423706055e-01
8.570688962936401367e-01 4.040333256125450134e-02
5.398789644241333008e-01 4.686232209205627441e-01
9.282639026641845703e-01 6.859614849090576172e-01
6.795949339866638184e-01 6.496130228042602539e-01
6.422196626663208008e-01 9.057545065879821777e-01
1.597854495048522949e-02 6.611523032188415527e-01
6.182557940483093262e-01 5.573707222938537598e-01
6.534662246704101562e-01 3.194589316844940186e-01
3.727207183837890625e-01 8.100339770317077637e-01
5.795331597328186035e-01 9.849466085433959961e-01
1.136535629630088806e-01 6.814383864402770996e-01
8.325846195220947266e-01 8.268357068300247192e-02
7.355312705039978027e-01 1.761665493249893188e-01
8.565277457237243652e-01 1.070980280637741089e-01
8.836764097213745117e-01 7.129381299018859863e-01
9.718338847160339355e-01 4.405387639999389648e-01
2.595514655113220215e-01 2.821246385574340820e-01
7.222307324409484863e-01 4.655655026435852051e-01
3.581151068210601807e-01 4.042919874191284180e-01
1.621273010969161987e-01 6.034403443336486816e-01
8.483905792236328125e-01 5.090281367301940918e-01
8.488659262657165527e-01 6.545048952102661133e-02
7.111504077911376953e-01 3.804439008235931396e-01
2.281952053308486938e-01 7.992743849754333496e-01
5.845532417297363281e-01 1.194061934947967529e-01
1.697405008599162102e-03 9.864122420549392700e-02
9.819430708885192871e-01 7.135145068168640137e-01
7.179967314004898071e-02 4.933591783046722412e-01
5.290433764457702637e-01 6.444263458251953125e-01
1.197424605488777161e-01 8.341337442398071289e-01
5.208587646484375000e-01 8.860163688659667969e-01
4.765337407588958740e-01 9.692825078964233398e-01
5.716748833656311035e-01 5.983186960220336914e-01
8.261981606483459473e-02 1.754350215196609497e-01
9.750714898109436035e-01 5.942962765693664551e-01
9.634441733360290527e-01 8.934737443923950195e-01
1.052783727645874023e-01 1.740764081478118896e-01
6.362282037734985352e-01 7.621143460273742676e-01
3.684359490871429443e-01 3.040486872196197510e-01
4.528674185276031494e-01 1.494292914867401123e-01
9.542699456214904785e-01 1.457826495170593262e-01
7.972025871276855469e-01 1.403160672634840012e-02
4.426335394382476807e-01 9.075961112976074219e-01
2.927668988704681396e-01 1.782199889421463013e-01
7.406219840049743652e-01 2.331024110317230225e-01
8.262840099632740021e-03 3.605416417121887207e-01
3.958202600479125977e-01 1.267598272534087300e-04
2.038806676864624023e-01 8.084493279457092285e-01
7.933586239814758301e-01 6.778936386108398438e-01
3.734544813632965088e-01 5.010815858840942383e-01
8.166783452033996582e-01 8.683998584747314453e-01
3.873474001884460449e-01 9.336865544319152832e-01
3.122789859771728516e-01 8.068862557411193848e-01
8.098911643028259277e-01 8.993600010871887207e-01
4.929183721542358398e-01 8.083810806274414062e-01
7.088948488235473633e-01 1.289802938699722290e-01
5.193827152252197266e-01 3.512536734342575073e-02
4.789939224720001221e-01 8.064759373664855957e-01
5.743253231048583984e-01 9.845399260520935059e-01
5.155836939811706543e-01 6.316085159778594971e-02
3.503106832504272461e-01 1.074616685509681702e-01
6.917060017585754395e-01 6.826567053794860840e-01
3.054554164409637451e-01 3.132637739181518555e-01
4.035050570964813232e-01 6.469613313674926758e-01
8.500727415084838867e-01 8.674327284097671509e-02
2.655732929706573486e-01 1.022934839129447937e-01
2.497844547033309937e-01 2.814748883247375488e-02
7.815716266632080078e-01 2.740456461906433105e-01
8.383067846298217773e-01 2.770195603370666504e-01
2.722743451595306396e-01 8.948476314544677734e-01
9.044438004493713379e-01 2.877626121044158936e-01
8.304767012596130371e-01 1.977905631065368652e-01
8.119404315948486328e-01 8.977415561676025391e-01
5.338185280561447144e-02 7.599939703941345215e-01
4.950386285781860352e-01 8.275524973869323730e-01
2.023022621870040894e-01 8.053377270698547363e-02
4.703009128570556641e-01 7.567253112792968750e-01
3.853627443313598633e-01 2.557375468313694000e-02
4.857062697410583496e-01 7.767886668443679810e-02
2.846664786338806152e-01 2.933835797011852264e-02
5.374060273170471191e-01 8.631565421819686890e-02
5.754138827323913574e-01 5.369756221771240234e-01
3.511939346790313721e-01 2.099024504423141479e-01
6.854061484336853027e-01 4.711664617061614990e-01
5.853267312049865723e-01 5.986315608024597168e-01
1.103670448064804077e-01 1.715660691261291504e-01
6.972758173942565918e-01 8.651013970375061035e-01
9.027971625328063965e-01 1.569609940052032471e-01
8.719346672296524048e-02 5.057853460311889648e-01
9.067478775978088379e-01 8.576961755752563477e-01
7.243142724037170410e-01 7.140523195266723633e-01
9.737035259604454041e-03 3.945672512054443359e-01
8.228101581335067749e-02 2.883634865283966064e-01
6.585493683815002441e-02 1.813040487468242645e-02
5.483784079551696777e-01 6.366499662399291992e-01
9.613152742385864258e-01 1.841386854648590088e-01
1.768634319305419922e-01 4.777683019638061523e-01
6.938508749008178711e-01 4.061551392078399658e-01
5.207924842834472656e-01 7.007455080747604370e-02
4.906510710716247559e-01 1.198212578892707825e-01
7.908908128738403320e-01 4.758280515670776367e-01
2.805562317371368408e-01 9.940155148506164551e-01
6.369087696075439453e-01 4.053384065628051758e-01
6.013001203536987305e-01 1.001546811312437057e-02
8.433370292186737061e-02 3.023302853107452393e-01
4.226003587245941162e-01 3.672278821468353271e-01
5.811886191368103027e-01 2.706187069416046143e-01
8.099269270896911621e-01 6.871737241744995117e-01
1.723315566778182983e-01 7.621293663978576660e-01
3.484216034412384033e-01 4.579169303178787231e-02
2.526720166206359863e-01 3.545574843883514404e-01
1.240785270929336548e-01 6.299157142639160156e-01
6.747429966926574707e-01 3.858288526535034180e-01
7.731841802597045898e-01 8.390142917633056641e-01
6.362863183021545410e-01 3.710087835788726807e-01
3.477757275104522705e-01 4.161875545978546143e-01
8.347236514091491699e-01 5.629760026931762695e-02
2.321419678628444672e-02 5.388211607933044434e-01
6.616236567497253418e-01 2.447911798954010010e-01
1.949074119329452515e-01 7.902885079383850098e-01
7.224693298339843750e-01 7.243869304656982422e-01
5.613934397697448730e-01 2.283794283866882324e-01
7.558538317680358887e-01 4.543575942516326904e-01
5.385706424713134766e-01 6.695224642753601074e-01
1.370760351419448853e-01 7.430765628814697266e-01
6.420302391052246094e-01 4.988612532615661621e-01
5.346644520759582520e-01 4.358303248882293701e-01
9.933580756187438965e-01 6.864002346992492676e-01
1.329077035188674927e-02 8.179650902748107910e-01
7.680386900901794434e-01 1.038370057940483093e-01
6.675400137901306152e-01 6.286052465438842773e-01
7.324432134628295898e-01 5.242368578910827637e-01
2.972288727760314941e-01 7.134001255035400391e-01
6.486387252807617188e-01 4.332088306546211243e-02
5.249409079551696777e-01 3.620715737342834473e-01
1.924704611301422119e-01 5.339132547378540039e-01
7.761306762695312500e-01 7.046135067939758301e-01
7.425872087478637695e-01 8.816701769828796387e-01
8.954030275344848633e-01 3.673228621482849121e-01
4.471833109855651855e-01 3.779247701168060303e-01
7.320568561553955078e-01 2.806854844093322754e-01
5.849949121475219727e-01 5.823378562927246094e-01
9.399982541799545288e-02 9.170053005218505859e-01
5.418869107961654663e-02 8.240104913711547852e-01
8.977052569389343262e-01 5.848875045776367188e-01
3.824625909328460693e-02 1.405752729624509811e-02
6.522521376609802246e-01 9.003062844276428223e-01
3.809883594512939453e-01 5.532276630401611328e-01
9.839391708374023438e-01 2.179516851902008057e-01
6.035165190696716309e-01 7.442831397056579590e-01
7.748755216598510742e-01 7.219896465539932251e-02
1.537884920835494995e-01 9.606703519821166992e-01
5.698423385620117188e-01 5.363450050354003906e-01
3.716196119785308838e-02 4.407926499843597412e-01
9.972013831138610840e-01 2.905721962451934814e-01
5.027401447296142578e-02 4.485376775264739990e-01
5.770056247711181641e-01 9.543304443359375000e-01
4.406715035438537598e-01 5.249910354614257812e-01
3.575725555419921875e-01 6.017529368400573730e-01
5.502843856811523438e-01 5.524340867996215820e-01
1.246760413050651550e-01 9.885564446449279785e-01
4.216915369033813477e-01 9.545422345399856567e-02
9.193374514579772949e-01 7.437934726476669312e-02
6.596108675003051758e-01 2.940449416637420654e-01
6.323505043983459473e-01 9.577367901802062988e-01
9.409693479537963867e-01 5.960478186607360840e-01
2.756244242191314697e-01 2.579306662082672119e-01
5.171856284141540527e-01 5.779452919960021973e-01
4.585743248462677002e-01 2.564536221325397491e-02
4.830318689346313477e-01 8.680030107498168945e-01
2.917745113372802734e-01 1.668679565191268921e-01
2.082660496234893799e-01 7.287527918815612793e-01
3.549155890941619873e-01 7.872314453125000000e-01
2.843293547630310059e-01 9.899902343750000000e-01
8.066919445991516113e-01 9.281136989593505859e-01
6.456421613693237305e-01 2.453458011150360107e-01
6.056920886039733887e-01 1.150944679975509644e-01
8.428958654403686523e-01 9.173869490623474121e-01
8.613731861114501953e-01 7.635004520416259766e-01
1.593473106622695923e-01 2.453605085611343384e-01
5.768275260925292969e-01 9.062427878379821777e-01
5.071818232536315918e-01 1.645452827215194702e-01
1.455891728401184082e-01 8.066408038139343262e-01
2.045748978853225708e-01 4.044944643974304199e-01
5.255487561225891113e-01 9.510386735200881958e-02
6.167461276054382324e-01 1.022873520851135254e-01
6.774327754974365234e-01 3.540999591350555420e-01
3.739086091518402100e-01 7.602387070655822754e-01
7.549856901168823242e-01 9.961379170417785645e-01
6.265185773372650146e-02 9.175849556922912598e-01
9.015428423881530762e-01 5.595864057540893555e-01
9.932213425636291504e-01 8.374553918838500977e-01
8.432497382164001465e-01 7.340475320816040039e-01
8.094041943550109863e-01 5.801753997802734375e-01
1.959407180547714233e-01 7.200643420219421387e-01
3.527536094188690186e-01 7.510882019996643066e-01
8.687916398048400879e-01 5.381586551666259766e-01
1.414558440446853638e-01 7.996672391891479492e-01
3.910385072231292725e-01 2.525282204151153564e-01
8.728827834129333496e-01 5.095009207725524902e-01
4.980130493640899658e-01 6.408606767654418945e-01
6.269946694374084473e-01 5.811596512794494629e-01
2.268134206533432007e-01 8.223004937171936035e-01
3.196875452995300293e-01 5.735545977950096130e-02
8.177554011344909668e-01 2.652050852775573730e-01
4.468685090541839600e-01 5.301679372787475586e-01
6.034051775932312012e-01 4.018961191177368164e-01
2.465455830097198486e-01 8.182928562164306641e-01
3.740543127059936523e-01 2.881375849246978760e-01
9.764395356178283691e-01 3.933013603091239929e-02
1.333555430173873901e-01 5.790985822677612305e-01
5.041494965553283691e-01 9.361109137535095215e-01
1.068687438964843750e-02 5.251670479774475098e-01
4.683351516723632812e-01 3.921364247798919678e-01
4.864675700664520264e-01 9.643545746803283691e-01
5.784198641777038574e-01 1.824471913278102875e-02
4.711174368858337402e-01 3.261518478393554688e-01
2.884847521781921387e-01 5.424067974090576172e-01
8.782201409339904785e-01 8.497061133384704590e-01
3.927583396434783936e-01 5.234611630439758301e-01
7.918972969055175781e-01 7.918066382408142090e-01
2.225036621093750000e-01 4.620351493358612061e-01
5.679117441177368164e-01 1.764064729213714600e-01
1.810315102338790894e-01 2.653814256191253662e-01
8.826982378959655762e-01 1.015999540686607361e-01
5.984255671501159668e-01 8.081731200218200684e-01
2.151153236627578735e-01 8.183352351188659668e-01
5.839321613311767578e-01 6.938430666923522949e-01
5.189120173454284668e-01 5.593953728675842285e-01
2.543910741806030273e-01 5.339572206139564514e-02
4.316846430301666260e-01 3.522102534770965576e-01
8.875393271446228027e-01 1.745475083589553833e-01
4.131240770220756531e-02 5.551142692565917969e-01
5.733382105827331543e-01 2.655528783798217773e-01
8.250815868377685547e-01 4.950206577777862549e-01
5.529820919036865234e-01 1.849645525217056274e-01
7.493943572044372559e-01 8.710601180791854858e-02
9.847210049629211426e-01 1.307155936956405640e-01
7.491939663887023926e-01 7.936535477638244629e-01
1.243551634252071381e-02 8.097068071365356445e-01
3.705019652843475342e-01 2.551335692405700684e-01
5.040677785873413086e-01 4.269185066223144531e-01
8.388811945915222168e-01 6.124318242073059082e-01
9.974219202995300293e-01 1.909456402063369751e-01
8.712291717529296875e-01 9.525832533836364746e-01
8.347568511962890625e-01 7.095767259597778320e-01
5.431155562400817871e-01 7.692469954490661621e-01
8.010985255241394043e-01 8.433311581611633301e-01
6.087433099746704102e-01 8.516744375228881836e-01
8.606799840927124023e-01 6.128963232040405273e-01
6.592195034027099609e-01 9.939915537834167480e-01
5.593046545982360840e-01 1.996493935585021973e-01
4.020663797855377197e-01 7.483345270156860352e-01
2.756748199462890625e-01 2.137263268232345581e-01
1.650886982679367065e-01 9.536204338073730469e-01
8.558394312858581543e-01 4.220000803470611572e-01
7.860938310623168945e-01 7.155451178550720215e-01
9.784355163574218750e-01 7.226113677024841309e-01
2.649003267288208008e-01 3.326364159584045410e-01
7.371437549591064453e-01 7.727659940719604492e-01
5.118403583765029907e-02 9.731531143188476562e-01
6.228432655334472656e-01 5.115231499075889587e-02
4.298110008239746094e-01 1.477214545011520386e-01
1.593914777040481567e-01 8.440640568733215332e-01
6.103162765502929688e-01 5.861487388610839844e-01
5.371110439300537109e-01 8.176571875810623169e-02
7.775315046310424805e-01 3.130338490009307861e-01
4.695911705493927002e-01 7.694702148437500000e-01
8.634278178215026855e-01 4.232226014137268066e-01
1.183698996901512146e-01 3.372371569275856018e-02
9.205379486083984375e-01 2.040662765502929688e-01
9.364382624626159668e-01 8.526265621185302734e-01
2.041469514369964600e-02 1.307566761970520020e-01
3.231894671916961670e-01 1.693381667137145996e-01
3.257861137390136719e-01 4.926992058753967285e-01
5.718258023262023926e-01 3.232840597629547119e-01
2.818652987480163574e-01 2.099657356739044189e-01
5.211277604103088379e-01 1.552052348852157593e-01
7.041287422180175781e-01 6.137822270393371582e-01
5.597797632217407227e-01 7.920707464218139648e-01
6.401676684617996216e-02 7.709415555000305176e-01
4.075073897838592529e-01 4.767128229141235352e-01
8.170397877693176270e-01 9.926846623420715332e-01
7.207686305046081543e-01 8.682079911231994629e-01
4.158981442451477051e-01 8.245846033096313477e-01
7.412242889404296875e-01 7.119233608245849609e-01
8.850957751274108887e-01 7.025434821844100952e-02
4.800486564636230469e-01 4.295454919338226318e-01
5.293049812316894531e-01 3.836230039596557617e-01
7.215532660484313965e-01 2.836691439151763916e-01
9.580496549606323242e-01 3.233679831027984619e-01
4.520555734634399414e-01 7.758123874664306641e-01
9.979009628295898438e-01 6.147590279579162598e-01
9.358473420143127441e-01 9.404297471046447754e-01
3.544602543115615845e-02 6.909853219985961914e-01
3.869829177856445312e-01 5.807571411132812500e-01
6.366042494773864746e-01 2.250521630048751831e-01
2.232142239809036255e-01 1.794424057006835938e-01
8.667337298393249512e-01 7.027946710586547852e-01
2.385168969631195068e-01 7.478246688842773438e-01
8.176528215408325195e-01 7.681530714035034180e-01
6.043403744697570801e-01 2.100627869367599487e-01
6.585890054702758789e-01 1.783442944288253784e-01
3.301345109939575195e-01 1.940823793411254883e-01
6.965660452842712402e-01 2.632756531238555908e-01
6.791790723800659180e-01 1.701011955738067627e-01
3.820591866970062256e-01 2.190196067094802856e-01
1.583170443773269653e-01 2.493224292993545532e-01
8.101798295974731445e-01 6.491517424583435059e-01
5.786839127540588379e-01 5.381958484649658203e-01
5.749649405479431152e-01 1.669638752937316895e-01
4.582504034042358398e-01 2.132885158061981201e-01
4.289739727973937988e-01 5.363959670066833496e-01
9.358164668083190918e-01 1.268619596958160400e-01
5.958161354064941406e-01 2.895570397377014160e-01
2.317287176847457886e-01 2.297363132238388062e-01
6.952373385429382324e-01 4.300140440464019775e-01
2.060638666152954102e-01 1.283253580331802368e-01
2.581496834754943848e-01 3.346442580223083496e-01
4.844100773334503174e-01 2.114601284265518188e-01
9.766354560852050781e-01 5.895414948463439941e-01
8.946371078491210938e-01 6.676557660102844238e-02
6.815645098686218262e-01 1.143933683633804321e-01
9.072688221931457520e-01 3.049976527690887451e-01
4.383139312267303467e-01 1.149684637784957886e-01
2.527049481868743896e-01 2.832800447940826416e-01
1.900781393051147461e-01 8.693405389785766602e-01
6.353436112403869629e-01 6.054198145866394043e-01
5.059963464736938477e-01 5.176682472229003906e-01
2.273687906563282013e-02 3.891798555850982666e-01
9.293466210365295410e-01 4.041009247303009033e-01
8.317727446556091309e-01 2.308579981327056885e-01
6.309227347373962402e-01 2.471559345722198486e-01
8.665220141410827637e-01 1.406444162130355835e-01
8.214714527130126953e-01 8.782557845115661621e-01
4.947478175163269043e-01 3.671509325504302979e-01
5.274249911308288574e-01 2.955777943134307861e-01
1.553025841712951660e-01 4.534458220005035400e-01
3.050749003887176514e-01 1.916867941617965698e-01
1.649926006793975830e-01 8.136830478906631470e-02
1.160991340875625610e-01 1.707974225282669067e-01
9.202035069465637207e-01 6.004557013511657715e-01
5.075967907905578613e-01 9.874948859214782715e-01
4.125323891639709473e-01 1.715482585132122040e-02
6.460996866226196289e-01 5.952612161636352539e-01
1.143267750740051270e-01 5.852447152137756348e-01
6.996887326240539551e-01 3.069666624069213867e-01
7.954306006431579590e-01 7.241614162921905518e-02
6.248704791069030762e-01 6.080386638641357422e-01
4.514292180538177490e-01 4.257174134254455566e-01
3.517602086067199707e-01 6.418459862470626831e-02
8.896528482437133789e-01 4.839137196540832520e-01
5.020877122879028320e-01 3.889092504978179932e-01
2.933248877525329590e-01 6.997428834438323975e-02
7.002025842666625977e-01 3.917753994464874268e-01
8.216737508773803711e-01 5.945901870727539062e-01
7.930088043212890625e-01 5.178180932998657227e-01
6.383492946624755859e-01 9.707906842231750488e-01
4.423781335353851318e-01 5.807934999465942383e-01
4.702233970165252686e-01 6.717936396598815918e-01
6.845196485519409180e-01 5.288818478584289551e-01
4.189536273479461670e-01 1.464234292507171631e-01
4.319237470626831055e-01 2.209186553955078125e-01
7.744703292846679688e-01 1.839040219783782959e-01
3.499756334349513054e-03 1.273129880428314209e-01
8.533073663711547852e-01 7.713466286659240723e-01
2.220785170793533325e-01 3.041709959506988525e-01
7.744097709655761719e-01 4.528661444783210754e-02
5.942113995552062988e-01 1.764459908008575439e-01
5.042926073074340820e-01 2.805286049842834473e-01
2.358361482620239258e-01 3.215024471282958984e-01
5.789302587509155273e-01 4.152503982186317444e-02
4.284681007266044617e-02 7.901787161827087402e-01
9.994821548461914062e-01 1.039289161562919617e-01
2.681913971900939941e-01 1.155244633555412292e-01
5.885806679725646973e-01 5.575891137123107910e-01
2.059995532035827637e-01 8.396398425102233887e-01
7.291361689567565918e-01 1.412006616592407227e-01
3.585206866264343262e-01 3.986140191555023193e-01
8.082650303840637207e-01 3.680041432380676270e-01
7.522531151771545410e-01 4.992834106087684631e-02
8.587314486503601074e-01 4.239186346530914307e-01
9.290973544120788574e-01 6.561245322227478027e-01
8.954918384552001953e-02 6.718235015869140625e-01
2.701162397861480713e-01 1.842980980873107910e-01
4.700862467288970947e-01 4.269821047782897949e-01
5.777281522750854492e-01 8.163070678710937500e-02
2.972498536109924316e-01 9.310541152954101562e-01
5.070864558219909668e-01 4.525573849678039551e-01
4.109703898429870605e-01 9.371224641799926758e-01
8.783659934997558594e-01 1.592286229133605957e-01
8.991722464561462402e-01 2.917842566967010498e-01
9.288667440414428711e-01 4.677451848983764648e-01
8.330192416906356812e-02 1.643645465373992920e-01
5.317171812057495117e-01 1.601614356040954590e-01
1.537084281444549561e-01 4.041050970554351807e-01
8.676281571388244629e-01 8.499319553375244141e-01
4.322015047073364258e-01 1.941322237253189087e-01
8.584049344062805176e-01 6.986755132675170898e-01
5.536632612347602844e-03 9.392380714416503906e-01
4.338582456111907959e-01 6.645072102546691895e-01
7.795913219451904297e-01 1.214659363031387329e-01
6.246222853660583496e-01 8.048855662345886230e-01
8.294957280158996582e-01 1.098646000027656555e-01
3.738278150558471680e-01 7.965306639671325684e-01
7.655443549156188965e-01 3.907302916049957275e-01
7.159609794616699219e-01 7.256153225898742676e-01
5.234054923057556152e-01 6.358580589294433594e-01
2.357006371021270752e-01 6.882572174072265625e-01
1.129152327775955200e-01 5.966773629188537598e-01
6.030666828155517578e-01 7.218486070632934570e-01
7.340283989906311035e-01 6.181613802909851074e-01
3.855628073215484619e-01 7.697764039039611816e-01
6.390326023101806641e-01 1.782386749982833862e-01
8.762642145156860352e-01 1.182950660586357117e-01
1.471247822046279907e-01 1.044864282011985779e-01
6.342916488647460938e-01 3.304584324359893799e-01
5.938685312867164612e-02 7.303782701492309570e-01
1.162431910634040833e-01 6.508312821388244629e-01
3.058179914951324463e-01 1.680232286453247070e-01
2.592607773840427399e-02 7.028463482856750488e-01
4.623305201530456543e-01 3.670937940478324890e-02
9.888799786567687988e-01 5.145702362060546875e-01
3.043482899665832520e-01 1.967663913965225220e-01
7.228614687919616699e-01 7.990203499794006348e-01
7.478701472282409668e-01 4.820562601089477539e-01
3.210564851760864258e-01 6.625027060508728027e-01
8.935178518295288086e-01 5.129270553588867188e-01
9.704002737998962402e-01 7.167476415634155273e-01
9.245367050170898438e-01 5.575345754623413086e-01
9.265433251857757568e-02 9.737536907196044922e-01
7.041944861412048340e-01 8.147432208061218262e-01
5.327862501144409180e-01 3.590207397937774658e-01
9.394505023956298828e-01 2.050194889307022095e-01
8.444426059722900391e-01 3.047570884227752686e-01
6.287092715501785278e-02 2.329948842525482178e-01
3.025894761085510254e-01 7.428175210952758789e-01
3.862854540348052979e-01 5.101126432418823242e-01
7.853507399559020996e-01 2.953526675701141357e-01
1.054783985018730164e-01 7.820641398429870605e-01
8.185827136039733887e-01 6.801073551177978516e-01
9.894047975540161133e-01 6.888328790664672852e-01
9.267743825912475586e-01 4.460496604442596436e-01
3.277143537998199463e-01 4.245049953460693359e-01
8.552291989326477051e-01 9.568437933921813965e-02
3.261371254920959473e-01 2.125042676925659180e-01
6.077701449394226074e-01 3.801078796386718750e-01
8.299846649169921875e-01 2.554396986961364746e-01
1.414666417986154556e-02 8.167700767517089844e-01
5.077869892120361328e-01 2.236177772283554077e-01
5.666356086730957031e-01 6.505736708641052246e-01
1.573452651500701904e-01 9.790483117103576660e-01
5.883562937378883362e-02 2.432919442653656006e-01
2.702483832836151123e-01 3.467929661273956299e-01
7.656501233577728271e-02 4.307388365268707275e-01
1.211036741733551025e-01 5.711097717285156250e-01
8.574961423873901367e-01 4.816823899745941162e-01
5.866607278585433960e-02 1.931043155491352081e-02
5.385976433753967285e-01 3.013159930706024170e-01
2.024674564599990845e-01 3.918891847133636475e-01
4.774688482284545898e-01 5.192772150039672852e-01
3.689996004104614258e-01 6.525533199310302734e-01
6.173887848854064941e-01 8.997841179370880127e-02
2.293381467461585999e-02 3.492558598518371582e-01
6.831554770469665527e-01 3.149771690368652344e-01
9.816665649414062500e-01 1.573405116796493530e-01
6.955144405364990234e-01 7.547174096107482910e-01
5.299123525619506836e-01 3.002593219280242920e-01
6.976588964462280273e-01 6.323926448822021484e-01
1.407196819782257080e-01 4.823620319366455078e-01
7.135666012763977051e-01 9.697350859642028809e-01
8.359021693468093872e-02 9.747789502143859863e-01
3.694019317626953125e-01 4.743497073650360107e-01
7.997710108757019043e-01 8.878487348556518555e-01
2.322324961423873901e-01 6.870838403701782227e-01
8.389690518379211426e-01 6.021964550018310547e-02
8.202167153358459473e-01 1.205263510346412659e-01
4.371188282966613770e-01 6.054692864418029785e-01
8.052416443824768066e-01 5.656440928578376770e-02
9.492962956428527832e-01 2.087962329387664795e-01
8.591156601905822754e-01 1.234141141176223755e-01
2.807749807834625244e-01 2.834314107894897461e-01
9.918659925460815430e-01 4.489142596721649170e-01
8.180502653121948242e-01 9.297276139259338379e-01
5.885551571846008301e-01 4.773925244808197021e-01
2.090682387351989746e-01 5.638963356614112854e-02
5.656871795654296875e-01 9.825330376625061035e-01
2.988825738430023193e-01 5.585002899169921875e-01
2.609954774379730225e-01 3.886511623859405518e-01
9.193179607391357422e-01 9.042615890502929688e-01
7.374196052551269531e-01 9.135559797286987305e-01
2.965519428253173828e-01 9.738379716873168945e-01
8.253961801528930664e-01 4.429861307144165039e-01
3.141020238399505615e-01 2.158560976386070251e-02
4.348982870578765869e-02 3.380648791790008545e-01
7.677651047706604004e-01 7.052810192108154297e-01
2.554874122142791748e-01 8.062900900840759277e-01
3.604810535907745361e-01 1.588782072067260742e-01
6.117485165596008301e-01 9.256877899169921875e-01
3.011107146739959717e-01 8.434420824050903320e-01
2.939222380518913269e-03 4.320202171802520752e-01
6.990908086299896240e-02 9.135205298662185669e-02
1.203554309904575348e-02 9.240418076515197754e-01
8.173730373382568359e-01 7.537696510553359985e-02
2.943021655082702637e-01 6.217044591903686523e-01
9.774395227432250977e-01 4.185382276773452759e-02
4.849312603473663330e-01 8.340867757797241211e-01
5.742211937904357910e-01 7.891637682914733887e-01
8.743048906326293945e-01 9.492774605751037598e-01
6.501484513282775879e-01 5.658809542655944824e-01
5.549185276031494141e-01 4.653840959072113037e-01
1.424099355936050415e-01 4.811581075191497803e-01
2.766933739185333252e-01 1.054106652736663818e-01
3.970452547073364258e-01 6.830550432205200195e-01
8.113660812377929688e-01 3.606161177158355713e-01
2.081890217959880829e-02 9.730737209320068359e-01
3.699000477790832520e-01 2.949417233467102051e-01
6.051734089851379395e-01 4.800572991371154785e-01
4.370878934860229492e-01 6.571506857872009277e-01
6.757939457893371582e-01 8.140105009078979492e-01
1.658983379602432251e-01 3.688661754131317139e-01
2.498199492692947388e-01 8.504476547241210938e-01
6.197799444198608398e-01 3.803918659687042236e-01
4.697559773921966553e-01 8.280791044235229492e-01
9.405229687690734863e-01 9.215641021728515625e-01
7.319443672895431519e-02 4.405972659587860107e-01
1.995262503623962402e-01 4.492332339286804199e-01
6.808506250381469727e-01 5.172180533409118652e-01
3.590178489685058594e-01 2.528312802314758301e-01
9.903550148010253906e-01 1.049714311957359314e-01
7.873818278312683105e-01 1.089919954538345337e-01
5.433139801025390625e-01 8.381547927856445312e-01
9.947779774665832520e-01 6.470059156417846680e-01
3.072327971458435059e-01 1.223403513431549072e-01
4.930215477943420410e-01 8.244863748550415039e-01
2.689177729189395905e-02 8.304730653762817383e-01
6.267675161361694336e-01 1.186848208308219910e-01
8.276312947273254395e-01 3.813636004924774170e-01
7.385903000831604004e-01 9.233232140541076660e-01
5.336937308311462402e-01 6.170306205749511719e-01
9.843593239784240723e-01 5.952240154147148132e-02
3.920097053050994873e-01 6.475982666015625000e-01
7.790347933769226074e-01 8.722548484802246094e-01
1.153621599078178406e-01 8.887080550193786621e-01
5.254817605018615723e-01 1.878125816583633423e-01
6.253527402877807617e-01 7.803713083267211914e-01
6.284912824630737305e-01 5.638107284903526306e-02
9.944310784339904785e-01 4.838796854019165039e-01
6.995520591735839844e-01 3.120537996292114258e-01
3.373791277408599854e-01 6.111843585968017578e-01
4.919680356979370117e-01 2.904455363750457764e-01
1.268479675054550171e-01 5.261495709419250488e-01
4.829939305782318115e-01 8.757945895195007324e-01
5.693846940994262695e-01 3.165693879127502441e-01
6.160920858383178711e-01 1.824047863483428955e-01
4.715659022331237793e-01 6.203924417495727539e-01
5.297477245330810547e-01 1.266923639923334122e-02
4.757732152938842773e-01 5.664741154760122299e-03
3.615247011184692383e-01 3.673952817916870117e-01
6.211403012275695801e-01 2.385890930891036987e-01
7.466785907745361328e-01 6.370003819465637207e-01
3.252111747860908508e-02 6.405537128448486328e-01
1.927293539047241211e-01 4.718362092971801758e-01
5.130342245101928711e-01 6.964655518531799316e-01
2.046994417905807495e-01 3.125866502523422241e-02
8.703450560569763184e-01 7.646351456642150879e-01
4.278507232666015625e-01 5.219099521636962891e-01
3.485780954360961914e-01 7.695900797843933105e-01
2.842184305191040039e-01 2.880311906337738037e-01
1.719622015953063965e-01 3.999429047107696533e-01
5.130737423896789551e-01 5.840851664543151855e-01
8.999681472778320312e-01 1.764391660690307617e-01
9.786906242370605469e-01 2.086933404207229614e-01
7.075060606002807617e-01 1.979394406080245972e-01
3.986973166465759277e-01 6.422882080078125000e-01
5.560801029205322266e-01 5.426325798034667969e-01
4.527491927146911621e-01 3.476396501064300537e-01
6.778297424316406250e-01 6.280331015586853027e-01
5.995355248451232910e-01 4.596791267395019531e-01
4.855560362339019775e-01 9.033136367797851562e-01
1.359877288341522217e-01 3.202027380466461182e-01
2.450183331966400146e-01 3.830153495073318481e-02
2.466685473918914795e-01 4.649449288845062256e-01
7.137300372123718262e-01 2.023049741983413696e-01
1.495192646980285645e-01 5.564852356910705566e-01
5.745744705200195312e-01 2.130316197872161865e-01
7.816686481237411499e-02 8.805899620056152344e-01
2.093259394168853760e-01 8.081847429275512695e-01
5.267519354820251465e-01 3.566479682922363281e-01
2.228491455316543579e-01 7.636956572532653809e-01
4.240685999393463135e-01 1.022220104932785034e-01
3.605987727642059326e-01 2.320813685655593872e-01
2.668837010860443115e-01 4.185691773891448975e-01
7.549214363098144531e-01 6.457593441009521484e-01
6.672930717468261719e-01 5.887575149536132812e-01
5.076346397399902344e-01 3.856310248374938965e-01
4.479390382766723633e-01 9.260517358779907227e-01
2.517878711223602295e-01 1.092282161116600037e-01
5.826749205589294434e-01 1.789587922394275665e-02
7.420155405998229980e-01 4.868758320808410645e-01
8.567562699317932129e-01 3.094190061092376709e-01
1.454805582761764526e-01 1.312113404273986816e-01
2.006698399782180786e-01 8.946670889854431152e-01
4.855907335877418518e-02 5.538628101348876953e-01
3.105921496171504259e-04 8.807671666145324707e-01
4.807756543159484863e-01 1.427590548992156982e-01
7.299621701240539551e-01 3.505732715129852295e-01
5.099925994873046875e-01 2.964743971824645996e-01
9.315498918294906616e-02 9.731385707855224609e-01
3.268526196479797363e-01 9.843066334724426270e-01
8.400220870971679688e-01 7.282011508941650391e-01
8.935269713401794434e-01 6.482868790626525879e-01
5.238522887229919434e-01 5.467993617057800293e-01
5.736589804291725159e-02 9.940597414970397949e-01
1.209114417433738708e-01 8.652657866477966309e-01
3.741610944271087646e-01 7.705197930335998535e-01
4.563835561275482178e-01 1.033611372113227844e-01
4.949086606502532959e-01 3.721278607845306396e-01
9.035729169845581055e-01 4.079681634902954102e-01
4.967149198055267334e-01 9.537744522094726562e-01
9.928244948387145996e-01 5.080696344375610352e-01
9.079379439353942871e-01 4.150848984718322754e-01
1.095450073480606079e-01 1.167642883956432343e-02
4.920514822006225586e-01 3.928288817405700684e-01
8.285086750984191895e-01 3.278886675834655762e-01
4.226322472095489502e-01 4.593804478645324707e-01
7.892974019050598145e-01 9.429696202278137207e-01
9.351609349250793457e-01 8.106192201375961304e-02
2.351000458002090454e-01 7.748759984970092773e-01
9.339428693056106567e-02 3.795861601829528809e-01
1.249333694577217102e-01 2.714544832706451416e-01
7.800888419151306152e-01 1.110263764858245850e-01
8.188298344612121582e-02 3.792727589607238770e-01
1.864418089389801025e-01 1.747437566518783569e-02
1.730685681104660034e-01 4.448897838592529297e-01
4.558332860469818115e-01 1.483921147882938385e-02
6.282263994216918945e-01 9.212157130241394043e-01
4.898335933685302734e-01 5.381560325622558594e-01
3.063268065452575684e-01 2.204752713441848755e-02
1.301052123308181763e-01 7.487971186637878418e-01
9.697767496109008789e-01 5.003886818885803223e-01
4.712608754634857178e-01 1.990907825529575348e-02
3.448366001248359680e-02 3.355053365230560303e-01
8.171062469482421875e-01 8.392812311649322510e-02
4.279608428478240967e-01 5.745495557785034180e-01
6.366638541221618652e-01 6.870189309120178223e-01
4.699245393276214600e-01 1.888972818851470947e-01
5.286606550216674805e-01 9.900095462799072266e-01
5.840088725090026855e-01 2.131043970584869385e-01
7.737949490547180176e-01 3.729055821895599365e-01
5.215773582458496094e-01 4.476262032985687256e-01
1.715698391199111938e-01 6.625905632972717285e-01
4.598231017589569092e-01 2.698439061641693115e-01
1.603091955184936523e-01 6.437780261039733887e-01
6.824106574058532715e-01 2.834985256195068359e-01
9.758457541465759277e-01 4.104111492633819580e-01
4.728783667087554932e-02 7.129514217376708984e-01
8.020069003105163574e-01 2.987997829914093018e-01
2.473056688904762268e-02 2.786944210529327393e-01
6.762306690216064453e-01 4.382697343826293945e-01
9.748175144195556641e-01 8.607907891273498535e-01
7.801792025566101074e-01 2.809655964374542236e-01
3.053364455699920654e-01 6.841923594474792480e-01
6.635869741439819336e-01 4.605573788285255432e-02
9.576119184494018555e-01 3.246895074844360352e-01
4.011926352977752686e-01 9.734943509101867676e-01
5.462427735328674316e-01 1.313015818595886230e-01
3.817204236984252930e-01 1.489245295524597168e-01
6.841702461242675781e-01 8.499277830123901367e-01
5.233307480812072754e-01 3.408221304416656494e-01
3.860695362091064453e-01 6.732035279273986816e-01
7.692093849182128906e-01 6.198216080665588379e-01
6.131537556648254395e-01 9.962228685617446899e-02
9.471799135208129883e-01 8.137920498847961426e-01
4.425501227378845215e-01 2.317526005208492279e-02
1.779547929763793945e-01 7.180088758468627930e-01
7.366444468498229980e-01 7.479905486106872559e-01
1.814249344170093536e-02 9.898326396942138672e-01
3.860753774642944336e-01 1.398987323045730591e-01
9.881590604782104492e-01 4.096660315990447998e-01
4.820014238357543945e-01 2.818312048912048340e-01
5.571939349174499512e-01 2.371810376644134521e-01
8.504664897918701172e-01 1.411651670932769775e-01
1.053270250558853149e-01 1.537031531333923340e-01
