6.216896176338195801e-01 8.680632710456848145e-01
5.270346403121948242e-01 4.815612435340881348e-01
5.615096092224121094e-01 2.047456651926040649e-01
4.519895911216735840e-01 9.628328084945678711e-01
3.330779969692230225e-01 2.792460024356842041e-01
5.532835125923156738e-01 5.103129744529724121e-01
7.547263503074645996e-01 7.435020804405212402e-01
8.509017229080200195e-01 4.757568836212158203e-01
7.752732038497924805e-01 7.935543656349182129e-01
7.939358353614807129e-01 5.677219033241271973e-01
9.427710175514221191e-01 8.667459487915039062e-01
9.920842647552490234e-01 3.315125778317451477e-02
1.281982660293579102e-01 1.711416393518447876e-01
9.850835800170898438e-01 1.538773775100708008e-01
9.233511686325073242e-01 9.779028296470642090e-01
9.364218711853027344e-01 6.500458121299743652e-01
9.637601375579833984e-01 2.613418102264404297e-01
5.642632842063903809e-01 5.168215036392211914e-01
7.297660708427429199e-01 6.937353610992431641e-01
5.233942270278930664e-01 4.046915471553802490e-01
7.399000227451324463e-02 8.095323443412780762e-01
6.465891003608703613e-01 9.439052343368530273e-01
8.797228932380676270e-01 8.569700121879577637e-01
2.246122509241104126e-01 2.209613025188446045e-01
1.112118661403656006e-01 7.969450950622558594e-01
2.248833701014518738e-02 8.332072198390960693e-02
1.659292578697204590e-01 4.728927016258239746e-01
1.448200941085815430e-01 5.571775510907173157e-02
7.508624792098999023e-01 2.928127944469451904e-01
5.263680219650268555e-01 8.085890673100948334e-03
3.724454343318939209e-01 5.209048986434936523e-01
7.156989574432373047e-01 1.264802962541580200e-01
6.825495958328247070e-01 9.682281613349914551e-01
7.142720818519592285e-01 6.789064407348632812e-01
4.172164499759674072e-01 4.750463068485260010e-01
9.127835035324096680e-01 3.375076651573181152e-01
2.519160807132720947e-01 8.400318622589111328e-01
3.293523937463760376e-02 1.847620904445648193e-01
1.909785717725753784e-01 9.813033044338226318e-03
6.490361094474792480e-01 1.915025711059570312e-01
5.706720352172851562e-01 3.763619065284729004e-02
4.374343752861022949e-01 5.521525740623474121e-01
9.821733832359313965e-01 8.997707366943359375e-01
7.078916430473327637e-01 2.246480137109756470e-01
5.719967484474182129e-01 7.238673567771911621e-01
2.858935892581939697e-01 7.484436035156250000e-01
8.078841120004653931e-02 6.044777631759643555e-01
6.699013113975524902e-01 3.036452271044254303e-02
6.744090318679809570e-01 9.121419191360473633e-01
1.830384135246276855e-01 7.892609834671020508e-01
2.813665866851806641e-01 9.897898435592651367e-01
7.435910701751708984e-01 6.919999718666076660e-01
1.789592057466506958e-01 3.824124336242675781e-01
6.584150791168212891e-01 4.993657767772674561e-01
6.791601777076721191e-01 9.658967256546020508e-01
5.050746202468872070e-01 2.887144498527050018e-02
1.267900764942169189e-01 8.484482169151306152e-01
4.962235093116760254e-01 6.386297941207885742e-01
9.921942353248596191e-01 9.983130693435668945e-01
4.944536387920379639e-01 3.192113041877746582e-01
3.282914757728576660e-01 3.604272007942199707e-01
6.103301644325256348e-01 6.229419708251953125e-01
7.935319840908050537e-02 1.360460221767425537e-01
7.126125097274780273e-01 7.441741824150085449e-01
7.033951878547668457e-01 5.918119549751281738e-01
3.128669559955596924e-01 2.810882627964019775e-01
6.618685722351074219e-01 8.691614866256713867e-01
4.714576005935668945e-01 4.118157029151916504e-01
6.611043810844421387e-01 9.142035245895385742e-01
2.234284281730651855e-01 9.623428583145141602e-01
7.970298528671264648e-01 2.813679575920104980e-01
8.908451199531555176e-01 7.838649749755859375e-01
8.331093192100524902e-01 4.023121893405914307e-01
6.906238198280334473e-01 6.560805439949035645e-01
5.722218751907348633e-01 8.951416015625000000e-01
9.842692613601684570e-01 6.295372545719146729e-02
4.192192554473876953e-01 3.764038532972335815e-02
1.455297134816646576e-02 4.008673429489135742e-01
7.343106865882873535e-01 4.960302114486694336e-01
6.735664606094360352e-02 3.389392197132110596e-01
5.296636819839477539e-01 2.363792955875396729e-01
7.009996771812438965e-01 1.705252677202224731e-01
3.508294522762298584e-01 7.559565454721450806e-02
8.714707493782043457e-01 2.085438221693038940e-01
2.803099453449249268e-01 7.724633216857910156e-01
9.876781702041625977e-01 4.616041481494903564e-01
4.275358319282531738e-01 6.082311272621154785e-01
8.013431429862976074e-01 7.323833107948303223e-01
6.503654718399047852e-01 7.246756553649902344e-01
8.369276523590087891e-01 4.417264759540557861e-01
8.702299594879150391e-01 6.176491379737854004e-01
4.578858315944671631e-01 4.749433696269989014e-01
9.609932899475097656e-01 5.200515389442443848e-01
5.971807241439819336e-01 8.434184193611145020e-01
6.332887411117553711e-01 1.294151097536087036e-01
3.532146215438842773e-01 7.060196399688720703e-01
8.350755572319030762e-01 9.632601737976074219e-01
2.852271199226379395e-01 4.692108333110809326e-01
1.837891042232513428e-01 5.842371843755245209e-03
8.406625986099243164e-01 4.016223549842834473e-01
6.389943361282348633e-01 3.103716671466827393e-01
8.377999663352966309e-01 7.129666209220886230e-01
9.129729270935058594e-01 9.368629455566406250e-01
7.125437259674072266e-02 8.715425729751586914e-01
6.418104171752929688e-01 8.254126310348510742e-01
4.596600532531738281e-01 4.121603369712829590e-01
6.234079599380493164e-01 9.951535463333129883e-01
5.030236244201660156e-01 8.656580932438373566e-03
7.040349394083023071e-02 7.729129791259765625e-01
1.202773898839950562e-01 7.636047601699829102e-01
9.414263963699340820e-01 2.878446280956268311e-01
8.143237829208374023e-01 3.637793660163879395e-01
5.059160590171813965e-01 1.876790821552276611e-01
4.534617997705936432e-03 3.871132135391235352e-01
6.719883680343627930e-01 9.626868963241577148e-01
8.712724447250366211e-01 5.998960137367248535e-01
9.356592297554016113e-01 2.843047678470611572e-01
1.142285764217376709e-01 1.859522163867950439e-01
4.964645206928253174e-01 2.370305657386779785e-01
9.551579356193542480e-01 7.213124632835388184e-01
7.093307375907897949e-01 7.632547616958618164e-01
9.307931065559387207e-01 6.090824007987976074e-01
2.849658429622650146e-01 9.432764053344726562e-01
9.123231768608093262e-01 6.030845269560813904e-02
1.919729262590408325e-01 5.860404968261718750e-01
9.646056592464447021e-02 7.536267042160034180e-01
1.382411271333694458e-01 2.674522399902343750e-01
3.773254528641700745e-02 5.846761912107467651e-02
9.355170130729675293e-01 4.506507515907287598e-01
9.308804273605346680e-01 5.334603190422058105e-01
5.646717548370361328e-02 4.413537979125976562e-01
7.927085757255554199e-01 3.099067509174346924e-02
1.376340240240097046e-01 6.748551726341247559e-01
1.906306147575378418e-01 9.245936870574951172e-01
2.001534998416900635e-01 8.340156078338623047e-01
1.526596546173095703e-01 4.123371839523315430e-01
9.821453690528869629e-01 2.005241662263870239e-01
2.108240872621536255e-01 9.923642128705978394e-02
1.435315012931823730e-01 7.888389229774475098e-01
4.981990158557891846e-01 3.416223526000976562e-01
5.693762898445129395e-01 5.076753497123718262e-01
1.584661900997161865e-01 7.504897117614746094e-01
5.464546680450439453e-01 7.122675180435180664e-01
9.919642806053161621e-01 6.749401092529296875e-01
5.528365820646286011e-02 9.320966005325317383e-01
9.705559015274047852e-01 5.694720745086669922e-01
3.593706786632537842e-01 9.823158383369445801e-01
8.019846677780151367e-01 8.515524864196777344e-01
5.136415362358093262e-01 7.787778377532958984e-01
9.119378030300140381e-02 5.873996615409851074e-01
1.724141985177993774e-01 3.373768329620361328e-01
5.312008261680603027e-01 8.676248192787170410e-01
7.862938940525054932e-02 8.393321037292480469e-01
7.476839423179626465e-01 4.799353778362274170e-01
3.042211532592773438e-01 6.518988013267517090e-01
1.961240023374557495e-01 2.002220153808593750e-01
1.400843858718872070e-01 1.776862591505050659e-01
9.781762957572937012e-02 6.244882345199584961e-01
6.880214810371398926e-01 7.993912696838378906e-02
4.179302230477333069e-02 5.843182206153869629e-01
9.276707768440246582e-01 6.973229050636291504e-01
7.543502449989318848e-01 4.422144591808319092e-01
6.727329492568969727e-01 2.584737241268157959e-01
1.187260262668132782e-02 3.738831579685211182e-01
6.485544443130493164e-01 6.204781532287597656e-01
4.014756157994270325e-02 1.835195720195770264e-01
8.878250718116760254e-01 6.357640624046325684e-01
7.115532755851745605e-01 8.453648090362548828e-01
8.208344578742980957e-01 2.581990659236907959e-01
7.975055575370788574e-01 7.527400255203247070e-01
5.978702902793884277e-01 2.181463688611984253e-01
2.288330495357513428e-01 1.099444180727005005e-02
7.587718367576599121e-01 8.836949467658996582e-01
6.819922327995300293e-01 6.563645005226135254e-01
2.212578207254409790e-01 4.823768436908721924e-01
4.563921391963958740e-01 4.132803678512573242e-01
3.571231290698051453e-02 6.751539111137390137e-01
7.706999182701110840e-01 7.116813659667968750e-01
2.549068629741668701e-01 7.429206967353820801e-01
8.215802907943725586e-01 5.573511123657226562e-01
8.188603520393371582e-01 4.573531448841094971e-01
9.502779841423034668e-01 3.218113780021667480e-01
4.921274185180664062e-01 2.193203419446945190e-01
6.140449643135070801e-01 1.367342919111251831e-01
1.371264904737472534e-01 4.056897163391113281e-01
6.556404829025268555e-01 6.650819778442382812e-01
8.045326471328735352e-01 2.075883001089096069e-01
5.921792387962341309e-01 9.618957638740539551e-01
6.422724127769470215e-01 1.396393477916717529e-01
6.888585090637207031e-01 1.339786779135465622e-02
7.992848157882690430e-01 5.651441216468811035e-01
9.381983280181884766e-01 6.154284477233886719e-01
8.309686779975891113e-01 1.648938953876495361e-01
4.909489154815673828e-01 6.114460229873657227e-01
3.788045644760131836e-01 8.333464860916137695e-01
1.735607162117958069e-02 3.553464710712432861e-01
2.371581196784973145e-01 9.279640316963195801e-01
5.073190331459045410e-01 9.263871312141418457e-01
6.945067048072814941e-01 3.162317574024200439e-01
2.689707279205322266e-01 3.436250984668731689e-01
8.792836070060729980e-01 7.245156168937683105e-01
5.334177613258361816e-01 2.179985493421554565e-01
1.304052770137786865e-01 1.009171009063720703e-01
9.488903284072875977e-01 7.400464415550231934e-01
4.092203974723815918e-01 3.436890840530395508e-01
6.155469417572021484e-01 4.988024532794952393e-01
5.471920371055603027e-01 1.625690013170242310e-01
1.690111607313156128e-01 5.846890807151794434e-01
9.940178990364074707e-01 3.203066997230052948e-03
8.137553930282592773e-02 4.434594810009002686e-01
6.301567554473876953e-01 7.026081085205078125e-01
2.722411453723907471e-01 2.038253396749496460e-01
1.539653539657592773e-01 1.086779609322547913e-01
6.442083120346069336e-01 9.027010202407836914e-01
5.714211985468864441e-02 6.462483406066894531e-01
4.540291130542755127e-01 6.968744397163391113e-01
3.196817636489868164e-01 6.189243793487548828e-01
3.620168268680572510e-01 2.995645701885223389e-01
2.079092264175415039e-01 9.086059331893920898e-01
3.070565685629844666e-02 8.001891970634460449e-01
9.155586957931518555e-01 1.388420071452856064e-02
5.326990485191345215e-01 4.731513261795043945e-01
7.106878757476806641e-01 6.931303143501281738e-01
1.416349709033966064e-01 1.891006529331207275e-01
5.992085933685302734e-01 4.166555702686309814e-01
1.711830943822860718e-01 4.917604029178619385e-01
7.211734056472778320e-01 1.848913356661796570e-02
5.487533807754516602e-01 9.338957071304321289e-01
3.694382011890411377e-01 6.181386113166809082e-01
1.514066010713577271e-01 4.705758392810821533e-01
3.973754942417144775e-01 7.891574501991271973e-01
7.159852981567382812e-01 9.456895589828491211e-01
2.624476850032806396e-01 6.077874898910522461e-01
3.480488061904907227e-01 2.904164493083953857e-01
7.291178107261657715e-01 7.643601894378662109e-01
4.072071015834808350e-01 6.345995664596557617e-01
1.678701490163803101e-01 6.421715617179870605e-01
3.380086123943328857e-01 5.594472289085388184e-01
8.356015086174011230e-01 6.038439273834228516e-01
7.369719743728637695e-01 2.176597714424133301e-02
5.145155787467956543e-01 4.097746014595031738e-01
6.498365402221679688e-01 7.744941711425781250e-01
5.243734121322631836e-01 3.437016904354095459e-01
1.931674182415008545e-01 8.268674015998840332e-01
9.280478358268737793e-01 8.710265755653381348e-01
4.759037792682647705e-01 4.220024347305297852e-01
5.114826560020446777e-01 8.375253677368164062e-01
6.263747811317443848e-01 7.682588696479797363e-01
3.594063222408294678e-01 9.046330116689205170e-03
9.855030179023742676e-01 8.719527125358581543e-01
2.503566443920135498e-01 1.726920157670974731e-01
6.451022624969482422e-01 7.506446242332458496e-01
8.990225195884704590e-01 5.684377551078796387e-01
3.160137236118316650e-01 7.971554994583129883e-01
7.052273750305175781e-01 3.078432083129882812e-01
1.951459795236587524e-01 4.302695691585540771e-01
9.607415199279785156e-01 1.715957820415496826e-01
4.918045103549957275e-01 7.235273718833923340e-01
2.596872448921203613e-01 7.091416120529174805e-01
9.339452981948852539e-01 9.121488332748413086e-01
8.252281546592712402e-01 7.660765647888183594e-01
7.334702610969543457e-01 9.164204597473144531e-01
1.825305670499801636e-01 3.323050960898399353e-02
4.202598929405212402e-01 7.326017022132873535e-01
7.405679821968078613e-01 6.075075268745422363e-01
9.263959527015686035e-01 2.652436494827270508e-01
5.434331893920898438e-01 2.277062237262725830e-01
7.583014667034149170e-02 2.436013370752334595e-01
2.197269536554813385e-02 7.143315672874450684e-02
8.380414843559265137e-01 8.745827078819274902e-01
9.756913781166076660e-02 7.763481140136718750e-01
1.519269049167633057e-01 6.810697317123413086e-01
5.312427878379821777e-01 1.543563604354858398e-01
2.687184512615203857e-01 8.355148434638977051e-01
4.242059290409088135e-01 1.707605123519897461e-01
8.608062267303466797e-01 9.802256226539611816e-01
4.314454495906829834e-01 2.704437375068664551e-01
3.994480371475219727e-01 6.945768594741821289e-01
4.609414637088775635e-01 3.387550637125968933e-02
5.505610704421997070e-01 3.082713810727000237e-04
3.799201548099517822e-01 9.879279136657714844e-01
4.863938689231872559e-01 4.840257465839385986e-01
1.731698364019393921e-01 7.110559940338134766e-02
2.365268766880035400e-02 9.947223067283630371e-01
6.251904368400573730e-01 7.474984526634216309e-01
2.936527132987976074e-01 8.554467558860778809e-01
3.884243667125701904e-01 5.313438773155212402e-01
5.309054255485534668e-01 7.484825849533081055e-01
9.384736418724060059e-01 2.060948014259338379e-01
3.533276617527008057e-01 3.411855101585388184e-01
7.821182012557983398e-01 8.630716204643249512e-01
1.055430844426155090e-01 8.446780443191528320e-01
9.974032640457153320e-02 2.644504904747009277e-01
6.021014451980590820e-01 9.685037732124328613e-01
1.231033205986022949e-01 5.231348276138305664e-01
9.511811137199401855e-01 4.691722691059112549e-01
9.571177959442138672e-01 2.549180686473846436e-01
4.235191345214843750e-01 7.523930668830871582e-01
4.430271983146667480e-01 7.313988804817199707e-01
2.829230129718780518e-01 2.268958389759063721e-01
4.255611449480056763e-02 5.288877487182617188e-01
7.877157330513000488e-01 8.144228458404541016e-01
6.666702032089233398e-01 3.683236837387084961e-01
1.573166251182556152e-02 9.316249489784240723e-01
9.634936600923538208e-02 4.739503562450408936e-01
7.765175104141235352e-01 5.428763031959533691e-01
8.585435152053833008e-01 3.407341241836547852e-01
7.248793244361877441e-01 5.197513103485107422e-01
6.136050075292587280e-02 3.387859761714935303e-01
3.718715608119964600e-01 3.989332020282745361e-01
1.031036078929901123e-01 8.548283576965332031e-01
2.550918757915496826e-01 2.299169301986694336e-01
5.728763341903686523e-01 4.913682937622070312e-01
1.854245513677597046e-01 9.256116151809692383e-01
3.337613642215728760e-01 8.046116828918457031e-01
4.390667080879211426e-01 2.532554566860198975e-01
1.801737993955612183e-01 5.083867311477661133e-01
4.055524766445159912e-01 7.545247077941894531e-01
2.301399856805801392e-01 2.070434987545013428e-01
1.997237503528594971e-01 7.074304223060607910e-01
1.891012042760848999e-01 6.429666280746459961e-02
5.574549436569213867e-01 6.000636816024780273e-01
8.341090083122253418e-01 9.358066320419311523e-01
9.000863432884216309e-01 4.787952899932861328e-01
6.908718496561050415e-02 3.724741637706756592e-01
5.556572675704956055e-01 8.364623785018920898e-01
2.455492913722991943e-01 3.467259109020233154e-01
2.955081760883331299e-01 4.081697016954421997e-02
9.787109494209289551e-01 8.133101463317871094e-01
8.956839442253112793e-01 8.942626118659973145e-01
7.678026556968688965e-01 4.806421697139739990e-01
1.549595892429351807e-01 5.244058370590209961e-01
3.034306168556213379e-01 8.433871865272521973e-01
4.851922690868377686e-01 3.637757897377014160e-01
4.208801984786987305e-01 9.144028425216674805e-01
1.233788905665278435e-03 7.045323848724365234e-01
6.422615051269531250e-02 1.538647413253784180e-01
4.560136795043945312e-01 6.998511552810668945e-01
9.154347777366638184e-01 3.540177941322326660e-01
2.499691396951675415e-01 7.784986495971679688e-01
9.806578159332275391e-01 4.570195078849792480e-01
3.741212785243988037e-01 4.113630056381225586e-01
3.886967897415161133e-01 4.589873850345611572e-01
1.383075416088104248e-01 7.709523290395736694e-02
8.061978965997695923e-02 6.507866084575653076e-02
6.126849055290222168e-01 6.491953134536743164e-01
6.648655533790588379e-01 8.191243410110473633e-01
9.802833795547485352e-01 4.533584415912628174e-01
2.342329621315002441e-01 8.150592446327209473e-01
6.979984045028686523e-01 4.450072944164276123e-01
8.864501118659973145e-01 3.547355234622955322e-01
5.098930001258850098e-01 8.323255181312561035e-01
7.133195996284484863e-01 2.686292305588722229e-02
4.256258904933929443e-01 4.793723523616790771e-01
9.516755938529968262e-01 1.197682227939367294e-02
1.683705151081085205e-01 8.176968097686767578e-01
4.260329902172088623e-02 5.553981661796569824e-01
9.606767296791076660e-01 7.011342048645019531e-01
6.547557115554809570e-01 8.202900886535644531e-01
7.470050454139709473e-01 8.008945584297180176e-01
8.125593066215515137e-01 3.626017868518829346e-01
9.424060583114624023e-01 5.240877270698547363e-01
3.154887557029724121e-01 4.689623415470123291e-01
8.444463014602661133e-01 8.764492869377136230e-01
4.868915677070617676e-01 9.138705730438232422e-01
8.768851161003112793e-01 7.106181383132934570e-01
3.409945592284202576e-02 7.152386903762817383e-01
7.872906327247619629e-01 9.672341346740722656e-01
8.635098338127136230e-01 3.045311868190765381e-01
9.181807637214660645e-01 3.189973831176757812e-01
2.239874564111232758e-02 3.111425936222076416e-01
9.511659145355224609e-01 6.390699744224548340e-01
7.891453504562377930e-01 6.214458346366882324e-01
6.318567395210266113e-01 6.043606400489807129e-01
7.341287136077880859e-01 7.983554005622863770e-01
9.564858078956604004e-01 8.762788176536560059e-01
9.564246535301208496e-01 3.403439819812774658e-01
2.111948877573013306e-01 1.727209612727165222e-02
3.358680009841918945e-01 3.603897094726562500e-01
3.397365808486938477e-01 6.669819951057434082e-01
4.768664240837097168e-01 6.359144449234008789e-01
2.081064581871032715e-01 1.076268255710601807e-01
8.535757660865783691e-01 3.551187217235565186e-01
1.457828581333160400e-01 7.393873929977416992e-01
2.256481349468231201e-01 5.041813850402832031e-01
8.694979548454284668e-01 1.703023016452789307e-01
5.226733684539794922e-01 5.800887942314147949e-01
5.290495753288269043e-01 9.552993774414062500e-01
5.027353167533874512e-01 6.312590241432189941e-01
2.668946087360382080e-01 4.824416041374206543e-01
3.183410763740539551e-01 1.322543919086456299e-01
6.991811990737915039e-01 8.314675092697143555e-01
5.952431559562683105e-01 6.118533611297607422e-01
4.126637279987335205e-01 2.262780219316482544e-01
5.804762244224548340e-01 9.296000599861145020e-01
6.103780269622802734e-01 4.946994483470916748e-01
1.420183479785919189e-01 3.699419796466827393e-01
7.815777659416198730e-01 9.141482114791870117e-01
5.157492160797119141e-01 5.622196197509765625e-01
7.994041591882705688e-02 7.277427911758422852e-01
7.493627071380615234e-01 7.985490560531616211e-01
8.508536219596862793e-01 1.053200513124465942e-01
4.200577735900878906e-01 6.589307188987731934e-01
7.982563376426696777e-01 6.238267421722412109e-01
3.004216551780700684e-01 3.853501379489898682e-01
8.115761876106262207e-01 6.255552768707275391e-01
9.826017022132873535e-01 5.359947681427001953e-01
9.822428822517395020e-01 2.216922938823699951e-01
8.693729043006896973e-01 9.393253922462463379e-02
3.758452832698822021e-01 6.906918287277221680e-01
7.602696418762207031e-01 6.595333814620971680e-01
6.426699757575988770e-01 7.909741401672363281e-01
1.609228253364562988e-01 4.293973147869110107e-01
7.023306488990783691e-01 3.688516318798065186e-01
9.974502325057983398e-01 2.135338038206100464e-01
4.588502049446105957e-01 4.789323806762695312e-01
2.635184526443481445e-01 3.092971742153167725e-01
1.573016196489334106e-01 4.016218185424804688e-01
1.793380081653594971e-01 5.102571249008178711e-01
3.677000701427459717e-01 4.873033165931701660e-01
1.599224633537232876e-03 9.139316678047180176e-01
6.261140704154968262e-01 9.678520560264587402e-01
1.112095105781918392e-05 8.117009401321411133e-01
6.794278621673583984e-01 8.979712724685668945e-01
6.162994503974914551e-01 7.139869332313537598e-01
9.135880470275878906e-01 5.250892639160156250e-01
7.006058096885681152e-01 7.368433475494384766e-01
4.839965403079986572e-01 1.583692580461502075e-01
7.699831128120422363e-01 8.387705683708190918e-01
4.469206929206848145e-01 6.234292984008789062e-01
9.509252309799194336e-01 4.167748093605041504e-01
9.095811247825622559e-01 6.613819301128387451e-02
1.941159516572952271e-01 8.910356760025024414e-01
8.805837631225585938e-01 4.867647588253021240e-01
1.856284439563751221e-01 7.817499339580535889e-03
5.431060791015625000e-01 9.976177215576171875e-01
8.166507482528686523e-01 5.172175168991088867e-01
1.285050958395004272e-01 5.282483696937561035e-01
4.407871365547180176e-01 6.077721118927001953e-01
6.389526128768920898e-01 7.483701705932617188e-01
2.213644683361053467e-01 6.114388257265090942e-02
6.360486745834350586e-01 7.010583281517028809e-01
1.751593314111232758e-02 2.625416405498981476e-02
5.890256166458129883e-01 2.591226398944854736e-01
3.533470332622528076e-01 4.000255167484283447e-01
1.033087074756622314e-01 1.005812659859657288e-01
3.352402150630950928e-02 1.347074508666992188e-01
5.079076290130615234e-01 8.695110678672790527e-01
9.089457988739013672e-01 6.434252858161926270e-01
4.872721731662750244e-01 6.291358470916748047e-01
3.501541614532470703e-01 4.728295207023620605e-01
8.737941384315490723e-01 1.846619993448257446e-01
3.537961095571517944e-02 9.911122918128967285e-01
3.382804095745086670e-01 9.049372076988220215e-01
9.790477752685546875e-01 7.765966653823852539e-01
4.565730392932891846e-01 9.501496553421020508e-01
8.996886610984802246e-01 7.932656407356262207e-01
6.653385758399963379e-01 7.335286736488342285e-01
3.508960083127021790e-02 7.332947105169296265e-02
1.842341572046279907e-02 2.632035613059997559e-01
4.999076128005981445e-01 9.315786957740783691e-01
7.559084296226501465e-01 2.778848707675933838e-01
6.325570940971374512e-01 5.651779174804687500e-01
8.173551559448242188e-01 8.616907000541687012e-01
2.963313162326812744e-01 8.031780719757080078e-01
6.649317145347595215e-01 9.237771034240722656e-01
1.190430819988250732e-01 4.648686647415161133e-01
1.823670603334903717e-02 9.622136354446411133e-01
2.881520986557006836e-01 7.124090790748596191e-01
7.228157520294189453e-01 8.978248238563537598e-01
7.520042657852172852e-01 2.255646586418151855e-01
1.318296939134597778e-01 3.158117532730102539e-01
6.133208274841308594e-01 2.624777853488922119e-01
1.421598196029663086e-01 8.022948503494262695e-01
7.515819668769836426e-01 9.485974907875061035e-01
7.987226247787475586e-01 8.442129492759704590e-01
6.997349262237548828e-01 5.770988464355468750e-01
4.507481753826141357e-01 3.954216539859771729e-01
9.683234989643096924e-02 7.558578252792358398e-01
7.106055021286010742e-01 1.878241151571273804e-01
6.394574642181396484e-01 3.953887149691581726e-02
2.813616581261157990e-02 6.244601607322692871e-01
3.469426333904266357e-01 4.261361062526702881e-01
2.533735930919647217e-01 5.836632251739501953e-01
6.962459087371826172e-01 6.512295007705688477e-01
8.151882886886596680e-01 1.810732930898666382e-01
3.189484477043151855e-01 9.588028788566589355e-01
2.529988288879394531e-01 7.481875419616699219e-01
9.372023344039916992e-01 2.174847722053527832e-01
2.157784551382064819e-01 6.669844686985015869e-02
5.467702746391296387e-01 6.461978554725646973e-01
4.146945849061012268e-02 7.423235774040222168e-01
3.783010244369506836e-01 4.039993584156036377e-01
5.576848983764648438e-01 3.291418552398681641e-01
8.839091658592224121e-01 3.913557827472686768e-01
1.787986904382705688e-01 6.831270456314086914e-01
4.757417738437652588e-01 6.489464044570922852e-01
7.251176238059997559e-01 8.496885895729064941e-01
5.421044230461120605e-01 2.951170206069946289e-01
3.325395286083221436e-01 5.909991860389709473e-01
4.197229444980621338e-01 4.632110297679901123e-01
9.613651037216186523e-01 1.872366219758987427e-01
7.207511067390441895e-01 7.398796677589416504e-01
3.826714158058166504e-01 9.395493566989898682e-02
5.853688716888427734e-01 5.853149294853210449e-01
4.103478491306304932e-01 3.857861161231994629e-01
8.328850269317626953e-01 3.054904639720916748e-01
6.624973416328430176e-01 6.975539922714233398e-01
4.446610510349273682e-01 2.439993023872375488e-01
3.313435912132263184e-01 6.413721442222595215e-01
9.232599139213562012e-01 3.950659930706024170e-01
1.165220290422439575e-01 4.721893668174743652e-01
7.909129261970520020e-01 6.625048518180847168e-01
1.648520529270172119e-01 1.051310524344444275e-01
8.694967031478881836e-01 9.268154501914978027e-01
4.229996502399444580e-01 2.743203565478324890e-02
1.091808155179023743e-01 8.972130417823791504e-01
8.591455221176147461e-01 2.559540569782257080e-01
8.567983508110046387e-01 7.499266415834426880e-02
8.915989995002746582e-01 1.743961721658706665e-01
6.039884090423583984e-01 5.717077255249023438e-01
5.644981265068054199e-01 7.767975330352783203e-01
8.852456212043762207e-01 7.106885910034179688e-01
8.014976382255554199e-01 9.644179940223693848e-01
6.975998282432556152e-01 9.002792835235595703e-01
2.147720903158187866e-01 5.123626813292503357e-02
1.709410995244979858e-01 6.324810385704040527e-01
4.238719642162322998e-01 5.903933644294738770e-01
9.780434966087341309e-01 3.077002167701721191e-01
3.853687345981597900e-01 3.442904725670814514e-02
4.758037924766540527e-01 5.658613443374633789e-01
2.015492618083953857e-01 7.128927707672119141e-01
3.155817091464996338e-01 6.198521256446838379e-01
5.638363361358642578e-01 5.785235762596130371e-01
4.141044020652770996e-01 9.784502983093261719e-01
5.684744119644165039e-01 7.032483816146850586e-01
5.808491259813308716e-02 4.293603301048278809e-01
2.277574241161346436e-01 7.074475884437561035e-01
2.103099077939987183e-01 9.633917808532714844e-01
2.407410442829132080e-01 4.281513690948486328e-01
3.595732152462005615e-01 8.171812891960144043e-01
8.854101896286010742e-01 5.187723040580749512e-01
7.817648649215698242e-01 1.772601604461669922e-01
9.655229449272155762e-01 5.313438773155212402e-01
1.621994525194168091e-01 4.421309828758239746e-01
8.038657158613204956e-02 5.475559830665588379e-01
6.737861037254333496e-02 4.682232141494750977e-01
7.795258760452270508e-01 5.331944674253463745e-02
7.318115830421447754e-01 6.697387099266052246e-01
3.531845808029174805e-01 8.659945130348205566e-01
6.302660703659057617e-02 4.327188730239868164e-01
2.030725330114364624e-01 6.451181769371032715e-01
4.419530034065246582e-01 5.958467125892639160e-01
7.724388837814331055e-01 2.299161106348037720e-01
8.875634521245956421e-02 2.239107638597488403e-01
6.722525954246520996e-01 1.140752509236335754e-01
4.170853793621063232e-01 2.549670934677124023e-01
7.191644310951232910e-01 4.790322482585906982e-02
4.830756485462188721e-01 8.156690001487731934e-01
6.053652167320251465e-01 7.874655127525329590e-01
6.148351430892944336e-01 1.145738661289215088e-01
5.039774179458618164e-01 2.401037067174911499e-01
2.614934444427490234e-01 1.664860397577285767e-01
7.682393789291381836e-01 3.544655069708824158e-02
2.928066626191139221e-02 2.252957075834274292e-01
6.243998408317565918e-01 3.635337650775909424e-01
1.787295639514923096e-01 9.998399615287780762e-01
1.619837433099746704e-01 9.766802191734313965e-01
7.102965712547302246e-01 5.473269224166870117e-01
8.512238860130310059e-01 6.372465491294860840e-01
3.085984289646148682e-02 3.545609116554260254e-01
9.313399791717529297e-01 9.211630225181579590e-01
4.629449248313903809e-01 9.121273756027221680e-01
7.670686244964599609e-01 9.591575264930725098e-01
3.785535395145416260e-01 8.297739028930664062e-01
4.276605248451232910e-01 8.637204766273498535e-01
1.173721104860305786e-01 1.409761160612106323e-01
1.035933047533035278e-01 8.669745326042175293e-01
6.505379676818847656e-01 4.546354711055755615e-01
6.184534355998039246e-02 5.371482968330383301e-01
7.848373055458068848e-01 9.626342654228210449e-01
3.424059450626373291e-01 6.989688873291015625e-01
8.493676185607910156e-01 5.800259709358215332e-01
8.784118294715881348e-01 5.584128499031066895e-01
2.286423295736312866e-01 1.806187331676483154e-01
5.680046677589416504e-01 2.406988590955734253e-01
3.272839486598968506e-01 4.638822078704833984e-01
4.247080087661743164e-01 9.045153856277465820e-01
5.159264206886291504e-01 5.910937786102294922e-01
2.549788653850555420e-01 2.638931944966316223e-02
6.111159324645996094e-01 9.838344454765319824e-01
4.361312687397003174e-01 5.640112161636352539e-01
7.587233781814575195e-01 5.813872218132019043e-01
6.114165782928466797e-01 3.449730575084686279e-01
1.579958796501159668e-01 8.840985894203186035e-01
8.987591266632080078e-01 5.748645663261413574e-01
9.666855335235595703e-01 2.861602008342742920e-01
2.427073866128921509e-01 7.780291438102722168e-01
3.973470926284790039e-01 2.775181531906127930e-01
9.933571219444274902e-01 3.301746249198913574e-01
9.358114004135131836e-01 9.255270957946777344e-01
7.366521954536437988e-01 2.742508649826049805e-01
7.819494605064392090e-01 8.884404897689819336e-01
5.985150337219238281e-01 4.230156540870666504e-01
4.343420639634132385e-02 7.559991478919982910e-01
9.893850088119506836e-01 8.304885029792785645e-02
6.820860505104064941e-01 6.499119997024536133e-01
4.263836145401000977e-01 8.077339529991149902e-01
8.201040625572204590e-01 5.058403611183166504e-01
7.157078981399536133e-01 5.644709989428520203e-02
7.518588900566101074e-01 3.974798917770385742e-01
5.511037111282348633e-01 8.475877046585083008e-01
5.796381086111068726e-02 3.934802412986755371e-01
9.450160264968872070e-01 6.445259451866149902e-01
4.742246866226196289e-02 9.230293631553649902e-01
3.392012119293212891e-01 3.897641599178314209e-01
1.529421806335449219e-01 6.497460007667541504e-01
2.047615796327590942e-01 9.927769303321838379e-01
5.697569623589515686e-02 3.040622770786285400e-01
9.127146005630493164e-01 8.730671405792236328e-01
5.683327317237854004e-01 8.028813600540161133e-01
6.794031858444213867e-01 4.176688492298126221e-01
4.148025810718536377e-01 1.114056631922721863e-01
5.483424663543701172e-01 5.225751399993896484e-01
1.956371366977691650e-01 5.517367720603942871e-01
3.936192989349365234e-01 7.062368392944335938e-01
5.161762237548828125e-01 1.557753384113311768e-01
3.684211969375610352e-01 1.411485224962234497e-01
8.914472460746765137e-01 1.359485238790512085e-01
2.580020725727081299e-01 6.118252277374267578e-01
3.608299791812896729e-01 2.586590349674224854e-01
5.845711231231689453e-01 6.935374140739440918e-01
1.002843081951141357e-01 2.789081335067749023e-01
9.006171226501464844e-01 2.673850357532501221e-01
1.447205245494842529e-01 8.633747696876525879e-01
2.585940062999725342e-01 6.204349994659423828e-01
8.558838814496994019e-02 6.296634078025817871e-01
3.679826557636260986e-01 2.511826530098915100e-02
1.943306326866149902e-01 8.935384154319763184e-01
7.028623223304748535e-01 3.235355615615844727e-01
8.873336315155029297e-01 2.173141390085220337e-01
5.774040818214416504e-01 4.438435435295104980e-01
8.642406463623046875e-01 6.154941916465759277e-01
4.236549139022827148e-01 8.442071080207824707e-01
4.496987164020538330e-01 8.554489016532897949e-01
8.212146162986755371e-01 2.330236881971359253e-01
1.186308488249778748e-01 9.730002880096435547e-01
3.533401489257812500e-01 7.671841979026794434e-01
7.499629259109497070e-01 1.549490988254547119e-01
6.086325645446777344e-01 2.395418584346771240e-01
4.504526555538177490e-01 7.045907378196716309e-01
2.835920751094818115e-01 9.650117754936218262e-01
7.543017864227294922e-01 3.884484767913818359e-01
4.413628950715065002e-02 2.293287068605422974e-01
1.590336263179779053e-01 3.975832760334014893e-01
2.976544499397277832e-01 5.971149802207946777e-01
7.509283423423767090e-01 9.543899893760681152e-01
1.216608956456184387e-01 7.139410972595214844e-01
6.474025845527648926e-01 6.716344952583312988e-01
6.180458068847656250e-01 8.446700125932693481e-02
8.549509048461914062e-01 4.591646492481231689e-01
3.593877702951431274e-02 5.040556192398071289e-01
9.468255043029785156e-01 7.058073878288269043e-01
8.562484383583068848e-01 4.533443152904510498e-01
7.388706803321838379e-01 7.534735202789306641e-01
4.922637045383453369e-01 4.911089539527893066e-01
5.564691424369812012e-01 4.219201207160949707e-02
6.060056090354919434e-01 9.711208343505859375e-01
5.693312287330627441e-01 6.990294456481933594e-01
9.114395380020141602e-01 3.446096181869506836e-01
8.118354678153991699e-01 7.553785443305969238e-01
7.876192331314086914e-01 9.958680272102355957e-01
2.734034657478332520e-01 2.539495825767517090e-01
7.687457203865051270e-01 7.357603311538696289e-01
3.552100062370300293e-01 2.207470089197158813e-01
8.466611802577972412e-02 9.454944133758544922e-01
6.998980641365051270e-01 8.177816867828369141e-01
5.555832386016845703e-01 4.794271290302276611e-01
6.371223926544189453e-01 2.791471183300018311e-01
5.992528051137924194e-02 7.214176058769226074e-01
3.221088349819183350e-01 4.209327045828104019e-03
4.183788299560546875e-01 9.197764098644256592e-02
4.474402964115142822e-01 8.503512144088745117e-01
2.013478428125381470e-02 9.565976262092590332e-01
6.755723357200622559e-01 7.106577157974243164e-01
1.814291477203369141e-01 7.898616194725036621e-01
1.684822142124176025e-01 5.777946114540100098e-01
8.568889498710632324e-01 4.156643152236938477e-02
1.080328673124313354e-01 3.331786096096038818e-01
8.780753016471862793e-01 7.803202867507934570e-01
3.951969146728515625e-01 6.868334412574768066e-01
9.133351445198059082e-01 4.329842031002044678e-01
6.561644673347473145e-01 1.478181928396224976e-01
2.222301512956619263e-01 9.662952274084091187e-02
8.026877045631408691e-01 6.699328124523162842e-02
8.363448828458786011e-02 4.872287809848785400e-01
8.248035907745361328e-01 3.665445148944854736e-01
5.770250558853149414e-01 9.019134044647216797e-01
3.687225282192230225e-01 9.169884324073791504e-01
9.980202317237854004e-01 1.063772663474082947e-01
7.449357956647872925e-02 8.646690100431442261e-02
8.787351846694946289e-01 9.828166961669921875e-01
9.879351854324340820e-01 7.689595818519592285e-01
5.993070006370544434e-01 2.545611560344696045e-01
2.941425442695617676e-01 3.584414422512054443e-01
3.541083931922912598e-01 5.940935015678405762e-01
1.800338476896286011e-01 9.775751829147338867e-01
3.968283236026763916e-01 6.552928686141967773e-01
9.828280210494995117e-01 5.241233110427856445e-01
3.611544668674468994e-01 6.647047400474548340e-01
1.657227128744125366e-01 6.828992366790771484e-01
6.781126260757446289e-01 3.962379097938537598e-01
5.003303661942481995e-02 4.202751815319061279e-01
9.329400211572647095e-02 2.078367322683334351e-01
5.249112248420715332e-01 2.031942903995513916e-01
6.207624077796936035e-01 9.211963415145874023e-01
5.177431702613830566e-01 4.064257442951202393e-01
8.262120485305786133e-01 7.038901448249816895e-01
5.686017870903015137e-01 5.749486684799194336e-01
7.312108874320983887e-01 8.926155567169189453e-01
4.437639415264129639e-01 9.910358190536499023e-01
3.622950054705142975e-03 1.894111633300781250e-01
5.097175016999244690e-02 2.610813379287719727e-01
1.608799844980239868e-01 2.128156125545501709e-01
2.788161635398864746e-01 2.621518671512603760e-01
2.221603989601135254e-01 4.236442223191261292e-02
7.661784887313842773e-01 9.800177812576293945e-01
8.456179499626159668e-01 5.622059479355812073e-02
2.243605256080627441e-01 8.156436681747436523e-01
8.994371891021728516e-01 8.198065757751464844e-01
9.688591957092285156e-01 1.620886325836181641e-01
5.077890157699584961e-01 3.379581570625305176e-01
2.120493203401565552e-01 2.467975616455078125e-01
3.936478197574615479e-01 7.866530418395996094e-01
5.087882876396179199e-01 1.627807915210723877e-01
2.060989476740360260e-02 8.800318837165832520e-01
2.779927253723144531e-01 4.823155105113983154e-01
5.295547842979431152e-01 9.028468132019042969e-01
2.965237498283386230e-01 5.535454303026199341e-02
4.465558528900146484e-01 3.392795920372009277e-01
7.173451781272888184e-01 7.076810002326965332e-01
1.020054966211318970e-01 3.755144774913787842e-01
6.327689290046691895e-01 9.607875943183898926e-01
1.706495285034179688e-01 4.909755885601043701e-01
5.010557770729064941e-01 5.798941254615783691e-01
2.791264280676841736e-02 2.982277572154998779e-01
9.938354492187500000e-01 2.512126564979553223e-01
6.028757691383361816e-01 8.362498283386230469e-01
8.009240776300430298e-02 1.052184998989105225e-01
7.684083580970764160e-01 1.815435290336608887e-02
5.161892995238304138e-02 9.903694391250610352e-01
6.466242671012878418e-01 9.599506109952926636e-02
9.720882371766492724e-05 3.252865374088287354e-01
9.882453829050064087e-02 6.945487856864929199e-01
4.714662432670593262e-01 8.779156804084777832e-01
2.376060634851455688e-01 9.934722185134887695e-01
3.444409742951393127e-02 5.757350325584411621e-01
1.232381473528221250e-04 8.353928327560424805e-01
6.750975251197814941e-01 9.942261576652526855e-01
6.231954693794250488e-01 1.638641655445098877e-01
3.569243252277374268e-01 8.904792070388793945e-01
3.107764422893524170e-01 8.071373701095581055e-01
2.161861658096313477e-01 3.217609524726867676e-01
8.237385749816894531e-01 8.551838397979736328e-01
4.765914380550384521e-01 5.774469375610351562e-01
6.098201274871826172e-01 8.130872249603271484e-01
2.696723937988281250e-01 2.644447386264801025e-01
1.062014549970626831e-01 7.930189371109008789e-01
1.190600618720054626e-01 9.887445569038391113e-01
5.297918319702148438e-01 2.824493348598480225e-01
4.324892070144414902e-03 6.969305872917175293e-02
1.589143723249435425e-01 4.990050196647644043e-01
1.894827038049697876e-01 1.216810643672943115e-01
9.257847070693969727e-01 6.378794312477111816e-01
8.949521929025650024e-02 2.948470711708068848e-01
6.128505989909172058e-02 8.562159538269042969e-01
1.053167209029197693e-01 8.429599404335021973e-01
4.416387677192687988e-01 6.534243822097778320e-01
3.450177311897277832e-01 6.473371982574462891e-01
4.479492306709289551e-01 1.295361667871475220e-01
2.613410167396068573e-02 4.516666233539581299e-01
5.105591937899589539e-02 8.327827453613281250e-01
6.152246594429016113e-01 2.696232795715332031e-01
2.965039908885955811e-01 9.401696324348449707e-01
8.667767643928527832e-01 5.069456696510314941e-01
9.411761760711669922e-01 1.411751508712768555e-01
3.251042664051055908e-01 6.369435787200927734e-01
8.237925171852111816e-01 5.569891631603240967e-02
8.048297166824340820e-01 6.304787471890449524e-03
3.734616339206695557e-01 9.992046356201171875e-01
5.863053724169731140e-02 9.707816839218139648e-01
7.207294702529907227e-01 7.177314162254333496e-01
4.380677342414855957e-01 2.674180455505847931e-02
5.630968213081359863e-01 7.613435387611389160e-01
9.243881106376647949e-01 7.868662476539611816e-01
3.085023462772369385e-01 4.229056090116500854e-02
5.380278825759887695e-01 5.620495676994323730e-01
7.313173413276672363e-01 6.422782540321350098e-01
7.147920727729797363e-01 8.235820531845092773e-01
3.696976602077484131e-01 1.089163422584533691e-01
7.409836649894714355e-01 5.225681662559509277e-01
2.291770875453948975e-01 2.811999320983886719e-01
1.917222291231155396e-01 6.299690604209899902e-01
6.627708077430725098e-01 8.811303973197937012e-01
8.119016289710998535e-01 5.974496006965637207e-01
3.783104419708251953e-01 3.314239978790283203e-01
4.049851000308990479e-01 1.893475055694580078e-01
5.065465569496154785e-01 8.127466440200805664e-01
7.471466064453125000e-01 7.955563664436340332e-01
5.513342022895812988e-01 3.560389578342437744e-01
9.636772871017456055e-01 6.244766116142272949e-01
4.598512351512908936e-01 8.564286828041076660e-01
5.191205069422721863e-02 9.762177467346191406e-01
4.996737539768218994e-01 1.759174279868602753e-02
2.576644420623779297e-01 6.130042672157287598e-01
3.085098564624786377e-01 2.010179758071899414e-01
7.227231860160827637e-01 8.801197409629821777e-01
1.289824843406677246e-01 4.500809013843536377e-01
5.276010036468505859e-01 9.188588261604309082e-01
4.532105922698974609e-01 7.834324240684509277e-01
6.098884344100952148e-01 9.986584782600402832e-01
1.684482395648956299e-01 2.950898408889770508e-01
2.442156672477722168e-01 1.111163869500160217e-01
5.597090125083923340e-01 5.189615115523338318e-02
3.964357972145080566e-01 6.402358412742614746e-01
1.489261984825134277e-01 2.686612866818904877e-02
2.080508470535278320e-01 9.522562623023986816e-01
1.083033606410026550e-01 9.490913748741149902e-01
3.379990230314433575e-04 9.107660055160522461e-01
4.508927762508392334e-01 4.240121543407440186e-01
1.922804564237594604e-01 6.595231294631958008e-01
8.521748185157775879e-01 3.204085826873779297e-01
4.610899686813354492e-01 6.427555680274963379e-01
4.149695038795471191e-01 6.661781668663024902e-01
6.107177734375000000e-01 6.290181279182434082e-01
9.749796390533447266e-01 4.507313072681427002e-01
5.191584229469299316e-01 6.910848617553710938e-02
6.491281390190124512e-01 1.408144533634185791e-01
4.731743037700653076e-01 8.813441395759582520e-01
4.363130927085876465e-01 2.434273809194564819e-01
9.303911328315734863e-01 7.547547817230224609e-01
8.677133321762084961e-01 2.969274818897247314e-01
5.897851586341857910e-01 6.032756567001342773e-01
7.300359755754470825e-02 4.584398865699768066e-01
1.573345512151718140e-01 5.542086362838745117e-01
2.298588603734970093e-01 4.867618381977081299e-01
4.240112304687500000e-01 1.499282568693161011e-01
7.173413038253784180e-01 1.293826401233673096e-01
5.375769920647144318e-03 7.189051508903503418e-01
4.886076748371124268e-01 6.899985074996948242e-01
2.028630971908569336e-01 1.630546450614929199e-01
6.848372220993041992e-01 6.770942211151123047e-01
3.809861540794372559e-01 6.982213258743286133e-01
4.518002867698669434e-01 6.387308835983276367e-01
1.430030465126037598e-01 1.050383895635604858e-01
5.024668574333190918e-01 2.038189172744750977e-01
1.938290894031524658e-01 2.279264032840728760e-01
9.561737775802612305e-01 4.184375107288360596e-01
1.391488462686538696e-01 7.331632971763610840e-01
4.607527703046798706e-02 9.600350856781005859e-01
4.620013013482093811e-02 6.579186916351318359e-01
8.539440631866455078e-01 4.806694984436035156e-01
4.952180087566375732e-01 5.820645093917846680e-01
6.314628124237060547e-01 5.315416455268859863e-01
3.130800724029541016e-01 3.875295519828796387e-01
5.617396831512451172e-01 9.912688136100769043e-01
4.177311360836029053e-01 1.245447024703025818e-01
1.404598653316497803e-01 5.138390883803367615e-02
8.910459280014038086e-01 4.262481629848480225e-01
5.170319080352783203e-01 8.902148604393005371e-01
2.708743214607238770e-01 3.573546707630157471e-01
3.352825939655303955e-01 3.793943822383880615e-01
7.383990883827209473e-01 1.481756567955017090e-01
7.859835624694824219e-01 6.265369057655334473e-01
5.706428289413452148e-01 7.093710899353027344e-01
9.307313561439514160e-01 6.472587585449218750e-01
2.222772389650344849e-01 5.633478760719299316e-01
1.131689101457595825e-01 6.855916976928710938e-01
1.708566248416900635e-01 1.119643896818161011e-01
6.872877478599548340e-02 8.732348680496215820e-01
4.446850344538688660e-02 7.447964549064636230e-01
5.973336696624755859e-01 8.687996864318847656e-01
7.458150982856750488e-01 5.457425117492675781e-01
5.997401475906372070e-01 3.728837966918945312e-01
9.890456795692443848e-01 5.903605818748474121e-01
7.353641390800476074e-01 7.007181644439697266e-01
4.345254004001617432e-01 5.186557769775390625e-02
4.385117068886756897e-02 5.637154579162597656e-01
9.211481213569641113e-01 6.489614844322204590e-01
3.185428977012634277e-01 1.801327913999557495e-01
6.047853231430053711e-01 5.580321550369262695e-01
6.430310606956481934e-01 6.556069850921630859e-01
4.111533761024475098e-01 9.727707505226135254e-01
5.357264280319213867e-01 9.050830602645874023e-01
7.034881114959716797e-01 7.494364380836486816e-01
5.094548463821411133e-01 6.974233984947204590e-01
1.281280666589736938e-01 9.089742302894592285e-01
6.654838919639587402e-01 8.551924824714660645e-01
2.314841896295547485e-01 6.354873776435852051e-01
2.865619771182537079e-02 2.529993057250976562e-01
7.666248679161071777e-01 5.777914524078369141e-01
9.712953567504882812e-01 7.859621047973632812e-01
3.212172985076904297e-01 4.940443038940429688e-01
7.995042204856872559e-01 8.443731069564819336e-01
2.583391070365905762e-01 9.038541316986083984e-01
6.526083350181579590e-01 5.671370029449462891e-01
2.310618609189987183e-01 6.047183275222778320e-01
4.631725251674652100e-01 8.903366923332214355e-01
4.589140713214874268e-01 6.641233563423156738e-01
4.959016293287277222e-02 2.806593775749206543e-01
1.043323799967765808e-01 7.191704213619232178e-02
6.800525188446044922e-01 1.421891450881958008e-01
7.309831678867340088e-02 3.017306029796600342e-01
4.374865293502807617e-01 4.556202590465545654e-01
1.670580506324768066e-01 6.073932647705078125e-01
6.219890713691711426e-02 4.128286242485046387e-01
5.279455184936523438e-01 8.725414872169494629e-01
5.979125499725341797e-01 8.530790805816650391e-01
4.980036318302154541e-01 4.599834084510803223e-01
9.963822960853576660e-01 8.577430248260498047e-01
3.842933475971221924e-02 3.667851537466049194e-02
2.880908250808715820e-01 3.791742026805877686e-01
7.137984633445739746e-01 5.885926485061645508e-01
1.338333189487457275e-01 3.783092796802520752e-01
8.142765164375305176e-01 1.127780303359031677e-01
3.807618021965026855e-01 6.272864937782287598e-01
5.047410726547241211e-01 1.299639325588941574e-02
6.133608818054199219e-01 4.954326525330543518e-02
6.841599345207214355e-01 4.520386755466461182e-01
2.336730211973190308e-01 4.229636788368225098e-01
4.604622721672058105e-01 5.286309719085693359e-01
5.491309985518455505e-02 1.403284519910812378e-01
9.299997687339782715e-01 2.465969920158386230e-01
1.450894474983215332e-01 9.820692539215087891e-01
2.071543931961059570e-01 3.380161896347999573e-02
5.546368956565856934e-01 3.248348236083984375e-01
6.472646594047546387e-01 1.766327023506164551e-01
3.012852370738983154e-01 4.149154722690582275e-01
4.844891428947448730e-01 3.747486174106597900e-01
8.550466299057006836e-01 5.804013013839721680e-01
4.700037837028503418e-01 9.516929388046264648e-01
5.946521759033203125e-01 6.142580509185791016e-01
2.362959831953048706e-01 8.982425332069396973e-01
9.514692425727844238e-01 3.823309019207954407e-02
9.501395225524902344e-01 4.984059333801269531e-01
4.173839688301086426e-01 1.603336632251739502e-01
5.312244296073913574e-01 4.950048923492431641e-01
7.147037237882614136e-02 3.453826904296875000e-01
2.957440614700317383e-01 1.718052625656127930e-01
3.503966629505157471e-01 7.417666912078857422e-01
1.577042490243911743e-01 2.384820431470870972e-01
1.113849133253097534e-01 8.156254887580871582e-01
5.331460833549499512e-01 1.445213407278060913e-01
1.722793579101562500e-01 2.125743776559829712e-01
6.047527790069580078e-01 9.628759026527404785e-01
2.338596135377883911e-01 5.213897824287414551e-01
6.014518737792968750e-01 3.125981092453002930e-01
4.265849590301513672e-01 6.006180047988891602e-01
6.185384839773178101e-02 8.029144406318664551e-01
6.061391234397888184e-01 4.377555549144744873e-01
4.129630923271179199e-01 7.180123925209045410e-01
6.194674968719482422e-01 6.954376101493835449e-01
2.138651311397552490e-01 5.892971754074096680e-01
8.610066175460815430e-01 5.900390148162841797e-01
3.690054416656494141e-01 2.162554860115051270e-01
5.763518810272216797e-01 3.135706484317779541e-01
6.882425546646118164e-01 5.519374608993530273e-01
6.167565584182739258e-01 6.510163545608520508e-01
4.036029577255249023e-01 2.219981551170349121e-01
7.747780084609985352e-01 5.576055496931076050e-02
9.445455074310302734e-01 5.001351833343505859e-01
5.863851904869079590e-01 4.263549745082855225e-01
2.033756971359252930e-01 7.095840573310852051e-01
6.396543979644775391e-01 3.205088200047612190e-03
6.940678358078002930e-01 5.003393292427062988e-01
6.088927984237670898e-01 3.974154591560363770e-01
1.903579384088516235e-01 5.163065195083618164e-01
2.350920736789703369e-01 9.837428927421569824e-01
1.063558533787727356e-01 8.978568315505981445e-01
5.585156083106994629e-01 7.746071815490722656e-01
7.937697768211364746e-01 3.027497231960296631e-01
8.998039364814758301e-01 1.766576319932937622e-01
6.088159233331680298e-02 3.867922127246856689e-01
7.184526324272155762e-01 2.316681593656539917e-01
5.410297513008117676e-01 6.286042928695678711e-01
1.148412227630615234e-01 4.473024606704711914e-01
1.191252917051315308e-01 9.166871905326843262e-01
5.920837521553039551e-01 1.155937612056732178e-01
4.913972914218902588e-01 2.739565372467041016e-01
3.105865716934204102e-01 2.296221703290939331e-01
6.460120677947998047e-01 7.591280937194824219e-01
3.715953826904296875e-01 3.017569482326507568e-01
7.275652885437011719e-01 2.259569801390171051e-02
3.816246390342712402e-01 4.257259666919708252e-01
7.623903751373291016e-01 6.259038448333740234e-01
8.832014203071594238e-01 3.403493165969848633e-01
8.597731590270996094e-01 4.556509554386138916e-01
6.156762689352035522e-02 6.104453802108764648e-01
7.054784297943115234e-01 6.615482568740844727e-01
4.945804178714752197e-01 1.377190947532653809e-01
5.695943832397460938e-01 4.927310049533843994e-01
2.974030673503875732e-01 9.448041915893554688e-01
6.402519345283508301e-02 8.293276429176330566e-01
9.766582846641540527e-01 8.608685731887817383e-01
7.593098878860473633e-01 1.102186888456344604e-01
6.782234907150268555e-01 1.297439187765121460e-01
8.813526630401611328e-01 6.671078801155090332e-01
6.262673437595367432e-02 6.539977788925170898e-01
1.790163852274417877e-02 6.508497595787048340e-01
3.460433483123779297e-01 4.956250190734863281e-01
2.323027104139328003e-01 2.665442228317260742e-01
3.947316706180572510e-01 9.133281111717224121e-01
3.901450634002685547e-01 9.571090936660766602e-01
8.360668420791625977e-01 6.368057727813720703e-01
8.882700204849243164e-01 8.425418734550476074e-01
9.019770622253417969e-01 7.313373088836669922e-01
2.560122869908809662e-02 5.088812857866287231e-02
3.977068960666656494e-01 1.239974573254585266e-01
3.215119540691375732e-01 6.690521240234375000e-01
3.862647116184234619e-01 6.544443964958190918e-01
4.265941679477691650e-01 8.318791985511779785e-01
2.485489398241043091e-01 5.714042186737060547e-01
2.958931326866149902e-01 8.388452529907226562e-01
8.483490347862243652e-01 9.482985734939575195e-01
