6.504166722297668457e-01 1.926817744970321655e-01
6.408564448356628418e-01 9.124734401702880859e-01
4.498008191585540771e-01 3.761626780033111572e-01
9.584230780601501465e-01 3.352673947811126709e-01
3.640124797821044922e-01 1.858731061220169067e-01
5.571182966232299805e-01 5.732053518295288086e-01
3.291026055812835693e-01 8.028463125228881836e-01
7.705625891685485840e-01 5.397525429725646973e-02
6.598969101905822754e-01 1.374883949756622314e-01
7.438451647758483887e-01 1.916374415159225464e-01
3.746297061443328857e-01 9.669099748134613037e-02
3.380699753761291504e-01 5.073536038398742676e-01
4.242403209209442139e-01 9.749789237976074219e-01
3.593733012676239014e-01 1.476039141416549683e-01
7.335115075111389160e-01 4.534819126129150391e-01
1.570365577936172485e-01 1.356500834226608276e-01
9.395731985569000244e-02 3.905372619628906250e-01
8.587182313203811646e-02 2.705630101263523102e-02
6.138969063758850098e-01 5.212532281875610352e-01
7.994635105133056641e-01 2.204611301422119141e-01
5.239191055297851562e-01 4.063250422477722168e-01
9.200742840766906738e-01 9.046603441238403320e-01
3.203018605709075928e-01 2.620540857315063477e-01
3.420729637145996094e-01 7.151514887809753418e-01
2.157703042030334473e-01 6.000524163246154785e-01
3.677459657192230225e-01 7.227551937103271484e-01
6.385483741760253906e-01 9.707040190696716309e-01
8.431776165962219238e-01 8.416590690612792969e-01
3.161198273301124573e-02 5.983531475067138672e-01
4.696364998817443848e-01 1.130329594016075134e-01
8.926197290420532227e-01 4.380993545055389404e-01
6.792506575584411621e-01 3.878248035907745361e-01
9.058983623981475830e-02 1.865559071302413940e-01
9.916948676109313965e-01 1.791764348745346069e-01
1.481356378644704819e-02 9.121507406234741211e-01
5.060167908668518066e-01 5.298337340354919434e-01
9.415210485458374023e-01 4.277597963809967041e-01
5.861616730690002441e-01 1.749142259359359741e-01
6.611820459365844727e-01 5.337727665901184082e-01
7.511649727821350098e-01 4.231912195682525635e-01
6.409902572631835938e-01 2.653708755970001221e-01
7.807622551918029785e-01 5.221471786499023438e-01
9.725942611694335938e-01 2.847920656204223633e-01
5.242589712142944336e-01 3.772884011268615723e-01
1.217391043901443481e-01 7.064164280891418457e-01
4.902980327606201172e-01 3.763444721698760986e-01
9.812375903129577637e-02 7.119389176368713379e-01
4.867842197418212891e-01 4.528485536575317383e-01
2.301726192235946655e-01 6.375055909156799316e-01
5.286364555358886719e-01 3.342705368995666504e-01
6.015305519104003906e-01 7.086210846900939941e-01
3.783463835716247559e-01 9.785655140876770020e-01
7.841009497642517090e-01 9.126948118209838867e-01
6.014068126678466797e-01 6.699333786964416504e-01
2.848928868770599365e-01 8.173763751983642578e-01
3.557542264461517334e-01 5.253008604049682617e-01
4.655396044254302979e-01 6.415862441062927246e-01
7.977485060691833496e-01 6.338276267051696777e-01
4.667057693004608154e-01 4.559388384222984314e-02
4.878690838813781738e-01 9.961894750595092773e-01
6.039940118789672852e-01 3.944009542465209961e-01
4.766787886619567871e-01 3.956702649593353271e-01
1.768615096807479858e-01 4.344120621681213379e-01
3.658537268638610840e-01 5.487180948257446289e-01
2.231345623731613159e-01 9.763379096984863281e-01
5.556993484497070312e-01 2.623798251152038574e-01
6.526415944099426270e-01 7.013879418373107910e-01
2.196347117424011230e-01 1.826930195093154907e-01
9.986000061035156250e-01 1.162308678030967712e-01
5.280771255493164062e-01 9.943131208419799805e-01
1.777699440717697144e-01 9.290806055068969727e-01
8.256277441978454590e-01 4.613486528396606445e-01
8.046019673347473145e-01 6.876185536384582520e-01
9.947670996189117432e-02 6.960410475730895996e-01
5.383551120758056641e-01 5.256004929542541504e-01
4.909566044807434082e-01 9.634234309196472168e-01
5.047012567520141602e-01 5.054314136505126953e-01
9.553607553243637085e-02 9.299781918525695801e-01
3.323875665664672852e-01 8.393058776855468750e-01
1.997898221015930176e-01 7.544576525688171387e-01
5.312990546226501465e-01 5.118137001991271973e-01
5.600731968879699707e-01 9.838673472404479980e-01
9.292042851448059082e-01 1.030864268541336060e-01
8.249659538269042969e-01 1.006529852747917175e-01
2.890772819519042969e-01 6.841142177581787109e-01
8.288354873657226562e-01 7.786458134651184082e-01
3.374337553977966309e-01 1.034328490495681763e-01
8.102949261665344238e-01 4.945689737796783447e-01
3.198198378086090088e-01 1.594454646110534668e-01
4.564357399940490723e-01 4.281458556652069092e-01
4.266823232173919678e-01 7.198663353919982910e-01
5.097662210464477539e-01 1.334985718131065369e-02
3.136815726757049561e-01 6.971782445907592773e-01
9.444971680641174316e-01 8.667744398117065430e-01
4.205921292304992676e-02 9.216578006744384766e-01
5.811156630516052246e-01 3.893143832683563232e-01
4.326370954513549805e-01 4.426954388618469238e-01
8.849890232086181641e-01 1.805565804243087769e-01
7.906368970870971680e-01 5.444591045379638672e-01
9.044487476348876953e-01 6.171197295188903809e-01
2.771271951496601105e-02 5.994963645935058594e-01
3.404302000999450684e-01 3.853456676006317139e-01
3.817048668861389160e-01 1.318994462490081787e-01
5.103163123130798340e-01 9.481325149536132812e-01
8.233724236488342285e-01 2.781174480915069580e-01
6.807293891906738281e-01 1.252581477165222168e-01
4.164553582668304443e-01 8.537670969963073730e-01
4.199586510658264160e-01 3.758739233016967773e-01
5.163896083831787109e-01 5.425109714269638062e-02
2.247075587511062622e-01 3.731022179126739502e-01
5.639179944992065430e-01 3.687543570995330811e-01
5.428071618080139160e-01 6.012379527091979980e-01
1.682344675064086914e-01 1.111760959029197693e-01
1.380878388881683350e-01 2.893262207508087158e-01
4.137865006923675537e-01 5.008429288864135742e-01
9.296113252639770508e-01 7.485502362251281738e-01
5.050659775733947754e-01 3.542608618736267090e-01
4.600361734628677368e-02 6.703134775161743164e-01
7.202726788818836212e-03 7.663828134536743164e-01
5.675827339291572571e-02 1.972185671329498291e-01
1.216721683740615845e-01 9.184596538543701172e-01
8.665260672569274902e-01 8.091021329164505005e-02
9.355685114860534668e-01 2.733291983604431152e-01
5.255631208419799805e-01 8.975694179534912109e-01
5.316070094704627991e-02 7.141302824020385742e-01
4.018580019474029541e-01 3.324793279170989990e-01
5.329517126083374023e-01 6.250583380460739136e-02
5.609115958213806152e-01 8.101496100425720215e-02
5.523330569267272949e-01 7.798882722854614258e-01
2.909717857837677002e-01 7.698498964309692383e-01
6.717233061790466309e-01 7.888052612543106079e-02
7.271443605422973633e-01 1.227093935012817383e-01
5.277749896049499512e-01 8.015417456626892090e-01
8.785986900329589844e-01 5.416843295097351074e-01
4.121567904949188232e-01 5.055801272392272949e-01
5.981987118721008301e-01 8.693712949752807617e-01
4.727073758840560913e-02 4.115854203701019287e-01
4.811454713344573975e-01 2.515367567539215088e-01
6.078711748123168945e-01 6.099645495414733887e-01
5.908554792404174805e-01 5.875391960144042969e-01
9.124774932861328125e-01 5.041235685348510742e-01
3.101799488067626953e-01 2.655253410339355469e-01
1.752385795116424561e-01 6.771427989006042480e-01
5.515515208244323730e-01 1.920802295207977295e-01
2.194037139415740967e-01 9.009357690811157227e-01
5.721812844276428223e-01 3.018152713775634766e-01
5.763170123100280762e-01 2.890322804450988770e-01
1.516706943511962891e-01 7.650316357612609863e-01
7.079830765724182129e-01 2.958890795707702637e-01
2.632369399070739746e-01 4.722448438405990601e-02
7.303195446729660034e-02 7.130129933357238770e-01
1.247777715325355530e-01 6.405348181724548340e-01
4.619995951652526855e-01 3.801537752151489258e-01
3.036627173423767090e-01 7.877676486968994141e-01
8.905429244041442871e-01 6.001273989677429199e-01
6.357970088720321655e-02 3.822349905967712402e-01
5.977556705474853516e-01 1.316956281661987305e-01
8.307828903198242188e-01 3.070857226848602295e-01
2.612835168838500977e-01 6.247130632400512695e-01
6.436468362808227539e-01 4.673299193382263184e-01
3.978649377822875977e-01 9.583199769258499146e-02
9.823639392852783203e-01 6.003577709197998047e-01
3.881057798862457275e-01 8.784996271133422852e-01
1.434127390384674072e-01 8.873435854911804199e-01
8.835042268037796021e-02 6.470145583152770996e-01
1.643373444676399231e-02 1.769482493400573730e-01
9.730218648910522461e-01 7.722321152687072754e-01
8.270586133003234863e-01 9.658116102218627930e-01
5.605398416519165039e-01 5.079932808876037598e-01
5.640328526496887207e-01 5.456078052520751953e-01
5.340489149093627930e-01 1.008768007159233093e-01
5.967709422111511230e-01 7.164009809494018555e-01
8.621703386306762695e-01 2.564812004566192627e-01
5.079106092453002930e-01 6.849332451820373535e-01
3.164656758308410645e-01 5.409743189811706543e-01
8.793780207633972168e-01 7.439401745796203613e-01
1.349205970764160156e-01 6.301751136779785156e-01
7.596373558044433594e-01 2.755051851272583008e-01
1.072673723101615906e-01 9.121015071868896484e-01
7.510069608688354492e-01 7.432544827461242676e-01
2.185761928558349609e-01 8.285419940948486328e-01
1.995100826025009155e-01 2.363395988941192627e-01
8.264169096946716309e-01 4.761183559894561768e-01
8.416457772254943848e-01 7.562145590782165527e-01
3.200421035289764404e-01 6.328104138374328613e-01
2.940052747726440430e-01 7.898444533348083496e-01
2.359586954116821289e-01 8.554635047912597656e-01
4.799041748046875000e-01 2.557100653648376465e-01
4.815957248210906982e-01 8.986076116561889648e-01
6.132004261016845703e-01 2.036965638399124146e-01
6.595767736434936523e-01 1.912045478820800781e-01
4.670463800430297852e-01 4.803500175476074219e-01
4.009253084659576416e-01 7.534909993410110474e-02
8.749504089355468750e-01 4.500941038131713867e-01
9.896515607833862305e-01 6.453679203987121582e-01
5.160222053527832031e-01 2.627342045307159424e-01
7.008717656135559082e-01 3.229506909847259521e-01
2.514300346374511719e-01 2.720978260040283203e-01
9.235097765922546387e-01 6.069302558898925781e-01
5.136551856994628906e-01 8.970690369606018066e-01
4.536498486995697021e-01 9.538211226463317871e-01
1.614481210708618164e-02 9.776404500007629395e-01
3.839642107486724854e-01 2.846566736698150635e-01
2.006134092807769775e-01 6.327309608459472656e-01
5.679173469543457031e-01 1.052708551287651062e-01
8.239395022392272949e-01 1.058934256434440613e-01
6.251566410064697266e-01 4.868197739124298096e-01
5.082331895828247070e-01 4.678531885147094727e-01
3.008577739819884300e-03 5.770440101623535156e-01
6.142031550407409668e-01 4.053373932838439941e-01
8.207607269287109375e-01 3.038990795612335205e-01
6.182596683502197266e-01 1.162160784006118774e-01
2.285734713077545166e-01 1.708593219518661499e-01
3.826933801174163818e-01 4.149367511272430420e-01
3.258326947689056396e-01 3.008232079446315765e-02
4.328795373439788818e-01 5.385944247245788574e-01
4.045263305306434631e-02 9.450293779373168945e-01
5.416525900363922119e-02 7.060843706130981445e-01
6.528066396713256836e-01 6.271468009799718857e-03
9.800290465354919434e-01 5.918726921081542969e-01
3.544291257858276367e-01 2.877556383609771729e-01
4.023503065109252930e-01 1.283365935087203979e-01
9.157689213752746582e-01 7.516570687294006348e-01
4.229509234428405762e-01 8.120865225791931152e-01
4.078796803951263428e-01 1.800294071435928345e-01
4.764341711997985840e-01 5.544707179069519043e-01
5.427149534225463867e-01 4.016734659671783447e-01
3.793155252933502197e-01 2.728299200534820557e-01
7.213651537895202637e-01 3.894390463829040527e-01
7.631542086601257324e-01 3.848226070404052734e-01
8.363858461380004883e-01 3.741130530834197998e-01
8.048181533813476562e-01 9.491297602653503418e-01
9.313495159149169922e-01 8.177253007888793945e-01
2.667992115020751953e-01 9.185212850570678711e-01
5.325201153755187988e-01 5.787426829338073730e-01
6.527898311614990234e-01 6.305001378059387207e-01
8.750631809234619141e-01 1.716396361589431763e-01
2.852796316146850586e-01 8.235298395156860352e-01
9.004419445991516113e-01 6.869667023420333862e-02
2.603832781314849854e-01 9.889289736747741699e-01
2.431320250034332275e-01 9.464117884635925293e-01
8.201166987419128418e-01 1.040489301085472107e-01
5.516443252563476562e-01 5.924777984619140625e-01
4.316245317459106445e-01 7.127167582511901855e-01
4.131356179714202881e-01 9.747062921524047852e-01
1.036810055375099182e-01 5.453462004661560059e-01
5.704991221427917480e-01 3.948510587215423584e-01
4.068579375743865967e-01 2.832416296005249023e-01
4.018087312579154968e-02 7.417944669723510742e-01
4.246857166290283203e-01 9.837484955787658691e-01
1.151373013854026794e-01 2.192636430263519287e-01
2.007475644350051880e-01 7.278264760971069336e-01
7.531412690877914429e-02 8.136466741561889648e-01
6.069601774215698242e-01 4.639105200767517090e-01
2.805584371089935303e-01 4.583140313625335693e-01
3.458268642425537109e-01 7.199709415435791016e-01
5.038508176803588867e-01 7.198311686515808105e-01
3.543260693550109863e-01 7.513890266418457031e-01
4.275275766849517822e-01 1.653763800859451294e-01
4.808560758829116821e-02 8.752461522817611694e-02
1.859775632619857788e-01 4.614017307758331299e-01
5.822979807853698730e-01 8.521058559417724609e-01
8.296353220939636230e-01 5.827735066413879395e-01
5.744709372520446777e-01 9.524649977684020996e-01
2.416422218084335327e-01 9.520364403724670410e-01
3.988946974277496338e-01 2.815006300806999207e-02
8.433455824851989746e-01 2.835639193654060364e-02
2.568535804748535156e-01 4.209134355187416077e-02
5.061460733413696289e-01 8.254379034042358398e-01
4.295992553234100342e-01 8.185963630676269531e-01
6.503238677978515625e-01 3.422612249851226807e-01
9.751743674278259277e-01 8.505679368972778320e-01
7.036561369895935059e-01 8.140954971313476562e-01
4.654265940189361572e-01 3.552561998367309570e-01
4.347389936447143555e-02 9.865167140960693359e-01
2.305659651756286621e-01 5.784545540809631348e-01
7.806370258331298828e-01 9.267729520797729492e-01
6.121100783348083496e-01 7.062061429023742676e-01
5.089119076728820801e-01 1.118795666843652725e-02
4.750112891197204590e-01 6.580854654312133789e-01
5.355844497680664062e-01 8.867094516754150391e-01
6.034356355667114258e-01 6.927032470703125000e-01
9.267388582229614258e-01 2.571739628911018372e-02
3.461066484451293945e-01 1.409383714199066162e-01
8.043832182884216309e-01 3.245198726654052734e-01
2.402112185955047607e-01 7.187312841415405273e-01
9.185476899147033691e-01 9.290924072265625000e-01
8.795888423919677734e-01 8.485577702522277832e-01
1.859238296747207642e-01 4.786918461322784424e-01
8.126953840255737305e-01 5.321484804153442383e-01
5.634532570838928223e-01 2.506675422191619873e-01
4.043065607547760010e-01 8.604536056518554688e-01
4.920479953289031982e-01 9.830923676490783691e-01
3.526273667812347412e-01 3.913787007331848145e-01
3.872743844985961914e-01 2.078702747821807861e-01
8.585253953933715820e-01 7.034483551979064941e-01
2.934557199478149414e-01 3.562183380126953125e-01
2.243425846099853516e-01 3.583162426948547363e-01
2.711790800094604492e-01 5.840107798576354980e-02
5.518297553062438965e-01 3.194643855094909668e-01
6.380423307418823242e-01 4.625990986824035645e-01
8.269767165184020996e-01 2.544952929019927979e-01
7.077248692512512207e-01 1.807981282472610474e-01
1.008882746100425720e-02 1.067002639174461365e-01
3.938607275485992432e-01 9.142190814018249512e-01
6.846230477094650269e-02 5.752934515476226807e-02
1.873384118080139160e-01 5.052579045295715332e-01
4.419493079185485840e-01 4.071032106876373291e-01
9.709376841783523560e-02 9.311715960502624512e-01
4.309196174144744873e-01 2.352824807167053223e-01
6.255683302879333496e-01 6.672431230545043945e-01
7.879483103752136230e-01 3.511895537376403809e-01
1.894032210111618042e-01 6.192558258771896362e-02
4.986967444419860840e-01 2.178998291492462158e-01
2.715396881103515625e-01 6.946629285812377930e-01
4.555449485778808594e-01 6.710539460182189941e-01
8.171428442001342773e-01 4.942566454410552979e-01
2.735034227371215820e-01 6.466827392578125000e-01
2.851886451244354248e-01 5.920251831412315369e-02
7.476735115051269531e-01 2.360494136810302734e-01
9.394838213920593262e-01 9.878797531127929688e-01
8.248681426048278809e-01 3.119786381721496582e-01
3.146161139011383057e-01 2.942405939102172852e-01
3.799443948082625866e-04 7.912669777870178223e-01
5.464302897453308105e-01 2.712449431419372559e-01
3.389600291848182678e-02 5.176848769187927246e-01
4.665661156177520752e-01 6.980799436569213867e-01
4.056861400604248047e-01 9.355903863906860352e-01
6.738234162330627441e-01 5.259112715721130371e-01
5.681452751159667969e-01 1.503959298133850098e-01
1.307065039873123169e-01 8.490390777587890625e-01
2.554830014705657959e-01 8.021098971366882324e-01
1.276217997074127197e-01 4.583208262920379639e-01
5.647423267364501953e-01 8.491399288177490234e-01
2.700195014476776123e-01 1.978258416056632996e-02
3.934555947780609131e-01 5.050199627876281738e-01
3.102615177631378174e-01 8.168511986732482910e-01
2.439272254705429077e-01 8.616836667060852051e-01
6.626416444778442383e-01 2.178689241409301758e-01
5.873907804489135742e-01 3.003797531127929688e-01
9.034177064895629883e-01 8.878239989280700684e-01
6.955063939094543457e-01 3.821829259395599365e-01
4.777044653892517090e-01 6.581436991691589355e-01
7.072218060493469238e-01 9.837414622306823730e-01
2.324948310852050781e-01 4.424513280391693115e-01
5.885137915611267090e-01 5.919849276542663574e-01
5.894937515258789062e-01 9.273422509431838989e-02
8.281105756759643555e-01 1.765604615211486816e-01
9.505898952484130859e-01 9.820317625999450684e-01
5.997561812400817871e-01 8.617689609527587891e-01
5.318940877914428711e-01 5.352718383073806763e-02
6.759122014045715332e-02 6.711100339889526367e-01
7.742412090301513672e-01 7.437928318977355957e-01
1.779415085911750793e-02 1.959778219461441040e-01
4.920206591486930847e-02 1.659752428531646729e-01
6.287290453910827637e-01 2.832385003566741943e-01
5.756600499153137207e-01 8.207571506500244141e-01
7.825016379356384277e-01 7.856070995330810547e-01
9.456429481506347656e-01 2.150347679853439331e-01
4.925267398357391357e-01 5.426523089408874512e-02
9.433695673942565918e-01 5.985935926437377930e-01
4.621652066707611084e-01 5.393779873847961426e-01
1.596199274063110352e-01 7.010236382484436035e-01
7.132989764213562012e-01 1.034884527325630188e-01
5.628799796104431152e-01 3.557179272174835205e-01
3.009175956249237061e-01 6.377961039543151855e-01
9.173648953437805176e-01 7.150033861398696899e-02
5.214562416076660156e-01 4.756588339805603027e-01
8.685055375099182129e-01 5.010143518447875977e-01
4.070131182670593262e-01 7.128223180770874023e-01
3.317907154560089111e-01 3.625798970460891724e-02
7.735472917556762695e-02 5.753833334892988205e-03
4.131389260292053223e-01 4.786469936370849609e-01
6.003800034523010254e-01 7.996920943260192871e-01
2.351125180721282959e-01 6.438881754875183105e-01
7.471730113029479980e-01 5.969079136848449707e-01
4.153283238410949707e-01 9.856423735618591309e-01
9.666389226913452148e-01 8.838774561882019043e-01
3.303154110908508301e-01 4.705587327480316162e-01
4.250304698944091797e-01 6.092487573623657227e-01
5.493019819259643555e-01 1.376027464866638184e-01
2.736611068248748779e-01 6.537006497383117676e-01
1.695686578750610352e-01 5.649492740631103516e-01
6.790734529495239258e-01 3.640200495719909668e-01
2.293713092803955078e-01 8.716053962707519531e-01
3.821442425251007080e-01 1.745649725198745728e-01
3.674923479557037354e-01 8.251226544380187988e-01
7.758534550666809082e-01 3.843725025653839111e-01
3.093351423740386963e-01 7.437509894371032715e-01
1.053642705082893372e-01 6.189922690391540527e-01
2.145996242761611938e-01 2.447852045297622681e-01
1.290726359002292156e-03 4.495638608932495117e-02
7.309781908988952637e-01 3.066810667514801025e-01
6.525246500968933105e-01 6.559677124023437500e-01
5.616436004638671875e-01 9.606550335884094238e-01
5.218126624822616577e-02 2.148640155792236328e-01
4.490522146224975586e-01 8.340014815330505371e-01
4.247372746467590332e-01 4.532354474067687988e-01
5.715981125831604004e-01 7.342655658721923828e-01
2.343426942825317383e-01 9.361559748649597168e-01
9.693362116813659668e-01 7.809210419654846191e-01
3.081920444965362549e-01 9.449609518051147461e-01
8.270205855369567871e-01 8.771061897277832031e-01
7.713531255722045898e-01 3.852978646755218506e-01
9.612237811088562012e-01 8.457807898521423340e-01
8.284434676170349121e-01 3.213509619235992432e-01
7.391088604927062988e-01 2.789313793182373047e-01
8.262036442756652832e-01 4.015040993690490723e-01
1.324012279510498047e-01 4.569660723209381104e-01
3.752187490463256836e-01 7.649698853492736816e-01
5.452632308006286621e-01 2.368888556957244873e-01
9.179300069808959961e-01 9.180738925933837891e-01
9.679867029190063477e-01 3.146125972270965576e-01
3.395230695605278015e-02 6.185191273689270020e-01
5.247541666030883789e-01 6.123023629188537598e-01
8.274878263473510742e-01 9.149249792098999023e-01
9.523636102676391602e-02 6.574608087539672852e-01
4.167376458644866943e-01 1.571969240903854370e-01
5.975655317306518555e-01 9.723433852195739746e-01
4.255594015121459961e-01 3.525511324405670166e-01
3.519182205200195312e-01 9.036821722984313965e-01
1.740671545267105103e-01 9.241609275341033936e-02
4.786766767501831055e-01 3.416970744729042053e-02
3.256946504116058350e-01 7.415141463279724121e-01
7.525002956390380859e-01 2.634716629981994629e-01
8.226458430290222168e-01 4.666486680507659912e-01
7.826489806175231934e-01 7.445779442787170410e-01
7.953165769577026367e-01 3.774910867214202881e-01
2.555772066116333008e-01 9.642438888549804688e-01
7.853587269783020020e-01 3.515673279762268066e-01
9.030532836914062500e-01 3.977762460708618164e-01
7.245507836341857910e-01 6.161647439002990723e-01
1.137617081403732300e-01 3.443957269191741943e-01
4.647314175963401794e-02 7.948518395423889160e-01
3.273284137248992920e-01 2.573099434375762939e-01
1.727918982505798340e-01 8.554553985595703125e-01
4.794520735740661621e-01 8.930273652076721191e-01
2.289591282606124878e-01 3.785294890403747559e-01
7.365496754646301270e-01 5.323079228401184082e-01
7.147790789604187012e-01 2.545321285724639893e-01
4.047119021415710449e-01 8.916124105453491211e-01
6.267108321189880371e-01 3.063493072986602783e-01
3.011298179626464844e-01 3.300873637199401855e-01
8.602143526077270508e-01 9.026699662208557129e-01
5.031962394714355469e-01 6.195540428161621094e-01
3.242675662040710449e-01 4.205724596977233887e-01
2.468773722648620605e-01 6.341578364372253418e-01
3.330137431621551514e-01 2.394222021102905273e-01
1.780974566936492920e-01 8.590768575668334961e-01
4.560895562171936035e-01 6.604279279708862305e-01
3.509676754474639893e-01 8.869654536247253418e-01
8.187745213508605957e-01 1.606958806514739990e-01
1.289107203483581543e-01 9.523240327835083008e-01
5.000950694084167480e-01 2.056185305118560791e-01
4.974698126316070557e-01 4.810224771499633789e-01
7.169620990753173828e-01 4.144671261310577393e-01
7.479093223810195923e-02 4.569381773471832275e-01
6.438343971967697144e-02 1.922240406274795532e-01
4.467913508415222168e-01 3.772530257701873779e-01
7.446457147598266602e-01 6.141004562377929688e-01
1.212724596261978149e-01 1.578242480754852295e-01
4.022137224674224854e-01 2.114151120185852051e-01
4.569959342479705811e-01 4.732314348220825195e-01
8.711082935333251953e-01 3.812985718250274658e-01
6.267525553703308105e-01 4.136368036270141602e-01
7.965136766433715820e-01 7.851116657257080078e-01
2.253839671611785889e-01 4.185956418514251709e-01
2.865857481956481934e-01 6.266119480133056641e-01
7.219094317406415939e-03 8.329630494117736816e-01
2.342635244131088257e-01 3.275372982025146484e-01
3.784647211432456970e-02 6.239121556282043457e-01
5.695312619209289551e-01 4.723292589187622070e-01
9.892857670783996582e-01 8.780133128166198730e-01
3.672048747539520264e-01 9.919213652610778809e-01
9.815375208854675293e-01 2.061596810817718506e-01
8.691355586051940918e-01 4.991532564163208008e-01
3.435755968093872070e-01 7.061746120452880859e-01
1.397499442100524902e-02 8.481781482696533203e-01
8.058211207389831543e-01 3.119142651557922363e-01
4.317902028560638428e-01 8.425571918487548828e-01
5.929664969444274902e-01 2.515472769737243652e-01
3.534050881862640381e-01 4.827462732791900635e-01
5.731484293937683105e-01 9.713077545166015625e-02
5.694387555122375488e-01 4.736637175083160400e-01
5.752736330032348633e-01 5.469304919242858887e-01
4.418865740299224854e-01 2.646692655980587006e-02
2.027502506971359253e-01 6.607967019081115723e-01
8.878850936889648438e-01 2.998214662075042725e-01
5.327921509742736816e-01 3.040900826454162598e-01
2.879468798637390137e-01 2.048082202672958374e-01
4.185251295566558838e-01 5.149629712104797363e-01
5.124028325080871582e-01 2.075702548027038574e-01
3.861865103244781494e-01 1.775365769863128662e-01
3.486746549606323242e-01 7.730846107006072998e-02
2.517897784709930420e-01 8.730254173278808594e-01
6.059874892234802246e-01 2.022508345544338226e-02
1.668145358562469482e-01 7.634350657463073730e-01
3.681012988090515137e-01 5.204682350158691406e-01
9.463024139404296875e-01 7.909093499183654785e-01
3.527054190635681152e-01 4.848796427249908447e-01
4.995864629745483398e-02 7.964392304420471191e-01
6.984545588493347168e-01 9.513416290283203125e-01
7.428897619247436523e-01 1.072257831692695618e-01
8.412461876869201660e-01 5.886561870574951172e-01
1.339564193040132523e-02 2.340743690729141235e-01
9.073214530944824219e-01 6.348140835762023926e-01
4.121365845203399658e-01 9.831292033195495605e-01
6.385511159896850586e-01 8.222029209136962891e-01
6.096468567848205566e-01 1.232515871524810791e-01
3.848772346973419189e-01 4.764558076858520508e-01
9.232027530670166016e-01 3.665549457073211670e-01
4.032446146011352539e-01 2.644115090370178223e-01
8.773334622383117676e-01 5.130138397216796875e-01
6.413990855216979980e-01 6.155685186386108398e-01
3.510937690734863281e-01 4.914752840995788574e-01
1.211338341236114502e-01 5.302060246467590332e-01
4.234338402748107910e-01 1.304587572813034058e-01
4.412504434585571289e-01 3.001160323619842529e-01
4.780853092670440674e-01 8.424500823020935059e-01
2.026260644197463989e-01 2.586413919925689697e-01
3.393877446651458740e-01 6.342299580574035645e-01
7.658431529998779297e-01 9.193078875541687012e-01
5.294392108917236328e-01 6.090285778045654297e-01
1.395630240440368652e-01 9.321250021457672119e-02
4.707585573196411133e-01 2.762201726436614990e-01
8.138887882232666016e-01 1.864440739154815674e-01
4.914453029632568359e-01 8.807651996612548828e-01
5.848351716995239258e-01 6.610810160636901855e-01
7.073255181312561035e-01 8.424454927444458008e-01
6.484853029251098633e-01 5.966869592666625977e-01
3.429918289184570312e-01 1.442936956882476807e-01
7.959611415863037109e-01 6.216271519660949707e-01
8.654198646545410156e-01 5.022553801536560059e-01
9.302001595497131348e-01 5.182433128356933594e-01
1.211777180433273315e-01 4.142487645149230957e-01
3.406333327293395996e-01 3.312742412090301514e-01
7.800265550613403320e-01 3.957766890525817871e-01
5.150811672210693359e-01 6.573545932769775391e-01
2.001429945230484009e-01 3.397783935070037842e-01
6.566198468208312988e-01 2.822652459144592285e-01
5.707932710647583008e-01 2.508677169680595398e-02
7.817369103431701660e-01 1.240187957882881165e-01
9.472333788871765137e-01 7.115637511014938354e-02
9.684818387031555176e-01 5.991741418838500977e-01
5.867620110511779785e-01 9.909442067146301270e-01
2.779453098773956299e-01 7.887762188911437988e-01
3.948640525341033936e-01 7.588694691658020020e-01
5.181603506207466125e-02 3.275657296180725098e-01
6.607850193977355957e-01 5.065637826919555664e-01
3.989458680152893066e-01 8.229804784059524536e-02
1.872864514589309692e-01 2.791662812232971191e-01
1.299422513693571091e-02 8.037177920341491699e-01
8.525116443634033203e-01 2.038184106349945068e-01
5.371729135513305664e-01 5.751988887786865234e-01
4.402655661106109619e-01 4.606658816337585449e-01
5.108872056007385254e-01 5.744246244430541992e-01
5.640195608139038086e-01 1.287381052970886230e-01
6.628508567810058594e-01 5.907962918281555176e-01
3.675206303596496582e-01 6.014640331268310547e-01
4.576869904994964600e-01 3.334567546844482422e-01
7.020283937454223633e-01 1.971240043640136719e-01
4.461868107318878174e-01 1.623831242322921753e-01
1.345891207456588745e-01 8.592056483030319214e-02
6.039628386497497559e-01 2.339498102664947510e-01
7.104156017303466797e-01 4.379781782627105713e-01
4.277875646948814392e-02 4.988109171390533447e-01
1.356346011161804199e-01 8.178390860557556152e-01
4.943844974040985107e-01 2.604173421859741211e-01
8.712970018386840820e-01 6.786408424377441406e-01
8.030663132667541504e-01 4.557088762521743774e-02
6.425264477729797363e-01 2.648067772388458252e-01
5.818135142326354980e-01 8.925485014915466309e-01
1.412875298410654068e-02 2.647207975387573242e-01
5.762323737144470215e-01 4.126202166080474854e-01
7.281320095062255859e-01 1.026957705616950989e-01
3.928932547569274902e-01 1.427846401929855347e-01
7.364169359207153320e-01 2.657518684864044189e-01
4.653289020061492920e-01 3.450377285480499268e-01
8.335431218147277832e-01 1.473612934350967407e-01
2.123554795980453491e-01 9.525174498558044434e-01
4.210681021213531494e-01 8.566507101058959961e-01
5.564479231834411621e-01 4.362092316150665283e-01
6.670489311218261719e-01 1.169955953955650330e-01
9.769607186317443848e-01 7.025641798973083496e-01
4.454261958599090576e-01 2.927498817443847656e-01
1.155245378613471985e-01 9.033619165420532227e-01
5.169681906700134277e-01 2.144980579614639282e-01
2.470547556877136230e-01 6.113291382789611816e-01
3.517522811889648438e-01 2.389236390590667725e-01
6.508615612983703613e-01 2.270679175853729248e-01
2.982617020606994629e-01 6.210408210754394531e-01
4.565612077713012695e-01 5.110725760459899902e-01
2.250467240810394287e-01 2.391025722026824951e-01
1.985125094652175903e-01 8.981536626815795898e-01
1.946906298398971558e-01 8.916003108024597168e-01
6.833054423332214355e-01 2.762316465377807617e-01
8.650279641151428223e-01 2.806571125984191895e-01
6.258980631828308105e-01 6.653838753700256348e-01
5.455518364906311035e-01 6.094078421592712402e-01
7.342739701271057129e-01 5.809722542762756348e-01
6.336815953254699707e-01 3.872793614864349365e-01
6.152830123901367188e-01 5.858972668647766113e-01
6.956490278244018555e-01 4.582913219928741455e-02
5.716757178306579590e-01 7.173934578895568848e-01
3.382417857646942139e-01 8.616410195827484131e-02
6.563957333564758301e-01 7.759387493133544922e-01
5.590961575508117676e-01 1.781241297721862793e-01
2.351526916027069092e-01 5.042159557342529297e-01
7.320910096168518066e-01 4.974541366100311279e-01
2.162923365831375122e-01 7.037634849548339844e-01
9.836529195308685303e-02 6.076561212539672852e-01
5.814163088798522949e-01 2.222678624093532562e-03
6.109088063240051270e-01 4.814156293869018555e-01
7.061176300048828125e-01 2.794346809387207031e-01
7.286636829376220703e-01 3.337257802486419678e-01
4.604956209659576416e-01 2.002267390489578247e-01
2.371369600296020508e-01 3.405387103557586670e-01
2.847346365451812744e-01 4.801497459411621094e-01
5.618020892143249512e-01 2.491926103830337524e-01
7.227662205696105957e-01 1.231575459241867065e-01
3.401565253734588623e-01 1.719460189342498779e-01
9.266891479492187500e-01 1.919644474983215332e-01
8.315730690956115723e-01 6.822871565818786621e-01
4.694167673587799072e-01 7.054405212402343750e-01
3.146218359470367432e-01 7.719745039939880371e-01
5.205467343330383301e-01 4.877158701419830322e-01
2.454349845647811890e-01 5.351846814155578613e-01
2.801136076450347900e-01 1.502500325441360474e-01
9.550948739051818848e-01 9.241038560867309570e-01
7.058808207511901855e-01 2.118750065565109253e-01
2.725507318973541260e-01 9.330054521560668945e-01
7.426036000251770020e-01 2.746158540248870850e-01
3.829069137573242188e-01 3.725079894065856934e-01
1.641872376203536987e-01 1.797354817390441895e-01
8.387675881385803223e-01 1.013299003243446350e-01
4.169717431068420410e-02 3.714631497859954834e-01
8.940305113792419434e-01 7.587997317314147949e-01
7.511453032493591309e-01 3.029257357120513916e-01
6.396571993827819824e-01 2.681479752063751221e-01
5.980560779571533203e-01 5.289693474769592285e-01
1.403963416814804077e-01 3.275913298130035400e-01
5.447053313255310059e-01 7.350832819938659668e-01
1.121661439538002014e-01 9.723394513130187988e-01
3.675905168056488037e-01 7.741177678108215332e-01
1.393710672855377197e-01 8.256765007972717285e-01
5.523306727409362793e-01 6.769941449165344238e-01
9.207433462142944336e-01 1.156523525714874268e-01
2.278637588024139404e-01 9.215913414955139160e-01
4.217376112937927246e-01 3.820126876235008240e-02
5.140535235404968262e-01 5.793707370758056641e-01
1.650786846876144409e-01 1.510868072509765625e-01
7.930673956871032715e-01 5.624542236328125000e-01
3.425177931785583496e-01 5.378881692886352539e-01
6.046140789985656738e-01 3.975068032741546631e-01
8.392586112022399902e-01 6.118419170379638672e-01
5.523280501365661621e-01 4.234489202499389648e-01
6.328555941581726074e-01 3.358030021190643311e-01
5.908402800559997559e-01 1.574852913618087769e-01
8.044016361236572266e-01 2.267462164163589478e-01
5.879948139190673828e-01 4.438251554965972900e-01
5.991950035095214844e-01 5.049450993537902832e-01
9.996946454048156738e-01 3.182496875524520874e-02
8.168317675590515137e-01 6.370106339454650879e-01
6.893704533576965332e-01 9.359471201896667480e-01
2.178360223770141602e-01 9.621649384498596191e-01
3.805403113365173340e-01 2.890024781227111816e-01
1.641195118427276611e-01 6.451550722122192383e-01
6.677283644676208496e-01 2.352212518453598022e-01
8.611742854118347168e-01 9.282946586608886719e-01
5.153773427009582520e-01 4.381077289581298828e-01
1.716750264167785645e-01 9.233133196830749512e-01
2.917944192886352539e-01 5.181733965873718262e-01
2.343924790620803833e-01 6.565433740615844727e-01
9.071251153945922852e-01 4.030971527099609375e-01
1.004637256264686584e-01 4.591641128063201904e-01
3.943053483963012695e-01 5.407922863960266113e-01
1.043087542057037354e-01 2.176293879747390747e-01
7.382507920265197754e-01 2.158049345016479492e-01
4.971082806587219238e-01 9.177306294441223145e-01
7.404048442840576172e-01 4.808610379695892334e-01
3.106015622615814209e-01 5.470544099807739258e-01
4.042909014970064163e-03 2.951181530952453613e-01
4.433749020099639893e-01 1.435235589742660522e-01
2.517212927341461182e-01 4.843148589134216309e-01
3.866961598396301270e-01 4.819902479648590088e-01
9.457985758781433105e-01 6.379637122154235840e-01
3.005981445312500000e-01 7.848206162452697754e-01
8.741266727447509766e-01 1.192077156156301498e-02
3.699740767478942871e-01 9.555055499076843262e-01
2.968036234378814697e-01 6.663810610771179199e-01
1.256909668445587158e-01 9.518237709999084473e-01
8.730996847152709961e-01 8.408071100711822510e-02
9.285985678434371948e-02 4.583064913749694824e-01
5.510916113853454590e-01 1.705569475889205933e-01
7.904461622238159180e-01 6.716193556785583496e-01
7.745741009712219238e-01 9.197546243667602539e-01
6.085483431816101074e-01 2.753763794898986816e-01
5.071822404861450195e-01 6.893634200096130371e-01
5.833345651626586914e-01 5.006987452507019043e-01
6.759238243103027344e-01 4.978861659765243530e-02
4.705559015274047852e-01 3.922428786754608154e-01
6.549043655395507812e-01 7.623447179794311523e-01
8.361858129501342773e-01 6.368505954742431641e-01
1.826890110969543457e-01 1.394084561616182327e-02
5.715935230255126953e-01 6.254082173109054565e-02
1.651088893413543701e-01 7.407450079917907715e-01
5.319501757621765137e-01 2.608059942722320557e-01
4.368114173412322998e-01 2.860104441642761230e-01
7.452257871627807617e-01 3.439771234989166260e-01
2.243795618414878845e-02 4.266407787799835205e-01
7.389904260635375977e-01 6.161049604415893555e-01
5.058398842811584473e-01 2.391953617334365845e-01
6.474782228469848633e-01 3.866888880729675293e-01
6.504722833633422852e-01 4.936641454696655273e-01
5.219608545303344727e-01 3.697741031646728516e-01
8.875565528869628906e-01 4.916554987430572510e-01
6.091452240943908691e-01 3.925401866436004639e-01
6.764614582061767578e-01 4.183879792690277100e-01
6.737918853759765625e-01 4.078331589698791504e-01
7.376461029052734375e-01 4.698757827281951904e-01
3.758432567119598389e-01 3.057552576065063477e-01
4.335078299045562744e-01 4.355809688568115234e-01
2.106181904673576355e-02 2.161965370178222656e-01
7.449339032173156738e-01 2.345453500747680664e-01
4.439305663108825684e-01 4.511803984642028809e-01
3.748146593570709229e-01 6.395045518875122070e-01
3.450399637222290039e-01 8.501688838005065918e-01
6.647899746894836426e-01 4.997583925724029541e-01
8.715474009513854980e-01 9.455381035804748535e-01
9.347129464149475098e-01 9.653667211532592773e-01
5.044642686843872070e-01 4.197458624839782715e-01
3.790476620197296143e-01 2.733270823955535889e-01
5.558209419250488281e-01 5.311792492866516113e-01
7.999732494354248047e-01 2.834157645702362061e-01
4.277073144912719727e-01 5.639234781265258789e-01
9.223760962486267090e-01 1.969786174595355988e-02
8.145663738250732422e-01 3.044434785842895508e-01
7.547600865364074707e-01 6.945192217826843262e-01
1.646672338247299194e-01 2.959918975830078125e-01
3.907639533281326294e-03 3.625428676605224609e-01
8.844656944274902344e-01 3.039902448654174805e-01
6.128925681114196777e-01 6.339412331581115723e-01
5.191887021064758301e-01 8.738532066345214844e-01
2.000387459993362427e-01 7.594084739685058594e-01
8.051019906997680664e-01 5.426359176635742188e-01
3.702640235424041748e-01 6.556973457336425781e-01
2.898924648761749268e-01 1.989244520664215088e-01
4.061809182167053223e-01 3.597229421138763428e-01
4.221619963645935059e-01 9.359685778617858887e-01
8.898125886917114258e-01 1.047787349671125412e-02
6.282067298889160156e-01 1.974434107542037964e-01
8.212953209877014160e-01 4.170782566070556641e-01
3.461547195911407471e-01 3.749040663242340088e-01
3.819023072719573975e-01 2.175591886043548584e-01
1.637726463377475739e-02 6.429666280746459961e-01
3.815447092056274414e-01 7.874599695205688477e-01
3.793034553527832031e-01 9.756125807762145996e-01
9.963777065277099609e-01 1.998376250267028809e-01
6.419838666915893555e-01 3.112303018569946289e-01
8.516532182693481445e-01 9.462029337882995605e-01
7.723122835159301758e-01 2.868595123291015625e-01
5.956167578697204590e-01 7.537437081336975098e-01
2.252197563648223877e-01 3.351954519748687744e-01
2.008712850511074066e-02 6.478625535964965820e-01
9.344677925109863281e-01 7.302833795547485352e-01
2.736836373805999756e-01 7.201079726219177246e-01
8.033226430416107178e-02 9.831442236900329590e-01
1.116952672600746155e-01 8.357517421245574951e-02
2.570717036724090576e-02 5.074307322502136230e-01
4.017975628376007080e-01 1.545225828886032104e-01
6.202642917633056641e-01 4.961378276348114014e-01
7.618613243103027344e-01 7.340221405029296875e-01
3.365125358104705811e-01 5.378676652908325195e-01
9.197644591331481934e-01 4.358324408531188965e-01
2.556251287460327148e-01 5.580064058303833008e-01
5.138148665428161621e-01 1.780791282653808594e-01
6.805846691131591797e-01 8.449028730392456055e-01
7.040767669677734375e-01 2.190116941928863525e-01
2.598098814487457275e-01 7.735414505004882812e-01
7.791705429553985596e-02 3.843268752098083496e-01
7.439149618148803711e-01 4.989430904388427734e-01
5.840885043144226074e-01 7.736452817916870117e-01
5.622571110725402832e-01 4.299436509609222412e-01
6.712034344673156738e-01 7.524258643388748169e-02
6.747967600822448730e-01 1.154524981975555420e-01
4.466364085674285889e-01 3.469589054584503174e-01
5.540761165320873260e-03 6.694983839988708496e-01
5.579883456230163574e-01 4.048331677913665771e-01
1.439559608697891235e-01 9.191737771034240723e-01
9.826115518808364868e-02 3.270195424556732178e-01
1.457700133323669434e-01 1.358324736356735229e-01
8.814850449562072754e-01 4.079034328460693359e-01
3.337590396404266357e-01 4.172983765602111816e-01
1.437738835811614990e-01 9.511038661003112793e-02
2.283004671335220337e-01 4.470039308071136475e-01
1.975425183773040771e-01 6.400060057640075684e-01
7.583811879158020020e-01 9.893620014190673828e-01
9.364466667175292969e-01 9.777873754501342773e-01
2.704152762889862061e-01 5.371789932250976562e-01
6.957393288612365723e-01 5.701999664306640625e-01
5.347908139228820801e-01 5.622547268867492676e-01
5.480650663375854492e-01 6.487480401992797852e-01
3.166337311267852783e-01 9.996424317359924316e-01
4.959848225116729736e-01 5.009860545396804810e-02
6.366631388664245605e-01 3.355154693126678467e-01
4.501710236072540283e-01 2.168575525283813477e-01
5.672016143798828125e-01 3.297862708568572998e-01
9.236323833465576172e-01 2.431031167507171631e-01
8.563293814659118652e-01 7.624756097793579102e-01
8.808144330978393555e-01 3.258612751960754395e-01
8.496975302696228027e-01 6.172792315483093262e-01
1.734346002340316772e-01 7.874060273170471191e-01
2.452726513147354126e-01 6.725970506668090820e-01
9.569051265716552734e-01 8.666622638702392578e-01
1.493616998195648193e-01 4.185822606086730957e-01
2.022151052951812744e-01 4.887008965015411377e-01
8.257032036781311035e-01 9.847613573074340820e-01
6.847007274627685547e-01 2.871378362178802490e-01
2.986711859703063965e-01 3.060503862798213959e-02
5.903990268707275391e-01 9.188283085823059082e-01
2.200869172811508179e-01 2.643761038780212402e-01
9.847306609153747559e-01 5.377943515777587891e-01
2.881909534335136414e-02 3.270314633846282959e-01
7.254254221916198730e-01 4.938193857669830322e-01
7.519822716712951660e-01 6.063606142997741699e-01
6.914054751396179199e-01 2.192249149084091187e-01
3.389404714107513428e-01 8.871402740478515625e-01
7.244203686714172363e-01 5.533819198608398438e-01
4.833742082118988037e-01 3.438090980052947998e-01
7.519323825836181641e-01 6.904243826866149902e-01
2.254810333251953125e-01 7.086459398269653320e-01
8.549399375915527344e-01 5.576553940773010254e-01
9.941917657852172852e-01 1.982984393835067749e-01
5.181356668472290039e-01 2.184771895408630371e-01
9.392497688531875610e-02 9.262813925743103027e-01
6.335113048553466797e-01 1.568535417318344116e-01
5.349993109703063965e-01 4.930389821529388428e-01
8.062456250190734863e-01 5.683363676071166992e-01
3.356816172599792480e-01 3.190596699714660645e-01
1.724244654178619385e-01 1.693624407052993774e-01
5.534677505493164062e-01 5.236808657646179199e-01
7.359704375267028809e-01 7.490318417549133301e-01
9.626063108444213867e-01 3.246077895164489746e-01
9.074103236198425293e-01 1.735920906066894531e-01
3.951349854469299316e-01 1.598647236824035645e-01
6.583902239799499512e-01 7.018404603004455566e-01
7.883868217468261719e-01 5.595008730888366699e-01
7.164347171783447266e-01 9.951766133308410645e-01
5.169757008552551270e-01 9.934095144271850586e-01
6.027957797050476074e-01 2.352614849805831909e-01
2.457572519779205322e-02 7.043966054916381836e-01
8.400762081146240234e-01 5.954230427742004395e-01
5.187770724296569824e-01 5.346446633338928223e-01
2.601473033428192139e-01 2.556796371936798096e-01
1.024086549878120422e-01 2.104670703411102295e-01
4.701781272888183594e-01 1.048596352338790894e-01
5.006216168403625488e-01 9.109437465667724609e-01
6.207191944122314453e-01 9.175631403923034668e-02
8.682322502136230469e-01 5.514622330665588379e-01
2.321754842996597290e-01 1.636599600315093994e-01
9.249314069747924805e-01 2.245909720659255981e-01
9.730356931686401367e-01 9.107917547225952148e-01
8.850349783897399902e-01 6.664911508560180664e-01
8.347349241375923157e-03 3.697149157524108887e-01
5.060956478118896484e-01 4.913337901234626770e-02
7.502474188804626465e-01 1.721322983503341675e-01
9.887800216674804688e-01 9.210504293441772461e-01
2.533136308193206787e-02 8.643804788589477539e-01
1.122799590229988098e-01 5.760243535041809082e-01
8.532598614692687988e-01 4.969086050987243652e-01
9.625445008277893066e-01 6.904311180114746094e-01
3.431085944175720215e-01 7.336692512035369873e-02
7.838065624237060547e-01 3.124718070030212402e-01
8.432893753051757812e-01 8.308264613151550293e-01
3.712599277496337891e-01 2.659512162208557129e-01
7.774347066879272461e-01 9.208012819290161133e-01
7.209814190864562988e-01 2.015907503664493561e-02
7.035097479820251465e-01 8.536336421966552734e-01
4.119612276554107666e-01 5.808966159820556641e-01
9.934628009796142578e-01 7.103721499443054199e-01
2.393485903739929199e-01 5.795387625694274902e-01
1.442876011133193970e-01 7.125452160835266113e-02
1.995901912450790405e-01 8.745364546775817871e-01
9.438657164573669434e-01 6.633537411689758301e-01
3.838900476694107056e-02 7.997705936431884766e-01
4.319754838943481445e-01 7.830358147621154785e-01
8.110184073448181152e-01 5.501735806465148926e-01
9.931162595748901367e-01 9.309428334236145020e-01
3.455266952514648438e-01 2.993693351745605469e-01
8.012251853942871094e-01 8.450387120246887207e-01
7.279421687126159668e-01 5.427860096096992493e-02
5.109300613403320312e-01 9.017038345336914062e-01
8.406870365142822266e-01 2.362974584102630615e-01
3.209830522537231445e-01 4.258456826210021973e-01
5.274738669395446777e-01 5.220372080802917480e-01
6.279593110084533691e-01 3.117856681346893311e-01
7.497311830520629883e-01 6.271175742149353027e-01
1.654468327760696411e-01 8.461667299270629883e-01
8.599135279655456543e-01 6.755121350288391113e-01
8.772150874137878418e-01 9.530279040336608887e-01
8.687204122543334961e-01 7.497410178184509277e-01
4.239739179611206055e-01 9.318453669548034668e-01
5.638083815574645996e-02 2.080486267805099487e-01
5.011106729507446289e-01 3.671715557575225830e-01
8.231928348541259766e-01 5.005782842636108398e-01
9.185097217559814453e-01 1.243592873215675354e-01
1.947820186614990234e-01 2.545079886913299561e-01
9.246409535408020020e-01 4.652190208435058594e-01
7.012747526168823242e-01 2.202019840478897095e-01
2.723127305507659912e-01 4.604145288467407227e-01
6.960169076919555664e-01 6.515633463859558105e-01
3.159443140029907227e-01 8.847472667694091797e-01
9.533151984214782715e-01 5.319101214408874512e-01
3.662147819995880127e-01 2.342967391014099121e-01
7.167538404464721680e-01 3.801647806540131569e-03
9.125827550888061523e-01 1.143900305032730103e-01
7.485790848731994629e-01 8.987772464752197266e-02
6.413914561271667480e-01 3.868140876293182373e-01
2.745628058910369873e-01 3.470508754253387451e-02
4.638899862766265869e-01 1.217177659273147583e-01
5.290222540497779846e-02 5.828712582588195801e-01
6.209131479263305664e-01 3.698615431785583496e-01
4.542552530765533447e-01 5.516034960746765137e-01
4.423257410526275635e-01 5.798431113362312317e-02
7.194656729698181152e-01 7.221468687057495117e-01
5.713091492652893066e-01 6.079786419868469238e-01
7.467331290245056152e-01 1.887983679771423340e-01
3.790937960147857666e-01 8.308564424514770508e-01
5.822582244873046875e-01 4.723942875862121582e-01
6.610501408576965332e-01 6.675000190734863281e-01
7.828828692436218262e-01 5.077379345893859863e-01
4.943858683109283447e-01 1.576994955539703369e-01
6.287213563919067383e-01 6.670237779617309570e-01
5.515223145484924316e-01 4.408865272998809814e-01
2.941015362739562988e-01 3.279544711112976074e-01
6.117261648178100586e-01 7.242007851600646973e-01
5.260397195816040039e-01 7.621352076530456543e-01
2.587774991989135742e-01 2.158210873603820801e-01
7.136342525482177734e-01 4.074768722057342529e-01
6.120596528053283691e-01 7.294297814369201660e-01
4.786370992660522461e-01 2.215836197137832642e-01
2.828012704849243164e-01 8.766860365867614746e-01
1.943715661764144897e-02 4.783074930310249329e-02
2.302093654870986938e-01 2.689619958400726318e-01
1.991694867610931396e-01 6.572958827018737793e-01
6.204571127891540527e-01 7.355253696441650391e-01
7.221645712852478027e-01 7.482491135597229004e-01
6.410651803016662598e-01 2.808488905429840088e-01
3.652657866477966309e-01 3.497222065925598145e-01
5.427839756011962891e-01 3.660530149936676025e-01
2.376252412796020508e-01 6.104360222816467285e-01
7.564213871955871582e-02 1.072233095765113831e-01
9.798712134361267090e-01 5.670657753944396973e-01
9.266462922096252441e-01 2.997809052467346191e-01
5.730063915252685547e-01 8.999643325805664062e-01
9.075891971588134766e-01 7.972068786621093750e-01
3.838444128632545471e-02 7.261396199464797974e-02
7.210675477981567383e-01 8.908634781837463379e-01
5.472210645675659180e-01 7.166825532913208008e-01
5.094747245311737061e-02 9.640536457300186157e-02
7.803980112075805664e-01 6.624386906623840332e-01
6.068877503275871277e-02 4.199088513851165771e-01
9.217816591262817383e-01 2.949398159980773926e-01
4.018949866294860840e-01 5.453680753707885742e-01
1.621794328093528748e-02 1.069501265883445740e-01
9.291820526123046875e-01 2.991440296173095703e-01
5.071057677268981934e-01 7.804680466651916504e-01
4.670836329460144043e-01 5.364382863044738770e-01
9.868478775024414062e-01 7.672463655471801758e-01
7.112784981727600098e-01 7.084860205650329590e-01
5.993494987487792969e-01 2.590618133544921875e-01
1.461683809757232666e-01 1.644640713930130005e-01
8.746410608291625977e-01 6.990703344345092773e-01
9.030445218086242676e-01 7.098791003227233887e-01
6.605774760246276855e-01 5.406116843223571777e-01
5.931260585784912109e-01 2.835468649864196777e-01
3.202214539051055908e-01 1.784703135490417480e-01
9.614843726158142090e-01 5.498316884040832520e-01
5.234667062759399414e-01 1.717101186513900757e-01
2.426172941923141479e-01 5.406625866889953613e-01
6.977452039718627930e-01 7.007706165313720703e-02
9.980359077453613281e-01 6.511185765266418457e-01
8.913403153419494629e-01 9.927148818969726562e-01
3.989693820476531982e-01 9.659761935472488403e-02
1.907638460397720337e-01 4.059486687183380127e-01
7.290906310081481934e-01 1.747273467481136322e-02
4.604859650135040283e-01 4.825390875339508057e-01
6.906759142875671387e-01 1.262733489274978638e-01
1.560614258050918579e-01 6.977028846740722656e-01
5.900737643241882324e-01 5.129004716873168945e-01
1.806118190288543701e-01 2.396808564662933350e-01
2.077253609895706177e-01 7.092924118041992188e-01
8.427925109863281250e-01 7.359172105789184570e-01
5.136638283729553223e-01 4.922382235527038574e-01
9.592070579528808594e-01 8.092923164367675781e-01
4.695870280265808105e-01 5.953566431999206543e-01
8.547740578651428223e-01 7.571841478347778320e-01
2.845292985439300537e-01 2.065638750791549683e-01
5.122608542442321777e-01 4.733386039733886719e-01
3.786713480949401855e-01 1.109220981597900391e-01
5.216134786605834961e-01 2.352041751146316528e-01
1.645649224519729614e-01 7.931050658226013184e-01
9.432531893253326416e-02 2.867860496044158936e-01
8.437014222145080566e-01 9.754546284675598145e-01
6.886820793151855469e-01 6.468122452497482300e-02
8.689699172973632812e-01 3.016966581344604492e-01
8.678054213523864746e-01 7.454459071159362793e-01
3.392042219638824463e-01 4.360574781894683838e-01
7.451239228248596191e-01 3.809444233775138855e-02
7.313962578773498535e-01 1.640858799219131470e-01
1.678544841706752777e-02 9.187157750129699707e-01
1.426688283681869507e-01 2.060923166573047638e-02
5.871319174766540527e-01 4.433961212635040283e-01
8.737940788269042969e-01 5.030685663223266602e-01
5.198857784271240234e-01 2.969930171966552734e-01
9.105352759361267090e-01 4.403889477252960205e-01
2.130024284124374390e-01 5.446234345436096191e-01
2.297559827566146851e-01 8.586550131440162659e-03
9.578931331634521484e-01 6.259307265281677246e-01
8.567401207983493805e-03 7.865309715270996094e-01
6.282578706741333008e-01 6.931642293930053711e-01
9.080706238746643066e-01 7.172563076019287109e-01
7.044183611869812012e-01 5.185345560312271118e-02
2.515745759010314941e-01 9.569152444601058960e-02
