9.899420738220214844e-01 6.513214707374572754e-01
4.579184651374816895e-01 9.741522669792175293e-01
6.783915758132934570e-01 8.119744658470153809e-01
4.336663782596588135e-01 7.145911455154418945e-01
3.915826231241226196e-02 5.075924396514892578e-01
8.412327617406845093e-02 1.519833058118820190e-01
9.277365803718566895e-01 6.205913051962852478e-02
6.024399995803833008e-01 9.924121499061584473e-01
5.796418190002441406e-01 7.651355862617492676e-01
8.970743417739868164e-01 8.162407875061035156e-01
6.835359930992126465e-01 5.269537493586540222e-02
4.829003810882568359e-01 8.251214623451232910e-01
7.307682037353515625e-01 4.620742201805114746e-01
6.708201766014099121e-01 2.786169946193695068e-01
8.303951621055603027e-01 4.878050088882446289e-01
6.882508397102355957e-01 1.784321367740631104e-01
5.576381087303161621e-02 5.832628607749938965e-01
8.671584725379943848e-01 7.888720631599426270e-01
2.520947158336639404e-01 2.716113254427909851e-02
1.200184524059295654e-01 6.913220882415771484e-01
6.298150420188903809e-01 2.259183675050735474e-01
6.925458312034606934e-01 8.054656386375427246e-01
4.205541908740997314e-01 2.449185587465763092e-02
5.014451742172241211e-01 2.640483379364013672e-01
9.407264590263366699e-01 2.900297939777374268e-01
7.352656722068786621e-01 1.312345117330551147e-01
6.246853470802307129e-01 9.438127279281616211e-01
2.395571619272232056e-01 9.267769455909729004e-01
7.484620809555053711e-02 5.792838335037231445e-01
5.344780087471008301e-01 8.615511059761047363e-01
6.219750046730041504e-01 2.615976929664611816e-01
3.074598312377929688e-01 8.962702155113220215e-01
9.499396681785583496e-01 4.458511173725128174e-01
2.407583594322204590e-02 4.386219382286071777e-01
1.225793063640594482e-01 2.051908224821090698e-01
4.649750590324401855e-01 3.675120770931243896e-01
2.604489624500274658e-01 4.750796258449554443e-01
7.148908376693725586e-01 1.084671318531036377e-01
2.764355838298797607e-01 1.472249180078506470e-01
8.357607126235961914e-01 3.542589545249938965e-01
6.841577291488647461e-01 3.807904720306396484e-01
3.943333625793457031e-01 8.174989819526672363e-01
4.236175417900085449e-01 2.120688557624816895e-01
7.282917499542236328e-01 1.978889405727386475e-01
4.521603882312774658e-02 6.867914199829101562e-01
5.379388332366943359e-01 3.833719342947006226e-02
8.893645405769348145e-01 6.168600171804428101e-02
9.768586158752441406e-01 4.923383593559265137e-01
4.609049260616302490e-01 6.986102461814880371e-01
2.885692119598388672e-01 3.038919866085052490e-01
8.223494291305541992e-01 8.128131031990051270e-01
2.715017497539520264e-01 7.605233192443847656e-01
1.721736937761306763e-01 6.678255647420883179e-02
9.171410202980041504e-01 3.600820302963256836e-01
4.403123855590820312e-01 2.652754541486501694e-03
5.932897329330444336e-01 8.867443799972534180e-01
6.097391247749328613e-01 5.292999148368835449e-01
9.056882858276367188e-01 5.032699704170227051e-01
8.325158953666687012e-01 8.115872740745544434e-01
9.107086062431335449e-01 7.622967958450317383e-01
7.143622636795043945e-01 2.508930563926696777e-01
7.808263897895812988e-01 7.786213755607604980e-01
8.978067040443420410e-01 6.066417694091796875e-01
6.269572377204895020e-01 3.020223379135131836e-01
7.761691212654113770e-01 1.728671044111251831e-01
1.039819791913032532e-01 1.719353199005126953e-01
7.245767712593078613e-01 5.099355578422546387e-01
8.322545886039733887e-02 5.139935612678527832e-01
6.233065128326416016e-01 8.070268034934997559e-01
8.642902374267578125e-01 1.173266693949699402e-01
5.689368024468421936e-02 5.852504968643188477e-01
2.938728034496307373e-01 2.997722327709197998e-01
7.313518226146697998e-02 4.510305821895599365e-01
2.354760468006134033e-01 3.154827952384948730e-01
4.991703927516937256e-01 3.107593059539794922e-01
9.671496748924255371e-01 4.450589045882225037e-02
7.448593974113464355e-01 1.436172723770141602e-01
8.624060750007629395e-01 6.721275448799133301e-01
2.013175934553146362e-01 3.724646866321563721e-01
5.753113031387329102e-01 2.935707271099090576e-01
5.868483781814575195e-01 8.606169372797012329e-02
2.548832595348358154e-01 4.604823887348175049e-01
9.674795269966125488e-01 1.609656959772109985e-02
6.783900260925292969e-01 6.629582047462463379e-01
5.797879695892333984e-01 2.383107990026473999e-01
3.014763444662094116e-02 2.571121156215667725e-01
9.138636589050292969e-01 6.842319667339324951e-02
7.006735205650329590e-01 7.942639589309692383e-01
1.602756977081298828e-01 4.350118711590766907e-02
5.363132357597351074e-01 6.186383962631225586e-01
7.151226401329040527e-01 2.684078216552734375e-01
2.578402459621429443e-01 4.665854573249816895e-01
8.179376721382141113e-01 3.813027441501617432e-01
8.929148316383361816e-01 8.118409514427185059e-01
6.545804738998413086e-01 5.792002081871032715e-01
7.972155213356018066e-01 1.042226911522448063e-03
3.010478019714355469e-01 6.311296820640563965e-01
2.274571508169174194e-01 6.204401850700378418e-01
9.080005437135696411e-02 7.572645694017410278e-02
8.196902275085449219e-01 6.129273772239685059e-01
7.270484566688537598e-01 7.499004006385803223e-01
9.298519045114517212e-02 4.965051710605621338e-01
3.431786298751831055e-01 5.595738887786865234e-01
9.721043705940246582e-01 5.055906772613525391e-01
8.558344841003417969e-01 7.984314560890197754e-01
7.026148438453674316e-01 6.284128427505493164e-01
2.090137451887130737e-01 7.260482311248779297e-01
4.590280055999755859e-01 5.944589972496032715e-01
9.804173707962036133e-01 2.350666224956512451e-01
9.467802047729492188e-01 7.831864953041076660e-01
3.841037452220916748e-01 8.404212594032287598e-01
6.544752120971679688e-01 5.911130905151367188e-01
9.330460429191589355e-01 6.292153000831604004e-01
8.579781651496887207e-01 8.847317658364772797e-03
9.113765954971313477e-01 6.179820895195007324e-01
2.584991157054901123e-01 5.836437344551086426e-01
1.584957242012023926e-01 4.296115040779113770e-01
8.941255807876586914e-01 4.420241117477416992e-01
4.715459942817687988e-01 7.963653206825256348e-01
2.755369544029235840e-01 6.381183862686157227e-01
3.812332451343536377e-01 2.452354133129119873e-01
3.304714262485504150e-01 9.578680992126464844e-01
2.730167508125305176e-01 3.830375969409942627e-01
6.351125240325927734e-01 1.903716325759887695e-01
8.387842774391174316e-01 3.990066349506378174e-01
1.182344928383827209e-01 1.539083272218704224e-01
9.193831086158752441e-01 7.351577877998352051e-01
2.698686346411705017e-02 5.748199820518493652e-01
8.314655423164367676e-01 6.789255738258361816e-01
9.450759887695312500e-01 6.464290618896484375e-01
2.238738685846328735e-01 6.071225404739379883e-01
1.912223994731903076e-01 8.373581767082214355e-01
4.823690652847290039e-01 3.865613415837287903e-02
9.155303835868835449e-01 5.901349708437919617e-02
2.969195544719696045e-01 1.308415681123733521e-01
5.302105545997619629e-01 1.719186455011367798e-01
4.257341325283050537e-01 3.926880359649658203e-01
9.744087457656860352e-01 1.195330023765563965e-01
2.861821651458740234e-01 8.806961178779602051e-01
7.702302336692810059e-01 2.875257432460784912e-01
5.849132537841796875e-01 7.782673835754394531e-01
4.728727042675018311e-02 4.734870791435241699e-01
3.684582412242889404e-01 1.318868696689605713e-01
1.491122543811798096e-01 4.383738040924072266e-01
6.198366880416870117e-01 5.716788172721862793e-01
4.128525555133819580e-01 3.521735668182373047e-01
7.471078634262084961e-02 4.873476922512054443e-01
5.355989336967468262e-01 8.231554925441741943e-02
5.154361724853515625e-01 8.181560635566711426e-01
4.572825431823730469e-01 7.658641934394836426e-01
9.855127930641174316e-01 9.179195165634155273e-01
1.653734594583511353e-01 5.792140960693359375e-01
4.213182330131530762e-01 3.441821932792663574e-01
7.084568738937377930e-01 5.980501174926757812e-01
8.817740082740783691e-01 6.068444252014160156e-01
1.966001279652118683e-02 3.153396844863891602e-01
6.285523176193237305e-01 2.957296743988990784e-02
9.600733518600463867e-01 9.843978881835937500e-01
7.201253175735473633e-01 9.720415472984313965e-01
8.869805932044982910e-01 4.940062165260314941e-01
2.708932757377624512e-01 8.954636454582214355e-01
8.447259664535522461e-01 5.796208977699279785e-01
4.695280492305755615e-01 4.629181623458862305e-01
7.257103919982910156e-01 1.452800035476684570e-01
9.577937126159667969e-01 3.781745731830596924e-01
3.389219641685485840e-01 6.244405359029769897e-02
7.718029618263244629e-01 6.153678297996520996e-01
7.224414348602294922e-01 1.629449077881872654e-03
1.737231910228729248e-01 5.125746130943298340e-01
7.705079913139343262e-01 3.183668255805969238e-01
7.428885698318481445e-01 3.451921939849853516e-01
8.672913908958435059e-01 3.605796396732330322e-01
2.169674336910247803e-01 5.856140255928039551e-01
5.316164493560791016e-01 9.461589902639389038e-02
9.704109430313110352e-01 8.243011832237243652e-01
6.787972524762153625e-03 2.478157281875610352e-01
9.720577001571655273e-01 6.639543175697326660e-01
1.612184047698974609e-01 6.756103634834289551e-01
2.371167391538619995e-01 6.734021902084350586e-01
1.295421421527862549e-01 6.424465775489807129e-01
6.396200656890869141e-01 4.885745644569396973e-01
7.839387655258178711e-01 4.067036807537078857e-01
2.026496678590774536e-01 2.681102454662322998e-01
7.740737199783325195e-01 6.082114577293395996e-01
6.685842275619506836e-01 1.084356904029846191e-01
1.107747480273246765e-01 7.900968194007873535e-01
3.166385293006896973e-01 5.648747086524963379e-01
3.651538193225860596e-01 5.954415202140808105e-01
4.446161389350891113e-01 4.237177670001983643e-01
7.863508462905883789e-01 5.223189592361450195e-01
1.859496235847473145e-01 7.146362066268920898e-01
3.589129447937011719e-01 3.818984031677246094e-01
4.874938726425170898e-02 1.740861684083938599e-01
2.831203676760196686e-02 5.604549050331115723e-01
5.480378866195678711e-01 1.597108244895935059e-01
5.569021105766296387e-01 6.152079701423645020e-01
1.041580662131309509e-01 9.673990011215209961e-01
4.347628727555274963e-02 9.101223945617675781e-01
5.095834136009216309e-01 5.314198136329650879e-02
5.178200602531433105e-01 5.040695071220397949e-01
7.753905653953552246e-01 5.139058828353881836e-01
7.129009068012237549e-02 5.495479702949523926e-01
1.659102886915206909e-01 1.521853655576705933e-01
8.528801798820495605e-01 2.126851081848144531e-01
6.255446672439575195e-01 8.624668717384338379e-01
7.816347479820251465e-01 3.887503445148468018e-01
5.424166098237037659e-03 9.883209466934204102e-01
2.777683734893798828e-01 8.498154282569885254e-01
2.294148504734039307e-01 4.249714314937591553e-01
9.465405344963073730e-01 9.438351392745971680e-01
1.003380045294761658e-01 9.862844347953796387e-01
9.157633781433105469e-01 2.717310488224029541e-01
8.601406216621398926e-01 2.252447158098220825e-01
8.200260996818542480e-01 3.659717738628387451e-01
7.737073302268981934e-01 5.421423316001892090e-01
8.210277557373046875e-02 1.487661302089691162e-01
4.657968878746032715e-01 1.606629490852355957e-01
9.045119881629943848e-01 9.737662225961685181e-02
9.294404387474060059e-01 2.276651263236999512e-01
7.356836199760437012e-01 7.049578428268432617e-01
9.404574334621429443e-02 7.478941082954406738e-01
3.935147225856781006e-01 8.945926427841186523e-01
6.641817688941955566e-01 2.116566300392150879e-01
8.852159976959228516e-01 8.330587148666381836e-01
2.067374587059020996e-01 8.811002373695373535e-01
5.932069420814514160e-01 9.815020561218261719e-01
1.792264431715011597e-01 5.903119444847106934e-01
9.036718606948852539e-01 5.026345849037170410e-01
1.975212246179580688e-01 7.697148919105529785e-01
9.352695941925048828e-01 6.252758502960205078e-01
7.646166682243347168e-01 8.730957657098770142e-02
6.545869708061218262e-01 1.725230067968368530e-01
9.289716482162475586e-01 9.037673473358154297e-01
2.897483408451080322e-01 4.948603212833404541e-01
2.952905893325805664e-01 5.775197148323059082e-01
1.683759689331054688e-01 4.448356926441192627e-01
1.395149528980255127e-01 4.993574023246765137e-01
7.597848176956176758e-01 4.595813155174255371e-01
7.776437401771545410e-01 2.167017608880996704e-01
4.398158788681030273e-01 2.758281230926513672e-01
7.837454974651336670e-02 5.174751281738281250e-01
4.521587491035461426e-01 5.342285037040710449e-01
1.580682545900344849e-01 5.009396001696586609e-02
3.817821741104125977e-01 3.070757389068603516e-01
2.973929047584533691e-01 7.434659600257873535e-01
8.964598774909973145e-01 9.450865387916564941e-01
5.326977372169494629e-02 3.548496961593627930e-01
5.991045832633972168e-01 2.044927924871444702e-01
4.187493324279785156e-01 1.045495122671127319e-01
7.723071575164794922e-01 3.985488712787628174e-01
4.440086334943771362e-02 3.413377702236175537e-02
8.488612174987792969e-01 3.017483279109001160e-02
5.104718208312988281e-01 2.969724237918853760e-01
9.139876961708068848e-01 3.162370622158050537e-01
1.903579384088516235e-01 1.688986271619796753e-02
2.485270053148269653e-01 9.944617748260498047e-01
1.019088104367256165e-01 2.359630912542343140e-01
3.121484816074371338e-01 8.766976594924926758e-01
7.722248136997222900e-02 8.011393547058105469e-01
6.184248924255371094e-01 8.410820960998535156e-01
1.067332550883293152e-01 1.835829019546508789e-01
8.091148138046264648e-01 7.979403138160705566e-01
4.870543777942657471e-01 9.023500680923461914e-01
3.533003032207489014e-01 4.255998134613037109e-01
7.949706912040710449e-01 9.865403920412063599e-02
7.887421250343322754e-01 4.888471961021423340e-01
7.358214259147644043e-01 7.407672405242919922e-01
2.345467060804367065e-01 3.202577233314514160e-01
3.536530137062072754e-01 6.617846488952636719e-01
3.615313768386840820e-01 4.401479959487915039e-01
1.874184757471084595e-01 5.683804750442504883e-01
7.894344329833984375e-01 4.934976398944854736e-01
1.039738953113555908e-01 2.507798969745635986e-01
4.593750834465026855e-02 3.083702921867370605e-01
6.557595133781433105e-01 8.492228984832763672e-01
7.923966646194458008e-01 8.329417705535888672e-01
9.880727529525756836e-01 8.250072002410888672e-01
9.268350601196289062e-01 4.014361202716827393e-01
3.551867008209228516e-01 2.901425957679748535e-01
8.276202678680419922e-01 7.768024206161499023e-01
1.653229631483554840e-02 6.413135528564453125e-01
8.328679203987121582e-01 7.020274996757507324e-01
8.449307084083557129e-01 5.399115383625030518e-02
8.659279346466064453e-01 5.634293556213378906e-01
7.037939429283142090e-01 8.932051062583923340e-01
7.284486293792724609e-01 1.400152891874313354e-01
7.847217917442321777e-01 7.599814981222152710e-02
7.278022170066833496e-01 4.031972587108612061e-01
1.130915060639381409e-01 8.902685642242431641e-01
5.886432528495788574e-01 9.770753979682922363e-01
7.902644872665405273e-01 4.591011106967926025e-01
1.816621422767639160e-01 7.314422726631164551e-01
6.037809252738952637e-01 3.601828217506408691e-01
6.311030983924865723e-01 5.192579030990600586e-01
6.250867843627929688e-01 5.939419269561767578e-01
1.824889332056045532e-01 1.619496047496795654e-01
9.244799613952636719e-01 2.071346789598464966e-01
5.948687791824340820e-01 9.074135422706604004e-01
7.292686700820922852e-01 5.892363786697387695e-01
7.032583951950073242e-01 9.274126887321472168e-01
5.944138765335083008e-01 1.831029057502746582e-01
6.736311912536621094e-01 6.085636019706726074e-01
7.094197273254394531e-01 3.809635937213897705e-01
5.307065248489379883e-01 4.183233678340911865e-01
5.315476655960083008e-01 9.025305509567260742e-02
7.906358242034912109e-01 8.509297966957092285e-01
8.163550496101379395e-01 7.932092547416687012e-01
3.408318161964416504e-01 1.715456321835517883e-02
7.333670854568481445e-01 9.526385068893432617e-01
8.435556888580322266e-01 9.819974899291992188e-01
8.630206584930419922e-01 5.008959174156188965e-01
2.989452481269836426e-01 6.442706286907196045e-02
1.649957895278930664e-01 2.951915264129638672e-01
5.529395937919616699e-01 9.647332429885864258e-01
2.787454426288604736e-01 7.009112834930419922e-01
7.773879915475845337e-02 5.319449305534362793e-01
7.979688644409179688e-01 5.041235685348510742e-01
9.248304367065429688e-01 1.349975466728210449e-01
4.908603802323341370e-02 6.466689109802246094e-01
4.734744727611541748e-01 4.066546857357025146e-01
4.270431101322174072e-01 7.488659024238586426e-02
2.614928781986236572e-01 1.632099896669387817e-01
7.612771391868591309e-01 4.804975092411041260e-01
1.799719594419002533e-02 4.741315245628356934e-01
6.619419455528259277e-01 4.909625053405761719e-01
9.412465095520019531e-01 7.713207602500915527e-02
2.466114610433578491e-01 1.719559915363788605e-02
3.819164037704467773e-01 1.968770772218704224e-01
4.790668785572052002e-01 3.928806185722351074e-01
1.755813956260681152e-01 7.323299646377563477e-01
8.433153033256530762e-01 6.271421313285827637e-01
7.138094902038574219e-01 4.504465460777282715e-01
9.822847247123718262e-01 9.935029745101928711e-01
4.971014857292175293e-01 5.385730266571044922e-01
7.198075652122497559e-01 1.078273057937622070e-01
5.153939127922058105e-01 5.535040497779846191e-01
3.936760127544403076e-02 8.880971074104309082e-01
8.976956605911254883e-01 7.603836059570312500e-01
9.803120493888854980e-01 3.705532848834991455e-02
7.763259410858154297e-01 7.865897417068481445e-01
2.262381315231323242e-01 8.855627179145812988e-01
7.245379090309143066e-01 3.382368385791778564e-01
8.920711874961853027e-01 8.402501940727233887e-01
5.059854388236999512e-01 3.218089789152145386e-02
1.487127989530563354e-01 8.126250505447387695e-01
7.957534790039062500e-01 3.899285495281219482e-01
7.736670374870300293e-01 3.853372335433959961e-01
4.581718146800994873e-01 9.534255862236022949e-01
9.076550602912902832e-01 7.181335985660552979e-02
4.651791751384735107e-01 5.552367568016052246e-01
4.386277869343757629e-02 2.779451310634613037e-01
8.080003261566162109e-01 9.213440418243408203e-01
3.221828341484069824e-01 9.799893498420715332e-01
1.499751806259155273e-01 9.615544080734252930e-01
1.674924641847610474e-01 4.031887352466583252e-01
1.192266047000885010e-01 8.481721282005310059e-01
5.302979946136474609e-01 5.535539239645004272e-02
7.977705597877502441e-01 4.829964339733123779e-01
6.847731471061706543e-01 9.811462759971618652e-01
1.974315792322158813e-01 9.985675215721130371e-01
5.090184211730957031e-01 8.989253640174865723e-01
6.496362090110778809e-01 8.527879118919372559e-01
8.383414745330810547e-01 2.234617471694946289e-01
7.381459474563598633e-01 5.983362197875976562e-01
9.610379934310913086e-01 6.037493944168090820e-01
8.498987555503845215e-01 5.132994055747985840e-01
7.804446667432785034e-02 7.920061349868774414e-01
5.790455341339111328e-01 2.558157444000244141e-01
8.589186668395996094e-01 9.593357145786285400e-02
9.365330338478088379e-01 1.664816141128540039e-01
5.537350177764892578e-01 7.317922115325927734e-01
1.747248917818069458e-01 5.772786736488342285e-01
7.507674098014831543e-01 3.908588588237762451e-01
1.022850200533866882e-01 5.205467939376831055e-01
9.519407153129577637e-01 2.974798083305358887e-01
6.188074946403503418e-01 4.548869431018829346e-01
6.910577416419982910e-01 9.697488546371459961e-01
8.174790143966674805e-01 7.581112980842590332e-01
7.379524707794189453e-01 7.362151741981506348e-01
8.956754207611083984e-01 8.952004313468933105e-01
7.821608781814575195e-01 7.163978368043899536e-02
4.869271814823150635e-01 3.741896152496337891e-01
8.224545121192932129e-01 5.797985196113586426e-01
4.774640202522277832e-01 9.088402986526489258e-01
4.651990830898284912e-01 4.178330898284912109e-01
4.937368035316467285e-01 3.457161486148834229e-01
7.304710149765014648e-01 4.934499561786651611e-01
4.524796903133392334e-01 4.818290099501609802e-02
6.595888733863830566e-01 5.984742045402526855e-01
1.575312912464141846e-01 9.602356553077697754e-01
5.800916552543640137e-01 3.665325641632080078e-01
4.880963861942291260e-01 5.684701204299926758e-01
6.327016651630401611e-02 2.755067497491836548e-02
6.656008213758468628e-02 4.252547323703765869e-01
4.262311160564422607e-01 2.735645174980163574e-01
2.716598212718963623e-01 1.833361238241195679e-01
4.338180422782897949e-01 6.249015927314758301e-01
9.008566737174987793e-01 4.474317431449890137e-01
9.934975504875183105e-01 3.065392374992370605e-01
2.379226833581924438e-01 8.291460871696472168e-01
5.602759718894958496e-01 7.533776015043258667e-02
1.853189780376851559e-03 8.924631774425506592e-02
3.127683699131011963e-01 5.159583091735839844e-01
4.279946088790893555e-01 4.661429524421691895e-01
1.423988044261932373e-01 6.389645934104919434e-01
1.060496643185615540e-01 5.432044267654418945e-01
7.838802337646484375e-01 7.488853484392166138e-02
8.766336441040039062e-01 7.476796507835388184e-01
7.435204982757568359e-01 7.641220092773437500e-01
2.687909901142120361e-01 1.234129294753074646e-01
9.843342900276184082e-01 4.396300911903381348e-01
7.369743287563323975e-02 1.319722980260848999e-01
9.891678094863891602e-01 5.675860643386840820e-01
3.808776140213012695e-01 7.980115413665771484e-01
7.864755392074584961e-01 9.025105834007263184e-01
3.148564100265502930e-01 6.809021830558776855e-01
7.874829173088073730e-01 2.126661092042922974e-01
3.852698802947998047e-01 6.020054221153259277e-01
4.607697427272796631e-01 2.996936142444610596e-01
2.163412049412727356e-02 9.202467203140258789e-01
2.461853623390197754e-01 7.438036799430847168e-02
6.027666926383972168e-01 5.482660233974456787e-02
4.563825428485870361e-01 7.991332411766052246e-01
3.862851858139038086e-02 8.724464178085327148e-01
7.743405699729919434e-01 4.790071025490760803e-02
3.141513839364051819e-02 5.468695759773254395e-01
1.442280113697052002e-01 8.709708452224731445e-01
3.945775628089904785e-01 1.814653277397155762e-01
4.715063571929931641e-01 1.237411797046661377e-02
6.286975145339965820e-01 7.483349740505218506e-02
1.966847330331802368e-01 9.963653087615966797e-01
5.629833936691284180e-01 6.233958601951599121e-01
8.861722946166992188e-01 3.429996967315673828e-01
8.315960168838500977e-01 3.601904213428497314e-01
9.081730246543884277e-01 7.867091894149780273e-01
1.675702780485153198e-01 1.509278267621994019e-01
7.306885719299316406e-01 1.367996782064437866e-01
1.109908595681190491e-01 3.814895451068878174e-01
9.247955679893493652e-01 7.642831802368164062e-01
4.461815655231475830e-01 8.984822630882263184e-01
3.631376326084136963e-01 7.498981356620788574e-01
6.581425666809082031e-01 2.057239413261413574e-01
6.049440503120422363e-01 8.591073155403137207e-01
4.131962358951568604e-01 3.363388776779174805e-01
6.930593848228454590e-01 3.593277633190155029e-01
2.467028349637985229e-01 6.067024469375610352e-01
5.962731242179870605e-01 3.790140450000762939e-01
5.764474868774414062e-01 7.531128823757171631e-02
3.974025547504425049e-01 3.466196954250335693e-01
9.209218621253967285e-01 9.557223320007324219e-01
2.857717275619506836e-01 3.821948170661926270e-01
9.683503508567810059e-01 1.562215238809585571e-01
7.217789888381958008e-01 6.531255841255187988e-01
6.643879413604736328e-01 1.491037458181381226e-01
3.133298754692077637e-01 7.174766808748245239e-02
7.903369516134262085e-02 5.751944184303283691e-01
8.855351805686950684e-01 1.078196391463279724e-01
1.809860169887542725e-01 9.846855998039245605e-01
1.207778155803680420e-01 3.936220407485961914e-01
4.094164967536926270e-01 2.371942251920700073e-01
9.291145801544189453e-01 5.666632056236267090e-01
8.536777496337890625e-01 4.622743427753448486e-01
9.900586009025573730e-01 8.260766267776489258e-01
8.007737398147583008e-01 5.277084112167358398e-01
9.899461269378662109e-01 7.864254117012023926e-01
8.680037260055541992e-01 2.939004004001617432e-01
2.777865827083587646e-01 7.270343601703643799e-02
3.193384110927581787e-01 5.146660804748535156e-01
3.793966472148895264e-01 4.984862804412841797e-01
2.034694105386734009e-01 2.382847666740417480e-02
3.087621629238128662e-01 9.606217145919799805e-01
5.013771653175354004e-01 9.463548064231872559e-01
1.131222210824489594e-02 1.996155530214309692e-01
6.573419570922851562e-01 3.308561444282531738e-01
8.172399550676345825e-02 2.978470921516418457e-01
7.869169712066650391e-01 4.488053619861602783e-01
6.651362776756286621e-01 7.820766568183898926e-01
2.472680211067199707e-01 4.763089716434478760e-01
8.863092064857482910e-01 5.522425770759582520e-01
5.128230452537536621e-01 1.178748980164527893e-01
3.868325650691986084e-01 9.720289111137390137e-01
6.522918939590454102e-01 7.155844569206237793e-01
3.328261077404022217e-01 2.667290866374969482e-01
9.433647990226745605e-02 8.228265643119812012e-01
2.658075988292694092e-01 6.997954249382019043e-01
1.300375461578369141e-01 1.597516238689422607e-01
9.709990024566650391e-01 2.957147955894470215e-01
1.187838986515998840e-01 4.847890436649322510e-01
5.351583361625671387e-01 8.714339137077331543e-01
7.764036059379577637e-01 8.018049001693725586e-01
6.916438937187194824e-01 3.838634192943572998e-01
1.183878406882286072e-01 8.515387177467346191e-01
1.286694258451461792e-01 9.560254961252212524e-02
1.109711602330207825e-01 2.416381053626537323e-02
5.609779357910156250e-01 1.443631052970886230e-01
8.781599812209606171e-03 1.307148635387420654e-01
2.296080589294433594e-01 3.152803182601928711e-01
8.430945873260498047e-01 9.481257200241088867e-01
7.653624415397644043e-01 5.367828607559204102e-01
5.676988363265991211e-01 3.768394589424133301e-01
1.695327311754226685e-01 4.179150983691215515e-02
6.718020439147949219e-01 8.585659265518188477e-01
8.607860803604125977e-01 8.071164488792419434e-01
8.113076686859130859e-01 8.403431177139282227e-01
8.646791577339172363e-01 9.319679141044616699e-01
6.245158314704895020e-01 1.478887051343917847e-01
4.290027320384979248e-01 3.319501280784606934e-01
7.263528704643249512e-01 5.223237276077270508e-01
9.338410198688507080e-02 9.011643379926681519e-02
5.312271118164062500e-01 8.341562151908874512e-01
4.538313299417495728e-02 7.734645009040832520e-01
1.772707514464855194e-02 9.926954507827758789e-01
5.327504873275756836e-01 9.227995276451110840e-01
2.754272520542144775e-01 1.296004205942153931e-01
5.361517667770385742e-01 3.500819504261016846e-01
9.209148883819580078e-01 7.553730010986328125e-01
9.061607718467712402e-02 5.756822824478149414e-01
2.217001169919967651e-01 1.482193917036056519e-01
1.529571413993835449e-01 8.029286265373229980e-01
2.379821091890335083e-01 9.606677293777465820e-01
8.880430459976196289e-01 3.329545855522155762e-01
9.504648447036743164e-01 6.867626905441284180e-01
1.849212497472763062e-01 3.928488194942474365e-01
6.381096839904785156e-01 4.329934120178222656e-01
1.084617972373962402e-01 9.652417898178100586e-01
9.575509428977966309e-01 1.362905744463205338e-02
4.305038452148437500e-01 9.946494102478027344e-01
2.060683518648147583e-01 8.205009698867797852e-01
8.101114630699157715e-01 4.677656590938568115e-01
9.126882553100585938e-01 2.798464298248291016e-01
6.955699920654296875e-01 2.842617332935333252e-01
7.959473729133605957e-01 7.565678954124450684e-01
6.850359439849853516e-01 9.124718308448791504e-01
1.125164628028869629e-01 7.048067450523376465e-01
4.922062158584594727e-01 6.927417516708374023e-01
9.735779762268066406e-01 3.114780038595199585e-02
2.686962187290191650e-01 5.804573893547058105e-01
4.982872605323791504e-01 1.899546831846237183e-01
7.308375239372253418e-01 1.158242113888263702e-02
6.207779049873352051e-01 8.203142881393432617e-01
4.073086380958557129e-02 4.349714815616607666e-01
8.042833209037780762e-01 6.336453557014465332e-02
8.617430329322814941e-01 5.135809183120727539e-01
6.552610397338867188e-01 8.428241014480590820e-01
5.116279795765876770e-02 8.463826775550842285e-01
9.538498520851135254e-01 1.462594568729400635e-01
4.657908380031585693e-01 1.594064533710479736e-01
2.924896478652954102e-01 3.244482874870300293e-01
9.465698003768920898e-01 4.597846865653991699e-01
3.745705187320709229e-01 9.227210283279418945e-01
8.721264004707336426e-01 8.172020316123962402e-02
6.526939868927001953e-01 6.019074320793151855e-01
5.162368416786193848e-01 3.184949457645416260e-01
7.820343971252441406e-01 3.670770525932312012e-01
2.260525375604629517e-01 2.592907249927520752e-01
7.614639401435852051e-01 6.800573319196701050e-02
9.417667984962463379e-01 4.174267351627349854e-01
9.195103645324707031e-01 1.369732469320297241e-01
8.613856136798858643e-02 2.176842391490936279e-01
4.093875288963317871e-01 6.185891032218933105e-01
9.290177226066589355e-01 5.753540992736816406e-01
3.344313502311706543e-01 8.610218763351440430e-02
5.922681093215942383e-01 7.855945825576782227e-01
4.260022044181823730e-01 6.095289587974548340e-01
4.476862549781799316e-01 1.750251203775405884e-01
8.235527276992797852e-01 3.886167705059051514e-01
3.490001261234283447e-01 2.563762068748474121e-01
9.983987212181091309e-01 2.262228727340698242e-01
9.455894827842712402e-01 9.586502909660339355e-01
9.419100284576416016e-01 5.028129816055297852e-01
8.294614553451538086e-01 2.984060049057006836e-01
4.755643308162689209e-01 7.061523795127868652e-01
9.775773882865905762e-01 6.286095380783081055e-01
9.305192232131958008e-01 2.009188830852508545e-01
5.801219940185546875e-01 7.136697173118591309e-01
4.628075286746025085e-02 6.542068123817443848e-01
1.068248078227043152e-01 7.069932818412780762e-01
1.081021577119827271e-01 6.737413406372070312e-01
9.665938019752502441e-01 9.206212162971496582e-01
7.553265094757080078e-01 3.649881780147552490e-01
4.584968090057373047e-01 3.723652064800262451e-01
4.947742521762847900e-01 4.730941355228424072e-02
8.054848313331604004e-01 7.547860145568847656e-01
8.672373294830322266e-01 6.833190917968750000e-01
7.614792585372924805e-01 9.691596627235412598e-01
8.605907559394836426e-01 4.608245790004730225e-01
4.600426256656646729e-01 5.834841728210449219e-02
3.481730818748474121e-01 6.446699500083923340e-01
7.422114908695220947e-02 2.626462876796722412e-01
5.377635359764099121e-01 9.870354533195495605e-01
2.554754167795181274e-02 4.902247190475463867e-01
4.359850883483886719e-01 7.800279259681701660e-01
9.866172671318054199e-01 8.278038501739501953e-01
7.032253742218017578e-01 7.249531745910644531e-01
8.082050085067749023e-01 2.228160761296749115e-02
6.833946108818054199e-01 6.245339512825012207e-01
3.104239404201507568e-01 9.419631958007812500e-01
1.893948763608932495e-02 1.177984401583671570e-01
1.494015157222747803e-01 7.495877891778945923e-02
6.653881669044494629e-01 7.800106406211853027e-01
2.243646532297134399e-01 2.264214158058166504e-01
8.200236558914184570e-01 9.839352369308471680e-01
5.946351289749145508e-01 3.546275198459625244e-01
9.596872925758361816e-01 9.916164875030517578e-01
3.387544155120849609e-01 8.954737782478332520e-01
8.239657878875732422e-01 7.376745343208312988e-01
8.695951700210571289e-01 6.068262457847595215e-01
7.256146073341369629e-01 4.888694882392883301e-01
1.754241287708282471e-01 5.542107224464416504e-01
7.460248470306396484e-01 8.546162247657775879e-01
1.768631041049957275e-01 7.913398742675781250e-01
7.252436876296997070e-01 3.944315612316131592e-01
7.311410307884216309e-01 5.058657750487327576e-02
7.338590621948242188e-01 2.037596851587295532e-01
9.371485710144042969e-01 2.600527405738830566e-01
5.457860231399536133e-02 8.159073591232299805e-01
8.186971545219421387e-01 8.373786807060241699e-01
8.800661563873291016e-01 7.188767194747924805e-01
9.972192347049713135e-02 6.085115671157836914e-01
5.737894773483276367e-01 7.099364399909973145e-01
1.580321639776229858e-01 5.584757402539253235e-02
8.702836632728576660e-01 9.877099394798278809e-01
1.013505011796951294e-01 5.890562534332275391e-01
4.209729135036468506e-01 5.422437787055969238e-01
8.252143859863281250e-01 8.432590365409851074e-01
5.679704546928405762e-01 8.596612215042114258e-01
7.692802548408508301e-01 9.056259393692016602e-01
1.747518181800842285e-01 9.343789219856262207e-01
8.334931135177612305e-01 3.826481401920318604e-01
4.564817845821380615e-01 8.094571232795715332e-01
9.344778656959533691e-01 1.146558597683906555e-01
7.463806271553039551e-01 3.786500096321105957e-01
9.181980490684509277e-01 4.587917923927307129e-01
3.186956420540809631e-02 1.499104052782058716e-01
7.785190939903259277e-01 6.024081110954284668e-01
4.780063331127166748e-01 7.193406224250793457e-01
2.498883157968521118e-01 1.968353539705276489e-01
3.115873634815216064e-01 7.264620065689086914e-01
5.435086488723754883e-01 2.342578768730163574e-01
7.490327358245849609e-01 4.320909082889556885e-01
2.011298239231109619e-01 8.461627960205078125e-01
7.791252434253692627e-02 8.893569111824035645e-01
5.382536724209785461e-02 1.864342242479324341e-01
2.398560196161270142e-01 3.050901293754577637e-01
6.806135773658752441e-01 8.655378818511962891e-01
2.743922770023345947e-01 6.904290914535522461e-01
1.679391600191593170e-02 4.077199995517730713e-01
7.055187821388244629e-01 4.463464021682739258e-02
6.632561087608337402e-01 7.528682351112365723e-01
1.809320300817489624e-01 8.535987734794616699e-01
1.105609014630317688e-01 8.540481925010681152e-01
1.685205660760402679e-02 5.880342051386833191e-02
9.304629564285278320e-01 4.348818361759185791e-01
9.908301234245300293e-01 7.823870182037353516e-01
3.426909819245338440e-02 4.417084455490112305e-01
1.538747996091842651e-01 5.164713859558105469e-01
6.187436580657958984e-01 1.143862232565879822e-01
1.437377035617828369e-01 4.807794392108917236e-01
8.078508824110031128e-02 7.149860858917236328e-01
9.155780076980590820e-01 8.171582818031311035e-01
3.944070935249328613e-01 6.568599343299865723e-01
8.390940427780151367e-01 5.714811682701110840e-01
7.212594747543334961e-01 5.904259085655212402e-01
8.160868883132934570e-01 5.642811059951782227e-01
7.507593035697937012e-01 1.666267216205596924e-01
8.780080676078796387e-01 9.499340653419494629e-01
2.369929850101470947e-01 8.377870172262191772e-02
6.640449166297912598e-01 4.859511256217956543e-01
3.650589883327484131e-01 1.598415970802307129e-01
1.776339262723922729e-01 8.224846124649047852e-01
1.796305477619171143e-01 5.006396770477294922e-02
3.338694274425506592e-01 9.325156211853027344e-01
8.758627772331237793e-01 7.561473846435546875e-01
7.764540910720825195e-01 3.485742211341857910e-01
8.321056962013244629e-01 6.929028034210205078e-01
9.481503963470458984e-01 5.572779774665832520e-01
3.603131175041198730e-01 6.188910007476806641e-01
2.597192525863647461e-01 5.825620889663696289e-01
9.124554395675659180e-01 3.352460861206054688e-01
6.377268582582473755e-02 5.094718933105468750e-01
8.955959677696228027e-01 7.423444390296936035e-01
3.777467906475067139e-01 3.221327066421508789e-01
7.823163270950317383e-01 7.553758025169372559e-01
4.648854732513427734e-01 7.643761038780212402e-01
3.008544258773326874e-02 7.727434039115905762e-01
4.750786721706390381e-01 3.146670758724212646e-01
6.601275801658630371e-01 7.615601643919944763e-03
9.533443450927734375e-01 9.390850067138671875e-01
6.313545703887939453e-01 6.390154957771301270e-01
8.100264519453048706e-02 5.380506515502929688e-01
1.028997898101806641e-01 5.467013716697692871e-01
8.613713085651397705e-02 2.877687513828277588e-01
3.148580193519592285e-01 8.313755691051483154e-02
9.925751686096191406e-01 8.233228921890258789e-01
5.436295177787542343e-03 9.231455326080322266e-01
4.226392600685358047e-03 1.684157103300094604e-01
1.141167953610420227e-01 9.991528987884521484e-01
3.679872453212738037e-01 7.188695073127746582e-01
4.851477593183517456e-02 9.699157476425170898e-01
1.559243649244308472e-01 9.850271791219711304e-02
8.632758259773254395e-01 5.808643102645874023e-01
8.261089324951171875e-01 8.477594852447509766e-01
5.933133959770202637e-01 3.259336352348327637e-01
3.541639447212219238e-02 5.672613978385925293e-01
3.235910087823867798e-02 8.507373929023742676e-01
1.359774023294448853e-01 1.594995856285095215e-01
1.376747488975524902e-01 8.348228335380554199e-01
4.803134873509407043e-02 5.263276100158691406e-01
7.641054391860961914e-01 8.236259818077087402e-01
9.416986107826232910e-01 7.709962129592895508e-01
7.702409625053405762e-01 5.950535535812377930e-01
8.420831561088562012e-01 5.197702050209045410e-01
7.138051390647888184e-01 7.957378774881362915e-02
6.405187249183654785e-01 1.242462992668151855e-01
9.558351039886474609e-01 1.974044591188430786e-01
1.364194154739379883e-01 9.907016158103942871e-01
8.647672533988952637e-01 2.371375113725662231e-01
7.356832027435302734e-01 7.589874416589736938e-02
8.927255868911743164e-02 2.624408900737762451e-01
6.668221354484558105e-01 8.804219365119934082e-01
6.310797333717346191e-01 2.530116140842437744e-01
9.752157926559448242e-01 7.300433516502380371e-01
9.895327687263488770e-01 7.602592706680297852e-01
1.045358926057815552e-01 9.880883693695068359e-01
8.643790483474731445e-01 9.096403606235980988e-03
8.048915117979049683e-02 7.941182851791381836e-01
1.609624624252319336e-01 8.379015326499938965e-01
5.048277974128723145e-02 9.153835773468017578e-01
5.503963232040405273e-01 7.401129007339477539e-01
1.846302002668380737e-01 4.210781753063201904e-01
9.287413358688354492e-01 4.737273752689361572e-01
7.776135802268981934e-01 7.612375020980834961e-01
2.123095691204071045e-01 2.431428730487823486e-01
8.289842605590820312e-01 4.694144427776336670e-01
8.484222888946533203e-01 7.115322351455688477e-01
9.827723503112792969e-01 3.124943189322948456e-02
5.471429228782653809e-02 5.029728412628173828e-01
7.145432829856872559e-01 2.165997475385665894e-01
5.994240641593933105e-01 7.372873425483703613e-01
6.586440205574035645e-01 2.492749094963073730e-01
5.376766324043273926e-01 9.055138826370239258e-01
7.781049013137817383e-01 4.276974797248840332e-01
9.611380845308303833e-02 9.729308634996414185e-02
6.628096103668212891e-01 7.023772597312927246e-01
1.967830955982208252e-01 3.279586136341094971e-01
7.110498100519180298e-02 4.594828188419342041e-01
5.953761339187622070e-01 4.866274297237396240e-01
8.305621147155761719e-01 5.055145621299743652e-01
4.377656877040863037e-01 4.763288497924804688e-01
7.091242074966430664e-01 3.538544774055480957e-01
5.194221138954162598e-01 1.167781576514244080e-01
7.511584162712097168e-01 1.861730217933654785e-01
9.414262771606445312e-01 2.768546640872955322e-01
6.169409155845642090e-01 7.142105698585510254e-01
6.417925953865051270e-01 4.233456850051879883e-01
9.706149697303771973e-01 5.868529081344604492e-01
9.228954911231994629e-01 3.105317950248718262e-01
2.535323500633239746e-01 7.464793920516967773e-01
3.006002306938171387e-01 2.436987161636352539e-01
9.455229043960571289e-01 4.090669155120849609e-01
6.859354972839355469e-01 7.770521044731140137e-01
8.175053000450134277e-01 3.225149512290954590e-01
2.555700838565826416e-01 6.537773460149765015e-02
1.720163226127624512e-01 3.766230642795562744e-01
6.886247396469116211e-01 2.476722747087478638e-01
3.318438827991485596e-01 8.281880021095275879e-01
3.679251968860626221e-01 7.370424866676330566e-01
5.308562517166137695e-01 8.115617036819458008e-01
8.905816674232482910e-01 5.176893472671508789e-01
6.881498098373413086e-01 2.171335220336914062e-01
8.395240306854248047e-01 4.431245923042297363e-01
4.189728498458862305e-01 5.860461592674255371e-01
4.788624048233032227e-01 9.507685899734497070e-02
5.138968825340270996e-01 9.331511855125427246e-01
4.285030066967010498e-01 5.940138101577758789e-01
8.574553728103637695e-01 2.407485842704772949e-01
7.608692049980163574e-01 5.578300952911376953e-01
9.341700673103332520e-01 7.437894493341445923e-02
8.180235028266906738e-01 3.234829902648925781e-01
8.340947628021240234e-01 6.716469526290893555e-01
8.096367120742797852e-01 5.022225379943847656e-01
7.843254506587982178e-02 6.752791255712509155e-02
6.411984562873840332e-01 1.712435781955718994e-01
2.070378959178924561e-01 3.396332561969757080e-01
8.986079096794128418e-01 8.309700340032577515e-02
5.695986002683639526e-02 6.125811934471130371e-01
8.647580146789550781e-01 7.986546754837036133e-01
7.969617247581481934e-01 7.035522460937500000e-01
5.150175690650939941e-01 2.291686981916427612e-01
6.580530200153589249e-03 9.916318655014038086e-01
3.815888464450836182e-01 5.604465603828430176e-01
7.767606973648071289e-01 2.254487276077270508e-01
6.816450953483581543e-01 2.824178934097290039e-01
3.080644905567169189e-01 7.378305196762084961e-01
7.583922147750854492e-01 5.633767247200012207e-01
2.331266254186630249e-01 1.883985251188278198e-01
7.903417944908142090e-02 5.535647869110107422e-01
3.341700183227658272e-03 5.005238056182861328e-01
7.686083912849426270e-01 6.685636043548583984e-01
5.640196800231933594e-01 5.903874635696411133e-01
7.499913573265075684e-01 9.917419552803039551e-01
6.068704724311828613e-01 2.922007441520690918e-01
8.800818324089050293e-01 6.894599199295043945e-01
5.346531271934509277e-01 5.937214493751525879e-01
5.216830968856811523e-01 3.751150369644165039e-01
8.536884784698486328e-01 2.739566266536712646e-01
2.344294786453247070e-01 1.057033147662878036e-02
2.855485081672668457e-01 5.494045019149780273e-01
6.388235688209533691e-01 8.690332770347595215e-01
4.540228545665740967e-01 7.783334255218505859e-01
9.673817157745361328e-01 9.437675476074218750e-01
9.230599999427795410e-01 2.859885990619659424e-01
9.413087368011474609e-01 5.305704474449157715e-01
2.064533531665802002e-01 5.995514988899230957e-01
6.259881854057312012e-01 5.599443912506103516e-01
4.384468793869018555e-01 4.422138333320617676e-01
1.323588788509368896e-01 7.094198465347290039e-02
8.258803486824035645e-01 1.271771490573883057e-01
6.032425165176391602e-01 9.495519995689392090e-01
4.643430411815643311e-01 9.504790902137756348e-01
7.110111117362976074e-01 9.292371273040771484e-01
7.481104135513305664e-01 8.303703665733337402e-01
6.510754115879535675e-03 4.659341871738433838e-01
2.639797925949096680e-01 7.733092308044433594e-01
6.207551956176757812e-01 4.576489031314849854e-01
2.401889413595199585e-01 2.379210442304611206e-01
7.839275598526000977e-01 9.944907426834106445e-01
6.657184958457946777e-01 4.975171387195587158e-02
5.701220035552978516e-01 6.598315238952636719e-01
3.196953833103179932e-01 4.780333340167999268e-01
4.801334813237190247e-02 7.962499260902404785e-01
4.623170495033264160e-01 8.342386484146118164e-01
6.697774529457092285e-01 8.860064148902893066e-01
4.338768124580383301e-01 5.598110556602478027e-01
5.536931753158569336e-01 4.494772255420684814e-01
6.726335734128952026e-02 6.730942726135253906e-01
7.433537840843200684e-01 4.276849627494812012e-01
6.072740554809570312e-01 8.746770620346069336e-01
1.158343404531478882e-01 8.283936977386474609e-01
7.763104438781738281e-01 1.227562800049781799e-01
5.259211063385009766e-01 1.438781023025512695e-01
7.736771702766418457e-01 9.902548789978027344e-01
1.416927576065063477e-01 5.174929499626159668e-01
1.629225164651870728e-01 4.548760950565338135e-01
6.553421616554260254e-01 9.203997254371643066e-01
1.723141595721244812e-02 7.910173535346984863e-01
9.818743467330932617e-01 2.691032588481903076e-01
3.695666491985321045e-01 1.325530260801315308e-01
3.577333092689514160e-01 9.861166477203369141e-01
3.313135206699371338e-01 9.710229039192199707e-01
9.220855683088302612e-02 6.647769808769226074e-01
7.184755206108093262e-01 3.142854869365692139e-01
5.469084382057189941e-01 9.256635308265686035e-01
3.990652859210968018e-01 3.888249695301055908e-01
9.669495224952697754e-01 4.175878465175628662e-01
5.124553442001342773e-01 3.691382408142089844e-01
4.882616996765136719e-01 5.143756866455078125e-01
7.146573662757873535e-01 1.919229030609130859e-01
2.446459680795669556e-01 5.794546008110046387e-01
7.768988609313964844e-01 3.910069167613983154e-01
2.148045152425765991e-01 9.604758583009243011e-03
1.579100042581558228e-01 2.447624951601028442e-01
2.269229441881179810e-01 8.267953991889953613e-01
9.009914994239807129e-01 2.298955172300338745e-01
6.713753938674926758e-01 1.171374768018722534e-01
7.928165793418884277e-01 2.630876302719116211e-01
7.304013967514038086e-01 3.076827228069305420e-01
9.215385317802429199e-01 3.391441106796264648e-01
2.687749564647674561e-01 5.971546173095703125e-01
8.925784230232238770e-01 3.617106378078460693e-01
2.006143480539321899e-01 7.439513802528381348e-01
9.554345607757568359e-01 2.258911132812500000e-01
7.333536744117736816e-01 9.740801453590393066e-01
5.118824243545532227e-01 3.803679347038269043e-01
3.798295259475708008e-01 6.101919412612915039e-01
9.663062691688537598e-01 5.411238074302673340e-01
7.433460950851440430e-01 7.237128615379333496e-01
2.495328634977340698e-01 2.181922318413853645e-03
8.363916873931884766e-01 1.323727965354919434e-01
9.033001065254211426e-01 2.677259445190429688e-01
1.757440119981765747e-01 7.963323593139648438e-01
9.711245298385620117e-01 3.118397295475006104e-01
3.313184380531311035e-01 5.804361701011657715e-01
1.277980506420135498e-01 1.795170158147811890e-01
3.799424171447753906e-01 1.639774441719055176e-01
5.852391123771667480e-01 9.206511378288269043e-01
9.962732195854187012e-01 1.741461455821990967e-01
4.354126155376434326e-01 1.650233194231987000e-02
2.986446022987365723e-01 9.669457674026489258e-01
1.412297934293746948e-01 5.373858287930488586e-02
7.223343849182128906e-01 9.280025959014892578e-02
2.806862890720367432e-01 4.304794967174530029e-01
8.734818696975708008e-01 6.507603526115417480e-01
8.559291958808898926e-01 5.772007107734680176e-01
4.552891850471496582e-01 4.779554307460784912e-01
5.342261195182800293e-01 2.805392630398273468e-02
5.654640197753906250e-01 1.487776041030883789e-01
6.816709879785776138e-03 3.862771391868591309e-01
9.218462705612182617e-01 3.713767826557159424e-01
1.587740480899810791e-01 5.073651671409606934e-01
6.415536999702453613e-01 5.840787664055824280e-02
1.207565143704414368e-02 7.728109955787658691e-01
2.199215739965438843e-01 4.814189374446868896e-01
8.425131440162658691e-01 7.454628348350524902e-01
9.729500412940979004e-01 1.258116662502288818e-01
2.920883297920227051e-01 2.021484822034835815e-01
7.346061468124389648e-01 1.687067300081253052e-01
1.336666792631149292e-01 7.345314025878906250e-01
1.254194229841232300e-01 7.728622108697891235e-02
7.069625854492187500e-01 2.737443745136260986e-01
5.464257001876831055e-01 7.315280437469482422e-01
8.980435132980346680e-02 6.070474982261657715e-01
9.218878149986267090e-01 6.163961291313171387e-01
6.154600381851196289e-01 3.017625510692596436e-01
2.172008305788040161e-01 9.983161091804504395e-01
7.385594844818115234e-01 3.667915463447570801e-01
8.664177358150482178e-02 9.616569876670837402e-01
8.266956210136413574e-01 3.779436349868774414e-01
7.966404557228088379e-01 9.355407357215881348e-01
7.853398919105529785e-01 2.138952165842056274e-01
4.846439957618713379e-01 7.313601970672607422e-01
7.782487273216247559e-01 6.463639736175537109e-01
3.136089444160461426e-01 9.218126535415649414e-01
6.998060345649719238e-01 4.233877360820770264e-01
8.641821891069412231e-02 6.400889158248901367e-01
6.359569430351257324e-01 7.988854050636291504e-01
7.904179692268371582e-01 4.254283607006072998e-01
9.561250209808349609e-01 9.016684442758560181e-02
4.369535148143768311e-01 5.149835348129272461e-01
4.321844279766082764e-01 9.898378849029541016e-01
4.620501995086669922e-01 6.985546350479125977e-01
8.552007675170898438e-01 9.691771268844604492e-01
6.137347593903541565e-02 6.227533221244812012e-01
7.256871461868286133e-01 3.567164540290832520e-01
8.440386056900024414e-01 5.376141667366027832e-01
8.479599952697753906e-01 2.879592478275299072e-01
9.283815622329711914e-01 6.598134040832519531e-01
7.645923495292663574e-01 7.078379392623901367e-01
7.505272030830383301e-01 2.536888420581817627e-01
9.996075630187988281e-01 5.480859875679016113e-01
9.772953391075134277e-01 8.563246726989746094e-01
6.265310049057006836e-01 6.311542391777038574e-01
2.002288252115249634e-01 2.694346606731414795e-01
9.702612161636352539e-01 8.423978686332702637e-01
3.677820563316345215e-01 8.572692275047302246e-01
8.336002826690673828e-01 6.448528170585632324e-02
9.653922319412231445e-01 9.874279499053955078e-01
5.098317265510559082e-01 9.243522882461547852e-01
4.883657097816467285e-01 1.735612452030181885e-01
3.628691434860229492e-01 4.527438879013061523e-01
4.293392002582550049e-01 1.155096739530563354e-01
8.426870703697204590e-01 4.872361421585083008e-01
7.039695382118225098e-01 3.696354925632476807e-01
1.102793216705322266e-01 1.923217326402664185e-01
3.809349834918975830e-01 2.083972245454788208e-01
7.360374331474304199e-01 4.393952190876007080e-01
9.657196998596191406e-01 7.830185294151306152e-01
3.115318715572357178e-01 5.917181968688964844e-01
5.427864789962768555e-01 1.382133960723876953e-01
5.205914974212646484e-01 8.724684119224548340e-01
8.419833183288574219e-01 9.076426029205322266e-01
7.178173065185546875e-01 6.591029465198516846e-02
6.968751549720764160e-01 5.151914954185485840e-01
7.816188931465148926e-01 7.028079032897949219e-01
4.295447766780853271e-01 2.435408532619476318e-02
9.704396873712539673e-02 1.672214418649673462e-01
7.889503240585327148e-01 1.131177023053169250e-01
2.217395789921283722e-02 7.772096991539001465e-01
8.653109669685363770e-01 1.261841654777526855e-01
5.397363305091857910e-01 2.227275073528289795e-01
5.433081388473510742e-01 8.205288648605346680e-01
2.826423048973083496e-01 5.419729351997375488e-01
7.737529277801513672e-01 2.332535535097122192e-01
6.529245972633361816e-01 8.307960033416748047e-01
8.688728213310241699e-01 9.312532842159271240e-02
6.399666666984558105e-01 1.523464024066925049e-01
6.959237456321716309e-01 7.649182677268981934e-01
7.620510458946228027e-01 6.906710267066955566e-01
8.956242203712463379e-01 3.260970413684844971e-01
1.715872585773468018e-01 8.670406788587570190e-02
4.050277769565582275e-01 1.263104826211929321e-01
1.276989728212356567e-01 9.018156528472900391e-01
4.013985693454742432e-01 7.459515333175659180e-01
2.929625511169433594e-01 8.284519314765930176e-01
9.322056770324707031e-01 3.056383430957794189e-01
5.654110312461853027e-01 3.211444616317749023e-01
8.016559481620788574e-01 8.960946798324584961e-01
9.610755443572998047e-01 5.463836193084716797e-01
7.944701313972473145e-01 3.249934017658233643e-01
1.591314077377319336e-01 1.639318019151687622e-01
9.156348705291748047e-01 4.894732236862182617e-01
8.116887211799621582e-01 1.772133857011795044e-01
5.019936561584472656e-01 9.440830349922180176e-01
4.244768321514129639e-01 7.080552577972412109e-01
6.885762214660644531e-01 7.174931168556213379e-01
2.446749061346054077e-01 8.687860369682312012e-01
7.937731146812438965e-01 8.031688928604125977e-01
2.167778909206390381e-01 7.817319035530090332e-01
2.354941517114639282e-01 7.125292420387268066e-01
7.829409241676330566e-01 9.822739958763122559e-01
2.944186031818389893e-01 6.785513758659362793e-01
5.244917869567871094e-01 6.398356556892395020e-01
1.998250037431716919e-01 7.685194909572601318e-02
8.139018416404724121e-01 6.423389539122581482e-03
9.777735471725463867e-01 4.245525896549224854e-01
6.192435622215270996e-01 3.655871748924255371e-02
8.616675138473510742e-01 5.901592969894409180e-01
9.837732315063476562e-01 4.063175320625305176e-01
2.120063081383705139e-02 1.010887417942285538e-02
5.087839961051940918e-01 6.044593453407287598e-01
2.255252897739410400e-01 1.567723084008321166e-04
8.621369600296020508e-01 8.391305804252624512e-02
3.703945279121398926e-01 9.313905239105224609e-02
8.961447477340698242e-01 4.433822333812713623e-01
4.120982885360717773e-01 6.921542882919311523e-01
3.884466588497161865e-01 5.237262323498725891e-02
4.869275987148284912e-01 9.899868369102478027e-01
7.907299399375915527e-01 1.514913439750671387e-01
7.165269851684570312e-01 9.853647947311401367e-01
8.606536388397216797e-01 6.843928694725036621e-01
3.111673593521118164e-01 6.467039585113525391e-01
8.678846955299377441e-01 5.220900475978851318e-02
6.584954261779785156e-01 5.790140628814697266e-01
6.286075115203857422e-01 5.930735468864440918e-01
