1.151707842946052551e-01 5.555047988891601562e-01
9.075750112533569336e-01 8.026815056800842285e-01
8.883373737335205078e-01 3.547666370868682861e-01
8.921070098876953125e-01 3.329691886901855469e-01
3.138793408870697021e-01 6.282061934471130371e-01
3.738252520561218262e-01 6.603800654411315918e-01
9.208003878593444824e-01 1.710101366043090820e-01
3.131214380264282227e-01 8.025689125061035156e-01
1.407689005136489868e-01 6.737729907035827637e-02
2.317656874656677246e-01 6.558166742324829102e-01
2.330738902091979980e-01 4.464554786682128906e-01
9.288254380226135254e-01 6.471558213233947754e-01
2.693572640419006348e-01 3.970909118652343750e-01
4.890015125274658203e-01 9.876596331596374512e-01
9.588779807090759277e-01 9.377694129943847656e-01
1.983569748699665070e-02 7.010498642921447754e-01
1.355345547199249268e-01 8.709014654159545898e-01
4.566391408443450928e-01 6.170086264610290527e-01
2.870256602764129639e-01 3.338288664817810059e-01
1.779187023639678955e-01 9.331333041191101074e-01
1.673678122460842133e-02 2.563902437686920166e-01
1.359563916921615601e-01 6.289669871330261230e-01
8.684884905815124512e-01 4.239436239004135132e-02
6.422903537750244141e-01 6.461635828018188477e-01
1.158569827675819397e-01 6.416741013526916504e-01
1.004978567361831665e-01 1.818712353706359863e-01
4.376856088638305664e-01 9.544289112091064453e-01
4.137253388762474060e-02 9.699006080627441406e-01
3.938392698764801025e-01 6.670884490013122559e-01
5.574158430099487305e-01 8.994675278663635254e-01
2.916396558284759521e-01 8.543274551630020142e-02
8.755011558532714844e-01 4.917081296443939209e-01
6.480740308761596680e-01 7.853212207555770874e-02
5.013528466224670410e-01 9.237015247344970703e-02
5.080041289329528809e-01 6.392148733139038086e-01
6.751489639282226562e-01 9.522914886474609375e-01
9.280143380165100098e-01 9.083067774772644043e-01
4.773691892623901367e-01 6.120663881301879883e-01
8.956933617591857910e-01 9.096061438322067261e-02
4.740085899829864502e-01 7.518330216407775879e-01
6.899780631065368652e-01 3.534715473651885986e-01
3.189288377761840820e-01 4.718942940235137939e-01
4.695025682449340820e-01 1.483404263854026794e-02
9.653035402297973633e-01 6.713252067565917969e-01
2.226718664169311523e-01 5.248802900314331055e-01
3.759663701057434082e-01 8.554607033729553223e-01
9.297497272491455078e-01 6.453829407691955566e-01
7.190923094749450684e-01 4.532696008682250977e-01
7.328909635543823242e-02 9.040235280990600586e-01
3.768700361251831055e-01 3.506396710872650146e-01
3.865453302860260010e-01 6.541961431503295898e-01
8.989300727844238281e-01 2.936328351497650146e-01
4.931158423423767090e-01 7.831769585609436035e-01
7.918297648429870605e-01 2.517541646957397461e-01
7.290518879890441895e-01 2.073613405227661133e-01
1.694356650114059448e-01 6.642904877662658691e-01
6.785038709640502930e-01 9.826093912124633789e-01
3.057298660278320312e-01 3.351080417633056641e-01
3.046020306646823883e-02 4.467974901199340820e-01
8.214181661605834961e-01 4.799489676952362061e-01
7.551599740982055664e-01 4.027041196823120117e-01
9.221782088279724121e-01 9.874188303947448730e-01
1.881544888019561768e-01 8.600789308547973633e-01
5.630129575729370117e-01 4.981247186660766602e-01
3.626475930213928223e-01 9.967519640922546387e-01
4.828858077526092529e-01 9.625234603881835938e-01
6.543378829956054688e-01 8.752943277359008789e-01
2.782177031040191650e-01 9.038822650909423828e-01
4.280982315540313721e-01 6.152162551879882812e-01
4.934169724583625793e-02 5.667723417282104492e-01
1.832351535558700562e-01 6.140851974487304688e-01
4.456439316272735596e-01 3.977570682764053345e-02
7.340210676193237305e-02 8.652560710906982422e-01
1.302708238363265991e-01 4.089418947696685791e-01
4.471153020858764648e-01 9.085019119083881378e-03
8.380993008613586426e-01 2.065049111843109131e-01
9.357213377952575684e-01 8.125583529472351074e-01
9.002536535263061523e-01 8.301113843917846680e-01
3.124302327632904053e-01 6.133925914764404297e-01
9.263072907924652100e-02 6.514109373092651367e-01
7.225315570831298828e-01 5.512080192565917969e-01
8.636476397514343262e-01 3.056186735630035400e-01
3.710852861404418945e-01 9.980967640876770020e-01
4.215437173843383789e-01 2.770743668079376221e-01
7.724957466125488281e-01 2.960971891880035400e-01
6.916700005531311035e-01 6.446911096572875977e-01
4.224885627627372742e-02 9.435393214225769043e-01
6.657251119613647461e-01 1.866583526134490967e-01
6.483151316642761230e-01 2.051583975553512573e-01
9.193269014358520508e-01 2.258600294589996338e-01
7.756130695343017578e-01 7.151740789413452148e-01
1.218508258461952209e-01 8.008432388305664062e-01
8.987234830856323242e-01 9.097315073013305664e-01
5.413616895675659180e-01 5.113055109977722168e-01
9.728301763534545898e-01 5.970817059278488159e-02
7.413101196289062500e-01 4.814460575580596924e-01
3.246615827083587646e-01 7.362311333417892456e-02
4.687233269214630127e-01 1.219561845064163208e-01
8.823764324188232422e-01 1.576106846332550049e-01
9.765186905860900879e-01 7.592782378196716309e-01
5.973325669765472412e-02 5.911176204681396484e-01
6.395770311355590820e-01 6.518515348434448242e-01
3.166887164115905762e-01 6.943414211273193359e-01
1.698192358016967773e-01 6.163275986909866333e-02
8.603512644767761230e-01 2.989355325698852539e-01
2.647449374198913574e-01 6.423677206039428711e-01
3.450710475444793701e-01 8.691014647483825684e-01
7.587733268737792969e-01 2.975770235061645508e-01
2.604535818099975586e-01 6.849133372306823730e-01
5.175431370735168457e-01 3.561874628067016602e-01
6.308652162551879883e-01 2.127379775047302246e-01
9.771870374679565430e-01 6.162563562393188477e-01
6.944030523300170898e-01 4.282446950674057007e-02
4.637022912502288818e-01 5.895375832915306091e-02
8.856809139251708984e-01 6.917662620544433594e-01
5.414970517158508301e-01 1.793851405382156372e-01
8.590256571769714355e-01 4.396809637546539307e-01
5.629464983940124512e-01 4.549709260463714600e-01
8.822388052940368652e-01 4.218188524246215820e-01
1.762560606002807617e-01 7.284242510795593262e-01
6.218647360801696777e-01 3.340437114238739014e-01
9.645093977451324463e-02 6.572042703628540039e-01
4.240268468856811523e-01 1.417792439460754395e-01
1.702449768781661987e-01 1.487239301204681396e-01
2.814430892467498779e-01 4.038507938385009766e-01
9.004189968109130859e-01 8.044345974922180176e-01
4.492287039756774902e-01 5.961880087852478027e-01
6.662172675132751465e-01 4.128338992595672607e-01
2.223041504621505737e-01 1.460572332143783569e-01
5.224393606185913086e-01 9.155512601137161255e-02
7.500868439674377441e-01 3.077675700187683105e-01
7.378902435302734375e-01 2.302988767623901367e-01
9.932714104652404785e-01 4.751660227775573730e-01
2.107158750295639038e-01 5.542142391204833984e-01
1.043887510895729065e-01 1.227618753910064697e-01
1.399231404066085815e-01 3.579172864556312561e-02
7.565530538558959961e-01 3.508126437664031982e-01
8.512010574340820312e-01 6.041304022073745728e-02
5.685929059982299805e-01 1.452525407075881958e-01
4.870448708534240723e-01 2.495193332433700562e-01
2.153646573424339294e-02 8.491599559783935547e-01
3.333140015602111816e-01 6.169383525848388672e-01
5.399085283279418945e-01 3.001997768878936768e-01
3.332849144935607910e-01 7.144950032234191895e-01
8.734886646270751953e-01 2.670214474201202393e-01
3.600437045097351074e-01 5.235347747802734375e-01
7.072069048881530762e-01 9.979565143585205078e-01
7.283791899681091309e-01 9.993231892585754395e-01
1.987366974353790283e-01 9.982141852378845215e-01
1.848065704107284546e-01 8.250255584716796875e-01
7.839727401733398438e-01 2.161429673433303833e-01
6.886818408966064453e-01 7.064291238784790039e-01
6.195573806762695312e-01 4.289733618497848511e-02
7.947137951850891113e-01 5.522512793540954590e-01
2.186727076768875122e-01 5.187852978706359863e-01
6.420670747756958008e-01 1.316246539354324341e-01
3.744750320911407471e-01 3.747324645519256592e-01
4.406245052814483643e-02 3.696203827857971191e-01
6.265907883644104004e-01 5.399354100227355957e-01
6.878291964530944824e-01 6.445590853691101074e-01
2.006707936525344849e-01 7.991554141044616699e-01
5.763776898384094238e-01 2.551696598529815674e-01
6.266489028930664062e-01 8.140275627374649048e-02
8.039091825485229492e-01 1.418729424476623535e-01
3.362264335155487061e-01 5.776889920234680176e-01
7.488775253295898438e-01 6.106764450669288635e-02
2.267630249261856079e-01 1.373164355754852295e-01
2.850062847137451172e-01 4.479720890522003174e-01
9.884636998176574707e-01 6.614581942558288574e-01
7.461386919021606445e-01 5.581789016723632812e-01
4.976948499679565430e-01 4.140682220458984375e-01
2.835982739925384521e-01 3.023098111152648926e-01
5.496309604495763779e-03 2.159896194934844971e-01
3.052491545677185059e-01 5.403046607971191406e-01
5.522866845130920410e-01 6.715928316116333008e-01
3.120560944080352783e-01 4.204233884811401367e-01
4.970352649688720703e-01 5.628857612609863281e-01
2.757291793823242188e-01 1.394753605127334595e-01
6.812114715576171875e-01 6.781753301620483398e-01
2.041323632001876831e-01 5.597614049911499023e-01
5.931661725044250488e-01 7.991637587547302246e-01
3.466328680515289307e-01 2.379102706909179688e-01
7.209296226501464844e-01 1.405718922615051270e-01
9.074357748031616211e-01 1.167318522930145264e-01
2.090283483266830444e-01 4.272885024547576904e-01
7.465477585792541504e-01 1.980459690093994141e-01
6.365548372268676758e-01 1.750862896442413330e-01
2.077882587909698486e-01 1.196587011218070984e-01
4.503066465258598328e-02 9.361953288316726685e-02
3.668898940086364746e-01 5.320600271224975586e-01
1.440634578466415405e-01 5.355759263038635254e-01
9.013678431510925293e-01 8.368719816207885742e-01
5.693475008010864258e-01 2.886037826538085938e-01
7.451225519180297852e-01 4.208647906780242920e-01
5.931429862976074219e-01 4.871428757905960083e-02
4.511533677577972412e-01 5.775481462478637695e-01
2.033461481332778931e-01 9.969055652618408203e-01
1.169441416859626770e-01 8.198537826538085938e-01
5.692023634910583496e-01 8.071082234382629395e-01
6.678578257560729980e-02 8.853169679641723633e-01
7.593004703521728516e-01 5.307053327560424805e-01
2.412905916571617126e-03 5.948206186294555664e-01
2.745231986045837402e-01 8.334811329841613770e-01
5.894581079483032227e-01 9.973079562187194824e-01
5.244869589805603027e-01 4.946475103497505188e-02
5.030149221420288086e-01 8.803609609603881836e-01
7.292386144399642944e-02 1.968008428812026978e-01
4.911237359046936035e-01 1.615257114171981812e-01
6.694132089614868164e-01 9.011784195899963379e-01
6.556274294853210449e-01 3.338531851768493652e-01
1.347718387842178345e-01 9.909034371376037598e-01
8.866870403289794922e-01 1.236572563648223877e-01
3.143283426761627197e-01 8.181948065757751465e-01
6.789524853229522705e-02 6.766333580017089844e-01
2.714821100234985352e-01 1.304926574230194092e-01
7.791658639907836914e-01 7.930475473403930664e-01
4.118743538856506348e-01 3.825310766696929932e-01
9.339309334754943848e-01 5.672154426574707031e-01
9.460444450378417969e-01 1.736219823360443115e-01
1.420317739248275757e-01 5.997507572174072266e-01
2.931105792522430420e-01 8.471911549568176270e-01
2.129845470190048218e-01 8.130423426628112793e-01
6.748157739639282227e-01 3.692083954811096191e-01
3.690415248274803162e-02 6.103406548500061035e-01
9.486044198274612427e-02 4.888295531272888184e-01
1.183251589536666870e-01 6.755127906799316406e-01
5.911252498626708984e-01 1.367308646440505981e-01
3.843043744564056396e-01 5.827920436859130859e-01
4.788857102394104004e-01 7.485406100749969482e-02
3.494606316089630127e-01 6.727330088615417480e-01
3.774355649948120117e-01 1.179981827735900879e-01
7.174493670463562012e-01 1.234315782785415649e-01
5.447767972946166992e-01 8.360652327537536621e-01
6.668264269828796387e-01 9.341781735420227051e-01
5.083217620849609375e-01 7.693936824798583984e-01
9.209012985229492188e-01 7.036511898040771484e-01
7.488200068473815918e-01 7.935221791267395020e-01
2.193774282932281494e-02 1.945925652980804443e-01
5.526405572891235352e-01 6.807056665420532227e-01
5.135427117347717285e-01 4.809684455394744873e-01
4.579798281192779541e-01 3.271627724170684814e-01
2.625923752784729004e-01 6.887996196746826172e-01
7.410014271736145020e-01 4.350427389144897461e-01
9.843766093254089355e-01 8.533309698104858398e-01
7.834604382514953613e-01 3.398691713809967041e-01
1.131702736020088196e-01 8.334103822708129883e-01
4.547567367553710938e-01 5.132665634155273438e-01
7.658330202102661133e-01 1.446832120418548584e-01
6.457008719444274902e-01 1.295126825571060181e-01
1.803163141012191772e-01 9.824586510658264160e-01
9.418264031410217285e-01 1.554902344942092896e-01
8.710954785346984863e-01 7.245058566331863403e-02
7.499296665191650391e-01 1.045111566781997681e-01
5.691307187080383301e-01 8.049749135971069336e-01
1.496959775686264038e-01 8.375723361968994141e-01
8.958001732826232910e-01 9.750723838806152344e-01
4.880331158638000488e-01 1.142543032765388489e-01
5.310910940170288086e-01 6.183110475540161133e-01
9.470993280410766602e-01 8.176909089088439941e-01
9.224624633789062500e-01 1.899101138114929199e-01
9.120571613311767578e-01 4.060379266738891602e-01
3.851861059665679932e-01 7.301600575447082520e-01
6.863320469856262207e-01 5.467084422707557678e-02
6.194869279861450195e-01 6.031624674797058105e-01
3.887822926044464111e-01 9.378726482391357422e-01
9.328624010086059570e-01 5.180759429931640625e-01
9.097255468368530273e-01 8.377494812011718750e-01
5.361210703849792480e-01 9.309001564979553223e-01
9.871978759765625000e-01 4.992100298404693604e-01
2.342458367347717285e-01 3.345571458339691162e-01
2.730220556259155273e-01 5.171176195144653320e-01
8.614383339881896973e-01 5.285982489585876465e-01
5.289121270179748535e-01 7.981236577033996582e-01
2.564688026905059814e-01 2.064352780580520630e-01
8.757386207580566406e-01 8.099570870399475098e-01
9.573721885681152344e-02 5.839672088623046875e-01
7.742674946784973145e-01 4.253929555416107178e-01
4.115256965160369873e-01 1.271350085735321045e-01
3.235844969749450684e-01 3.236248195171356201e-01
3.941991329193115234e-01 5.729512572288513184e-01
6.509979367256164551e-01 2.779531776905059814e-01
6.263340115547180176e-01 1.886849105358123779e-01
6.719993352890014648e-01 5.452365875244140625e-01
6.845560073852539062e-01 3.886655718088150024e-02
1.827073693275451660e-01 4.607859253883361816e-01
6.854970455169677734e-01 1.395902484655380249e-01
6.204206943511962891e-01 5.346203222870826721e-02
8.258634805679321289e-01 9.454496204853057861e-02
8.477150797843933105e-01 2.997627556324005127e-01
6.599221229553222656e-01 9.751111268997192383e-01
7.402361631393432617e-01 2.851329147815704346e-01
9.712393283843994141e-01 3.455678224563598633e-01
2.693056166172027588e-01 6.724172234535217285e-01
7.584911584854125977e-01 3.266876041889190674e-01
2.579675614833831787e-01 1.324914544820785522e-01
1.096782684326171875e-01 9.016399979591369629e-01
6.656988710165023804e-02 1.686387136578559875e-02
2.098947614431381226e-01 9.223748445510864258e-01
3.982069194316864014e-01 4.284738004207611084e-01
8.631864786148071289e-01 4.920480549335479736e-01
8.659577965736389160e-01 8.143362402915954590e-01
6.069937348365783691e-01 4.242884516716003418e-01
7.144693732261657715e-01 6.662910580635070801e-01
9.076865911483764648e-01 5.040420889854431152e-01
7.124781608581542969e-01 2.099803239107131958e-01
5.253618955612182617e-01 1.241543889045715332e-01
3.401417732238769531e-01 1.505510956048965454e-01
9.250904321670532227e-01 2.427844256162643433e-01
8.876016736030578613e-01 5.490152835845947266e-01
7.648421525955200195e-01 4.501229822635650635e-01
5.183843374252319336e-01 1.751355677843093872e-01
2.267846167087554932e-01 2.419956326484680176e-01
1.973118335008621216e-01 5.391268134117126465e-01
4.427201151847839355e-01 6.280865073204040527e-01
6.294188499450683594e-01 8.729847669601440430e-01
7.814317345619201660e-01 7.398171424865722656e-01
2.926261425018310547e-01 5.671499967575073242e-01
4.163577258586883545e-01 5.288071036338806152e-01
7.915536761283874512e-01 1.069648936390876770e-01
9.525324106216430664e-01 6.257480382919311523e-01
2.174558937549591064e-01 6.563746333122253418e-01
3.273346424102783203e-01 8.813300132751464844e-01
2.704902887344360352e-01 7.935364544391632080e-02
2.429540753364562988e-01 7.238677144050598145e-01
5.708819627761840820e-01 3.399009406566619873e-01
2.229873836040496826e-01 3.159106075763702393e-01
3.208164274692535400e-01 2.529687583446502686e-01
5.250785946846008301e-01 4.963208734989166260e-01
6.289228200912475586e-01 7.347066421061754227e-03
5.277568697929382324e-01 9.049906134605407715e-01
8.010426163673400879e-01 5.083357095718383789e-01
4.305415451526641846e-01 3.635794520378112793e-01
4.270277023315429688e-01 1.850372850894927979e-01
4.168575108051300049e-01 2.529456652700901031e-02
4.031674563884735107e-01 5.147014856338500977e-01
5.986517071723937988e-01 6.866290569305419922e-01
6.710267663002014160e-01 1.229018718004226685e-01
9.511120319366455078e-01 6.966080665588378906e-01
3.954076468944549561e-01 5.780010819435119629e-01
4.713976979255676270e-01 5.879175066947937012e-01
4.374915659427642822e-01 4.813070297241210938e-01
7.679255008697509766e-01 5.582674145698547363e-01
2.322811782360076904e-01 9.269683957099914551e-01
4.861552715301513672e-01 7.028749585151672363e-01
9.115686416625976562e-01 6.324779391288757324e-01
4.752089977264404297e-01 2.854160405695438385e-02
5.650656223297119141e-01 2.163301259279251099e-01
1.500991135835647583e-01 1.243239268660545349e-02
6.629185080528259277e-01 5.973156690597534180e-01
1.325384974479675293e-01 7.066959738731384277e-01
7.914859652519226074e-01 3.395738899707794189e-01
2.600524127483367920e-01 8.746234178543090820e-01
8.905134797096252441e-01 3.877648711204528809e-01
9.374865293502807617e-01 4.404607713222503662e-01
4.258149564266204834e-01 1.725782305002212524e-01
5.683756470680236816e-01 2.306601256132125854e-01
1.267537008970975876e-02 4.627281725406646729e-01
4.828742444515228271e-01 2.516718208789825439e-01
1.915060877799987793e-01 9.558476805686950684e-01
7.745293378829956055e-01 6.370611488819122314e-02
5.742785334587097168e-01 9.364576637744903564e-02
1.693701893091201782e-01 8.979244828224182129e-01
3.480999767780303955e-01 3.025544583797454834e-01
3.594546318054199219e-01 6.389541029930114746e-01
4.128945469856262207e-01 1.816525012254714966e-01
7.872374653816223145e-01 8.640591502189636230e-01
2.481262832880020142e-01 6.124932318925857544e-02
6.543214321136474609e-01 3.962367177009582520e-01
6.209184229373931885e-02 6.808448433876037598e-01
7.741686701774597168e-01 1.357610374689102173e-01
7.573527693748474121e-01 1.591506786644458771e-02
1.039222851395606995e-01 4.862205982208251953e-01
5.966621637344360352e-02 6.454904079437255859e-01
8.658390641212463379e-01 4.947585165500640869e-01
3.736732006072998047e-01 7.460585832595825195e-01
4.516960084438323975e-01 3.114169239997863770e-01
5.098435878753662109e-01 1.348368376493453979e-01
6.532468199729919434e-01 3.208393454551696777e-01
4.512849152088165283e-01 1.884747743606567383e-01
4.394478350877761841e-02 6.503173112869262695e-01
3.692395985126495361e-02 8.968003988265991211e-01
5.617487430572509766e-01 1.686693578958511353e-01
9.973900914192199707e-01 9.273017048835754395e-01
3.085511922836303711e-01 6.426911354064941406e-01
5.752964615821838379e-01 3.412550985813140869e-01
1.301970332860946655e-01 6.950881481170654297e-01
8.172864317893981934e-01 3.396191298961639404e-01
7.381085753440856934e-01 8.977199196815490723e-01
7.151445746421813965e-01 7.984607815742492676e-01
2.280702441930770874e-01 7.643204927444458008e-01
6.299813985824584961e-01 6.052795648574829102e-01
4.845357537269592285e-01 2.651478946208953857e-01
1.795620322227478027e-01 1.263318955898284912e-01
1.626072227954864502e-01 4.698482155799865723e-01
7.899198532104492188e-01 2.656675577163696289e-01
5.640495419502258301e-01 3.983380198478698730e-01
7.521939873695373535e-01 8.479307293891906738e-01
2.552903071045875549e-02 2.504402697086334229e-01
7.895650267601013184e-01 1.406950503587722778e-01
9.895202517509460449e-01 4.766368865966796875e-01
8.203883767127990723e-01 7.950697541236877441e-01
3.867432475090026855e-01 5.599387884140014648e-01
5.747761130332946777e-01 4.453888162970542908e-02
4.616041481494903564e-01 9.912824034690856934e-01
9.063861966133117676e-01 5.423973798751831055e-01
7.068708539009094238e-01 6.144064068794250488e-01
9.837490320205688477e-01 3.150493204593658447e-01
2.583145499229431152e-01 9.765517115592956543e-01
3.004346787929534912e-01 8.372616171836853027e-01
1.397233307361602783e-01 3.093580901622772217e-01
4.035325050354003906e-01 8.986774682998657227e-01
3.893414139747619629e-01 2.966690361499786377e-01
4.843890368938446045e-01 6.088482141494750977e-01
4.507075548171997070e-01 9.611637592315673828e-01
3.722890913486480713e-01 7.702440023422241211e-01
9.014462232589721680e-01 5.343075394630432129e-01
6.779813170433044434e-01 7.282446622848510742e-01
7.924078702926635742e-01 5.463612079620361328e-01
3.288327157497406006e-01 7.356462478637695312e-01
7.682178020477294922e-01 6.283895373344421387e-01
4.525613188743591309e-01 4.715727865695953369e-01
6.006160378456115723e-01 5.260251760482788086e-01
3.807644844055175781e-01 9.654136300086975098e-01
6.385816931724548340e-01 2.281266301870346069e-01
9.769803285598754883e-01 4.448422193527221680e-01
5.439226627349853516e-01 6.244107484817504883e-01
7.084885835647583008e-01 7.523420453071594238e-01
8.924644589424133301e-01 6.916522979736328125e-01
6.612695753574371338e-02 4.961503148078918457e-01
6.625728011131286621e-01 7.004429697990417480e-01
8.559822440147399902e-01 4.644307792186737061e-01
5.178058147430419922e-01 4.857001304626464844e-01
3.738572075963020325e-02 3.185242116451263428e-01
2.338546514511108398e-02 2.887061238288879395e-01
9.100583791732788086e-01 1.739917546510696411e-01
7.360251545906066895e-01 4.200384616851806641e-01
8.047933578491210938e-01 1.370430737733840942e-01
1.418954879045486450e-01 2.810691893100738525e-01
8.281375765800476074e-01 6.476446986198425293e-01
3.111878782510757446e-02 4.703792035579681396e-01
2.878752946853637695e-01 7.666785120964050293e-01
4.947092533111572266e-01 1.804173737764358521e-01
8.221827149391174316e-01 3.020334839820861816e-01
1.210889220237731934e-01 1.216818392276763916e-01
6.365491449832916260e-02 6.236160993576049805e-01
9.057857990264892578e-01 9.467025399208068848e-01
8.428623080253601074e-01 8.393461704254150391e-01
3.258878290653228760e-01 7.258591055870056152e-01
9.274755120277404785e-01 8.850430250167846680e-01
8.319304585456848145e-01 4.339359998703002930e-01
1.178609952330589294e-01 9.939571022987365723e-01
4.194450378417968750e-01 9.208316206932067871e-01
5.441784262657165527e-01 8.909040689468383789e-01
4.346607625484466553e-01 3.690924644470214844e-01
3.089658915996551514e-01 6.716058850288391113e-01
4.573674499988555908e-01 3.139302432537078857e-01
5.126959681510925293e-01 1.496486067771911621e-01
8.780342340469360352e-01 1.872971802949905396e-01
3.700986504554748535e-01 2.031295448541641235e-01
7.552082538604736328e-01 7.229451537132263184e-01
9.742555618286132812e-01 6.587873101234436035e-01
8.205576539039611816e-01 1.061081588268280029e-01
4.090528190135955811e-01 5.443190932273864746e-01
1.272550672292709351e-01 9.796828031539916992e-01
6.718783378601074219e-01 5.143829584121704102e-01
4.503904879093170166e-01 9.894338250160217285e-01
2.802665233612060547e-01 2.439500242471694946e-01
2.642357349395751953e-01 2.000648342072963715e-02
8.415506780147552490e-02 5.664355680346488953e-02
1.995497792959213257e-01 7.761898636817932129e-01
1.895660758018493652e-01 9.513569474220275879e-01
4.799298942089080811e-01 8.262670636177062988e-01
6.489539146423339844e-01 5.151572227478027344e-01
9.433622360229492188e-01 2.915562093257904053e-01
6.965987086296081543e-01 3.749417960643768311e-01
4.163113832473754883e-01 2.358559370040893555e-01
9.450147151947021484e-01 4.764399230480194092e-01
9.581930637359619141e-01 2.636616528034210205e-01
1.241846904158592224e-01 6.211071014404296875e-01
7.527874708175659180e-01 5.242269635200500488e-01
9.247044324874877930e-01 7.445713877677917480e-01
4.277656078338623047e-01 8.157432824373245239e-02
8.144971728324890137e-01 7.617775797843933105e-01
4.474236965179443359e-01 8.970385789871215820e-01
2.268814444541931152e-01 3.271542489528656006e-01
8.026478290557861328e-01 9.090848565101623535e-01
7.738309502601623535e-01 8.256234973669052124e-02
6.850283741950988770e-01 1.406171768903732300e-01
3.743503391742706299e-01 6.096940636634826660e-01
1.573060154914855957e-01 8.336647152900695801e-01
8.933970332145690918e-01 1.084892004728317261e-01
3.410285413265228271e-01 3.118508756160736084e-01
7.974887490272521973e-01 3.467274606227874756e-01
1.672932356595993042e-01 1.967333257198333740e-02
1.801886409521102905e-01 7.486847043037414551e-01
5.315274372696876526e-02 1.303100436925888062e-01
3.322327136993408203e-01 2.511325478553771973e-01
3.969589173793792725e-01 7.517824769020080566e-01
9.047061800956726074e-01 9.280526041984558105e-01
2.414451837539672852e-01 5.643401741981506348e-01
1.452322900295257568e-01 2.843612134456634521e-01
9.867452979087829590e-01 5.056653022766113281e-01
5.965350866317749023e-01 2.239838093519210815e-01
2.696219980716705322e-01 3.634348511695861816e-01
2.024825960397720337e-01 4.278080165386199951e-01
9.764157235622406006e-02 8.779033422470092773e-01
9.873862862586975098e-01 8.941105753183364868e-02
5.737760663032531738e-01 9.953516721725463867e-01
2.966925203800201416e-01 4.893358945846557617e-01
3.134803473949432373e-01 5.638778209686279297e-01
9.836938381195068359e-01 6.568034887313842773e-01
6.983391046524047852e-01 5.046207904815673828e-01
8.431161046028137207e-01 2.358902543783187866e-01
6.614062190055847168e-01 9.683499932289123535e-01
7.239660024642944336e-01 6.699983477592468262e-01
6.155629754066467285e-01 1.224950030446052551e-01
5.134742259979248047e-01 1.357790827751159668e-01
4.975798428058624268e-01 1.061205342411994934e-01
9.037580490112304688e-01 5.151484012603759766e-01
8.554221987724304199e-01 9.489481449127197266e-01
3.131670057773590088e-01 2.674004435539245605e-01
2.824605405330657959e-01 5.703908801078796387e-01
8.923233747482299805e-01 9.982964396476745605e-01
6.913558840751647949e-01 6.715214252471923828e-01
6.473624706268310547e-01 4.583555757999420166e-01
9.969929456710815430e-01 5.334190726280212402e-01
7.092860937118530273e-01 2.228083312511444092e-01
4.360075294971466064e-01 8.503432273864746094e-01
2.514374554157257080e-01 8.590552806854248047e-01
3.445059657096862793e-01 6.877781152725219727e-01
2.116329595446586609e-02 5.454552769660949707e-01
7.620468735694885254e-01 4.639696478843688965e-01
9.019188582897186279e-02 7.973989844322204590e-01
5.002749338746070862e-02 4.043362736701965332e-01
5.683993101119995117e-01 2.516827881336212158e-01
4.878554344177246094e-01 2.817573547363281250e-01
7.163906842470169067e-02 4.552452564239501953e-01
3.952006809413433075e-03 4.549181759357452393e-01
7.025803327560424805e-01 3.537505567073822021e-01
3.826737403869628906e-01 1.206503286957740784e-01
2.145002931356430054e-01 9.220418930053710938e-01
7.754765152931213379e-01 9.356783032417297363e-01
6.762368083000183105e-01 9.249088168144226074e-01
6.754827499389648438e-01 9.472670555114746094e-01
8.261718750000000000e-01 1.664817929267883301e-01
4.103732109069824219e-01 2.291080169379711151e-02
6.872555613517761230e-01 1.041959039866924286e-04
8.877267241477966309e-01 1.699571460485458374e-01
7.775834798812866211e-01 9.979669451713562012e-01
7.083091735839843750e-01 5.126766562461853027e-01
5.522512793540954590e-01 9.110116362571716309e-01
2.913199961185455322e-01 6.762188673019409180e-01
1.144563630223274231e-01 9.180390834808349609e-01
7.111685276031494141e-01 2.940692007541656494e-01
3.209623098373413086e-01 5.320356488227844238e-01
9.147873520851135254e-01 1.815388351678848267e-01
4.368036687374114990e-01 3.203881680965423584e-01
2.026046663522720337e-01 2.659921646118164062e-01
3.695660233497619629e-01 4.427837133407592773e-01
4.500127434730529785e-01 5.238339304924011230e-01
4.767765998840332031e-01 2.326768934726715088e-01
8.749225139617919922e-01 5.715721249580383301e-01
1.105910912156105042e-01 9.745790958404541016e-01
9.115341305732727051e-01 1.337034069001674652e-02
6.974797844886779785e-01 3.194247547071427107e-04
5.067174136638641357e-02 1.334892511367797852e-01
1.541446801275014877e-02 5.099214911460876465e-01
9.907795488834381104e-02 6.244960427284240723e-01
7.305734753608703613e-01 5.161716938018798828e-01
8.820846080780029297e-01 7.887585163116455078e-01
7.373538017272949219e-01 5.788113474845886230e-01
7.554847598075866699e-01 3.514891862869262695e-01
1.375735104084014893e-01 4.150426983833312988e-01
6.369614601135253906e-01 5.293186306953430176e-01
3.151091039180755615e-01 5.411280989646911621e-01
4.027155637741088867e-01 3.327796757221221924e-01
6.439437270164489746e-01 2.681361436843872070e-01
2.917941212654113770e-01 6.336488127708435059e-01
5.517235994338989258e-01 3.499658107757568359e-01
8.326036930084228516e-01 1.178792789578437805e-01
1.530887186527252197e-01 9.237311035394668579e-02
9.227213859558105469e-01 7.725687026977539062e-01
7.952522635459899902e-01 7.390003204345703125e-01
8.434625864028930664e-01 3.977568745613098145e-01
8.080437183380126953e-01 9.994553923606872559e-01
9.205694198608398438e-01 7.299492955207824707e-01
7.799423933029174805e-01 9.279022216796875000e-01
2.618615329265594482e-01 9.776353836059570312e-02
5.005401372909545898e-01 4.202634096145629883e-01
3.889500796794891357e-01 8.324608802795410156e-01
4.336893558502197266e-01 7.551463693380355835e-02
7.289907932281494141e-01 3.412455022335052490e-01
5.200269818305969238e-01 7.429040223360061646e-02
1.143089402467012405e-02 5.629292130470275879e-01
5.196547508239746094e-01 6.943659782409667969e-01
8.954655528068542480e-01 7.372223138809204102e-01
7.078262567520141602e-01 4.861021637916564941e-01
2.189137786626815796e-01 5.288470983505249023e-01
3.091135025024414062e-01 8.105089664459228516e-01
5.480011105537414551e-01 6.849703192710876465e-01
9.724433422088623047e-01 4.313252568244934082e-01
9.248274564743041992e-01 7.871475219726562500e-01
5.027909874916076660e-01 1.615920066833496094e-01
8.605042695999145508e-01 8.540766835212707520e-01
4.123521745204925537e-01 4.451192021369934082e-01
8.801453113555908203e-01 3.517176210880279541e-01
2.677635252475738525e-01 6.914483904838562012e-01
9.086935222148895264e-02 5.690726637840270996e-01
9.010508656501770020e-01 5.572596788406372070e-01
6.952128559350967407e-02 1.230929568409919739e-01
4.562832415103912354e-01 4.681142792105674744e-02
2.859022319316864014e-01 1.378329843282699585e-01
6.937587857246398926e-01 3.178294599056243896e-01
6.810583472251892090e-01 9.189147949218750000e-01
1.477309316396713257e-01 7.736851572990417480e-01
6.247225403785705566e-01 4.022558331489562988e-01
5.310830846428871155e-02 6.352781057357788086e-01
9.042045474052429199e-01 2.633368968963623047e-01
6.563880443572998047e-01 1.104891374707221985e-01
1.417991966009140015e-01 8.359048962593078613e-01
1.228953599929809570e-01 8.685791492462158203e-02
7.952460646629333496e-01 7.152577042579650879e-01
6.561987400054931641e-01 9.756895899772644043e-01
6.054694056510925293e-01 1.495129168033599854e-01
9.953248500823974609e-01 3.267346918582916260e-01
3.930995762348175049e-01 9.540950059890747070e-01
5.266471505165100098e-01 4.448954164981842041e-01
4.906636774539947510e-01 5.770503878593444824e-01
6.084699034690856934e-01 9.518983215093612671e-02
2.890666425228118896e-01 8.640195727348327637e-01
7.221732139587402344e-01 3.599401116371154785e-01
5.907611250877380371e-01 5.483831167221069336e-01
7.756796479225158691e-01 4.685086011886596680e-01
7.189453244209289551e-01 8.810845613479614258e-01
7.583079338073730469e-01 2.020892202854156494e-01
7.875242829322814941e-02 9.111785143613815308e-02
3.988562822341918945e-01 4.018543660640716553e-01
1.566744968295097351e-02 9.710890650749206543e-01
5.633131265640258789e-01 6.037340760231018066e-01
1.068692877888679504e-01 8.866685628890991211e-01
4.639542400836944580e-01 2.579049468040466309e-01
6.412234902381896973e-01 3.243844583630561829e-02
7.178891301155090332e-01 3.316565230488777161e-02
1.615693271160125732e-01 2.858828008174896240e-02
5.438181757926940918e-01 4.803474545478820801e-01
7.865609526634216309e-01 7.931187748908996582e-01
7.342725992202758789e-01 2.090893983840942383e-01
5.865154266357421875e-01 9.082064032554626465e-01
3.307615518569946289e-01 6.692890524864196777e-01
9.176814556121826172e-01 1.837702393531799316e-01
5.461561679840087891e-01 4.325332343578338623e-01
4.155142977833747864e-02 3.328608870506286621e-01
2.265056818723678589e-01 2.727223038673400879e-01
4.462664723396301270e-01 1.587554812431335449e-01
4.737414717674255371e-01 6.776368021965026855e-01
9.688802808523178101e-02 7.174572944641113281e-01
9.429439902305603027e-01 3.383124172687530518e-01
3.615391850471496582e-01 6.065096855163574219e-01
2.863352596759796143e-01 3.310753405094146729e-01
3.260032832622528076e-01 2.266108691692352295e-01
4.474840462207794189e-01 1.444744020700454712e-01
5.464413166046142578e-01 2.699180543422698975e-01
1.939646303653717041e-01 9.269050359725952148e-01
4.060584679245948792e-02 1.488429158926010132e-01
8.404939770698547363e-01 2.595521211624145508e-01
2.563614845275878906e-01 7.031689286231994629e-01
1.017787531018257141e-01 2.572236359119415283e-01
7.529091238975524902e-01 5.784832835197448730e-01
9.960572123527526855e-01 8.001813292503356934e-01
6.800158023834228516e-01 5.910484194755554199e-01
6.938291788101196289e-01 5.856577157974243164e-01
1.971521526575088501e-01 1.212425753474235535e-01
4.105120599269866943e-01 4.232841134071350098e-01
3.353673815727233887e-01 6.610707044601440430e-01
4.898898303508758545e-01 3.383034765720367432e-01
4.308550953865051270e-01 8.634061217308044434e-01
2.127900719642639160e-02 1.709637790918350220e-01
3.528792858123779297e-01 6.093555316329002380e-02
6.325080394744873047e-01 8.378800153732299805e-01
8.724899590015411377e-02 4.547857344150543213e-01
9.201360344886779785e-01 3.048787117004394531e-01
9.291354417800903320e-01 9.884892962872982025e-03
3.783294260501861572e-01 5.490967631340026855e-01
1.508369147777557373e-01 2.150716930627822876e-01
3.503302037715911865e-01 7.839283347129821777e-01
3.643247485160827637e-01 2.342698425054550171e-01
9.987401962280273438e-01 3.923128545284271240e-02
6.692712306976318359e-01 6.437641978263854980e-01
2.453881055116653442e-01 3.434837758541107178e-01
6.261925101280212402e-01 9.599342346191406250e-01
5.422227382659912109e-01 8.474780917167663574e-01
7.079773545265197754e-01 9.544456005096435547e-01
6.564490199089050293e-01 5.536583065986633301e-01
6.684149801731109619e-02 9.517751336097717285e-01
4.666748046875000000e-01 4.242224991321563721e-01
2.122939825057983398e-01 5.315679907798767090e-01
5.751159787178039551e-01 3.728265166282653809e-01
8.663854002952575684e-01 2.977778911590576172e-01
6.152312755584716797e-01 5.655714869499206543e-01
2.220238000154495239e-01 7.161951065063476562e-01
3.017992377281188965e-01 4.549973607063293457e-01
6.779294610023498535e-01 7.698449492454528809e-01
8.554698228836059570e-01 2.027047425508499146e-01
4.539623856544494629e-02 3.038015365600585938e-01
9.910270571708679199e-01 1.465280055999755859e-01
9.605617523193359375e-01 4.623082876205444336e-01
8.746045827865600586e-01 5.485501289367675781e-01
1.888334453105926514e-01 3.062760643661022186e-02
7.338950634002685547e-01 9.663274288177490234e-01
3.726910352706909180e-01 7.126374244689941406e-01
7.499299645423889160e-01 4.239395856857299805e-01
1.667568683624267578e-01 6.207871437072753906e-01
2.711273133754730225e-01 6.429280340671539307e-02
7.453361153602600098e-01 2.358765155076980591e-01
4.965522587299346924e-01 9.582092165946960449e-01
5.781754851341247559e-01 8.762415647506713867e-01
3.365682438015937805e-02 6.292846202850341797e-01
7.630481123924255371e-01 3.958730697631835938e-01
4.873575270175933838e-01 8.642963171005249023e-01
8.640831708908081055e-01 1.578424572944641113e-01
3.345502316951751709e-01 2.938360571861267090e-01
1.497184783220291138e-01 1.680895239114761353e-01
1.880706250667572021e-01 6.758521497249603271e-02
1.640667915344238281e-01 3.051526248455047607e-01
6.768504530191421509e-02 9.914339780807495117e-01
2.187529653310775757e-01 1.799584180116653442e-01
7.167375683784484863e-01 1.963860392570495605e-01
7.829528450965881348e-01 4.211804568767547607e-01
1.006423085927963257e-01 6.454773545265197754e-01
2.402189821004867554e-01 2.031306177377700806e-01
9.850953817367553711e-01 3.814283609390258789e-01
6.972522735595703125e-01 3.747009634971618652e-01
7.802809476852416992e-01 4.833738803863525391e-01
6.734248399734497070e-01 9.789178371429443359e-01
5.417437553405761719e-01 6.656313538551330566e-01
1.473750025033950806e-01 8.940143585205078125e-01
4.577297568321228027e-01 5.110191702842712402e-01
8.321148753166198730e-01 9.648336172103881836e-01
2.704326808452606201e-01 1.955123618245124817e-03
4.369877874851226807e-01 5.657564848661422729e-02
3.538214564323425293e-01 3.713677823543548584e-01
8.424758315086364746e-01 6.256012916564941406e-01
3.363881707191467285e-01 7.443939149379730225e-02
9.043028950691223145e-01 2.674966454505920410e-01
8.967630267143249512e-01 6.247622370719909668e-01
5.672805905342102051e-01 4.127911627292633057e-01
5.993044972419738770e-01 1.210825443267822266e-01
9.173796772956848145e-01 2.604992985725402832e-01
1.959818899631500244e-01 8.365367650985717773e-01
6.057787537574768066e-01 9.053201675415039062e-01
4.983274340629577637e-01 6.849761605262756348e-01
5.089417099952697754e-01 8.761797547340393066e-01
8.022125959396362305e-01 5.247663259506225586e-01
5.542293787002563477e-01 1.881361380219459534e-02
3.420519828796386719e-01 5.583944320678710938e-01
4.915554821491241455e-01 5.169952511787414551e-01
4.109821319580078125e-01 3.613716363906860352e-01
7.817693352699279785e-01 1.010625213384628296e-01
8.148913383483886719e-01 5.713601410388946533e-02
5.653197169303894043e-01 8.555541038513183594e-01
5.675096511840820312e-01 1.904933452606201172e-01
9.795425087213516235e-02 3.428309857845306396e-01
5.292737483978271484e-01 2.061698585748672485e-03
3.904349803924560547e-01 2.123389625921845436e-03
6.755884885787963867e-01 2.057760357856750488e-01
5.620609521865844727e-01 1.616425961256027222e-01
8.194108009338378906e-01 3.267180323600769043e-01
2.431393563747406006e-01 7.865025997161865234e-01
6.346853375434875488e-01 5.038616061210632324e-01
2.326596826314926147e-01 5.568968057632446289e-01
6.827310919761657715e-01 7.058423161506652832e-01
6.458838582038879395e-01 1.167871579527854919e-01
5.060450434684753418e-01 1.197390556335449219e-01
4.851187169551849365e-01 4.936020970344543457e-01
7.277566194534301758e-01 6.797229051589965820e-01
7.055976241827011108e-02 7.004230618476867676e-01
4.785296916961669922e-01 4.590390920639038086e-01
8.915104269981384277e-01 1.833557337522506714e-02
6.536210179328918457e-01 2.383339703083038330e-01
3.974468633532524109e-02 3.206323087215423584e-01
2.788961529731750488e-01 6.188198924064636230e-01
6.705214977264404297e-01 7.713353633880615234e-01
7.280288934707641602e-01 1.937467306852340698e-01
1.040410995483398438e-01 8.569799065589904785e-01
8.638004064559936523e-01 8.023024797439575195e-01
4.739301204681396484e-01 5.994026064872741699e-01
6.209439039230346680e-01 2.316884137690067291e-02
1.446807831525802612e-01 2.905992567539215088e-01
3.832642734050750732e-01 6.197383999824523926e-01
1.102916151285171509e-01 2.459656596183776855e-01
2.937510311603546143e-01 2.667331695556640625e-01
1.083755120635032654e-01 6.694010496139526367e-01
7.166826128959655762e-01 4.365767538547515869e-01
4.628936350345611572e-01 3.507027775049209595e-02
7.550263404846191406e-01 4.999468922615051270e-01
8.615450859069824219e-01 3.116793930530548096e-01
6.842441558837890625e-01 8.327610492706298828e-01
6.136896014213562012e-01 8.198199421167373657e-02
9.316205978393554688e-01 2.952441275119781494e-01
8.338617682456970215e-01 7.186124324798583984e-01
5.988798737525939941e-01 6.774390488862991333e-02
1.524931788444519043e-01 6.162765026092529297e-01
2.215941697359085083e-01 9.476236701011657715e-01
5.363084673881530762e-01 1.583211123943328857e-01
7.274000644683837891e-01 9.099519252777099609e-01
8.719331622123718262e-01 5.378237962722778320e-01
7.827684283256530762e-01 9.338369369506835938e-01
4.412126541137695312e-01 1.111626029014587402e-01
4.208762049674987793e-01 6.093484759330749512e-01
8.850653171539306641e-01 3.381392657756805420e-01
1.889367587864398956e-02 5.093455910682678223e-01
8.915730118751525879e-01 9.030473232269287109e-01
7.508465051651000977e-01 4.763794839382171631e-01
4.275076985359191895e-01 8.931882977485656738e-01
3.338436484336853027e-01 6.580895781517028809e-01
9.300197958946228027e-01 1.390477865934371948e-01
3.205084204673767090e-01 9.434764385223388672e-01
2.420748174190521240e-01 3.747038841247558594e-01
2.201660275459289551e-01 4.848109483718872070e-01
5.889744162559509277e-01 8.409515619277954102e-01
2.492951303720474243e-01 7.543530464172363281e-01
5.261763334274291992e-01 3.569574654102325439e-01
6.811926364898681641e-01 4.889020696282386780e-02
1.188824251294136047e-01 1.761568486690521240e-01
6.738131046295166016e-01 2.090242058038711548e-01
7.845929265022277832e-01 9.535806179046630859e-01
1.031511202454566956e-01 5.748615860939025879e-01
8.483226895332336426e-01 3.755528926849365234e-01
6.465852856636047363e-01 4.498535096645355225e-01
3.702559769153594971e-01 7.113070487976074219e-01
3.207459449768066406e-01 3.035648465156555176e-01
2.552719414234161377e-01 5.032598972320556641e-01
7.306215167045593262e-01 4.772197827696800232e-02
2.927170135080814362e-02 1.668695062398910522e-01
8.432297110557556152e-01 3.202669620513916016e-01
2.173919677734375000e-01 8.481286168098449707e-01
7.450684309005737305e-01 1.782700717449188232e-01
9.660821557044982910e-01 4.126977026462554932e-01
3.687632083892822266e-02 9.519495368003845215e-01
7.384170293807983398e-01 3.164170309901237488e-02
6.027114391326904297e-01 1.968352124094963074e-02
9.595581889152526855e-01 9.955102205276489258e-02
3.696683645248413086e-01 8.776372075080871582e-01
8.074364662170410156e-01 8.676583319902420044e-02
3.970063030719757080e-01 8.397296667098999023e-01
6.898726224899291992e-01 2.327307313680648804e-01
7.888615131378173828e-01 4.991888403892517090e-01
9.955469369888305664e-01 5.886496901512145996e-01
3.415825068950653076e-01 6.161747574806213379e-01
6.715131998062133789e-01 9.286323189735412598e-01
3.557086586952209473e-01 4.254981875419616699e-01
2.827498316764831543e-02 9.350071847438812256e-02
3.284534066915512085e-02 9.959695935249328613e-01
3.459728658199310303e-01 8.211057782173156738e-01
8.933892846107482910e-02 6.716997027397155762e-01
7.998448610305786133e-01 3.631658554077148438e-01
6.610635519027709961e-01 5.142608880996704102e-01
9.370962381362915039e-01 1.815268993377685547e-01
1.588190644979476929e-01 1.336434576660394669e-02
5.595887899398803711e-01 7.597780972719192505e-02
8.364113569259643555e-01 6.756938695907592773e-01
3.114052675664424896e-02 9.640511274337768555e-01
4.847388565540313721e-01 8.397232890129089355e-01
5.597170591354370117e-01 5.294664502143859863e-01
9.912433028221130371e-01 4.652294218540191650e-01
8.511397242546081543e-01 3.839653730392456055e-01
7.906312495470046997e-02 1.175467222929000854e-01
3.169022500514984131e-01 4.752390682697296143e-01
8.143305778503417969e-01 2.459943480789661407e-02
1.787953525781631470e-01 5.150961279869079590e-01
4.122958779335021973e-01 4.969242513179779053e-01
1.680110841989517212e-01 5.114900469779968262e-01
7.798252701759338379e-01 1.577519923448562622e-01
4.452238976955413818e-01 9.092495441436767578e-01
8.493539690971374512e-01 3.070459067821502686e-01
9.445593357086181641e-01 4.746456146240234375e-01
8.671357631683349609e-01 5.499553084373474121e-01
4.933149814605712891e-01 9.804872870445251465e-01
2.247634530067443848e-01 5.569240078330039978e-02
2.583825215697288513e-02 1.387594491243362427e-01
9.579840302467346191e-01 1.973289549350738525e-01
3.606022298336029053e-01 5.314997434616088867e-01
9.803590774536132812e-01 5.581436753273010254e-01
2.288688421249389648e-01 4.735568761825561523e-01
4.445283114910125732e-01 9.238075017929077148e-01
1.501576751470565796e-01 3.130482137203216553e-01
1.161244139075279236e-01 7.646393775939941406e-01
4.807053804397583008e-01 8.531552553176879883e-01
4.440830089151859283e-03 1.137948334217071533e-01
9.586873054504394531e-01 6.826650500297546387e-01
2.988805174827575684e-01 5.480125546455383301e-01
6.666448116302490234e-01 8.607735037803649902e-01
9.338179230690002441e-01 4.455463290214538574e-01
7.747021317481994629e-01 9.104081392288208008e-01
8.230686187744140625e-01 7.789193391799926758e-01
5.008583068847656250e-01 8.633439540863037109e-01
3.800781965255737305e-01 6.322979927062988281e-01
7.141241431236267090e-01 4.816931188106536865e-01
6.918410658836364746e-01 2.327500134706497192e-01
6.708606481552124023e-01 3.515845537185668945e-01
5.409365296363830566e-01 5.392761826515197754e-01
1.367435902357101440e-01 5.417155846953392029e-02
7.337366342544555664e-01 6.580670475959777832e-01
7.422781586647033691e-01 5.608893632888793945e-01
9.228821992874145508e-01 1.481735110282897949e-01
7.549723982810974121e-01 6.368852257728576660e-01
9.074216485023498535e-01 6.574125885963439941e-01
6.744020581245422363e-01 2.127198129892349243e-01
9.306383728981018066e-01 8.353933691978454590e-01
2.138373106718063354e-01 4.998423159122467041e-02
9.788746237754821777e-01 6.087041497230529785e-01
4.493742585182189941e-01 1.551238000392913818e-01
5.290603041648864746e-01 3.268132805824279785e-01
7.060368061065673828e-01 6.069578975439071655e-02
6.683620214462280273e-01 9.181562662124633789e-01
1.923937499523162842e-01 5.938206315040588379e-01
8.385555446147918701e-02 9.045193791389465332e-01
4.492606818675994873e-01 4.938019067049026489e-02
6.511319279670715332e-01 8.688796162605285645e-01
2.487172931432723999e-01 7.871523499488830566e-01
8.656828105449676514e-02 3.849807679653167725e-01
7.617093324661254883e-01 4.812947809696197510e-01
3.043947555124759674e-02 6.371102333068847656e-01
9.861626625061035156e-01 9.689924120903015137e-01
1.130006983876228333e-01 6.619485020637512207e-01
9.099330902099609375e-01 3.764879107475280762e-01
4.746905863285064697e-01 2.298413813114166260e-01
2.919543981552124023e-01 9.509599804878234863e-01
5.024746060371398926e-01 6.136336326599121094e-01
1.894713342189788818e-01 1.036423742771148682e-01
4.890742003917694092e-01 8.200663924217224121e-01
1.936907619237899780e-01 6.079186797142028809e-01
3.395151197910308838e-01 2.406913787126541138e-01
1.331461071968078613e-01 5.427330732345581055e-01
3.987652659416198730e-01 5.064731836318969727e-01
5.281267762184143066e-01 6.462581753730773926e-01
6.560123562812805176e-01 7.683832198381423950e-02
5.230270624160766602e-01 4.462234973907470703e-01
8.627852201461791992e-01 9.540532827377319336e-01
5.400692224502563477e-01 1.855553984642028809e-01
4.775323271751403809e-01 5.435974597930908203e-01
8.996855020523071289e-01 4.963431954383850098e-01
7.793361544609069824e-01 5.242326259613037109e-01
8.297125101089477539e-01 6.602421402931213379e-01
7.927808761596679688e-01 3.413854837417602539e-01
4.683870077133178711e-01 7.647721767425537109e-01
3.656640350818634033e-01 5.591017603874206543e-01
6.644061803817749023e-01 5.300348997116088867e-01
8.931285738945007324e-01 5.142562389373779297e-01
9.734652638435363770e-01 2.652380168437957764e-01
4.135583639144897461e-01 2.798142433166503906e-01
9.282155036926269531e-01 6.866446137428283691e-01
8.728083968162536621e-02 3.733729720115661621e-01
3.097246885299682617e-01 2.442922741174697876e-01
5.059235095977783203e-01 5.682185888290405273e-01
2.767763733863830566e-01 2.553802728652954102e-01
3.514018952846527100e-01 8.064516782760620117e-01
4.533766806125640869e-01 6.362545490264892578e-01
7.950987219810485840e-01 2.183300256729125977e-01
3.637610375881195068e-01 1.363854762166738510e-02
7.793029546737670898e-01 3.430199921131134033e-01
3.339323401451110840e-01 8.972349762916564941e-01
8.518787026405334473e-01 9.348600506782531738e-01
7.249017357826232910e-01 2.098211795091629028e-01
8.333365619182586670e-02 8.067259192466735840e-01
4.842900633811950684e-01 5.906817317008972168e-01
3.362662494182586670e-01 2.259999960660934448e-01
2.825984964147210121e-03 8.770612478256225586e-01
5.307571887969970703e-01 1.143018007278442383e-01
5.200763940811157227e-01 2.439676374197006226e-01
9.059802889823913574e-01 7.990365028381347656e-01
3.841699957847595215e-01 6.877389550209045410e-02
5.002989172935485840e-01 3.837815225124359131e-01
3.047028481960296631e-01 4.281939566135406494e-01
5.366081595420837402e-01 5.805807113647460938e-01
7.330886125564575195e-01 5.593790411949157715e-01
3.035368621349334717e-01 4.061260521411895752e-01
7.772143483161926270e-01 1.652247756719589233e-01
6.860747337341308594e-01 5.001589059829711914e-01
7.587438821792602539e-01 2.068097144365310669e-01
4.374417066574096680e-01 9.349390268325805664e-01
6.984035372734069824e-01 9.664530158042907715e-01
7.572887539863586426e-01 5.637199282646179199e-01
6.654147505760192871e-01 9.820865988731384277e-01
7.210829257965087891e-01 4.952665567398071289e-01
9.574461579322814941e-01 7.660491466522216797e-01
4.233712255954742432e-01 3.303535282611846924e-01
9.405964016914367676e-01 8.537083864212036133e-01
8.951071500778198242e-01 9.376105666160583496e-01
5.542877316474914551e-01 3.998962044715881348e-01
9.480436444282531738e-01 8.032102584838867188e-01
6.056566163897514343e-02 5.332370102405548096e-02
8.230789303779602051e-01 6.073121428489685059e-01
3.041501343250274658e-01 6.224040389060974121e-01
8.410081267356872559e-01 7.823116183280944824e-01
9.866582155227661133e-01 1.667036414146423340e-01
6.984909176826477051e-01 7.189920544624328613e-01
8.483318090438842773e-01 1.994657963514328003e-01
4.060296714305877686e-01 3.515062332153320312e-01
9.780062735080718994e-02 7.530379891395568848e-01
8.016908764839172363e-01 6.939276456832885742e-01
5.653547644615173340e-01 8.180445432662963867e-01
9.609276652336120605e-01 4.281150102615356445e-01
6.010183095932006836e-01 6.604695916175842285e-01
8.815347552299499512e-01 9.223875999450683594e-01
7.523151636123657227e-01 7.568404078483581543e-01
7.099610567092895508e-01 7.933834791183471680e-01
8.132703304290771484e-01 8.668304085731506348e-01
1.181750595569610596e-01 8.406015038490295410e-01
3.841493725776672363e-01 5.335267782211303711e-01
3.702149167656898499e-02 9.708574414253234863e-02
1.249700561165809631e-01 5.732758045196533203e-01
8.290954232215881348e-01 4.103231728076934814e-01
5.296753644943237305e-01 9.003714323043823242e-01
8.217678070068359375e-01 8.481857776641845703e-01
5.939228534698486328e-01 4.264092147350311279e-01
8.161855936050415039e-01 8.128824830055236816e-01
3.809840083122253418e-01 9.974471330642700195e-01
6.183578968048095703e-01 2.475072592496871948e-01
6.399313807487487793e-01 4.967919588088989258e-01
3.882931470870971680e-01 3.184800744056701660e-01
6.893820762634277344e-01 8.201259374618530273e-01
4.268808290362358093e-02 1.642614305019378662e-01
5.102057456970214844e-01 7.129921913146972656e-01
