9.668392539024353027e-01 4.498194158077239990e-01
2.373652756214141846e-01 2.950857877731323242e-01
6.316304802894592285e-01 4.885501861572265625e-01
3.578583002090454102e-01 7.111933231353759766e-01
6.994881480932235718e-02 1.982023268938064575e-01
9.646217823028564453e-01 3.324553370475769043e-01
3.376530110836029053e-01 9.031218290328979492e-01
5.476188659667968750e-01 7.118211984634399414e-01
2.795403599739074707e-01 8.381478190422058105e-01
4.452902674674987793e-01 8.244634270668029785e-01
2.375351488590240479e-01 5.521201714873313904e-02
4.136599898338317871e-01 3.185396790504455566e-01
5.091651678085327148e-01 8.639801740646362305e-01
6.617050766944885254e-01 5.356911420822143555e-01
7.838234305381774902e-01 2.946490347385406494e-01
4.565435945987701416e-01 3.928527832031250000e-01
2.358300387859344482e-01 7.211492061614990234e-01
4.930945336818695068e-01 9.287617802619934082e-01
2.260145545005798340e-01 9.202088117599487305e-01
6.187384724617004395e-01 2.572953999042510986e-01
9.121604263782501221e-03 1.358879357576370239e-01
1.298048049211502075e-01 1.191452518105506897e-01
5.436501502990722656e-01 5.443190932273864746e-01
9.519063830375671387e-01 9.003844857215881348e-01
7.048557400703430176e-01 5.931951403617858887e-01
8.779323101043701172e-01 2.170449495315551758e-01
5.220095440745353699e-02 1.732273846864700317e-01
1.250252723693847656e-01 7.184521555900573730e-01
8.326037526130676270e-01 9.206526875495910645e-01
5.229112133383750916e-02 5.436801910400390625e-01
6.448206901550292969e-01 6.165145635604858398e-01
9.431141614913940430e-01 2.292522490024566650e-01
1.679186373949050903e-01 6.518992129713296890e-03
8.365142345428466797e-01 7.253134846687316895e-01
5.553662776947021484e-02 9.825555682182312012e-01
7.877388596534729004e-01 4.723669588565826416e-01
8.972110599279403687e-02 9.385931491851806641e-01
9.530783891677856445e-01 6.864056587219238281e-01
4.546459019184112549e-01 6.896166801452636719e-01
2.728643417358398438e-01 5.830771923065185547e-01
2.128725498914718628e-01 3.838460445404052734e-01
1.961548030376434326e-01 4.988150894641876221e-01
3.469331264495849609e-01 4.196109473705291748e-01
7.370128482580184937e-02 6.226792335510253906e-01
8.292969465255737305e-01 3.485453128814697266e-01
4.307769238948822021e-02 6.138519048690795898e-01
1.099830344319343567e-01 1.069709807634353638e-01
4.283697307109832764e-01 6.786050647497177124e-02
5.241367593407630920e-02 4.056616723537445068e-01
6.128758788108825684e-01 3.474104106426239014e-01
5.218585729598999023e-01 5.833993554115295410e-01
6.361449509859085083e-02 8.524851799011230469e-01
9.580274224281311035e-01 4.555200934410095215e-01
1.536506861448287964e-01 8.047338575124740601e-03
6.651235818862915039e-01 4.174761772155761719e-01
2.333334833383560181e-02 6.306774616241455078e-01
8.740467429161071777e-01 1.398380696773529053e-01
2.256291210651397705e-01 8.613557219505310059e-01
4.582072049379348755e-02 6.388671398162841797e-01
4.712280929088592529e-01 4.536204934120178223e-01
4.586077332496643066e-01 5.226907134056091309e-01
5.654840469360351562e-01 1.957589983940124512e-01
5.294934287667274475e-02 8.391977846622467041e-02
2.165723890066146851e-01 3.090663850307464600e-01
6.512576341629028320e-01 4.868093729019165039e-01
4.320836663246154785e-01 2.185740619897842407e-01
4.076597690582275391e-01 9.179550409317016602e-01
3.858387172222137451e-01 2.958407700061798096e-01
4.329065084457397461e-01 7.364428639411926270e-01
7.434356808662414551e-01 7.245419025421142578e-01
4.960661530494689941e-01 1.558335572481155396e-01
9.623376131057739258e-01 5.886830687522888184e-01
9.297865033149719238e-01 5.876880884170532227e-01
3.156912028789520264e-01 9.911594986915588379e-01
7.551608979701995850e-02 5.481376051902770996e-01
4.162722229957580566e-01 7.994550466537475586e-01
1.022533886134624481e-02 8.828876018524169922e-01
9.975940585136413574e-01 8.030021190643310547e-01
9.599231481552124023e-01 1.267976313829421997e-01
4.051075875759124756e-02 8.215497732162475586e-01
7.496224641799926758e-01 9.617318511009216309e-01
1.497157514095306396e-01 4.390913546085357666e-01
9.786487221717834473e-01 5.750368237495422363e-01
8.540882468223571777e-01 3.920956850051879883e-01
5.622868537902832031e-01 5.193965509533882141e-02
4.713779091835021973e-01 3.597143888473510742e-01
2.803532779216766357e-01 8.098387122154235840e-01
7.888947129249572754e-01 2.194559276103973389e-01
7.466670870780944824e-01 1.854355446994304657e-02
7.182651162147521973e-01 2.107411026954650879e-01
7.373235821723937988e-01 8.976044058799743652e-01
4.357996284961700439e-01 9.295814037322998047e-01
4.180987924337387085e-02 7.553496360778808594e-01
8.273973464965820312e-01 1.469119787216186523e-01
4.758085310459136963e-01 7.178977131843566895e-01
8.784961700439453125e-02 3.860009610652923584e-01
4.531493186950683594e-01 6.118401288986206055e-01
3.498360216617584229e-01 9.965152740478515625e-01
4.799213111400604248e-01 8.577095717191696167e-02
3.223443031311035156e-01 2.797892391681671143e-01
6.162885427474975586e-01 2.017516046762466431e-01
6.665469408035278320e-01 1.491995155811309814e-01
4.153277575969696045e-01 3.903478384017944336e-01
4.440363943576812744e-01 6.447843313217163086e-01
2.792128026485443115e-01 7.368130087852478027e-01
2.251702919602394104e-02 4.041555225849151611e-01
2.184723503887653351e-02 6.005691885948181152e-01
9.971297383308410645e-01 9.624835848808288574e-01
3.215152621269226074e-01 4.479147195816040039e-01
9.338048100471496582e-01 8.169884681701660156e-01
2.640548050403594971e-01 2.525513470172882080e-01
1.144050359725952148e-01 8.224137425422668457e-01
4.815993010997772217e-01 7.846634387969970703e-01
1.463323980569839478e-01 8.818750977516174316e-01
9.107255190610885620e-02 7.588289976119995117e-01
4.845134019851684570e-01 6.315116286277770996e-01
6.996102929115295410e-01 2.538671195507049561e-01
3.926420509815216064e-01 4.565508365631103516e-01
8.866296410560607910e-01 9.228979945182800293e-01
3.205692470073699951e-01 8.211716413497924805e-01
6.629222631454467773e-01 5.619882345199584961e-01
6.148945689201354980e-01 9.093682169914245605e-01
8.418041467666625977e-01 2.797422409057617188e-01
3.710715472698211670e-02 7.510487437248229980e-01
6.386275589466094971e-02 5.930133461952209473e-01
9.723927378654479980e-01 3.418046534061431885e-01
4.066575784236192703e-03 2.172626256942749023e-01
2.350392937660217285e-01 9.794831871986389160e-01
5.570216178894042969e-01 5.811089277267456055e-01
6.754185557365417480e-01 6.367578506469726562e-01
8.162928819656372070e-01 8.588957786560058594e-01
3.231959342956542969e-01 8.227969408035278320e-01
9.188385605812072754e-01 3.242843598127365112e-02
1.611615419387817383e-01 2.229199558496475220e-02
9.224583506584167480e-01 3.155176043510437012e-01
9.968759417533874512e-01 9.143211245536804199e-01
4.765508174896240234e-01 8.114629387855529785e-01
2.611239440739154816e-02 8.583293557167053223e-01
1.171663179993629456e-01 8.314635753631591797e-01
6.160035263746976852e-05 6.126568317413330078e-01
4.329279661178588867e-01 3.580468595027923584e-01
4.114923477172851562e-01 1.192698404192924500e-01
8.239960074424743652e-01 2.638647332787513733e-02
1.680732667446136475e-01 1.997630111873149872e-03
7.524577975273132324e-01 6.188700199127197266e-01
5.339192748069763184e-01 5.949018597602844238e-01
4.028985500335693359e-01 1.131257638335227966e-01
2.518792450428009033e-01 4.825742542743682861e-01
9.072751402854919434e-01 8.888545036315917969e-01
8.866502046585083008e-01 7.088814973831176758e-01
5.456638336181640625e-01 9.114693403244018555e-01
8.168877363204956055e-01 6.033388972282409668e-01
4.630191326141357422e-01 8.293017148971557617e-01
4.993341490626335144e-02 2.552080750465393066e-01
3.067401945590972900e-01 4.936794638633728027e-01
3.833136856555938721e-01 9.376480579376220703e-01
8.117942810058593750e-01 3.202990442514419556e-02
6.803750395774841309e-01 4.469637274742126465e-01
3.992319107055664062e-01 1.524490565061569214e-01
8.353206515312194824e-01 7.768024206161499023e-01
4.488430321216583252e-01 3.132875859737396240e-01
5.261922255158424377e-02 6.586770415306091309e-01
6.877800226211547852e-01 5.791227817535400391e-01
7.566027641296386719e-01 6.341990232467651367e-01
7.890270352363586426e-01 6.154696941375732422e-01
5.196022391319274902e-01 9.850689172744750977e-01
2.571871578693389893e-01 4.228112995624542236e-01
3.734529614448547363e-01 2.184123396873474121e-01
9.989671707153320312e-01 6.415059566497802734e-01
3.375447690486907959e-01 9.741541147232055664e-01
4.642925038933753967e-02 9.553835988044738770e-01
7.816091179847717285e-01 4.411945864558219910e-02
8.073825240135192871e-01 3.449029326438903809e-01
6.957838684320449829e-02 9.194140434265136719e-01
6.739002466201782227e-01 4.678302705287933350e-01
4.340911284089088440e-02 6.679511070251464844e-01
5.215402841567993164e-01 3.612298071384429932e-01
3.098573386669158936e-01 7.483714818954467773e-02
1.874270737171173096e-01 4.319261908531188965e-01
5.438820719718933105e-01 5.224762558937072754e-01
3.200527131557464600e-01 8.614998459815979004e-01
2.911805510520935059e-01 2.829295694828033447e-01
7.438655495643615723e-01 1.119219884276390076e-01
7.381663918495178223e-01 2.463634461164474487e-01
1.716951727867126465e-01 3.352743089199066162e-01
5.858697295188903809e-01 4.381864070892333984e-01
8.064399361610412598e-01 2.509557902812957764e-01
3.226877152919769287e-01 8.562251925468444824e-01
5.513510107994079590e-01 1.803022921085357666e-01
3.645137548446655273e-01 8.413621783256530762e-01
8.075008392333984375e-01 5.295948982238769531e-01
9.455380439758300781e-01 4.167068302631378174e-01
5.997801423072814941e-01 4.271019250154495239e-02
8.922507613897323608e-02 9.045886993408203125e-01
6.806091070175170898e-01 9.258601814508438110e-02
3.448836505413055420e-01 5.570976734161376953e-01
5.605313554406166077e-02 9.684289097785949707e-01
2.490954846143722534e-01 8.419956080615520477e-03
1.894727163016796112e-02 9.423574805259704590e-01
5.645145177841186523e-01 3.318064510822296143e-01
5.619812011718750000e-01 7.751404643058776855e-01
4.709609448909759521e-01 7.705557346343994141e-01
9.807229638099670410e-01 2.354199290275573730e-01
7.030044198036193848e-01 6.867609024047851562e-01
3.356879651546478271e-01 4.932554364204406738e-01
9.156254529953002930e-01 9.411476254463195801e-01
7.242689132690429688e-01 2.375960648059844971e-01
9.229234457015991211e-01 2.090362310409545898e-01
9.034084081649780273e-01 8.646647334098815918e-01
6.589250564575195312e-01 8.514633178710937500e-01
5.943088531494140625e-01 1.128481179475784302e-01
9.548375010490417480e-01 3.423463404178619385e-01
9.676680564880371094e-01 1.965529024600982666e-01
4.009442627429962158e-01 6.897557377815246582e-01
4.792883526533842087e-03 1.970460861921310425e-01
3.637122511863708496e-01 5.316079258918762207e-01
8.999368548393249512e-01 3.272134363651275635e-01
6.582442522048950195e-01 6.986485123634338379e-01
2.601357996463775635e-01 6.440895199775695801e-01
2.998193502426147461e-01 5.854623913764953613e-01
8.169530332088470459e-02 1.410106569528579712e-01
9.515964388847351074e-01 7.287020087242126465e-01
4.115106761455535889e-01 5.007277131080627441e-01
3.949088454246520996e-01 5.129733681678771973e-01
3.657360672950744629e-01 6.812964100390672684e-03
1.657103747129440308e-01 4.855782389640808105e-01
6.374616175889968872e-03 1.840541511774063110e-01
1.063954010605812073e-01 3.996088206768035889e-01
3.556610345840454102e-01 4.468060731887817383e-01
4.592010080814361572e-01 1.275171153247356415e-02
1.644812226295471191e-01 4.254133701324462891e-01
3.627368807792663574e-01 8.056446313858032227e-01
7.385797500610351562e-01 8.837295174598693848e-01
5.086846947669982910e-01 7.693005204200744629e-01
3.639441356062889099e-02 3.122770190238952637e-01
2.383465617895126343e-01 1.270887106657028198e-01
7.326304912567138672e-01 8.433486819267272949e-01
1.008022874593734741e-01 3.266900479793548584e-01
8.325768709182739258e-01 3.913980722427368164e-01
9.271674789488315582e-03 8.573241829872131348e-01
8.362186551094055176e-01 8.922687917947769165e-02
8.525677919387817383e-01 3.117961287498474121e-01
1.390881985425949097e-01 7.433634400367736816e-01
3.415604233741760254e-01 6.603482365608215332e-01
5.390092134475708008e-01 7.056021690368652344e-01
3.193970322608947754e-01 9.531872272491455078e-01
4.218578040599822998e-01 1.162335947155952454e-01
9.793530404567718506e-02 6.865794211626052856e-02
9.991679191589355469e-01 3.002513647079467773e-01
5.168773531913757324e-01 5.078904032707214355e-01
7.526130080223083496e-01 3.989928960800170898e-01
7.894287705421447754e-01 5.140359401702880859e-01
9.402690529823303223e-01 5.885499119758605957e-01
2.533116340637207031e-01 2.800933420658111572e-01
3.702290356159210205e-01 3.090479075908660889e-01
9.168341755867004395e-01 1.326294392347335815e-01
5.047824978828430176e-01 6.881880164146423340e-01
6.504240632057189941e-01 8.545119762420654297e-01
4.714664518833160400e-01 9.217638969421386719e-01
6.337764859199523926e-01 6.306977272033691406e-01
2.390819638967514038e-01 7.302428036928176880e-02
8.179879784584045410e-01 7.688743472099304199e-01
3.055090606212615967e-01 7.286058664321899414e-01
3.299509882926940918e-01 6.155091524124145508e-01
4.059638679027557373e-01 7.045361399650573730e-01
2.043939828872680664e-01 8.955904096364974976e-02
1.880094558000564575e-01 5.940104722976684570e-01
3.617340624332427979e-01 9.757775664329528809e-01
9.886133670806884766e-01 3.086282014846801758e-01
2.017722129821777344e-01 8.786908388137817383e-01
5.102659463882446289e-01 5.754861831665039062e-01
2.338798493146896362e-01 4.958737194538116455e-01
4.589672088623046875e-01 5.770745873451232910e-01
8.732184022665023804e-02 9.852558970451354980e-01
6.913297176361083984e-01 8.031691312789916992e-01
9.470533132553100586e-01 4.235590100288391113e-01
5.023364424705505371e-01 5.259528160095214844e-01
9.666020274162292480e-01 4.303652644157409668e-01
9.760588407516479492e-02 2.949560582637786865e-01
6.037025526165962219e-02 2.049963325262069702e-01
6.939940452575683594e-01 1.467819511890411377e-01
7.636924386024475098e-01 8.221386671066284180e-01
7.275950312614440918e-01 8.581734895706176758e-01
6.057758331298828125e-01 6.985582113265991211e-01
1.615780144929885864e-01 4.444363340735435486e-02
3.360665589570999146e-02 7.472718954086303711e-01
5.482795238494873047e-01 5.342634320259094238e-01
2.371071875095367432e-01 9.870162010192871094e-01
7.994505763053894043e-01 6.584165692329406738e-01
7.671989500522613525e-02 4.545991420745849609e-01
5.808795690536499023e-01 1.533054560422897339e-01
5.458579063415527344e-01 5.519468188285827637e-01
1.409600023180246353e-02 1.406647711992263794e-01
2.578026056289672852e-01 8.202548027038574219e-01
9.449411034584045410e-01 1.638523787260055542e-01
4.697387814521789551e-01 7.383695840835571289e-01
4.460941553115844727e-01 1.547670215368270874e-01
8.025795221328735352e-01 8.377954959869384766e-01
1.233182996511459351e-01 2.869457006454467773e-01
7.529368996620178223e-01 7.679098248481750488e-01
2.250361144542694092e-01 6.548038721084594727e-01
9.117246866226196289e-01 1.988639533519744873e-01
4.329502284526824951e-01 5.868574976921081543e-01
6.137558221817016602e-01 1.399178802967071533e-01
5.710490345954895020e-01 4.982358515262603760e-01
6.092088818550109863e-01 6.585772037506103516e-01
2.458661198616027832e-01 6.055406332015991211e-01
9.067826867103576660e-01 6.784529089927673340e-01
7.882792949676513672e-01 9.021814465522766113e-01
8.224242925643920898e-01 3.806520402431488037e-01
7.732346653938293457e-01 3.225162327289581299e-01
4.944807589054107666e-01 5.905009508132934570e-01
1.708466559648513794e-01 7.997823357582092285e-01
1.461974680423736572e-01 6.480184793472290039e-01
3.305656611919403076e-01 6.969907879829406738e-01
3.231267631053924561e-01 9.006645679473876953e-01
3.399637639522552490e-01 2.135075032711029053e-01
9.691330790519714355e-01 6.474807858467102051e-01
4.674892872571945190e-02 3.810855746269226074e-01
7.928198575973510742e-01 7.882834076881408691e-01
9.480894543230533600e-03 9.808777570724487305e-01
3.896304219961166382e-02 1.950457394123077393e-01
7.548114061355590820e-01 3.649112582206726074e-01
5.845833420753479004e-01 7.573653459548950195e-01
9.174726009368896484e-01 9.685572385787963867e-01
7.205578088760375977e-01 6.646015644073486328e-01
6.882937550544738770e-01 5.230696797370910645e-01
6.085217595100402832e-01 1.817367821931838989e-01
9.384661316871643066e-01 6.032590940594673157e-02
9.410210847854614258e-01 5.049493908882141113e-01
5.071129202842712402e-01 3.624697923660278320e-01
8.076380491256713867e-01 9.409067034721374512e-01
3.169749975204467773e-01 3.145991563796997070e-01
2.228535898029804230e-02 9.905661344528198242e-01
2.703717350959777832e-01 6.881641149520874023e-01
6.539466977119445801e-02 4.191138148307800293e-01
5.410301089286804199e-01 3.897520601749420166e-01
1.855026185512542725e-01 5.099755525588989258e-01
8.997946977615356445e-01 4.739521145820617676e-01
3.530362546443939209e-01 2.959740757942199707e-01
7.925450801849365234e-01 8.011043667793273926e-01
4.077400267124176025e-01 6.494271755218505859e-01
2.205368578433990479e-01 8.367867469787597656e-01
1.263869553804397583e-01 8.012244105339050293e-01
9.278635382652282715e-01 1.449585407972335815e-01
3.009259104728698730e-01 6.096304059028625488e-01
4.433963298797607422e-01 2.475187480449676514e-01
1.425579786300659180e-01 3.924673199653625488e-01
6.197036802768707275e-02 6.796610355377197266e-01
5.865665078163146973e-01 8.617727160453796387e-01
1.304575800895690918e-02 6.293401122093200684e-01
2.158653885126113892e-01 4.809010326862335205e-01
8.254398703575134277e-01 5.355075597763061523e-01
8.550895452499389648e-01 7.301779836416244507e-02
2.771503925323486328e-01 5.849745273590087891e-01
9.125894904136657715e-01 1.643234640359878540e-01
8.849638104438781738e-01 6.581242680549621582e-01
7.865765094757080078e-01 3.960694372653961182e-01
8.169236779212951660e-01 1.535735279321670532e-01
7.683300971984863281e-01 8.643594980239868164e-01
6.517860889434814453e-01 7.286198139190673828e-01
4.542514085769653320e-01 5.063638091087341309e-01
6.011548042297363281e-01 5.560156702995300293e-01
5.359956026077270508e-01 7.032577991485595703e-01
2.673104703426361084e-01 8.523584902286529541e-02
6.398448944091796875e-01 1.176106557250022888e-01
7.407403588294982910e-01 8.240911960601806641e-01
1.013216897845268250e-01 7.098284363746643066e-01
1.704338379204273224e-02 2.729945778846740723e-01
9.853187203407287598e-01 6.533682942390441895e-01
7.505719661712646484e-01 1.427865326404571533e-01
4.722124934196472168e-01 4.965284168720245361e-01
2.161143533885478973e-02 8.901665806770324707e-01
7.186729311943054199e-01 9.216362237930297852e-01
5.080829262733459473e-01 2.553606927394866943e-01
1.774802803993225098e-01 3.179596662521362305e-01
4.363168179988861084e-01 8.813861608505249023e-01
9.891610145568847656e-01 4.700001180171966553e-01
5.554806590080261230e-01 8.610066771507263184e-01
4.457172751426696777e-02 2.293907105922698975e-01
1.552613219246268272e-03 8.512969017028808594e-01
9.175942540168762207e-01 8.306972980499267578e-01
6.279550194740295410e-01 7.921920716762542725e-02
1.643675416707992554e-01 4.519680440425872803e-01
6.423414945602416992e-01 4.066532552242279053e-01
1.378262490034103394e-01 6.101242899894714355e-01
9.752656817436218262e-01 3.011997938156127930e-01
2.805353701114654541e-01 3.062105774879455566e-01
2.147533297538757324e-01 7.715094089508056641e-01
9.647952318191528320e-01 1.559887267649173737e-02
5.194779038429260254e-01 5.013366937637329102e-01
2.818838655948638916e-01 7.859389185905456543e-01
2.080173194408416748e-01 3.278575837612152100e-01
8.294219374656677246e-01 5.016685128211975098e-01
5.135539770126342773e-01 3.625631630420684814e-01
7.510176897048950195e-01 6.126855611801147461e-01
5.202379822731018066e-01 2.531825751066207886e-02
5.180950164794921875e-01 7.458937168121337891e-01
9.136830568313598633e-01 2.800215184688568115e-01
5.248479247093200684e-01 6.340125799179077148e-01
9.712460041046142578e-01 5.391436219215393066e-01
5.114898681640625000e-01 7.718465328216552734e-01
1.003165319561958313e-01 1.257677376270294189e-01
1.254002451896667480e-01 9.626913666725158691e-01
7.309128046035766602e-01 1.147720515727996826e-01
4.848341941833496094e-01 5.086394548416137695e-01
6.498997807502746582e-01 7.811079621315002441e-01
7.952829599380493164e-01 4.461702108383178711e-01
7.378026247024536133e-01 7.963623404502868652e-01
5.247054994106292725e-02 4.213845133781433105e-01
4.000632837414741516e-02 6.592478752136230469e-01
8.504614233970642090e-01 5.529933795332908630e-02
4.735344648361206055e-01 9.087810516357421875e-01
4.606622830033302307e-02 1.180531755089759827e-01
3.847598135471343994e-01 2.586328685283660889e-01
7.573041319847106934e-01 4.107365012168884277e-01
4.179854094982147217e-01 2.249610722064971924e-01
1.983070075511932373e-01 6.508913040161132812e-01
2.049519680440425873e-02 3.376499712467193604e-01
5.921724438667297363e-01 3.501024246215820312e-01
6.675727963447570801e-01 5.830768346786499023e-01
2.819576561450958252e-01 9.107106924057006836e-01
7.973071932792663574e-01 8.020925521850585938e-01
4.167768955230712891e-01 9.748936444520950317e-02
8.666675686836242676e-01 5.377711653709411621e-01
4.775324091315269470e-02 5.180935189127922058e-02
3.426948487758636475e-01 8.523941636085510254e-01
2.142895758152008057e-01 2.781860828399658203e-01
7.116384506225585938e-01 7.405039668083190918e-01
8.256399035453796387e-01 5.168316960334777832e-01
9.354386925697326660e-01 1.656255801208317280e-03
3.856850564479827881e-01 4.789512157440185547e-01
8.313629627227783203e-01 2.193929404020309448e-01
2.952272444963455200e-02 2.738531827926635742e-01
7.133907079696655273e-01 9.332330226898193359e-01
7.399998903274536133e-01 9.979595243930816650e-02
2.461017072200775146e-01 8.061259984970092773e-01
2.484780102968215942e-01 3.869255781173706055e-01
2.841299772262573242e-01 2.625880241394042969e-01
8.072569370269775391e-01 1.486913412809371948e-01
6.666565537452697754e-01 8.874040842056274414e-02
5.510931015014648438e-01 1.843740046024322510e-01
3.436479717493057251e-02 2.812093198299407959e-01
6.552231311798095703e-01 7.837317585945129395e-01
2.736195921897888184e-01 2.198511213064193726e-01
7.504426240921020508e-01 2.442535310983657837e-01
8.494530916213989258e-01 9.238980412483215332e-01
6.296883225440979004e-01 9.745967388153076172e-01
6.456410288810729980e-01 8.295615315437316895e-01
2.592236399650573730e-01 8.256944417953491211e-01
8.668229579925537109e-01 8.730040788650512695e-01
7.429443597793579102e-01 9.937965869903564453e-01
5.358808487653732300e-02 5.175743103027343750e-01
6.282921135425567627e-02 5.817405581474304199e-01
7.418513894081115723e-01 6.157754063606262207e-01
5.397424101829528809e-03 3.616811633110046387e-01
8.578655123710632324e-01 6.624965071678161621e-01
1.797196567058563232e-01 8.042303919792175293e-01
5.994792580604553223e-01 7.262750864028930664e-01
6.765772700309753418e-01 7.291284799575805664e-01
4.888456463813781738e-01 2.280656844377517700e-01
7.793517112731933594e-01 6.539776921272277832e-02
3.065758571028709412e-02 2.558780908584594727e-01
9.398001432418823242e-01 1.118903458118438721e-01
1.971534192562103271e-01 7.645822167396545410e-01
6.081244349479675293e-01 5.010569095611572266e-01
1.122552156448364258e-01 5.826808214187622070e-01
9.145891666412353516e-01 3.564687967300415039e-01
5.045223236083984375e-01 7.894076704978942871e-01
9.919248819351196289e-01 3.412868976593017578e-01
9.349666237831115723e-01 8.174779266119003296e-02
6.881122589111328125e-01 8.239738345146179199e-01
1.197460368275642395e-01 9.144768118858337402e-01
8.461791872978210449e-01 4.603819251060485840e-01
7.372242808341979980e-01 6.710871458053588867e-01
6.010730862617492676e-01 1.870854198932647705e-01
2.049683332443237305e-01 4.056549072265625000e-01
8.319831490516662598e-01 1.067287009209394455e-02
2.456068061292171478e-02 3.502868860960006714e-02
5.912743210792541504e-01 2.958801090717315674e-01
7.008016705513000488e-01 4.985886812210083008e-01
5.947703495621681213e-02 1.344278305768966675e-01
7.767650485038757324e-01 9.417499303817749023e-01
8.198844790458679199e-01 5.403524264693260193e-02
2.663767337799072266e-01 7.797549366950988770e-01
8.725722879171371460e-02 4.449736475944519043e-01
9.659792780876159668e-01 3.164094090461730957e-01
9.132700562477111816e-01 7.589698582887649536e-02
4.435960054397583008e-01 4.543903470039367676e-01
9.635771512985229492e-01 5.867402553558349609e-01
8.296760916709899902e-01 5.186556577682495117e-01
9.577399492263793945e-01 3.588068783283233643e-01
5.011208653450012207e-01 9.772378206253051758e-01
7.815409898757934570e-01 9.682732224464416504e-01
8.826491236686706543e-01 5.257090926170349121e-01
3.138945102691650391e-01 1.925457566976547241e-01
6.402828693389892578e-01 2.205539494752883911e-01
7.404915690422058105e-01 1.374955773353576660e-01
8.854557275772094727e-01 8.191956281661987305e-01
3.525539338588714600e-01 4.188967049121856689e-01
9.794315099716186523e-01 9.723216891288757324e-01
8.276293277740478516e-01 4.615439176559448242e-01
4.493678510189056396e-01 7.033375501632690430e-01
7.912506461143493652e-01 7.160259485244750977e-01
1.550352424383163452e-01 7.774094939231872559e-01
2.453620433807373047e-01 6.396975517272949219e-01
5.244731307029724121e-01 5.772621035575866699e-01
1.457982957363128662e-01 8.729596734046936035e-01
5.597000718116760254e-01 4.143428504467010498e-01
1.069983914494514465e-01 3.504328802227973938e-02
5.304577946662902832e-01 7.175050973892211914e-01
2.683505974709987640e-02 7.844166755676269531e-01
1.310889422893524170e-01 5.529323220252990723e-01
9.428682923316955566e-01 8.194353580474853516e-01
8.211017251014709473e-01 4.960039258003234863e-01
8.511474728584289551e-01 3.395380079746246338e-01
6.002856492996215820e-01 3.761538863182067871e-02
6.657752394676208496e-01 8.555470705032348633e-01
9.388901591300964355e-01 7.876695990562438965e-01
2.946383357048034668e-01 5.258806422352790833e-02
4.723407626152038574e-01 9.325794577598571777e-01
2.134194225072860718e-01 2.323263883590698242e-01
2.416169643402099609e-01 5.414046645164489746e-01
2.373907417058944702e-01 9.691659212112426758e-01
6.749104261398315430e-01 2.129786759614944458e-01
5.664248466491699219e-01 3.238207399845123291e-01
4.564294219017028809e-02 4.636988937854766846e-01
9.695057570934295654e-02 1.434770692139863968e-02
4.545689374208450317e-02 6.115884184837341309e-01
5.690564960241317749e-02 1.385256797075271606e-01
5.737184286117553711e-01 6.111263036727905273e-01
3.317231684923171997e-02 6.826740503311157227e-01
8.385796099901199341e-02 7.895271778106689453e-01
9.992536306381225586e-01 4.652902185916900635e-01
8.276720643043518066e-01 3.896582126617431641e-01
3.163592517375946045e-01 9.338262081146240234e-01
8.353920280933380127e-02 9.694458246231079102e-01
9.810359477996826172e-01 2.530879080295562744e-01
2.532010972499847412e-01 6.745631992816925049e-02
3.780106455087661743e-02 6.569357961416244507e-02
4.898789897561073303e-02 8.338892832398414612e-03
5.805214494466781616e-02 7.762283086776733398e-01
6.254153847694396973e-01 6.855399012565612793e-01
9.380907416343688965e-01 1.997467130422592163e-01
2.222488373517990112e-01 2.182170599699020386e-01
8.323811888694763184e-01 5.318774580955505371e-01
2.000432647764682770e-02 4.077787101268768311e-01
9.845224767923355103e-02 3.006959557533264160e-01
9.269156455993652344e-01 3.470604419708251953e-01
6.694243550300598145e-01 3.520969152450561523e-01
3.318827748298645020e-01 1.721272021532058716e-01
1.156216040253639221e-01 9.288563728332519531e-01
4.946733117103576660e-01 5.332630872726440430e-02
9.723164439201354980e-01 9.220886826515197754e-01
2.489339858293533325e-01 3.629173636436462402e-01
5.549830570816993713e-02 6.990901231765747070e-01
5.292152762413024902e-01 9.164062142372131348e-02
3.221748173236846924e-01 4.270596802234649658e-01
2.798551917076110840e-01 5.122192502021789551e-01
5.332610607147216797e-01 6.059820652008056641e-01
7.701811939477920532e-02 9.941949844360351562e-01
9.992954134941101074e-01 4.821651279926300049e-01
6.664390861988067627e-02 7.428059577941894531e-01
1.295955330133438110e-01 6.460488438606262207e-01
6.396726369857788086e-01 3.873302340507507324e-01
5.411235690116882324e-01 3.045834004878997803e-01
6.920940876007080078e-01 7.337280511856079102e-01
5.201563239097595215e-02 7.189321517944335938e-01
2.266828268766403198e-01 7.408768534660339355e-01
1.945577114820480347e-01 6.748102307319641113e-01
8.379249572753906250e-01 8.987751007080078125e-01
1.755117923021316528e-01 3.694367706775665283e-01
8.483000993728637695e-01 4.646040499210357666e-02
5.714069008827209473e-01 7.539715170860290527e-01
9.650202393531799316e-01 9.432608485221862793e-01
7.838125824928283691e-01 1.531843990087509155e-01
3.994768261909484863e-01 5.725941061973571777e-01
2.841202914714813232e-01 6.393045186996459961e-01
9.720776230096817017e-02 9.200955033302307129e-01
1.097025349736213684e-01 1.591694541275501251e-02
5.628780126571655273e-01 1.712518483400344849e-01
9.384211152791976929e-02 1.284653842449188232e-01
8.316339254379272461e-01 9.831427335739135742e-01
9.075968265533447266e-01 1.003774181008338928e-01
8.528129458427429199e-01 2.542559504508972168e-01
2.143540382385253906e-01 4.406361375004053116e-03
6.754174232482910156e-01 7.355002164840698242e-01
5.909654498100280762e-01 5.165923237800598145e-01
8.016352057456970215e-01 7.595549821853637695e-01
8.698787689208984375e-01 5.538849830627441406e-01
1.825873702764511108e-01 1.790523678064346313e-01
8.879796862602233887e-01 3.605675697326660156e-01
7.338141798973083496e-01 8.590842485427856445e-01
4.245443344116210938e-01 5.016412138938903809e-01
1.779426932334899902e-01 9.534198045730590820e-01
6.427444219589233398e-01 3.453595191240310669e-02
7.906972765922546387e-01 4.539394080638885498e-01
9.446254372596740723e-01 1.022057309746742249e-01
9.286209344863891602e-01 1.497052758932113647e-01
2.948148548603057861e-01 3.860939145088195801e-01
9.289734959602355957e-01 8.650552630424499512e-01
5.653849244117736816e-01 2.758142054080963135e-01
3.633872866630554199e-01 1.605927348136901855e-01
5.506026744842529297e-01 2.860823273658752441e-01
8.743523359298706055e-01 6.763290166854858398e-01
4.255446195602416992e-01 6.103425621986389160e-01
8.617850542068481445e-01 3.729824423789978027e-01
8.020380884408950806e-02 2.264740616083145142e-01
5.219191908836364746e-01 2.197318077087402344e-01
3.149519562721252441e-01 9.311968684196472168e-01
1.470010075718164444e-02 8.440311551094055176e-01
9.931469559669494629e-01 6.537636518478393555e-01
4.557228982448577881e-01 9.575430750846862793e-01
6.399069428443908691e-01 8.632600307464599609e-01
8.298225998878479004e-01 8.874319493770599365e-03
6.626678705215454102e-01 5.143244862556457520e-01
6.305447220802307129e-01 8.718288689851760864e-02
7.018532156944274902e-01 7.818766832351684570e-01
1.230842545628547668e-01 6.864330917596817017e-02
7.972851395606994629e-01 1.665184348821640015e-01
7.044377923011779785e-01 6.285998225212097168e-01
1.124665662646293640e-01 4.827611446380615234e-01
6.712272167205810547e-01 6.777413487434387207e-01
1.049776375293731689e-01 5.991870760917663574e-01
9.409428834915161133e-01 3.877443969249725342e-01
3.351203501224517822e-01 3.964617848396301270e-01
9.550430625677108765e-02 9.834667444229125977e-01
5.513806939125061035e-01 5.286102294921875000e-01
2.840807735919952393e-01 8.055095672607421875e-01
1.372047811746597290e-01 1.600880920886993408e-01
2.186656892299652100e-01 5.957351326942443848e-01
2.853737473487854004e-01 2.731463611125946045e-01
1.319946944713592529e-01 4.644908010959625244e-02
6.377819180488586426e-01 8.710072636604309082e-01
4.370245039463043213e-01 3.282719552516937256e-01
7.251515388488769531e-01 2.156727463006973267e-01
5.888768434524536133e-01 6.273536086082458496e-01
1.544717401266098022e-01 1.741435080766677856e-01
9.485152363777160645e-01 5.488818287849426270e-01
4.513195157051086426e-01 8.513991832733154297e-01
5.069875121116638184e-01 5.825307369232177734e-01
8.229401707649230957e-01 4.333852827548980713e-01
1.019172593951225281e-01 1.115208417177200317e-01
1.468107849359512329e-01 7.643789052963256836e-01
6.906142085790634155e-02 7.352072000503540039e-01
5.632439255714416504e-01 6.327049136161804199e-01
4.927451163530349731e-02 4.317600429058074951e-01
4.110069572925567627e-01 1.078517958521842957e-01
6.842160820960998535e-01 1.421217471361160278e-01
6.416386365890502930e-01 8.605812489986419678e-02
3.049052655696868896e-01 4.447308778762817383e-01
6.520153880119323730e-01 2.527741789817810059e-01
3.031209111213684082e-01 2.622753977775573730e-01
1.327654719352722168e-01 5.068334937095642090e-01
3.558073937892913818e-02 7.343086600303649902e-01
9.818256497383117676e-01 7.793702483177185059e-01
2.876502275466918945e-01 2.375282496213912964e-01
1.003043875098228455e-01 2.673674523830413818e-01
8.888670206069946289e-01 7.254724502563476562e-01
7.337120175361633301e-01 1.875289827585220337e-01
7.045804709196090698e-02 7.484627366065979004e-01
9.797364473342895508e-01 6.782868504524230957e-01
3.778533078730106354e-03 6.458789110183715820e-01
8.844102025032043457e-01 1.376153826713562012e-01
5.287231802940368652e-01 2.614207267761230469e-01
4.536743462085723877e-01 1.535803526639938354e-01
7.353288531303405762e-01 1.478232592344284058e-01
3.993129432201385498e-01 8.969405293464660645e-01
8.370506763458251953e-01 6.379545331001281738e-01
6.981193423271179199e-01 3.613939881324768066e-01
3.365617692470550537e-01 6.509962677955627441e-01
1.772886216640472412e-01 8.002274632453918457e-01
8.421632647514343262e-01 4.038526713848114014e-01
1.755948513746261597e-01 4.661266878247261047e-02
1.962786167860031128e-01 8.661748170852661133e-01
2.042575180530548096e-01 1.571288704872131348e-01
4.775198400020599365e-01 2.351930439472198486e-01
2.537235021591186523e-01 4.545428752899169922e-01
6.383574604988098145e-01 9.905979037284851074e-02
1.212033107876777649e-01 9.481147527694702148e-01
2.224331488832831383e-03 6.568137556314468384e-02
5.699034333229064941e-01 1.131611615419387817e-01
9.787507057189941406e-01 1.658923029899597168e-01
4.841359853744506836e-01 1.153046637773513794e-01
3.469541668891906738e-03 1.097600907087326050e-01
2.194910198450088501e-01 4.525093734264373779e-01
3.079540729522705078e-01 8.740897774696350098e-01
4.286019206047058105e-01 6.506136655807495117e-01
6.269186735153198242e-01 4.650253653526306152e-01
7.228752374649047852e-01 7.973544001579284668e-01
6.776797175407409668e-01 9.626603126525878906e-02
2.518719136714935303e-01 1.202514301985502243e-02
2.080986946821212769e-01 1.605908125638961792e-01
5.349095463752746582e-01 6.850053668022155762e-01
8.734786510467529297e-01 2.298231273889541626e-01
6.231515407562255859e-01 6.789149641990661621e-01
2.083101719617843628e-01 7.812265157699584961e-01
9.258727729320526123e-02 9.029291868209838867e-01
4.209346473217010498e-01 7.819917201995849609e-01
8.260858654975891113e-01 2.663538157939910889e-01
2.199861854314804077e-01 4.618468508124351501e-02
9.647216200828552246e-01 2.402051687240600586e-01
8.234562277793884277e-01 2.027508616447448730e-01
3.457690775394439697e-02 9.826979041099548340e-01
2.389774471521377563e-01 9.497187733650207520e-01
8.822230696678161621e-01 3.477987051010131836e-01
7.227135300636291504e-01 9.189862608909606934e-01
3.912968039512634277e-01 7.980430126190185547e-01
6.585543751716613770e-01 3.180712759494781494e-01
6.523301005363464355e-01 8.958736062049865723e-01
4.364751279354095459e-02 8.562308549880981445e-01
7.889535427093505859e-01 4.823724627494812012e-01
2.796740233898162842e-01 3.808002769947052002e-01
7.366246581077575684e-01 3.447552323341369629e-01
6.572579145431518555e-01 5.984652042388916016e-01
1.015375182032585144e-01 2.780502438545227051e-01
4.647154211997985840e-01 2.342585176229476929e-01
1.320162117481231689e-01 8.964503407478332520e-01
8.542712926864624023e-01 3.351362049579620361e-01
3.110150396823883057e-01 1.027206927537918091e-01
6.692379117012023926e-01 5.248083472251892090e-01
8.387584090232849121e-01 7.061935663223266602e-01
7.709853649139404297e-01 1.760198175907135010e-01
8.150079250335693359e-01 1.792495697736740112e-01
6.809736490249633789e-01 8.682075142860412598e-01
8.602231144905090332e-01 6.838730573654174805e-01
7.761812210083007812e-01 1.964040845632553101e-01
8.195838332176208496e-01 2.409495972096920013e-02
1.690373718738555908e-01 7.406292557716369629e-01
4.962106049060821533e-01 7.496883273124694824e-01
5.573590844869613647e-02 2.385422736406326294e-01
8.889396786689758301e-01 8.788064122200012207e-01
6.223435997962951660e-01 5.258581638336181641e-01
8.632026314735412598e-01 7.366603016853332520e-01
6.519645452499389648e-01 2.681928873062133789e-01
5.770767927169799805e-01 8.328943699598312378e-02
8.834338188171386719e-01 1.509820520877838135e-01
2.321801334619522095e-01 3.903120383620262146e-02
6.670292615890502930e-01 1.734305620193481445e-01
5.833378434181213379e-01 9.128949046134948730e-01
7.560626268386840820e-01 5.438176393508911133e-01
6.815863847732543945e-01 8.004040718078613281e-01
1.952333748340606689e-01 8.819338679313659668e-01
7.070320192724466324e-03 5.801476240158081055e-01
3.219074308872222900e-01 3.426486849784851074e-01
6.948043704032897949e-01 8.656114339828491211e-01
3.340496420860290527e-01 2.549732327461242676e-01
9.325647354125976562e-01 9.775547981262207031e-01
9.150110483169555664e-01 8.842726349830627441e-01
9.532138109207153320e-01 4.102848172187805176e-01
8.475620150566101074e-01 9.452933669090270996e-01
7.220391035079956055e-01 9.655363559722900391e-01
8.556916713714599609e-01 2.636552453041076660e-01
9.369369745254516602e-01 7.449359893798828125e-01
5.545448660850524902e-01 3.464861214160919189e-01
8.344225883483886719e-01 7.457790970802307129e-01
4.295932054519653320e-01 8.618841767311096191e-01
3.484027087688446045e-01 6.419394612312316895e-01
2.829527258872985840e-01 9.322354942560195923e-02
2.935629487037658691e-01 3.976192176342010498e-01
6.522243618965148926e-01 2.508418075740337372e-02
9.752895832061767578e-01 5.663886666297912598e-01
5.730235576629638672e-01 7.216444015502929688e-01
3.416680395603179932e-01 5.379070043563842773e-01
8.814795613288879395e-01 7.532044649124145508e-01
7.790177315473556519e-02 2.001730352640151978e-01
8.966630101203918457e-01 3.521372377872467041e-01
8.949021697044372559e-01 3.649678230285644531e-01
5.241582393646240234e-01 7.705724835395812988e-01
3.625018298625946045e-01 7.960528135299682617e-01
8.481980562210083008e-01 3.234913349151611328e-01
1.486182361841201782e-01 6.754139661788940430e-01
9.669422358274459839e-02 9.850065708160400391e-01
6.180443167686462402e-01 5.577954053878784180e-01
9.709188342094421387e-01 5.157833546400070190e-02
3.217704892158508301e-01 2.650329470634460449e-01
5.076171159744262695e-01 7.725797295570373535e-01
1.139156967401504517e-01 6.913972645998001099e-02
3.334341645240783691e-01 3.306863829493522644e-02
5.122194290161132812e-01 7.419590950012207031e-01
7.633240818977355957e-01 5.240077972412109375e-01
3.904874026775360107e-01 9.726293087005615234e-01
3.192726969718933105e-01 5.490666627883911133e-01
3.908730149269104004e-01 2.132508754730224609e-01
5.251062512397766113e-01 1.408577710390090942e-01
3.355171382427215576e-01 6.490971446037292480e-01
9.701392650604248047e-01 7.028619050979614258e-01
6.344373226165771484e-01 4.479793310165405273e-01
2.791684865951538086e-01 3.409179151058197021e-01
8.460446596145629883e-01 4.147978723049163818e-01
8.131315112113952637e-01 4.181843698024749756e-01
8.053889870643615723e-01 6.571701765060424805e-01
9.596051275730133057e-02 9.491764903068542480e-01
9.365632534027099609e-01 2.962112128734588623e-01
9.087315201759338379e-01 2.312470972537994385e-01
8.438137769699096680e-01 2.637355029582977295e-01
9.305733442306518555e-02 1.019440367817878723e-01
2.529000937938690186e-01 8.042271733283996582e-01
5.844113230705261230e-01 5.781059861183166504e-01
2.672107219696044922e-01 1.680094152688980103e-01
5.200432613492012024e-02 3.403439745306968689e-02
8.264418244361877441e-01 3.539712429046630859e-01
5.338648557662963867e-01 6.767309904098510742e-01
7.280498743057250977e-02 5.266319513320922852e-01
3.663709759712219238e-01 6.421571224927902222e-02
2.526706159114837646e-01 3.884740471839904785e-01
9.517168402671813965e-01 1.050376668572425842e-01
2.262873500585556030e-01 9.276053309440612793e-01
1.526567935943603516e-01 7.384568452835083008e-01
5.209299921989440918e-01 4.793613851070404053e-01
5.016420483589172363e-01 9.115992784500122070e-01
5.001016259193420410e-01 7.802470028400421143e-02
7.569683194160461426e-01 9.470731616020202637e-01
3.024927079677581787e-01 2.381879277527332306e-02
5.138285160064697266e-01 5.125687718391418457e-01
5.720173120498657227e-01 8.758795261383056641e-01
4.195866584777832031e-01 6.455022096633911133e-01
7.607203125953674316e-01 7.832105457782745361e-02
9.084093570709228516e-01 1.895921304821968079e-02
6.842762231826782227e-01 5.798764824867248535e-01
7.917594313621520996e-01 8.935644626617431641e-01
7.414260506629943848e-01 6.449135541915893555e-01
1.560581922531127930e-01 4.154869914054870605e-01
5.948417782783508301e-01 1.943233162164688110e-01
8.738386034965515137e-01 8.965914845466613770e-01
2.851561307907104492e-01 2.826567590236663818e-01
3.069903887808322906e-02 3.351531028747558594e-01
3.682717382907867432e-01 7.146131992340087891e-01
8.674916028976440430e-01 7.093459367752075195e-01
3.542431294918060303e-01 5.876273512840270996e-01
5.887745022773742676e-01 9.272174239158630371e-01
1.362692564725875854e-01 4.187956452369689941e-01
9.960670471191406250e-01 3.584754765033721924e-01
9.965437054634094238e-01 2.205720245838165283e-01
8.950039744377136230e-01 2.028388977050781250e-01
6.573060750961303711e-01 5.768760293722152710e-02
8.284201622009277344e-01 3.293016850948333740e-01
8.770031332969665527e-01 9.083514809608459473e-01
8.435528874397277832e-01 1.023792102932929993e-01
7.766867280006408691e-01 4.378465116024017334e-01
8.997634053230285645e-01 2.996449172496795654e-01
8.918772935867309570e-01 7.995561361312866211e-01
6.799282133579254150e-02 8.925293087959289551e-01
2.207306027412414551e-01 6.582474708557128906e-01
4.698022305965423584e-01 6.415469050407409668e-01
4.013442099094390869e-01 9.882061481475830078e-01
1.494099944829940796e-01 1.720567466691136360e-03
7.575917840003967285e-01 6.706873886287212372e-03
1.175040304660797119e-01 1.644090004265308380e-02
7.257192730903625488e-01 7.095518708229064941e-01
5.675827860832214355e-01 8.989811539649963379e-01
5.171388387680053711e-01 5.243914723396301270e-01
7.824460864067077637e-01 3.403806984424591064e-01
8.987335562705993652e-01 8.355927467346191406e-01
2.909008860588073730e-01 2.947827577590942383e-01
1.620619446039199829e-01 8.740063309669494629e-01
9.278618544340133667e-02 3.557551205158233643e-01
4.165719449520111084e-01 7.269879579544067383e-01
5.287593603134155273e-01 3.574168682098388672e-01
1.297296434640884399e-01 5.719859004020690918e-01
2.839720845222473145e-01 7.780213356018066406e-01
3.272319138050079346e-01 7.424879670143127441e-01
6.845936179161071777e-01 8.764009475708007812e-01
8.844138979911804199e-01 8.565283417701721191e-01
5.524570941925048828e-01 2.165492624044418335e-01
4.080596864223480225e-01 6.955645680427551270e-01
6.012876331806182861e-02 9.158599376678466797e-01
5.616878271102905273e-01 5.968618392944335938e-01
1.815804541110992432e-01 9.059799909591674805e-01
7.264651656150817871e-01 2.170170694589614868e-01
7.377955317497253418e-01 7.467184662818908691e-01
8.025324344635009766e-01 5.943540930747985840e-01
1.895168721675872803e-01 8.574608713388442993e-03
5.091064572334289551e-01 5.793893933296203613e-01
5.560843944549560547e-01 5.631070584058761597e-02
7.561717629432678223e-01 4.946596920490264893e-02
4.509770572185516357e-01 4.134564399719238281e-01
7.657094001770019531e-01 3.730974495410919189e-01
9.114727973937988281e-01 2.687928676605224609e-01
8.523879647254943848e-01 1.595532000064849854e-01
5.650010108947753906e-01 6.262434124946594238e-01
7.437905669212341309e-01 1.704543083906173706e-01
7.389881610870361328e-01 4.526880681514739990e-01
6.889771223068237305e-01 4.654343128204345703e-01
8.923739194869995117e-02 9.602863192558288574e-01
4.462271928787231445e-01 9.689307212829589844e-01
8.449697494506835938e-01 9.415412545204162598e-01
5.288469195365905762e-01 8.113141655921936035e-01
5.218861699104309082e-01 5.750699639320373535e-01
2.962724268436431885e-01 6.985682249069213867e-01
9.761219620704650879e-01 8.332765698432922363e-01
7.016757130622863770e-01 8.504350781440734863e-01
4.663556516170501709e-01 7.258458137512207031e-01
4.004575610160827637e-01 7.677958011627197266e-01
8.552165031433105469e-01 2.059088088572025299e-02
7.478037476539611816e-01 7.566897869110107422e-01
4.254167675971984863e-01 1.191530972719192505e-01
9.534843564033508301e-01 8.692666888236999512e-01
2.146403342485427856e-01 8.675820231437683105e-01
6.604350805282592773e-01 8.169896006584167480e-01
3.896272182464599609e-01 4.269230663776397705e-01
6.453589200973510742e-01 6.781781464815139771e-02
6.209611892700195312e-01 3.044178783893585205e-01
2.282152175903320312e-01 8.284292221069335938e-01
7.843781262636184692e-02 3.687557578086853027e-02
4.848809540271759033e-01 1.785849779844284058e-01
9.330758452415466309e-02 7.123158127069473267e-02
2.678414583206176758e-01 3.547052443027496338e-01
7.343303561210632324e-01 6.826005578041076660e-01
7.952929735183715820e-01 8.459824919700622559e-01
3.471841216087341309e-01 4.641287922859191895e-01
1.725886315107345581e-01 5.927148461341857910e-01
7.514669299125671387e-01 5.768734961748123169e-02
4.686870276927947998e-01 5.929532647132873535e-01
1.734305322170257568e-01 5.942289233207702637e-01
9.132034778594970703e-01 9.234635233879089355e-01
1.914615482091903687e-01 5.191833376884460449e-01
7.290517687797546387e-01 2.401848137378692627e-01
7.950423955917358398e-01 5.145726203918457031e-01
6.937646865844726562e-01 4.214880764484405518e-01
9.255403280258178711e-01 3.020749390125274658e-01
3.702037632465362549e-01 5.491548031568527222e-02
2.566591501235961914e-01 7.461695075035095215e-01
9.753386378288269043e-01 6.414343118667602539e-01
9.026793241500854492e-01 9.315032362937927246e-01
1.693415641784667969e-01 9.034105539321899414e-01
1.613368093967437744e-01 2.225485593080520630e-01
8.003458976745605469e-01 1.940972805023193359e-01
7.021083235740661621e-01 1.686232388019561768e-01
4.310772716999053955e-01 5.821030735969543457e-01
6.935528516769409180e-01 3.167935311794281006e-01
4.299212694168090820e-01 5.527899861335754395e-01
7.964510917663574219e-01 4.188542664051055908e-01
7.491717487573623657e-02 8.501415848731994629e-01
5.344933271408081055e-01 6.185679435729980469e-01
9.008924365043640137e-01 3.705587387084960938e-01
6.021898388862609863e-01 9.755216240882873535e-01
3.093824982643127441e-01 6.590842008590698242e-01
5.211206674575805664e-01 1.337303370237350464e-01
6.454287767410278320e-01 9.320446848869323730e-01
6.234062910079956055e-01 2.272889167070388794e-01
2.177183777093887329e-01 3.865539431571960449e-01
9.263610243797302246e-01 2.099033072590827942e-02
2.504295408725738525e-01 1.941384375095367432e-01
6.061507463455200195e-01 4.030303359031677246e-01
4.052821099758148193e-01 9.425919055938720703e-01
5.535843968391418457e-01 4.240518808364868164e-01
4.247808158397674561e-01 8.015267252922058105e-01
8.254383206367492676e-01 1.714114248752593994e-01
8.069114685058593750e-01 9.316498637199401855e-01
7.077326774597167969e-01 6.581325531005859375e-01
4.682005196809768677e-02 5.898015499114990234e-01
3.977430760860443115e-01 6.015670895576477051e-01
4.021223187446594238e-01 7.333644628524780273e-01
2.286841869354248047e-01 1.831669360399246216e-01
2.085263580083847046e-01 8.170720934867858887e-01
8.356894254684448242e-01 3.596817329525947571e-02
4.596532881259918213e-01 5.373733639717102051e-01
6.623032093048095703e-01 2.388658076524734497e-01
7.207639217376708984e-01 1.047930717468261719e-01
4.333809316158294678e-01 6.628140807151794434e-01
5.513896942138671875e-01 8.755712509155273438e-01
3.143752813339233398e-01 1.002624779939651489e-01
3.190111219882965088e-01 6.471940129995346069e-02
3.117210566997528076e-01 7.404804229736328125e-02
5.877001583576202393e-02 7.390838861465454102e-01
7.438331842422485352e-01 3.645938634872436523e-01
8.400917649269104004e-01 1.818173825740814209e-01
8.825099468231201172e-01 8.274553418159484863e-01
3.886981308460235596e-01 5.319784954190254211e-02
7.239887118339538574e-02 8.495950102806091309e-01
6.114081144332885742e-01 1.805462986230850220e-01
8.519120514392852783e-02 9.725528955459594727e-01
9.911705255508422852e-01 4.330161809921264648e-01
8.999779224395751953e-01 7.231574654579162598e-01
7.466036677360534668e-01 3.418881595134735107e-01
8.995087146759033203e-01 1.350449174642562866e-01
1.398382782936096191e-01 7.381384968757629395e-01
4.928517639636993408e-01 6.128675341606140137e-01
9.966668486595153809e-01 3.832316100597381592e-01
9.780242443084716797e-01 4.114085063338279724e-02
4.058944582939147949e-01 6.470683217048645020e-01
5.762112140655517578e-01 1.968674063682556152e-01
4.719035029411315918e-01 3.300037384033203125e-01
3.019435107707977295e-01 8.410529494285583496e-01
9.277437329292297363e-01 2.861302196979522705e-01
2.827436923980712891e-01 2.246956974267959595e-01
1.610953360795974731e-01 5.298274755477905273e-01
2.546645104885101318e-01 2.178762853145599365e-02
2.419295907020568848e-01 2.129837125539779663e-01
5.784564092755317688e-02 5.832415819168090820e-01
5.460004881024360657e-02 1.280754953622817993e-01
2.575551532208919525e-02 7.810696959495544434e-01
1.791268587112426758e-01 8.721380233764648438e-01
1.611818522214889526e-01 9.157916307449340820e-01
1.376114878803491592e-02 9.599672555923461914e-01
3.112939894199371338e-01 1.453153323382139206e-02
9.108316898345947266e-01 2.666551172733306885e-01
6.409284472465515137e-01 9.291164875030517578e-01
1.140208262950181961e-02 9.517341852188110352e-01
9.415619969367980957e-01 9.317176789045333862e-02
1.619821190834045410e-01 8.347700834274291992e-01
3.313746452331542969e-01 7.834975719451904297e-01
8.035596013069152832e-01 2.860900461673736572e-01
6.097536683082580566e-01 4.877850711345672607e-01
5.714588165283203125e-01 7.324755787849426270e-01
5.040127038955688477e-01 9.582308530807495117e-01
5.922952294349670410e-01 9.654556512832641602e-01
7.034494876861572266e-01 8.578595519065856934e-01
8.709845691919326782e-02 8.431144952774047852e-01
6.700718402862548828e-01 2.027217298746109009e-01
1.890298426151275635e-01 6.354644894599914551e-01
5.240162611007690430e-01 7.946275472640991211e-01
5.172742605209350586e-01 7.529789805412292480e-01
9.600240588188171387e-01 6.634277105331420898e-01
2.124463394284248352e-02 8.723402023315429688e-02
4.047108292579650879e-01 5.202145129442214966e-02
2.585007250308990479e-01 8.184829354286193848e-01
2.017074637115001678e-02 8.076009750366210938e-01
5.796346068382263184e-01 9.094284474849700928e-02
3.335804343223571777e-01 8.565643429756164551e-01
6.986711621284484863e-01 3.506661355495452881e-01
8.186485767364501953e-01 3.775616288185119629e-01
6.405212283134460449e-01 2.083956599235534668e-01
