2.717109620571136475e-01 5.283974409103393555e-01
5.332749709486961365e-02 7.552736401557922363e-01
2.379546165466308594e-01 8.863929510116577148e-01
5.903798341751098633e-01 3.710163235664367676e-01
7.601575255393981934e-01 5.772551894187927246e-01
6.220775246620178223e-01 3.255178034305572510e-01
6.551121473312377930e-01 1.611085385084152222e-01
7.653211802244186401e-02 2.174768745899200439e-01
5.138725638389587402e-01 3.372711837291717529e-01
4.606392383575439453e-01 1.128032356500625610e-01
7.371500134468078613e-01 4.709149003028869629e-01
7.962914109230041504e-01 6.442604660987854004e-01
1.955069154500961304e-01 4.635485261678695679e-02
7.524165511131286621e-01 4.526190757751464844e-01
4.981682896614074707e-01 2.619558572769165039e-01
8.881458044052124023e-01 8.798548579216003418e-01
5.887584090232849121e-01 4.046097397804260254e-01
1.668907515704631805e-02 2.636449635028839111e-01
5.393694043159484863e-01 6.719151735305786133e-01
2.649065852165222168e-02 5.615993142127990723e-01
4.522901177406311035e-01 1.023341268301010132e-01
9.433590769767761230e-01 2.665023207664489746e-01
1.062276959419250488e-01 1.633590757846832275e-01
4.804320037364959717e-01 1.084482818841934204e-01
5.418179631233215332e-01 7.276399135589599609e-01
3.263034820556640625e-01 1.256881803274154663e-01
6.552635692059993744e-03 6.392106413841247559e-01
1.861543357372283936e-01 3.963797986507415771e-01
5.908409357070922852e-01 2.279373705387115479e-01
9.543440341949462891e-01 7.229525446891784668e-01
4.881786406040191650e-01 5.357100367546081543e-01
5.712628364562988281e-01 9.205045700073242188e-01
8.623621463775634766e-01 1.737816631793975830e-01
2.176140248775482178e-01 3.040938079357147217e-01
1.287870705127716064e-01 8.176439404487609863e-01
3.044553101062774658e-01 2.096800655126571655e-01
7.535632252693176270e-01 9.174443483352661133e-01
8.436829447746276855e-01 5.192243456840515137e-01
5.155488848686218262e-01 7.016701698303222656e-01
4.254498481750488281e-01 4.620541036128997803e-01
4.416020512580871582e-01 9.553503990173339844e-01
3.822713792324066162e-01 6.884766817092895508e-01
1.822507530450820923e-01 3.161947131156921387e-01
7.472062706947326660e-01 4.365685284137725830e-01
1.482981164008378983e-02 7.608529180288314819e-02
6.379706859588623047e-01 2.720665931701660156e-01
6.847034096717834473e-01 2.379844486713409424e-01
2.657325267791748047e-01 8.155202120542526245e-02
7.192335724830627441e-01 6.607271432876586914e-01
6.562376022338867188e-01 6.711672544479370117e-01
1.504069119691848755e-01 8.259738236665725708e-02
3.327974677085876465e-01 1.069017723202705383e-01
9.006697535514831543e-01 6.054818630218505859e-01
2.448910325765609741e-01 2.527105063199996948e-02
4.726127088069915771e-01 5.368328094482421875e-01
7.580679059028625488e-01 4.804429039359092712e-02
7.008222341537475586e-01 6.859113574028015137e-01
9.844890832901000977e-01 4.940877854824066162e-01
9.589867591857910156e-01 3.348340094089508057e-01
5.053191781044006348e-01 5.912411212921142578e-01
6.765854954719543457e-01 5.527638196945190430e-01
9.079105854034423828e-01 7.024024426937103271e-02
2.931537330150604248e-01 4.751966893672943115e-01
1.548969447612762451e-01 1.985393613576889038e-01
3.086189972236752510e-03 1.748552620410919189e-01
7.757018804550170898e-01 9.204936623573303223e-01
5.985669493675231934e-01 4.201582074165344238e-01
5.928447246551513672e-01 6.043382287025451660e-01
5.757613182067871094e-01 4.688479602336883545e-01
3.162927180528640747e-02 2.181676626205444336e-01
3.730191290378570557e-01 1.006277799606323242e-01
2.503525614738464355e-01 1.817180067300796509e-01
2.750411927700042725e-01 7.668350934982299805e-01
6.814353466033935547e-01 5.284628868103027344e-01
9.918010830879211426e-01 5.866005420684814453e-01
3.409631177783012390e-02 4.536536037921905518e-01
5.851841568946838379e-01 7.260783910751342773e-01
1.253587603569030762e-01 9.478162527084350586e-01
6.520274281501770020e-01 4.658004045486450195e-01
6.386827826499938965e-01 6.865999102592468262e-01
3.501419126987457275e-01 1.845239079557359219e-03
4.026895165443420410e-01 4.206720590591430664e-01
4.391855001449584961e-01 3.915863633155822754e-01
3.452346026897430420e-01 6.008878946304321289e-01
9.149628281593322754e-01 5.031897425651550293e-01
6.055544018745422363e-01 9.315730333328247070e-01
1.065243035554885864e-01 3.656310141086578369e-01
2.548867166042327881e-01 6.883979439735412598e-01
9.890731573104858398e-01 9.049841165542602539e-01
8.778014183044433594e-01 7.969539761543273926e-01
7.095363140106201172e-01 1.940262764692306519e-01
6.990583539009094238e-01 9.243517518043518066e-01
5.136515945196151733e-03 4.296234846115112305e-01
9.658067822456359863e-01 9.427337050437927246e-01
5.353958010673522949e-01 5.760582089424133301e-01
3.132798373699188232e-01 3.404402732849121094e-02
2.756405621767044067e-02 9.902502596378326416e-02
6.231405735015869141e-01 2.539994120597839355e-01
4.257988929748535156e-01 6.884173154830932617e-01
4.511261582374572754e-01 3.677231371402740479e-01
8.295583128929138184e-01 7.076653242111206055e-01
6.465315222740173340e-01 4.207267761230468750e-01
6.289243698120117188e-01 9.928523749113082886e-02
4.172375500202178955e-01 9.008849859237670898e-01
6.208704113960266113e-01 1.481472253799438477e-01
1.900540143251419067e-01 2.748010754585266113e-01
3.782930672168731689e-01 4.648017138242721558e-02
8.676453232765197754e-01 5.920318961143493652e-01
6.084469556808471680e-01 6.936003565788269043e-01
4.085115492343902588e-01 4.256194829940795898e-01
2.179649919271469116e-01 9.354992508888244629e-01
1.596668064594268799e-01 1.672811061143875122e-02
9.071465134620666504e-01 8.673304319381713867e-01
6.944528222084045410e-01 3.489090800285339355e-01
6.700720787048339844e-01 4.586509466171264648e-01
6.593824625015258789e-01 9.177358150482177734e-01
8.629257678985595703e-01 5.904254317283630371e-01
8.929849863052368164e-01 4.172583818435668945e-01
9.726177453994750977e-01 6.829496026039123535e-01
6.474463939666748047e-01 1.026315465569496155e-01
1.276994198560714722e-01 9.616796374320983887e-01
4.697776734828948975e-01 4.789439439773559570e-01
2.341828197240829468e-01 3.127860724925994873e-01
1.475264281034469604e-01 6.565533876419067383e-01
8.937159776687622070e-01 6.066149100661277771e-03
5.458957552909851074e-01 2.125770319253206253e-03
5.327474474906921387e-01 8.129471540451049805e-01
5.473625063896179199e-01 3.657048344612121582e-01
3.398244082927703857e-01 5.286539196968078613e-01
3.025296926498413086e-01 8.632030487060546875e-01
5.078405141830444336e-01 5.275299549102783203e-01
3.882751464843750000e-01 1.307835429906845093e-01
4.173668026924133301e-01 4.004208445549011230e-01
3.326392769813537598e-01 4.076652824878692627e-01
2.605323493480682373e-01 4.308196250349283218e-03
2.565738856792449951e-01 3.172323405742645264e-01
9.177386760711669922e-01 8.205729722976684570e-02
6.001560091972351074e-01 5.595648884773254395e-01
8.672947883605957031e-01 3.297914862632751465e-01
7.287586331367492676e-01 4.435484707355499268e-01
2.278546541929244995e-01 2.654804103076457977e-02
8.101974725723266602e-01 5.028175711631774902e-01
8.817774653434753418e-01 3.086293935775756836e-01
8.986733555793762207e-01 7.381304502487182617e-01
6.007269620895385742e-01 6.588502228260040283e-02
1.680638492107391357e-01 2.699281647801399231e-02
9.855379462242126465e-01 6.481030583381652832e-01
1.886027604341506958e-01 1.541227474808692932e-02
3.003502190113067627e-01 7.591840028762817383e-01
7.214066982269287109e-01 5.334879755973815918e-01
8.483017086982727051e-01 7.429845929145812988e-01
1.548716984689235687e-02 1.291706860065460205e-01
6.655751466751098633e-01 8.761426210403442383e-01
6.236070767045021057e-02 9.996052980422973633e-01
5.020982623100280762e-01 4.280624538660049438e-02
6.004925444722175598e-02 8.647086024284362793e-01
7.175253033638000488e-01 3.937185704708099365e-01
4.767947494983673096e-01 9.694048762321472168e-01
3.896614313125610352e-01 2.693054974079132080e-01
7.942330241203308105e-01 3.984236121177673340e-01
8.812969326972961426e-01 6.376794576644897461e-01
4.468816146254539490e-02 5.813500285148620605e-01
5.403797030448913574e-01 3.714586794376373291e-01
3.315236568450927734e-01 8.805564045906066895e-02
5.288844704627990723e-01 1.989500671625137329e-01
8.831023573875427246e-01 5.884858220815658569e-02
9.895930886268615723e-01 5.867002010345458984e-01
9.219697117805480957e-01 8.387604951858520508e-01
2.012784481048583984e-01 9.047647714614868164e-01
1.824767589569091797e-01 7.020219564437866211e-01
2.833346724510192871e-01 3.509016036987304688e-01
7.572039365768432617e-01 2.673664987087249756e-01
7.332644462585449219e-01 4.830690324306488037e-01
3.001182079315185547e-01 5.614206194877624512e-01
9.324482083320617676e-01 7.877063751220703125e-01
7.879520654678344727e-01 2.021613419055938721e-01
5.196465253829956055e-01 4.836069047451019287e-01
7.631704807281494141e-01 2.270749211311340332e-01
6.581999063491821289e-01 9.087858200073242188e-01
8.650774359703063965e-01 5.525014996528625488e-01
1.702201962471008301e-01 2.314948141574859619e-01
4.785314798355102539e-01 2.164760679006576538e-01
4.467819351702928543e-03 4.910386800765991211e-01
8.515404909849166870e-02 8.821555972099304199e-01
5.383106470108032227e-01 6.364383101463317871e-01
1.327865384519100189e-02 2.566258013248443604e-01
2.803489752113819122e-02 3.921719640493392944e-02
8.906869292259216309e-01 3.771498426795005798e-02
3.524562418460845947e-01 5.915809795260429382e-02
5.201222896575927734e-01 8.265488147735595703e-01
5.281604528427124023e-01 5.960901379585266113e-01
4.315712451934814453e-01 2.874149978160858154e-01
2.558988928794860840e-01 2.829006612300872803e-01
8.143432140350341797e-01 4.252257347106933594e-01
9.257245063781738281e-01 9.860361814498901367e-01
6.157663464546203613e-01 2.781943380832672119e-01
9.062238931655883789e-01 3.452743291854858398e-01
3.193963468074798584e-01 8.204171061515808105e-01
6.941569447517395020e-01 2.727562785148620605e-01
1.445928364992141724e-01 3.996652066707611084e-01
2.455607242882251740e-02 9.215612709522247314e-02
5.309365391731262207e-01 8.681023120880126953e-01
3.407821804285049438e-02 7.794839739799499512e-01
7.883094549179077148e-01 6.486730575561523438e-01
8.580416440963745117e-02 5.188407897949218750e-01
8.020786643028259277e-01 6.198768019676208496e-01
8.507075309753417969e-01 1.792302131652832031e-01
3.875432610511779785e-01 5.062984228134155273e-01
7.852912545204162598e-01 1.932622194290161133e-01
7.270829677581787109e-01 4.610366001725196838e-02
1.359092444181442261e-01 5.972658395767211914e-01
1.874161958694458008e-01 2.752709090709686279e-01
3.657673001289367676e-01 4.792692065238952637e-01
7.789254188537597656e-01 1.297985166311264038e-01
5.545223951339721680e-01 9.763748049736022949e-01
7.049083709716796875e-01 1.055877953767776489e-01
5.291813611984252930e-01 9.268751144409179688e-01
6.307791471481323242e-01 3.222489356994628906e-01
5.396077036857604980e-01 5.426371097564697266e-01
9.727082848548889160e-01 5.995221138000488281e-01
2.338260114192962646e-01 6.268572807312011719e-02
2.777322530746459961e-01 1.903255730867385864e-01
3.252929151058197021e-01 1.771729737520217896e-01
7.817497253417968750e-01 7.359336614608764648e-01
9.485061168670654297e-01 1.289586424827575684e-01
5.034872889518737793e-02 5.924308896064758301e-01
6.605539917945861816e-01 1.993942260742187500e-02
7.948148250579833984e-01 1.022276580333709717e-01
8.707329034805297852e-01 3.556957468390464783e-02
5.138283967971801758e-02 7.801891565322875977e-01
5.047877430915832520e-01 5.958254933357238770e-01
5.490725040435791016e-01 7.644604444503784180e-01
3.737737610936164856e-02 8.884727358818054199e-01
1.415131688117980957e-01 3.055623546242713928e-02
6.611717343330383301e-01 8.455602824687957764e-02
7.673865556716918945e-01 4.580732285976409912e-01
6.776769757270812988e-01 2.759399712085723877e-01
7.390989065170288086e-01 6.224967837333679199e-01
1.475686728954315186e-01 1.867642253637313843e-01
7.923437952995300293e-01 5.165090560913085938e-01
9.969514012336730957e-01 9.676859974861145020e-01
6.274903416633605957e-01 6.615767627954483032e-02
5.734184980392456055e-01 4.895026683807373047e-01
1.432318687438964844e-01 6.377539038658142090e-01
5.582970976829528809e-01 4.429866075515747070e-01
4.708861410617828369e-01 4.646106958389282227e-01
6.825823783874511719e-01 3.144104778766632080e-02
8.024761080741882324e-01 2.917291820049285889e-01
2.821301221847534180e-01 3.130686581134796143e-01
4.844376072287559509e-02 1.328509598970413208e-01
6.434167623519897461e-01 6.825888156890869141e-01
7.420690655708312988e-01 9.086357802152633667e-02
3.110575675964355469e-01 8.060249686241149902e-01
9.845706224441528320e-01 9.588013291358947754e-01
7.527198791503906250e-01 2.110059410333633423e-01
6.880235671997070312e-01 5.464416742324829102e-01
1.801924854516983032e-01 4.402785003185272217e-01
6.907221078872680664e-01 8.557866513729095459e-02
1.665668189525604248e-01 4.341356158256530762e-01
7.149145603179931641e-01 4.664418101310729980e-01
9.961770772933959961e-01 8.123838305473327637e-01
5.661378502845764160e-01 8.568291068077087402e-01
8.960471153259277344e-01 7.840513586997985840e-01
4.597506523132324219e-01 8.699072599411010742e-01
8.646961450576782227e-01 2.428479492664337158e-01
3.022351861000061035e-01 3.240646421909332275e-01
4.191722273826599121e-01 7.952054142951965332e-01
8.649496436119079590e-01 2.154029160737991333e-01
3.975107371807098389e-01 6.346105039119720459e-02
7.866628766059875488e-01 3.539394140243530273e-01
9.435445070266723633e-01 5.272664427757263184e-01
1.713447421789169312e-01 7.110017538070678711e-01
4.156551510095596313e-02 5.884115025401115417e-02
1.434410369256511331e-04 6.998802418820559978e-04
2.614994347095489502e-01 7.803004980087280273e-01
5.583693385124206543e-01 1.571594327688217163e-01
5.931254625320434570e-01 6.904359459877014160e-01
3.985096514225006104e-01 1.784372478723526001e-01
8.235393166542053223e-01 3.406400084495544434e-01
2.726911380887031555e-02 9.737578034400939941e-01
5.815726518630981445e-01 4.398334324359893799e-01
2.338738292455673218e-01 1.614445894956588745e-01
4.411947429180145264e-01 8.989227414131164551e-01
8.617271780967712402e-01 3.448118269443511963e-01
5.217102766036987305e-01 5.713168382644653320e-01
2.528971433639526367e-01 4.873047769069671631e-01
2.280400544404983521e-01 3.872125744819641113e-01
4.837242662906646729e-01 8.748534917831420898e-01
8.834036588668823242e-01 8.125367015600204468e-02
6.777983307838439941e-01 7.549165487289428711e-01
3.892558515071868896e-01 1.868249922990798950e-01
1.058231741189956665e-01 7.479560375213623047e-01
3.000144958496093750e-01 4.030418694019317627e-01
2.741384133696556091e-02 5.536901950836181641e-01
8.680750131607055664e-01 7.249932289123535156e-01
7.298308014869689941e-01 3.482585549354553223e-01
7.718349695205688477e-01 2.417061328887939453e-01
1.708688139915466309e-01 2.944782674312591553e-01
3.293113410472869873e-01 2.897827327251434326e-01
6.519703865051269531e-01 5.757566094398498535e-01
8.765979409217834473e-01 8.840944766998291016e-01
6.197847127914428711e-01 3.440063595771789551e-01
3.587704598903656006e-01 6.139426827430725098e-01
8.292953372001647949e-01 5.995634794235229492e-01
5.151586532592773438e-01 4.435118436813354492e-01
8.515784144401550293e-01 4.677197337150573730e-01
3.329255282878875732e-01 1.232822090387344360e-01
5.898510217666625977e-01 7.489601373672485352e-01
5.345311760902404785e-01 5.603451728820800781e-01
1.307718157768249512e-01 8.534704446792602539e-01
9.421244859695434570e-01 8.087215423583984375e-01
6.539594531059265137e-01 4.873383939266204834e-01
5.600795745849609375e-01 5.540977120399475098e-01
8.576788902282714844e-01 7.927200198173522949e-01
6.549978852272033691e-01 3.824235796928405762e-01
5.641714334487915039e-01 3.685869872570037842e-01
1.892878711223602295e-01 2.639770507812500000e-01
7.303576469421386719e-01 7.569943666458129883e-01
1.763555854558944702e-01 7.468760013580322266e-01
8.961300253868103027e-01 5.493070483207702637e-01
4.899922609329223633e-01 2.786914706230163574e-01
9.396705627441406250e-01 4.490456581115722656e-01
1.291323006153106689e-01 7.383938878774642944e-02
7.314868569374084473e-01 4.020624458789825439e-01
2.445118501782417297e-02 4.802464544773101807e-01
5.146115422248840332e-01 8.258710615336894989e-03
7.244318127632141113e-01 1.764100193977355957e-01
3.566455543041229248e-01 9.784661531448364258e-01
1.239190064370632172e-02 7.514853496104478836e-03
6.238487362861633301e-01 7.716166377067565918e-01
8.573221564292907715e-01 6.118799448013305664e-01
7.677090167999267578e-01 3.862717449665069580e-01
1.726210415363311768e-01 6.438914537429809570e-01
8.381770849227905273e-01 3.834887742996215820e-01
5.614168047904968262e-01 9.759171605110168457e-01
5.892891287803649902e-01 7.098389863967895508e-01
8.488050699234008789e-01 3.307746350765228271e-01
5.214613080024719238e-01 6.352901458740234375e-01
1.154676750302314758e-01 1.523883491754531860e-01
5.408816337585449219e-01 8.505616188049316406e-01
9.080322384834289551e-01 5.512500181794166565e-02
8.478272557258605957e-01 1.827627047896385193e-02
9.781990200281143188e-02 1.017071679234504700e-02
9.387634396553039551e-01 7.358273267745971680e-01
6.359370350837707520e-01 1.247628629207611084e-01
2.460705935955047607e-01 5.167611837387084961e-01
3.366042077541351318e-01 3.433983772993087769e-02
1.015348434448242188e-01 8.745975494384765625e-01
4.265228211879730225e-01 7.828225493431091309e-01
2.190861403942108154e-01 3.053236007690429688e-01
3.963345289230346680e-01 1.945141404867172241e-01
7.032097578048706055e-01 5.342558622360229492e-01
9.781078696250915527e-01 7.576234340667724609e-01
1.516887694597244263e-01 5.732170939445495605e-01
2.770755067467689514e-02 6.122384071350097656e-01
9.712097644805908203e-01 8.148453831672668457e-01
3.629074096679687500e-01 9.153839349746704102e-01
8.956604003906250000e-01 3.449219763278961182e-01
2.157959938049316406e-01 2.469572275876998901e-01
4.742586612701416016e-01 5.266985893249511719e-01
8.285421133041381836e-01 3.954573348164558411e-02
2.408870905637741089e-01 7.923753559589385986e-02
7.629986405372619629e-01 6.366057991981506348e-01
5.643658041954040527e-01 4.167112987488508224e-03
2.809825837612152100e-01 8.659930825233459473e-01
2.527596354484558105e-01 6.660292744636535645e-01
2.695679366588592529e-01 2.598077952861785889e-01
1.545033901929855347e-01 9.100213646888732910e-02
7.460336089134216309e-01 7.542406916618347168e-01
9.745352268218994141e-01 6.334698200225830078e-01
6.094543337821960449e-01 3.697177171707153320e-01
4.808182716369628906e-01 5.794503092765808105e-01
3.292082250118255615e-01 6.896270513534545898e-01
8.978009223937988281e-01 1.984475106000900269e-01
7.391161918640136719e-01 1.693094670772552490e-01
8.661956191062927246e-01 4.611054360866546631e-01
6.432898640632629395e-01 4.051289856433868408e-01
2.516953349113464355e-01 6.314451098442077637e-01
3.056751787662506104e-01 1.172546893358230591e-01
3.747639358043670654e-01 1.040971130132675171e-01
4.265988990664482117e-02 8.660526275634765625e-01
5.559782981872558594e-01 5.600078105926513672e-01
1.080989316105842590e-01 6.443281173706054688e-01
1.701709926128387451e-01 7.165743410587310791e-02
3.652323186397552490e-01 2.391766160726547241e-01
5.528098940849304199e-01 4.569547176361083984e-01
3.457958400249481201e-01 4.654159843921661377e-01
3.367793262004852295e-01 7.344412803649902344e-01
5.884965062141418457e-01 1.613777726888656616e-01
4.309019818902015686e-02 5.293377637863159180e-01
7.677956819534301758e-01 6.737855076789855957e-01
9.972074627876281738e-01 2.924924902617931366e-02
5.523994565010070801e-01 2.544247508049011230e-01
6.116619706153869629e-01 4.667144715785980225e-01
2.072729170322418213e-01 1.028827205300331116e-01
3.819122910499572754e-01 9.977625012397766113e-01
1.271714121103286743e-01 1.683618873357772827e-01
7.557445168495178223e-01 8.869395256042480469e-01
6.100789904594421387e-01 5.223132967948913574e-01
4.351598620414733887e-01 8.105704784393310547e-01
3.472152054309844971e-01 9.293705821037292480e-01
4.433802366256713867e-01 3.183621168136596680e-01
5.096135139465332031e-01 4.273098409175872803e-01
3.903741240501403809e-01 5.929061174392700195e-01
6.199012994766235352e-01 1.507699340581893921e-01
5.364651679992675781e-01 1.894642710685729980e-01
4.206166137009859085e-03 2.199345827102661133e-01
8.471791148185729980e-01 1.784987151622772217e-01
4.439810514450073242e-01 7.734656799584627151e-03
2.446170896291732788e-01 9.535729885101318359e-01
1.404767930507659912e-01 3.882338702678680420e-01
8.289139270782470703e-01 7.832525968551635742e-01
7.073866724967956543e-01 6.510129570960998535e-01
6.511564850807189941e-01 4.712157845497131348e-01
5.074274539947509766e-01 3.715306222438812256e-01
8.813942074775695801e-01 6.540539860725402832e-01
5.111519098281860352e-01 1.794808208942413330e-01
5.706888437271118164e-01 2.831790745258331299e-01
2.400868684053421021e-01 4.225339889526367188e-01
7.055047750473022461e-01 2.439520210027694702e-01
6.645889878273010254e-01 7.047417163848876953e-01
6.593404412269592285e-01 4.792167842388153076e-01
6.591656208038330078e-01 7.287158966064453125e-01
1.265806257724761963e-01 6.367153525352478027e-01
6.952078640460968018e-02 6.780321896076202393e-02
2.751493267714977264e-02 8.265997171401977539e-01
7.915558815002441406e-01 5.712138414382934570e-01
1.155388429760932922e-01 8.063151240348815918e-01
8.791618049144744873e-02 3.980450630187988281e-01
9.897799789905548096e-02 9.775795340538024902e-01
6.525412797927856445e-01 5.319128632545471191e-01
8.980591297149658203e-01 9.842966198921203613e-01
1.064520105719566345e-01 9.940551519393920898e-01
5.231259465217590332e-01 8.263961225748062134e-02
6.739484667778015137e-01 1.600770466029644012e-02
6.908804178237915039e-02 1.787560433149337769e-01
8.233773112297058105e-01 1.902593225240707397e-01
7.735638618469238281e-01 1.046040132641792297e-01
9.677177667617797852e-02 7.590630054473876953e-01
4.871407151222229004e-01 6.352621912956237793e-01
9.532391428947448730e-01 4.777749180793762207e-01
3.573732376098632812e-01 6.282742023468017578e-01
7.570640444755554199e-01 1.872248500585556030e-01
6.827601790428161621e-01 4.224011600017547607e-01
8.307254910469055176e-01 4.945412576198577881e-01
2.499137446284294128e-02 6.388551592826843262e-01
6.478492021560668945e-01 2.535992264747619629e-01
4.981593489646911621e-01 3.587329685688018799e-01
8.052297830581665039e-01 8.085165619850158691e-01
2.842866480350494385e-01 6.251776218414306641e-01
5.473325252532958984e-01 8.912023305892944336e-01
6.223842129111289978e-02 6.433905363082885742e-01
1.431032828986644745e-02 6.184353232383728027e-01
5.130808949470520020e-01 1.324316021054983139e-02
8.325048685073852539e-01 7.838656902313232422e-01
1.468137055635452271e-01 1.486096531152725220e-01
4.316260814666748047e-01 4.680359363555908203e-02
4.731054902076721191e-01 1.376475393772125244e-02
1.844336390495300293e-01 7.526568174362182617e-01
3.088170289993286133e-01 1.289057135581970215e-01
4.161443710327148438e-01 4.738732278347015381e-01
5.487196445465087891e-01 1.689438372850418091e-01
6.830835342407226562e-01 5.724467635154724121e-01
5.059643983840942383e-01 8.931180834770202637e-01
9.545468688011169434e-01 7.103607058525085449e-01
7.750349044799804688e-01 8.928840160369873047e-01
7.663831859827041626e-02 1.015670150518417358e-01
6.287247538566589355e-01 6.887042522430419922e-01
4.074700474739074707e-01 5.206365585327148438e-01
1.612384766340255737e-01 3.514916002750396729e-01
6.293897628784179688e-01 1.896988153457641602e-01
8.247287869453430176e-01 2.993825376033782959e-01
6.049091815948486328e-01 8.517552018165588379e-01
6.762738227844238281e-01 6.296874880790710449e-01
3.812404870986938477e-01 9.551440477371215820e-01
4.557941854000091553e-02 7.488539814949035645e-01
9.463454484939575195e-01 6.989072561264038086e-01
6.973569095134735107e-02 1.953980177640914917e-01
3.111886382102966309e-01 7.734084725379943848e-01
7.514048218727111816e-01 2.342761158943176270e-01
3.907859623432159424e-01 7.752503752708435059e-01
3.556037247180938721e-01 1.667347103357315063e-01
9.129442572593688965e-01 7.619584798812866211e-01
1.559215486049652100e-01 6.038126349449157715e-01
8.785686641931533813e-02 9.326074719429016113e-01
4.144704341888427734e-01 7.985885739326477051e-01
9.190310537815093994e-02 7.873989939689636230e-01
4.664876759052276611e-01 6.328684687614440918e-01
1.335889399051666260e-01 4.339144527912139893e-01
2.128349691629409790e-01 8.175727128982543945e-01
6.246161460876464844e-01 6.127822995185852051e-01
9.206550568342208862e-02 7.910274714231491089e-02
4.508006572723388672e-01 6.958858966827392578e-01
1.079700291156768799e-01 7.840160280466079712e-02
9.219200015068054199e-01 4.112202227115631104e-01
2.724584639072418213e-01 8.272735476493835449e-01
7.333197444677352905e-02 1.158412396907806396e-01
4.805362820625305176e-01 5.701762437820434570e-02
7.824027538299560547e-01 5.316964387893676758e-01
2.537136077880859375e-01 7.331125140190124512e-01
7.848064601421356201e-02 3.125081062316894531e-01
3.976159989833831787e-01 4.541349411010742188e-01
4.224971830844879150e-01 2.609690427780151367e-01
5.117714405059814453e-01 5.460582971572875977e-01
8.925043940544128418e-01 9.032293558120727539e-01
3.778897821903228760e-01 1.583879627287387848e-02
6.600492000579833984e-01 2.740907073020935059e-01
5.204455256462097168e-01 4.317456185817718506e-01
8.798889517784118652e-01 1.798262447118759155e-01
8.628497719764709473e-01 8.043130040168762207e-01
9.736797809600830078e-01 7.167599201202392578e-01
6.913209557533264160e-01 8.307738900184631348e-01
5.294895172119140625e-01 6.082639694213867188e-01
7.380490899085998535e-01 4.177199304103851318e-02
5.174905061721801758e-01 5.054957866668701172e-01
5.973538160324096680e-01 2.695111334323883057e-01
5.720607042312622070e-01 7.409998029470443726e-02
1.176492497324943542e-01 3.157173991203308105e-01
8.700225949287414551e-01 3.556974232196807861e-01
4.522081911563873291e-01 7.485247254371643066e-01
4.056163728237152100e-01 5.752447843551635742e-01
1.304743736982345581e-01 3.381153941154479980e-02
7.898604869842529297e-01 1.736461669206619263e-01
7.274781465530395508e-01 5.880329012870788574e-01
6.011853218078613281e-01 3.419194221496582031e-01
2.734358981251716614e-02 2.946711778640747070e-01
7.598947882652282715e-01 1.281947642564773560e-01
8.762242197990417480e-01 5.556557774543762207e-01
9.184888005256652832e-01 7.347438335418701172e-01
3.535656332969665527e-01 1.991230994462966919e-01
8.991258144378662109e-01 9.843830466270446777e-01
2.346198260784149170e-01 4.226575791835784912e-01
8.660737276077270508e-01 7.993732690811157227e-01
4.270945191383361816e-01 7.409127801656723022e-02
1.449716389179229736e-01 8.187612295150756836e-01
9.345533847808837891e-01 8.876280188560485840e-01
8.158644437789916992e-01 3.052892982959747314e-01
3.714933395385742188e-01 8.388164639472961426e-01
6.721636056900024414e-01 5.268664658069610596e-02
8.859735727310180664e-01 6.731187105178833008e-01
9.908719360828399658e-02 6.631827950477600098e-01
1.822656840085983276e-01 7.567228674888610840e-01
7.599926590919494629e-01 3.724741041660308838e-01
7.190280556678771973e-01 2.362283766269683838e-01
4.256787896156311035e-01 9.844685196876525879e-01
5.582256317138671875e-01 7.723004817962646484e-01
1.197560653090476990e-01 1.518880855292081833e-02
5.531355142593383789e-01 8.519734740257263184e-01
7.941130995750427246e-01 6.302603483200073242e-01
4.947538971900939941e-01 2.073722481727600098e-01
2.142088301479816437e-02 1.073722913861274719e-01
5.966811180114746094e-01 1.879070997238159180e-01
8.124932646751403809e-01 4.904850199818611145e-02
7.725610136985778809e-01 8.058428764343261719e-02
7.364028096199035645e-01 3.813380300998687744e-01
7.202507853507995605e-01 5.596153736114501953e-01
5.392259955406188965e-01 8.186581730842590332e-01
9.779015183448791504e-01 1.524503529071807861e-01
3.121465444564819336e-01 6.472527980804443359e-01
6.169716715812683105e-01 9.323984980583190918e-01
8.286147713661193848e-01 2.278593778610229492e-01
1.353788524866104126e-01 6.052221059799194336e-01
7.276221513748168945e-01 4.897504746913909912e-01
8.237792253494262695e-01 9.073078036308288574e-01
8.592064380645751953e-01 6.717597842216491699e-01
2.305561117827892303e-02 9.009369611740112305e-01
6.782676577568054199e-01 8.098888993263244629e-01
5.995049476623535156e-01 8.005504608154296875e-01
6.171999573707580566e-01 2.409448474645614624e-01
7.815337181091308594e-01 9.335091710090637207e-01
6.082570552825927734e-01 5.785132646560668945e-01
6.054384708404541016e-01 9.582197070121765137e-01
6.440545320510864258e-01 4.201067984104156494e-01
3.693065047264099121e-02 1.697864830493927002e-01
6.399417519569396973e-01 2.552245557308197021e-01
4.554975330829620361e-01 6.039315462112426758e-01
9.307015538215637207e-01 9.923446923494338989e-02
8.365217447280883789e-01 5.366690158843994141e-01
5.264677405357360840e-01 3.450185954570770264e-01
3.057349920272827148e-01 7.871521115303039551e-01
8.803136944770812988e-01 3.982820808887481689e-01
3.028290271759033203e-01 4.479924440383911133e-01
7.441315650939941406e-01 1.534038931131362915e-01
2.935778498649597168e-01 2.939732968807220459e-01
8.598832488059997559e-01 9.277614951133728027e-01
3.513728976249694824e-01 2.439830079674720764e-02
6.296896934509277344e-01 7.008801102638244629e-01
7.847262024879455566e-01 3.396203517913818359e-01
4.385116696357727051e-01 8.045068979263305664e-01
9.824858307838439941e-01 2.805510461330413818e-01
9.563050270080566406e-01 6.791293025016784668e-01
8.346270918846130371e-01 2.160405069589614868e-01
4.057257771492004395e-01 8.249108791351318359e-01
8.748885989189147949e-01 1.535506993532180786e-01
3.725941181182861328e-01 5.141049623489379883e-01
7.099385857582092285e-01 3.022272884845733643e-01
6.764341890811920166e-02 1.615499854087829590e-01
4.783712923526763916e-01 6.942649483680725098e-01
7.268330454826354980e-01 8.218653202056884766e-01
3.256228864192962646e-01 8.355525732040405273e-01
1.767147332429885864e-01 7.849956750869750977e-01
5.703242421150207520e-01 4.926573634147644043e-01
6.814823150634765625e-01 1.133361905813217163e-01
8.532408475875854492e-01 2.560606002807617188e-01
3.378193080425262451e-01 1.832690834999084473e-01
7.411055564880371094e-01 6.928563714027404785e-01
1.452965438365936279e-01 3.232621252536773682e-01
8.474769592285156250e-01 7.941373437643051147e-02
9.875608086585998535e-01 8.259325623512268066e-01
6.455055475234985352e-01 4.425016641616821289e-01
4.246959388256072998e-01 9.669937491416931152e-01
9.991189241409301758e-01 2.027474716305732727e-02
4.456133842468261719e-01 8.142278790473937988e-01
6.292508840560913086e-01 2.269157171249389648e-01
4.114480018615722656e-01 3.662485182285308838e-01
9.042451381683349609e-01 3.100275099277496338e-01
7.727150321006774902e-01 7.282056808471679688e-01
2.744054198265075684e-01 1.407192200422286987e-01
8.601801991462707520e-01 9.717586636543273926e-01
5.144046545028686523e-01 9.965158104896545410e-01
8.431784808635711670e-02 9.157263040542602539e-01
5.370001792907714844e-01 1.622375845909118652e-01
1.300711333751678467e-01 3.943989276885986328e-01
5.292016863822937012e-01 9.837434887886047363e-01
3.389696776866912842e-01 6.183861494064331055e-01
6.247333884239196777e-01 6.704676747322082520e-01
9.028032422065734863e-01 1.247078254818916321e-01
6.378152966499328613e-01 2.636201381683349609e-01
3.414179384708404541e-01 5.287326872348785400e-02
7.222359180450439453e-01 1.504511684179306030e-01
9.192699790000915527e-01 2.682461440563201904e-01
5.739639401435852051e-01 3.495054244995117188e-01
5.942986011505126953e-01 7.855023145675659180e-01
7.045938968658447266e-01 8.963378146290779114e-03
4.799576401710510254e-01 5.430535078048706055e-01
3.304600119590759277e-01 7.783630490303039551e-01
6.032348871231079102e-01 6.547268629074096680e-01
8.996692299842834473e-02 8.134157657623291016e-01
5.255224108695983887e-01 6.529753208160400391e-01
6.923158764839172363e-01 1.317904293537139893e-01
2.027259618043899536e-01 3.370502591133117676e-01
2.244681119918823242e-01 2.588851749897003174e-02
8.434713482856750488e-01 3.795888423919677734e-01
4.504289925098419189e-01 7.400602102279663086e-02
1.550769209861755371e-01 5.070780515670776367e-01
8.123822808265686035e-01 4.575040936470031738e-01
6.490123867988586426e-01 6.429668068885803223e-01
2.645598948001861572e-01 5.453975200653076172e-01
6.720770597457885742e-01 1.889005303382873535e-01
6.984440088272094727e-01 3.956097364425659180e-01
6.572989225387573242e-01 1.302592456340789795e-01
7.313054800033569336e-01 9.559442996978759766e-01
6.494018435478210449e-01 4.920724928379058838e-01
3.105739057064056396e-01 6.788986325263977051e-01
2.032582908868789673e-01 7.735965251922607422e-01
2.983434200286865234e-01 6.454838514328002930e-01
8.351919651031494141e-01 9.728706628084182739e-02
9.555304646492004395e-01 4.787445664405822754e-01
9.478061199188232422e-01 5.991972982883453369e-02
5.104118585586547852e-01 4.803820848464965820e-01
7.287355661392211914e-01 2.881347537040710449e-01
7.373039126396179199e-01 6.117428541183471680e-01
2.606261335313320160e-02 4.972472190856933594e-01
9.023902565240859985e-02 8.635475635528564453e-01
7.932323813438415527e-01 3.994747996330261230e-01
2.965095043182373047e-01 6.150461435317993164e-01
4.766444563865661621e-01 9.870510697364807129e-01
1.804775446653366089e-01 5.952666997909545898e-01
8.776079416275024414e-01 2.372882217168807983e-01
7.825796008110046387e-01 5.724467635154724121e-01
8.282710313796997070e-01 5.271588563919067383e-01
4.267697334289550781e-01 6.014972329139709473e-01
7.062738537788391113e-01 2.004461735486984253e-01
9.276239573955535889e-02 4.524628221988677979e-01
1.215345263481140137e-01 6.081985831260681152e-01
8.641406893730163574e-01 9.600798487663269043e-01
4.866852760314941406e-01 3.315632343292236328e-01
3.742018640041351318e-01 3.304721415042877197e-01
6.648372411727905273e-01 3.993860483169555664e-01
2.179471701383590698e-01 2.401153296232223511e-01
2.843975424766540527e-01 3.570675253868103027e-01
6.320543885231018066e-01 4.020743966102600098e-01
7.267422974109649658e-02 4.163093864917755127e-01
9.159322977066040039e-01 3.654660284519195557e-01
1.379175391048192978e-02 3.022759556770324707e-01
2.310085743665695190e-01 1.215668171644210815e-01
3.397882282733917236e-01 5.444711446762084961e-01
8.889784663915634155e-02 1.007553189992904663e-01
7.610073685646057129e-01 4.423148632049560547e-01
7.387885451316833496e-01 7.620567455887794495e-03
7.706394046545028687e-02 7.345646619796752930e-01
9.570412039756774902e-01 5.770710706710815430e-01
6.188868880271911621e-01 2.637831568717956543e-01
4.219846129417419434e-01 2.230907529592514038e-01
6.018866300582885742e-01 8.669099956750869751e-02
5.149097442626953125e-01 5.187309812754392624e-03
8.160335421562194824e-01 4.113609790802001953e-01
2.898701280355453491e-02 5.864850878715515137e-01
1.721376180648803711e-01 8.150858432054519653e-02
7.865067720413208008e-01 2.194223254919052124e-01
5.855595469474792480e-01 1.369848102331161499e-01
9.702082872390747070e-01 3.254436850547790527e-01
5.264578461647033691e-01 2.330037057399749756e-01
6.017215847969055176e-01 3.600538969039916992e-01
6.250740885734558105e-01 5.678485631942749023e-01
4.915510118007659912e-01 3.444765210151672363e-01
9.465627074241638184e-01 8.240251541137695312e-01
3.987930417060852051e-01 7.877383232116699219e-01
5.540191009640693665e-02 2.458475381135940552e-01
7.877653241157531738e-01 3.569100797176361084e-01
2.087514847517013550e-01 5.193821340799331665e-02
7.379335761070251465e-01 5.337410569190979004e-01
6.853132843971252441e-01 6.698805838823318481e-03
7.862353324890136719e-01 3.974745869636535645e-01
1.034746617078781128e-01 1.146422177553176880e-01
4.579242467880249023e-01 1.605041772127151489e-01
2.921241149306297302e-02 7.437349557876586914e-01
4.657504558563232422e-01 3.757734000682830811e-01
7.960460782051086426e-01 7.873308658599853516e-02
5.571548938751220703e-01 7.726343870162963867e-01
7.811779379844665527e-01 3.772862851619720459e-01
6.434619426727294922e-01 4.202272891998291016e-01
8.414449095726013184e-01 2.950397431850433350e-01
6.241201162338256836e-01 7.580001354217529297e-01
3.388869762420654297e-01 4.181603491306304932e-01
8.140750527381896973e-01 1.979670301079750061e-02
5.618396997451782227e-01 3.298183083534240723e-01
7.115358114242553711e-01 4.196316897869110107e-01
3.406844735145568848e-01 7.174760699272155762e-01
5.007080435752868652e-01 3.507833182811737061e-01
1.196232661604881287e-01 4.685382246971130371e-01
2.042592018842697144e-01 6.652090549468994141e-01
8.083087205886840820e-01 5.322973728179931641e-01
9.248176217079162598e-01 9.221874475479125977e-01
8.595904111862182617e-01 8.431649804115295410e-01
6.716468930244445801e-01 2.430224269628524780e-01
2.563707828521728516e-01 6.290583610534667969e-01
9.271912276744842529e-02 8.782116770744323730e-01
4.519066214561462402e-01 3.425622880458831787e-01
9.164123535156250000e-01 6.610971689224243164e-01
8.477046489715576172e-01 7.462587952613830566e-01
5.121932625770568848e-01 5.664418339729309082e-01
8.472564220428466797e-01 8.447959423065185547e-01
4.735858142375946045e-01 4.436997175216674805e-01
3.973595499992370605e-01 5.871570706367492676e-01
5.814718604087829590e-01 6.686214208602905273e-01
5.761351585388183594e-01 4.640179872512817383e-01
5.069018900394439697e-02 8.792909979820251465e-01
5.475936532020568848e-01 7.567712068557739258e-01
7.569562196731567383e-01 7.076913118362426758e-02
3.628089427947998047e-01 5.646142959594726562e-01
8.128493428230285645e-01 6.465607881546020508e-02
8.976962566375732422e-01 8.137023448944091797e-01
6.417744755744934082e-01 7.555427402257919312e-02
8.898031711578369141e-01 8.504762649536132812e-01
6.447452306747436523e-01 7.129014283418655396e-02
7.199037075042724609e-02 3.369215428829193115e-01
6.832339763641357422e-01 6.050367951393127441e-01
5.401516556739807129e-01 6.912497878074645996e-01
6.024935841560363770e-01 7.895919680595397949e-01
7.428349256515502930e-01 9.142434597015380859e-01
8.980712890625000000e-01 7.851551771163940430e-01
2.804378420114517212e-02 8.779808282852172852e-01
5.001719594001770020e-01 4.630883932113647461e-01
5.740802288055419922e-01 5.054511427879333496e-01
1.377661377191543579e-01 9.780352115631103516e-01
3.861678540706634521e-01 7.464606165885925293e-01
5.960960388183593750e-01 2.009984105825424194e-01
9.181945919990539551e-01 6.931613683700561523e-01
6.323301196098327637e-01 1.647579967975616455e-01
7.900751195847988129e-03 3.300036489963531494e-01
8.885920643806457520e-01 1.803040951490402222e-01
9.292066693305969238e-01 7.778311967849731445e-01
8.184013962745666504e-01 3.422270417213439941e-01
7.438958883285522461e-01 3.374938070774078369e-01
1.465777456760406494e-01 9.484733343124389648e-01
7.208728194236755371e-01 4.133947193622589111e-01
8.636224269866943359e-01 3.695319592952728271e-01
5.070946812629699707e-01 7.465427517890930176e-01
2.121822685003280640e-01 5.312502384185791016e-01
9.266422986984252930e-01 9.847632646560668945e-01
6.857097744941711426e-01 2.711693942546844482e-01
6.266822814941406250e-01 5.949565768241882324e-01
1.557453069835901260e-02 4.640112221240997314e-01
9.836000800132751465e-01 3.103749454021453857e-01
8.942919969558715820e-01 2.880564630031585693e-01
5.164442062377929688e-01 7.524159550666809082e-01
6.488941907882690430e-01 4.441254213452339172e-02
9.791877269744873047e-01 4.116152226924896240e-02
4.071341156959533691e-01 5.761873722076416016e-01
3.027756512165069580e-01 3.648748695850372314e-01
9.765409827232360840e-01 7.706025242805480957e-01
4.865640103816986084e-01 6.267988681793212891e-01
1.370489448308944702e-01 4.654583930969238281e-01
7.011168003082275391e-01 9.490687847137451172e-01
3.264073282480239868e-02 2.727850079536437988e-01
2.818278074264526367e-01 8.224878311157226562e-01
3.954880833625793457e-01 4.213885366916656494e-01
6.977853775024414062e-01 8.656381368637084961e-01
5.495086312294006348e-01 8.320634961128234863e-01
3.783297538757324219e-01 9.661012291908264160e-01
9.839968681335449219e-01 4.713008105754852295e-01
9.076300263404846191e-01 7.948899865150451660e-01
5.605248212814331055e-01 1.436833888292312622e-01
5.660445690155029297e-01 8.460807204246520996e-01
7.579655051231384277e-01 1.221641600131988525e-01
8.158274292945861816e-01 4.279488027095794678e-01
9.955673217773437500e-01 6.045094132423400879e-01
9.212620854377746582e-01 8.640962839126586914e-01
3.291034102439880371e-01 2.929071485996246338e-01
2.268026322126388550e-01 4.889964461326599121e-01
3.350358307361602783e-01 7.366770505905151367e-01
4.655155241489410400e-01 7.978610396385192871e-01
5.143052935600280762e-01 4.321101680397987366e-02
6.793555617332458496e-01 2.449151873588562012e-01
5.373891592025756836e-01 3.465283811092376709e-01
8.455330133438110352e-01 1.685440987348556519e-01
6.811236739158630371e-01 6.384181976318359375e-01
5.978620648384094238e-01 2.587749958038330078e-01
5.192508921027183533e-02 6.982281804084777832e-01
3.888538479804992676e-01 6.185501813888549805e-01
8.021211624145507812e-01 5.389791131019592285e-01
4.500378668308258057e-01 7.481724619865417480e-01
4.002679139375686646e-02 1.589002460241317749e-01
5.467861294746398926e-01 1.392055004835128784e-01
6.838605999946594238e-01 3.294301927089691162e-01
7.001775503158569336e-01 5.056511759757995605e-01
9.174638390541076660e-01 2.344707399606704712e-01
4.281211197376251221e-01 4.151265919208526611e-01
6.281138658523559570e-01 5.937619805335998535e-01
9.691546559333801270e-01 5.423204898834228516e-01
9.648761153221130371e-01 7.967205047607421875e-01
3.494817316532135010e-01 1.753082871437072754e-01
7.242394089698791504e-01 8.624613881111145020e-01
3.834129869937896729e-01 3.531065881252288818e-01
9.523093104362487793e-01 3.753054440021514893e-01
9.333313256502151489e-02 4.673789739608764648e-01
5.690526962280273438e-01 1.929984986782073975e-01
4.766966402530670166e-01 4.777181446552276611e-01
8.287081867456436157e-02 3.562388420104980469e-01
2.869306802749633789e-01 6.767197847366333008e-01
7.449145913124084473e-01 6.140277981758117676e-01
4.580517113208770752e-02 5.716235041618347168e-01
1.812014728784561157e-01 4.595421850681304932e-01
8.614513278007507324e-01 4.678833484649658203e-02
1.068693697452545166e-01 8.918277025222778320e-01
1.863878518342971802e-01 7.953153848648071289e-01
5.661182999610900879e-01 8.683685064315795898e-01
6.346229929476976395e-03 4.349965751171112061e-01
8.639307618141174316e-01 6.990334391593933105e-01
5.476900935173034668e-01 4.795407950878143311e-01
7.832170724868774414e-01 9.502143263816833496e-01
1.592578291893005371e-01 3.651255741715431213e-02
4.423992335796356201e-01 3.056457638740539551e-01
3.626018166542053223e-01 6.201518774032592773e-01
6.059836149215698242e-01 8.233463168144226074e-01
6.602883934974670410e-01 9.992641806602478027e-01
5.297631025314331055e-01 2.719580531120300293e-01
4.503887593746185303e-01 6.863881945610046387e-01
3.829670697450637817e-02 7.185913324356079102e-01
5.645101070404052734e-01 3.118611574172973633e-01
6.138265132904052734e-01 4.263235256075859070e-02
6.808775663375854492e-01 3.404623866081237793e-01
7.486859560012817383e-01 9.725728034973144531e-01
7.665960192680358887e-01 2.122050523757934570e-01
5.864175558090209961e-01 1.309341490268707275e-01
4.172876179218292236e-01 1.436240971088409424e-01
5.371329188346862793e-01 3.131735622882843018e-01
5.739513039588928223e-01 3.196609616279602051e-01
5.794768929481506348e-01 7.373996376991271973e-01
5.959153175354003906e-01 5.802522599697113037e-02
7.156884670257568359e-01 6.968872547149658203e-01
7.437536120414733887e-01 3.264210224151611328e-01
7.449874877929687500e-01 8.579003810882568359e-01
7.113605141639709473e-01 2.319758385419845581e-01
5.495569705963134766e-01 8.578964471817016602e-01
9.877865910530090332e-01 2.944182753562927246e-01
9.846976958215236664e-03 4.521051049232482910e-01
3.532766699790954590e-01 1.808337718248367310e-01
9.889026880264282227e-01 3.395509123802185059e-01
7.690345048904418945e-01 1.802595853805541992e-01
5.382965207099914551e-01 6.846222281455993652e-01
7.247192263603210449e-01 5.253155827522277832e-01
9.575412869453430176e-01 7.920813560485839844e-01
5.877224206924438477e-01 4.838997721672058105e-01
7.097659111022949219e-01 8.604485988616943359e-01
4.143027067184448242e-01 5.320158600807189941e-01
4.356535524129867554e-02 4.844321310520172119e-02
6.680665016174316406e-01 5.539542436599731445e-01
5.889468789100646973e-01 7.275384068489074707e-01
9.389423131942749023e-01 2.153167966753244400e-03
7.109522819519042969e-01 4.448521435260772705e-01
1.765187643468379974e-02 6.476159691810607910e-01
8.751795887947082520e-01 7.455462217330932617e-01
2.751414477825164795e-01 3.539878129959106445e-01
2.861537337303161621e-01 5.253655314445495605e-01
6.125376820564270020e-01 4.344983398914337158e-01
1.982411295175552368e-01 9.223092198371887207e-01
5.032674074172973633e-01 5.242232084274291992e-01
9.109167456626892090e-01 5.829315185546875000e-01
2.062818855047225952e-01 5.023285374045372009e-02
6.205835342407226562e-01 1.220729351043701172e-01
7.476835250854492188e-01 8.439090847969055176e-01
2.598017081618309021e-02 8.693335056304931641e-01
4.780751168727874756e-01 1.107020080089569092e-01
2.262081392109394073e-02 2.690008282661437988e-01
4.435314536094665527e-01 4.390515983104705811e-01
2.940161824226379395e-01 1.942042633891105652e-02
6.116355061531066895e-01 1.572218984365463257e-01
3.636251986026763916e-01 5.752105116844177246e-01
6.853435635566711426e-01 5.309309363365173340e-01
6.063821911811828613e-01 4.307761192321777344e-01
3.936232030391693115e-01 5.169662833213806152e-01
4.329570531845092773e-01 4.281598329544067383e-01
3.177971839904785156e-01 3.103452026844024658e-01
8.815933465957641602e-01 8.106792569160461426e-01
6.952453255653381348e-01 9.870092868804931641e-01
9.761703014373779297e-01 9.438226372003555298e-02
3.809818923473358154e-01 2.685541212558746338e-01
2.164732813835144043e-01 8.912739157676696777e-01
9.128309488296508789e-01 8.949111700057983398e-01
6.402298808097839355e-01 7.516288757324218750e-01
5.004078745841979980e-01 4.140979945659637451e-01
9.605224728584289551e-01 9.926842451095581055e-01
6.669821143150329590e-01 7.805106639862060547e-01
7.555772662162780762e-01 1.425151526927947998e-01
7.887919545173645020e-01 9.175370335578918457e-01
8.231981992721557617e-01 1.608188599348068237e-01
2.649639248847961426e-01 3.979391455650329590e-01
8.684961795806884766e-01 1.505340039730072021e-01
4.969124495983123779e-01 1.865139156579971313e-01
8.236018419265747070e-01 3.519192039966583252e-01
9.805032014846801758e-01 1.886423327960073948e-03
3.929458558559417725e-01 6.467317342758178711e-01
8.401891589164733887e-01 8.619336783885955811e-02
2.544776201248168945e-01 9.797684848308563232e-02
4.965687096118927002e-01 6.275941133499145508e-01
7.620880007743835449e-01 5.250474810600280762e-01
1.947771906852722168e-01 7.526686787605285645e-01
4.463463127613067627e-01 6.128891706466674805e-01
1.493649780750274658e-01 2.942272126674652100e-01
6.972814202308654785e-01 2.123153507709503174e-01
8.679317235946655273e-01 3.099021017551422119e-01
7.822203636169433594e-01 9.292121529579162598e-01
3.979478776454925537e-01 5.283724069595336914e-01
1.174551323056221008e-01 3.014829456806182861e-01
4.613519608974456787e-01 6.589486002922058105e-01
4.117044210433959961e-01 1.701086312532424927e-01
2.145329862833023071e-01 3.265602290630340576e-01
6.958544850349426270e-01 7.352658510208129883e-01
5.625291466712951660e-01 4.422703012824058533e-02
7.546362876892089844e-01 3.173494040966033936e-01
9.377772808074951172e-01 7.327270507812500000e-01
8.086577057838439941e-01 4.929875135421752930e-01
2.557449340820312500e-01 8.479428291320800781e-02
5.733522176742553711e-01 4.302250742912292480e-01
1.888018473982810974e-02 9.048858284950256348e-01
1.789668649435043335e-01 8.216018229722976685e-02
7.503012567758560181e-02 4.786358680576086044e-03
2.305700629949569702e-01 1.432525962591171265e-01
3.684571683406829834e-01 2.242118865251541138e-01
6.990646719932556152e-01 1.678228676319122314e-01
2.550597488880157471e-01 4.376490116119384766e-01
1.705067604780197144e-01 8.857657313346862793e-01
4.382984638214111328e-01 6.343451142311096191e-01
9.596786499023437500e-01 6.871996521949768066e-01
2.097129225730895996e-01 5.438365340232849121e-01
6.181969642639160156e-01 9.537213444709777832e-01
4.734225869178771973e-01 6.377371549606323242e-01
6.206489801406860352e-01 4.469451010227203369e-01
2.510768175125122070e-01 6.348487734794616699e-01
2.621473968029022217e-01 7.211830615997314453e-01
4.981147050857543945e-01 8.072997331619262695e-01
1.847246438264846802e-01 3.586286306381225586e-02
4.735864102840423584e-01 3.456685543060302734e-01
9.562391638755798340e-01 8.943983912467956543e-01
5.888288617134094238e-01 5.243470668792724609e-01
3.784176707267761230e-01 4.035752713680267334e-01
8.954542279243469238e-01 1.322474330663681030e-01
1.918975859880447388e-01 7.751061916351318359e-01
7.786006331443786621e-01 3.656938374042510986e-01
6.668773889541625977e-01 4.108895659446716309e-01
3.663187846541404724e-02 2.910269051790237427e-02
4.459077417850494385e-01 6.126905083656311035e-01
6.802715659141540527e-01 8.279500603675842285e-01
5.857148766517639160e-01 6.450107097625732422e-01
1.349411811679601669e-02 5.676382184028625488e-01
5.938218235969543457e-01 7.178539782762527466e-02
8.163068294525146484e-01 5.701730847358703613e-01
5.650313496589660645e-01 4.413796365261077881e-01
9.595565795898437500e-01 8.335304260253906250e-01
4.726891592144966125e-02 4.735574498772621155e-02
3.370235562324523926e-01 7.743095606565475464e-02
3.879030793905258179e-02 4.635063409805297852e-01
5.343672633171081543e-01 9.745391011238098145e-01
1.375071257352828979e-01 6.148717403411865234e-01
5.054841041564941406e-01 4.712798893451690674e-01
9.977203607559204102e-02 1.644563674926757812e-01
8.989004492759704590e-01 2.263251096010208130e-01
1.253540813922882080e-01 2.380199730396270752e-01
8.772429823875427246e-01 7.667101025581359863e-01
3.855311870574951172e-01 6.542394310235977173e-02
4.907888472080230713e-01 5.754278302192687988e-01
4.139670133590698242e-01 5.072122216224670410e-01
4.143372476100921631e-01 7.099075913429260254e-01
8.408284783363342285e-01 3.097218461334705353e-02
3.240355253219604492e-01 4.963280260562896729e-01
7.994286417961120605e-01 4.202560782432556152e-01
8.158035278320312500e-01 4.436632990837097168e-01
7.800629734992980957e-01 4.640858173370361328e-01
9.839905500411987305e-01 2.196749672293663025e-02
9.237660765647888184e-01 8.833987116813659668e-01
9.901890754699707031e-01 1.358638703823089600e-01
5.430975556373596191e-01 2.512875795364379883e-01
6.570413112640380859e-01 3.022106885910034180e-01
5.387272834777832031e-01 7.566115260124206543e-01
5.579165816307067871e-01 9.543185234069824219e-01
5.215713977813720703e-01 1.476811617612838745e-01
3.760046660900115967e-01 3.822571039199829102e-01
4.140290915966033936e-01 9.094992876052856445e-01
4.998887479305267334e-01 8.959122747182846069e-02
6.775327920913696289e-01 3.652641177177429199e-01
4.005447402596473694e-02 7.743610739707946777e-01
7.315295338630676270e-01 7.540163993835449219e-01
