5.898820161819458008e-01 2.091211825609207153e-01
6.871565580368041992e-01 1.488770637661218643e-02
7.551277279853820801e-01 9.189107418060302734e-01
1.507293283939361572e-01 6.158982515335083008e-01
5.909982919692993164e-01 1.288684606552124023e-01
9.601097702980041504e-01 8.046903014183044434e-01
3.486728370189666748e-01 7.965800762176513672e-01
7.037863135337829590e-01 7.862237095832824707e-01
4.935509562492370605e-01 7.776063680648803711e-01
2.891698777675628662e-01 4.974459856748580933e-02
8.122062087059020996e-01 1.723684519529342651e-01
5.269597098231315613e-02 6.138753890991210938e-01
3.914390206336975098e-01 3.216400370001792908e-02
7.668467164039611816e-01 8.904376626014709473e-01
2.243085652589797974e-01 6.481621861457824707e-01
3.012360930442810059e-01 4.858222603797912598e-01
2.313351482152938843e-01 1.218355745077133179e-01
1.625009030103683472e-01 5.923380255699157715e-01
4.285647571086883545e-01 3.505328595638275146e-01
4.630564898252487183e-02 7.135694473981857300e-02
9.439800977706909180e-01 3.255483508110046387e-01
8.132702112197875977e-01 4.829430282115936279e-01
2.230880707502365112e-01 1.497779190540313721e-01
3.295524120330810547e-01 9.706035852432250977e-01
8.561005592346191406e-01 7.499523758888244629e-01
9.834694266319274902e-01 8.950003981590270996e-01
8.991097211837768555e-01 1.429743468761444092e-01
5.564641356468200684e-01 1.114139333367347717e-02
2.200703024864196777e-01 2.589828372001647949e-01
3.299526572227478027e-01 1.426688432693481445e-01
5.227520465850830078e-01 4.457057416439056396e-01
1.834890432655811310e-02 5.067253708839416504e-01
1.202735453844070435e-01 9.015275835990905762e-01
9.167760610580444336e-03 3.094324767589569092e-01
5.696732401847839355e-01 2.288386784493923187e-02
5.105316042900085449e-01 1.072230339050292969e-01
8.252283334732055664e-01 4.799121618270874023e-01
4.849683344364166260e-01 3.466264605522155762e-01
8.313668519258499146e-02 1.814048439264297485e-01
4.989283680915832520e-01 4.358623921871185303e-01
6.122703552246093750e-01 3.101015686988830566e-01
6.081607192754745483e-02 9.941185712814331055e-01
8.720329999923706055e-01 4.257601499557495117e-02
7.901179194450378418e-01 2.445378750562667847e-01
9.277504086494445801e-01 2.517457902431488037e-01
8.684093505144119263e-02 7.984121441841125488e-01
4.581080079078674316e-01 2.906540930271148682e-01
7.937936782836914062e-01 4.641281962394714355e-01
8.014635443687438965e-01 4.949412047863006592e-01
2.350787669420242310e-01 1.966632008552551270e-01
6.691575795412063599e-02 2.851129472255706787e-01
8.633192181587219238e-01 5.421723723411560059e-01
1.077837571501731873e-01 1.259404718875885010e-01
3.489878494292497635e-03 4.384243488311767578e-01
6.329075098037719727e-01 7.530319690704345703e-01
6.466200947761535645e-01 4.903436899185180664e-01
8.343099951744079590e-01 2.671749591827392578e-01
3.494557440280914307e-01 8.789698481559753418e-01
7.918185591697692871e-01 7.028605341911315918e-01
9.057474732398986816e-01 2.700743973255157471e-01
6.169747933745384216e-02 4.181627631187438965e-01
6.696019768714904785e-01 1.864319294691085815e-02
7.976062893867492676e-01 9.463695287704467773e-01
3.306743800640106201e-01 8.521985411643981934e-01
8.739527463912963867e-01 7.461941242218017578e-01
7.124939560890197754e-01 3.111263513565063477e-01
1.093593612313270569e-01 2.210452854633331299e-01
9.382031559944152832e-01 9.579133987426757812e-02
4.816388785839080811e-01 1.952387392520904541e-01
6.279928684234619141e-01 1.122564077377319336e-01
2.741061523556709290e-02 8.493216633796691895e-01
5.955149531364440918e-01 5.648062229156494141e-01
2.170545756816864014e-01 5.617159605026245117e-01
7.404950261116027832e-01 1.537025868892669678e-01
9.227507710456848145e-01 5.321110412478446960e-02
8.499479293823242188e-01 1.246859598904848099e-02
7.896424531936645508e-01 1.210313960909843445e-01
8.028226345777511597e-02 9.944745302200317383e-01
1.910008043050765991e-01 2.896760702133178711e-01
9.205158352851867676e-01 8.540492057800292969e-01
5.719786882400512695e-01 9.414956718683242798e-02
7.012480497360229492e-01 1.518607884645462036e-02
5.270764827728271484e-01 5.598784089088439941e-01
4.186547100543975830e-01 8.894612789154052734e-01
6.103017926216125488e-01 4.221178591251373291e-01
8.061902523040771484e-01 7.860966324806213379e-01
8.301333338022232056e-02 2.160362601280212402e-01
8.858824372291564941e-01 2.295514196157455444e-02
5.337142944335937500e-01 5.990419983863830566e-01
7.990118265151977539e-01 7.147234678268432617e-02
7.394654154777526855e-01 5.512273907661437988e-01
9.120590686798095703e-01 7.628848403692245483e-02
2.671298682689666748e-01 9.653320908546447754e-01
7.803909182548522949e-01 3.382561206817626953e-01
1.778712570667266846e-01 1.573036462068557739e-01
5.396785140037536621e-01 6.201692223548889160e-01
4.959897100925445557e-01 5.680897235870361328e-01
5.176273584365844727e-01 5.676957964897155762e-01
4.708256721496582031e-01 7.259573340415954590e-01
7.390669584274291992e-01 8.567775040864944458e-02
1.136985197663307190e-01 4.098870158195495605e-01
6.533658504486083984e-01 8.611595034599304199e-01
6.627703309059143066e-01 2.426404356956481934e-01
9.588723182678222656e-01 5.319406837224960327e-02
4.302468299865722656e-01 5.305435061454772949e-01
7.742044925689697266e-01 1.482282131910324097e-01
8.429395556449890137e-01 1.824656128883361816e-01
8.084827065467834473e-01 9.871901273727416992e-01
8.147949576377868652e-01 6.227704286575317383e-01
3.335957527160644531e-01 1.677628457546234131e-01
7.572625279426574707e-01 1.453568488359451294e-01
7.927220463752746582e-01 4.169780611991882324e-01
9.663763046264648438e-01 8.993503451347351074e-02
1.830500066280364990e-01 1.273604929447174072e-01
1.734311580657958984e-01 3.314439654350280762e-01
5.838420987129211426e-01 1.022525578737258911e-01
2.359773516654968262e-01 6.137698292732238770e-01
5.683653950691223145e-01 7.888870686292648315e-02
7.341105341911315918e-01 1.497352868318557739e-01
8.336154222488403320e-01 2.766078114509582520e-01
1.941819489002227783e-01 4.220920503139495850e-01
5.476338863372802734e-01 9.346587955951690674e-02
7.606188654899597168e-01 5.791546702384948730e-01
5.193911790847778320e-01 4.803965389728546143e-01
9.187716841697692871e-01 2.533232569694519043e-01
1.322198808193206787e-01 1.102629154920578003e-01
7.490379214286804199e-01 2.922592870891094208e-02
3.227233141660690308e-02 1.828594058752059937e-01
4.857580363750457764e-01 9.253213405609130859e-01
3.581524491310119629e-01 7.114410866051912308e-03
8.971253633499145508e-01 3.669073283672332764e-01
1.343020647764205933e-01 9.780464693903923035e-03
8.916160464286804199e-01 5.878954529762268066e-01
5.219658017158508301e-01 8.407260179519653320e-01
7.280173152685165405e-02 5.225429534912109375e-01
7.553710043430328369e-02 2.913688421249389648e-01
5.760073661804199219e-01 2.601773105561733246e-02
9.329481720924377441e-01 4.166240990161895752e-02
9.385980665683746338e-02 4.084934890270233154e-01
6.241027116775512695e-01 3.724806010723114014e-01
3.964158892631530762e-01 9.884111285209655762e-01
1.132627725601196289e-01 5.307615399360656738e-01
4.580461680889129639e-01 1.883978992700576782e-01
6.151543259620666504e-01 8.862094879150390625e-01
6.277212500572204590e-01 1.173465251922607422e-01
2.889530062675476074e-01 4.818148016929626465e-01
1.529136300086975098e-01 2.475612238049507141e-02
1.373802125453948975e-01 1.573075652122497559e-01
1.782399043440818787e-02 7.664014697074890137e-01
7.779141664505004883e-01 2.908585071563720703e-01
9.596548080444335938e-01 7.764577865600585938e-01
2.445321977138519287e-01 4.694764316082000732e-01
3.030873537063598633e-01 1.962894946336746216e-01
5.474399328231811523e-01 2.994967401027679443e-01
3.314017057418823242e-01 9.650386571884155273e-01
4.077561795711517334e-01 3.530469834804534912e-01
6.985484957695007324e-01 2.430755496025085449e-01
7.845731973648071289e-01 3.280636370182037354e-01
9.799702167510986328e-01 7.102712392807006836e-01
7.553554177284240723e-01 4.369616508483886719e-01
5.935302972793579102e-01 7.936736941337585449e-01
1.701350510120391846e-02 2.060465663671493530e-01
8.322868347167968750e-01 1.409740895032882690e-01
6.569298505783081055e-01 7.967082411050796509e-02
3.812012672424316406e-01 1.289476407691836357e-03
7.636271715164184570e-01 4.655005633831024170e-01
9.888892769813537598e-01 5.366663932800292969e-01
5.560135245323181152e-01 3.599632382392883301e-01
4.213807359337806702e-02 3.471660017967224121e-01
9.064070582389831543e-01 2.637208700180053711e-01
8.762475252151489258e-01 2.993622720241546631e-01
9.797339141368865967e-02 5.069636106491088867e-01
5.824887752532958984e-01 9.862963557243347168e-01
8.428481817245483398e-01 1.584516316652297974e-01
9.066076874732971191e-01 7.398656010627746582e-01
7.462220788002014160e-01 3.046356141567230225e-01
9.339449405670166016e-01 5.168629437685012817e-02
9.370239377021789551e-01 1.024634987115859985e-01
7.161552309989929199e-01 8.195020556449890137e-01
7.889536023139953613e-01 2.496292591094970703e-01
6.593734025955200195e-01 9.246361255645751953e-01
7.596889138221740723e-01 3.245720639824867249e-03
5.638855695724487305e-02 3.959183990955352783e-01
2.731202840805053711e-01 6.503552794456481934e-01
2.637428343296051025e-01 4.992882609367370605e-01
8.371364474296569824e-01 5.870972871780395508e-01
9.667267799377441406e-01 3.339375853538513184e-01
1.565448381006717682e-02 2.815448641777038574e-01
4.603153765201568604e-01 6.656791567802429199e-01
4.653907120227813721e-01 1.643775217235088348e-02
5.168402194976806641e-01 2.092159688472747803e-01
9.030848145484924316e-01 1.749383062124252319e-01
6.964913606643676758e-01 3.234685063362121582e-01
1.113811582326889038e-01 9.521778225898742676e-01
9.036126732826232910e-01 1.771395355463027954e-01
3.333389163017272949e-01 4.464745819568634033e-01
6.051347851753234863e-01 4.145493209362030029e-01
4.707290232181549072e-01 1.570543795824050903e-01
3.382004499435424805e-01 2.760743498802185059e-01
7.198289632797241211e-01 3.103182315826416016e-01
2.589371502399444580e-01 3.201335370540618896e-01
2.682892680168151855e-01 7.151605486869812012e-01
9.985519945621490479e-02 8.619023561477661133e-01
8.077436089515686035e-01 3.932401835918426514e-01
8.810750246047973633e-01 2.579350583255290985e-02
2.597088813781738281e-01 3.788861036300659180e-01
8.611314296722412109e-01 3.452396392822265625e-01
4.606445431709289551e-01 2.612040936946868896e-01
8.841906785964965820e-01 1.443412899971008301e-01
8.546001315116882324e-01 2.788935005664825439e-01
3.874742388725280762e-01 7.025115489959716797e-01
7.894800305366516113e-01 6.581653654575347900e-02
4.254672527313232422e-01 2.210397124290466309e-01
2.652168869972229004e-01 5.185666680335998535e-02
1.229717060923576355e-01 6.791891455650329590e-01
3.717887401580810547e-01 9.777854084968566895e-01
5.793868899345397949e-01 1.983963549137115479e-01
6.424529552459716797e-01 1.876792460680007935e-01
5.053464770317077637e-01 4.730811715126037598e-02
5.398753099143505096e-03 2.027881145477294922e-01
3.062124550342559814e-01 3.905946016311645508e-01
8.812538981437683105e-01 3.104752302169799805e-01
8.947764635086059570e-01 9.498342871665954590e-01
6.308523416519165039e-01 2.992549538612365723e-01
2.821552753448486328e-01 3.402021527290344238e-01
5.310625433921813965e-01 2.227599620819091797e-01
1.621962040662765503e-01 9.637295454740524292e-02
1.149864792823791504e-01 7.971489429473876953e-01
7.637884020805358887e-01 2.695409357547760010e-01
2.406355738639831543e-01 5.898524522781372070e-01
3.365417420864105225e-01 2.264697477221488953e-02
6.509647965431213379e-01 7.257031798362731934e-01
5.362582206726074219e-01 2.347106486558914185e-02
8.655686378479003906e-01 2.071527987718582153e-01
5.233132839202880859e-01 2.511642575263977051e-01
8.126367330551147461e-01 2.679125964641571045e-01
5.205037593841552734e-01 3.746626675128936768e-01
4.710025787353515625e-01 1.862401068210601807e-01
7.710681557655334473e-01 6.518850922584533691e-01
2.682731449604034424e-01 2.948339581489562988e-01
9.267178773880004883e-01 2.046960443258285522e-01
7.578144669532775879e-01 5.951797962188720703e-01
1.068720147013664246e-01 8.989687263965606689e-02
4.444793760776519775e-01 2.898931801319122314e-01
5.918877124786376953e-01 1.206816062331199646e-01
1.705901771783828735e-01 3.634246438741683960e-02
3.859001994132995605e-01 2.761979699134826660e-01
2.625198662281036377e-01 9.304996728897094727e-01
6.238306164741516113e-01 3.079644441604614258e-01
9.778727293014526367e-01 1.770218908786773682e-01
8.395679593086242676e-01 1.552468836307525635e-01
1.178191825747489929e-01 4.433392286300659180e-01
1.879756338894367218e-02 5.877742171287536621e-01
2.563467621803283691e-01 1.906563043594360352e-01
5.875084400177001953e-01 9.783903956413269043e-01
6.010164022445678711e-01 2.965535521507263184e-01
2.187127470970153809e-01 4.006044566631317139e-01
4.305998086929321289e-01 9.666858315467834473e-01
8.554708957672119141e-01 9.217774271965026855e-01
2.884519472718238831e-02 3.884152770042419434e-01
5.418977737426757812e-01 2.621302306652069092e-01
9.623456001281738281e-01 9.045671820640563965e-01
5.537601709365844727e-01 5.353789925575256348e-01
3.525950312614440918e-01 6.278175711631774902e-01
2.589634060859680176e-01 6.354740858078002930e-01
1.090024504810571671e-02 6.936102509498596191e-01
4.799710512161254883e-01 7.942208647727966309e-01
1.785147488117218018e-01 5.863383412361145020e-01
9.819005727767944336e-01 5.620547533035278320e-01
6.793481111526489258e-01 2.050070315599441528e-01
8.551174402236938477e-01 2.828393876552581787e-01
7.203704118728637695e-01 2.852519750595092773e-01
6.833440661430358887e-01 3.141395449638366699e-01
1.722803264856338501e-01 1.284249573945999146e-01
3.517410457134246826e-01 5.799112319946289062e-01
7.964626550674438477e-01 3.669532239437103271e-01
2.767339944839477539e-01 8.441445231437683105e-01
6.137135028839111328e-01 4.341423213481903076e-01
6.274687051773071289e-01 1.542051136493682861e-01
7.425583600997924805e-01 3.398593068122863770e-01
9.503527879714965820e-01 5.963588953018188477e-01
6.260460019111633301e-01 7.111338376998901367e-01
6.056285500526428223e-01 3.012381792068481445e-01
2.063665241003036499e-01 4.850781559944152832e-01
9.465456604957580566e-01 7.418056726455688477e-01
5.312501788139343262e-01 3.116443753242492676e-01
3.352084159851074219e-01 3.667065799236297607e-01
1.803077161312103271e-01 7.782596945762634277e-01
3.333340883255004883e-01 2.064713090658187866e-01
4.114494323730468750e-01 2.668101191520690918e-01
2.279008030891418457e-01 3.654636740684509277e-01
2.577880024909973145e-01 6.829497218132019043e-01
2.202836424112319946e-01 4.430011212825775146e-01
5.715281963348388672e-01 6.004327535629272461e-01
6.149495840072631836e-01 7.616676092147827148e-01
7.629868984222412109e-01 7.016049623489379883e-01
2.022589296102523804e-01 9.568929672241210938e-01
8.718010783195495605e-01 2.917520105838775635e-01
5.135708451271057129e-01 3.888551890850067139e-01
9.002351760864257812e-01 1.421365737915039062e-01
7.855256646871566772e-02 9.637182354927062988e-01
8.689624071121215820e-01 5.531497597694396973e-01
6.756031513214111328e-01 3.584589660167694092e-01
2.580145299434661865e-01 6.156707406044006348e-01
4.728870093822479248e-01 2.785443514585494995e-02
9.831689596176147461e-01 2.947827279567718506e-01
3.854770362377166748e-01 1.003790199756622314e-01
7.813461422920227051e-01 5.116763710975646973e-01
8.272670507431030273e-01 8.062623441219329834e-03
7.942575216293334961e-01 7.295943498611450195e-01
6.696355342864990234e-01 7.919514551758766174e-03
2.302936464548110962e-01 4.650308936834335327e-02
9.127874374389648438e-01 5.723052024841308594e-01
7.443279623985290527e-01 2.244723588228225708e-01
7.828462719917297363e-01 7.527770400047302246e-01
8.198230862617492676e-01 3.140003085136413574e-01
6.638024449348449707e-01 7.033417820930480957e-01
1.217779442667961121e-01 2.050419002771377563e-01
6.272188425064086914e-01 4.543262124061584473e-01
8.747881650924682617e-01 3.669846057891845703e-01
8.397127985954284668e-01 4.731431603431701660e-01
7.100148797035217285e-01 4.329952001571655273e-01
8.166773319244384766e-01 8.331930637359619141e-01
9.073316454887390137e-01 8.994263410568237305e-02
5.779822915792465210e-02 1.712091863155364990e-01
9.446375370025634766e-01 3.344275057315826416e-01
9.514365345239639282e-02 2.769888341426849365e-01
5.357614532113075256e-02 1.944089829921722412e-01
7.960371971130371094e-01 1.752881892025470734e-02
7.998700737953186035e-01 2.856303453445434570e-01
1.880389302968978882e-01 1.059144642204046249e-02
3.112083375453948975e-01 5.004541948437690735e-02
3.086894452571868896e-01 2.840037345886230469e-01
3.467418253421783447e-01 3.588740527629852295e-01
9.364178180694580078e-01 8.790180683135986328e-01
1.004053838551044464e-02 5.895850062370300293e-01
8.196530342102050781e-01 4.332840144634246826e-01
9.214872717857360840e-01 7.430052757263183594e-01
2.047612816095352173e-01 5.157637000083923340e-01
6.677095890045166016e-01 7.832780480384826660e-02
4.070813357830047607e-01 2.708826065063476562e-01
5.496079325675964355e-01 8.458394408226013184e-01
7.370014786720275879e-01 2.724910080432891846e-01
7.422893643379211426e-01 2.749782204627990723e-01
9.979588389396667480e-01 7.513256371021270752e-02
2.283059060573577881e-02 2.573578655719757080e-01
2.783784568309783936e-01 1.846190541982650757e-01
9.195271134376525879e-01 3.064461052417755127e-01
5.694167613983154297e-01 3.367837071418762207e-01
8.069028854370117188e-01 3.466592431068420410e-01
1.210194155573844910e-01 2.774711698293685913e-03
7.324368357658386230e-01 6.120631098747253418e-01
1.376406848430633545e-01 7.453894019126892090e-01
8.710566163063049316e-01 5.735462903976440430e-01
4.317460954189300537e-01 8.694857954978942871e-01
1.341965347528457642e-01 3.658799529075622559e-01
9.432028532028198242e-01 1.938033550977706909e-01
5.869284272193908691e-01 1.357325464487075806e-01
6.157269477844238281e-01 7.559894919395446777e-01
2.945625782012939453e-01 1.212530881166458130e-01
9.378886222839355469e-01 2.726472914218902588e-01
2.480542510747909546e-01 7.208737134933471680e-01
3.336367607116699219e-01 5.400328040122985840e-01
5.318686738610267639e-02 6.144270300865173340e-01
7.816497087478637695e-01 9.528152346611022949e-01
4.011112749576568604e-01 3.063804507255554199e-01
6.958963274955749512e-01 7.615129649639129639e-02
1.558475792407989502e-01 4.613004624843597412e-01
9.602339267730712891e-01 1.929482370615005493e-01
2.116850763559341431e-01 2.457823902368545532e-01
1.916423141956329346e-01 7.600098382681608200e-03
9.272652864456176758e-01 1.060680523514747620e-01
1.432137936353683472e-01 3.509628176689147949e-01
1.398667395114898682e-01 1.230285242199897766e-01
8.782674670219421387e-01 8.571556806564331055e-01
9.504091143608093262e-01 7.736517190933227539e-01
6.103156208992004395e-01 1.668014824390411377e-01
4.786041676998138428e-01 4.387443959712982178e-01
7.177654504776000977e-01 3.145504593849182129e-01
7.078055143356323242e-01 1.865001916885375977e-01
9.295161366462707520e-01 4.732357561588287354e-01
9.412106871604919434e-01 5.277782082557678223e-01
8.452395796775817871e-01 3.117284476757049561e-01
2.149938941001892090e-01 2.381679117679595947e-01
9.590201973915100098e-01 8.342229723930358887e-01
8.590521216392517090e-01 8.726540952920913696e-03
1.104935929179191589e-01 9.535673856735229492e-01
5.168525576591491699e-01 1.400732398033142090e-01
9.058480858802795410e-01 9.404919296503067017e-02
2.798674702644348145e-01 7.795905470848083496e-01
7.969727516174316406e-01 4.751134812831878662e-01
7.054367065429687500e-01 6.429655551910400391e-01
8.782550096511840820e-01 1.470741182565689087e-01
5.025685429573059082e-01 3.040086030960083008e-01
4.970855265855789185e-02 4.611082077026367188e-01
7.469263672828674316e-01 3.026857376098632812e-01
9.805728793144226074e-01 4.532748162746429443e-01
4.440801739692687988e-01 6.861297488212585449e-01
7.031172513961791992e-01 5.636332184076309204e-02
3.364267647266387939e-01 2.112530171871185303e-03
3.306805491447448730e-01 1.277807205915451050e-01
4.684393107891082764e-01 7.928491830825805664e-01
7.480891346931457520e-01 5.015849471092224121e-01
6.350952386856079102e-01 7.095766067504882812e-02
7.800217866897583008e-01 4.196285009384155273e-01
8.404520153999328613e-01 9.617175459861755371e-01
1.031962335109710693e-01 4.634550809860229492e-01
5.269628763198852539e-01 2.396267801523208618e-01
8.274123668670654297e-01 1.043160185217857361e-01
7.753487229347229004e-01 8.061453700065612793e-01
4.653081297874450684e-01 7.177916169166564941e-01
9.588694572448730469e-01 4.631255865097045898e-01
8.104652762413024902e-01 5.374186635017395020e-01
9.887920618057250977e-01 1.101472228765487671e-01
4.558961093425750732e-01 5.890389084815979004e-01
8.888253569602966309e-01 6.646098494529724121e-01
8.675873875617980957e-01 9.438817501068115234e-01
6.837111711502075195e-01 1.222098842263221741e-01
8.148127794265747070e-01 4.906269907951354980e-01
1.389290094375610352e-01 5.565034598112106323e-02
4.786180257797241211e-01 7.080482840538024902e-01
2.166953831911087036e-01 7.749180793762207031e-01
1.425385624170303345e-01 6.237443163990974426e-02
5.797740221023559570e-01 6.391221880912780762e-01
2.356127500534057617e-01 5.562469959259033203e-01
6.428477354347705841e-03 6.105468869209289551e-01
6.422773003578186035e-01 7.865647673606872559e-01
3.887850344181060791e-01 1.246559694409370422e-01
2.726955413818359375e-01 4.744544625282287598e-01
7.264941185712814331e-02 3.958237767219543457e-01
1.511436421424150467e-02 9.878455996513366699e-01
4.554519951343536377e-01 6.040331125259399414e-01
4.718510210514068604e-01 7.365174293518066406e-01
8.542782068252563477e-01 3.181822001934051514e-01
6.419270634651184082e-01 1.287983506917953491e-01
3.351119160652160645e-01 1.165470853447914124e-01
2.967791259288787842e-01 2.490461021661758423e-01
6.579592823982238770e-01 4.296183288097381592e-01
3.993020653724670410e-01 5.937827229499816895e-01
1.100606843829154968e-01 4.566728770732879639e-01
1.151610314846038818e-01 4.381315112113952637e-01
1.708001345396041870e-01 9.434683620929718018e-02
8.418537327088415623e-04 5.933547019958496094e-01
6.938369274139404297e-01 7.277492284774780273e-01
7.378178238868713379e-01 3.387638926506042480e-02
6.299901604652404785e-01 3.425874412059783936e-01
8.052843809127807617e-01 3.834332898259162903e-02
9.661133885383605957e-01 5.002493262290954590e-01
9.637323021888732910e-01 2.812718749046325684e-01
6.358917355537414551e-01 4.551979303359985352e-01
5.389596521854400635e-02 3.575479090213775635e-01
5.511516928672790527e-01 5.516557097434997559e-01
2.135758399963378906e-01 2.863949835300445557e-01
7.344870567321777344e-01 3.380233943462371826e-01
9.159091114997863770e-01 6.475729942321777344e-01
6.758229136466979980e-01 7.062963247299194336e-01
8.562054485082626343e-02 2.772735059261322021e-01
1.033610254526138306e-01 2.625901103019714355e-01
6.619501709938049316e-01 1.278139948844909668e-01
6.436371803283691406e-01 4.691871404647827148e-01
7.479614615440368652e-01 3.572536706924438477e-01
7.874493002891540527e-01 2.515149675309658051e-02
9.332999587059020996e-01 1.332150697708129883e-01
3.354168236255645752e-01 8.992081880569458008e-01
9.503100812435150146e-02 3.306793272495269775e-01
7.707614898681640625e-01 9.229016304016113281e-01
8.722874522209167480e-01 6.770965456962585449e-01
3.951976597309112549e-01 8.549774885177612305e-01
4.016899168491363525e-01 4.852372705936431885e-01
2.267100512981414795e-01 5.986406207084655762e-01
7.708615064620971680e-01 7.479443550109863281e-01
4.091435372829437256e-01 9.115507602691650391e-01
8.560513854026794434e-01 4.860771000385284424e-01
9.238597154617309570e-01 4.515129029750823975e-01
5.336986184120178223e-01 4.913696646690368652e-01
4.905515909194946289e-01 4.482091963291168213e-02
8.161516785621643066e-01 2.818421721458435059e-01
6.954824328422546387e-01 1.666092574596405029e-01
6.212108731269836426e-01 8.815279603004455566e-01
9.251741170883178711e-01 4.720159173011779785e-01
8.250838518142700195e-01 6.982084363698959351e-02
2.686324417591094971e-01 9.096322059631347656e-01
9.844723343849182129e-01 4.567216709256172180e-02
7.008668035268783569e-02 8.386296033859252930e-01
9.251356720924377441e-01 4.100080132484436035e-01
9.376552700996398926e-01 7.178972363471984863e-01
3.905119001865386963e-01 3.136506378650665283e-01
9.532318711280822754e-01 5.657655596733093262e-01
6.838724613189697266e-01 6.275692582130432129e-01
1.894898116588592529e-01 1.160690337419509888e-01
9.844685792922973633e-01 1.279888600111007690e-01
2.719385027885437012e-01 4.158614277839660645e-01
5.920280814170837402e-01 2.178121171891689301e-02
9.979433417320251465e-01 4.343128502368927002e-01
7.910885214805603027e-01 9.061402678489685059e-01
5.409963130950927734e-01 7.946166992187500000e-01
7.616958618164062500e-01 7.599527835845947266e-01
5.057678818702697754e-01 5.470572710037231445e-01
4.428074136376380920e-02 3.777284026145935059e-01
1.172909513115882874e-01 2.744057178497314453e-01
2.379459291696548462e-01 2.012925446033477783e-01
8.082707524299621582e-01 3.284049332141876221e-01
5.534443259239196777e-01 1.429330836981534958e-02
9.115017056465148926e-01 3.532144725322723389e-01
6.539575457572937012e-01 4.485732018947601318e-01
7.274049520492553711e-01 5.266943573951721191e-01
5.496832132339477539e-01 2.991903424263000488e-01
3.201301097869873047e-01 9.935964345932006836e-01
1.532361209392547607e-01 9.329585433006286621e-01
8.937649130821228027e-01 3.918520733714103699e-02
1.346046454273164272e-03 4.080259799957275391e-01
4.675727784633636475e-01 1.934042125940322876e-01
8.573780059814453125e-01 2.273710519075393677e-01
1.589004099369049072e-01 7.798434495925903320e-01
6.441243290901184082e-01 8.566045016050338745e-02
7.967044711112976074e-01 1.098376363515853882e-01
1.092580258846282959e-01 7.403765916824340820e-01
1.245428845286369324e-01 5.269333720207214355e-01
2.758156657218933105e-01 1.921004056930541992e-01
4.264501631259918213e-01 2.703015506267547607e-01
8.994190692901611328e-01 5.391103625297546387e-01
4.348051548004150391e-01 7.301895022392272949e-01
9.144950509071350098e-01 5.975729227066040039e-01
4.817269742488861084e-02 5.110943913459777832e-01
1.330670863389968872e-01 2.196263521909713745e-01
7.325161695480346680e-01 5.871530771255493164e-01
3.451194465160369873e-01 7.995310425758361816e-01
9.245734810829162598e-01 8.992822766304016113e-01
5.887510180473327637e-01 3.527312278747558594e-01
3.246103823184967041e-01 5.235772728919982910e-01
8.961944580078125000e-01 7.195415496826171875e-01
8.740583062171936035e-01 2.594136595726013184e-01
6.075969338417053223e-02 7.953252643346786499e-02
7.965278625488281250e-01 4.088437557220458984e-01
6.866070628166198730e-01 3.513271808624267578e-01
6.730841994285583496e-01 6.345281004905700684e-01
1.455903202295303345e-01 1.946498006582260132e-01
9.745541214942932129e-01 1.966756582260131836e-01
4.794009327888488770e-01 7.869829535484313965e-01
1.234357059001922607e-01 1.273213885724544525e-02
8.940743207931518555e-01 1.746909320354461670e-01
8.119555115699768066e-01 2.607084512710571289e-01
6.136785745620727539e-01 2.242398411035537720e-01
3.981522023677825928e-01 1.791408210992813110e-01
8.876240253448486328e-01 9.102208167314529419e-02
8.112261295318603516e-01 9.012144207954406738e-01
8.845329880714416504e-01 5.714434385299682617e-01
9.585995078086853027e-01 4.318451583385467529e-01
4.311937987804412842e-01 7.580698728561401367e-01
8.656681180000305176e-01 5.757668018341064453e-01
1.790930330753326416e-01 5.923098325729370117e-01
6.761092543601989746e-01 7.113067805767059326e-02
6.067082881927490234e-01 2.598341740667819977e-02
1.623026579618453979e-01 2.268352732062339783e-02
7.299667596817016602e-01 5.097393393516540527e-01
5.426766276359558105e-01 5.544341206550598145e-01
9.146786928176879883e-01 5.485295653343200684e-01
2.516058087348937988e-01 1.307674795389175415e-01
1.089655980467796326e-01 8.013160824775695801e-01
9.974071979522705078e-01 9.152460098266601562e-01
5.667046904563903809e-01 2.476078271865844727e-01
6.716695427894592285e-01 2.922831177711486816e-01
6.509862542152404785e-01 2.696985304355621338e-01
8.581273555755615234e-01 1.491704732179641724e-01
4.428773522377014160e-01 3.122035562992095947e-01
3.543635010719299316e-01 7.415406107902526855e-01
5.884564518928527832e-01 7.044271826744079590e-01
3.979668915271759033e-01 4.011681675910949707e-01
9.344958066940307617e-01 3.536237180233001709e-01
1.697053164243698120e-01 2.632283978164196014e-02
7.703788876533508301e-01 5.763818621635437012e-01
5.793110132217407227e-01 6.656327843666076660e-01
5.583392977714538574e-01 5.061901807785034180e-01
3.778299689292907715e-01 2.926508188247680664e-01
5.443110466003417969e-01 4.563484787940979004e-01
4.953199326992034912e-01 5.907064676284790039e-01
9.667192101478576660e-01 7.194565534591674805e-01
2.673343420028686523e-01 4.423784613609313965e-01
2.052698880434036255e-01 1.228966489434242249e-01
5.027554631233215332e-01 4.573000371456146240e-01
8.520229458808898926e-01 5.697250962257385254e-01
1.181109920144081116e-01 2.518720328807830811e-01
5.278661847114562988e-01 3.629600405693054199e-01
6.634764075279235840e-01 3.033450543880462646e-01
8.629164695739746094e-01 4.368757307529449463e-01
9.508280754089355469e-01 1.598984450101852417e-01
1.757131889462471008e-02 7.904236912727355957e-01
4.217858985066413879e-02 6.207443028688430786e-02
7.362741827964782715e-01 5.536703467369079590e-01
7.317017316818237305e-01 6.285086274147033691e-01
2.407101690769195557e-01 5.354837775230407715e-01
8.323447704315185547e-01 5.836907029151916504e-01
3.008691370487213135e-01 4.618963003158569336e-01
6.203849911689758301e-01 3.313430249691009521e-01
9.276545643806457520e-01 6.864423304796218872e-02
8.297187089920043945e-01 8.979504108428955078e-01
5.838125944137573242e-01 8.474240899085998535e-01
1.324833333492279053e-01 1.731383055448532104e-02
9.441635012626647949e-01 8.818330764770507812e-01
2.761190570890903473e-02 8.815388679504394531e-01
6.915630102157592773e-01 5.008544325828552246e-01
2.216318994760513306e-01 5.454698801040649414e-01
5.460492372512817383e-01 7.076754420995712280e-02
7.801941037178039551e-02 8.404547572135925293e-01
5.784746408462524414e-01 9.632583707571029663e-02
6.758654117584228516e-01 9.481803774833679199e-01
8.590589165687561035e-01 3.965616971254348755e-02
9.516180157661437988e-01 5.423213820904493332e-03
7.840197682380676270e-01 4.680918902158737183e-02
8.517499566078186035e-01 6.796130537986755371e-01
4.567752778530120850e-01 1.205421015620231628e-01
5.340465903282165527e-01 9.941117763519287109e-01
9.609176516532897949e-01 5.836233496665954590e-01
6.921022534370422363e-01 8.113771080970764160e-01
3.791806101799011230e-01 9.457580447196960449e-01
8.918850421905517578e-01 8.661591410636901855e-01
7.479726076126098633e-01 7.703549861907958984e-01
7.929544448852539062e-01 9.846826791763305664e-01
5.290895700454711914e-01 2.609907686710357666e-01
5.523197054862976074e-01 6.882840394973754883e-02
5.216773748397827148e-01 3.774102926254272461e-01
8.952146172523498535e-01 1.911092847585678101e-01
9.796471595764160156e-01 8.575451374053955078e-01
8.599717020988464355e-01 5.758335590362548828e-01
6.293659210205078125e-01 1.233009472489356995e-01
2.299975901842117310e-01 4.394318759441375732e-01
2.705851495265960693e-01 6.410169601440429688e-01
5.271555781364440918e-01 4.129336401820182800e-02
7.751507759094238281e-01 9.050454497337341309e-01
8.501668572425842285e-01 1.300373375415802002e-01
9.460290074348449707e-01 1.256726384162902832e-01
8.820427060127258301e-01 8.840667605400085449e-01
9.672654271125793457e-01 8.711550384759902954e-02
5.930248498916625977e-01 2.165814489126205444e-01
8.620455265045166016e-01 2.776598930358886719e-01
4.603854417800903320e-01 1.211251020431518555e-01
5.977760553359985352e-01 4.465929232537746429e-03
9.125822186470031738e-01 5.044475197792053223e-01
2.146234810352325439e-01 5.072543025016784668e-01
1.038394793868064880e-01 1.365451365709304810e-01
9.970974922180175781e-01 1.536287814378738403e-01
4.898165166378021240e-01 1.487282365560531616e-01
7.614006400108337402e-01 9.097469449043273926e-01
9.518488049507141113e-01 9.719986915588378906e-01
5.350223779678344727e-01 2.311092615127563477e-01
6.470576673746109009e-02 5.459494590759277344e-01
9.202942848205566406e-01 4.666616618633270264e-01
3.581309318542480469e-01 5.021215081214904785e-01
9.446153640747070312e-01 8.299489021301269531e-01
7.377334237098693848e-01 9.632357358932495117e-01
5.359002351760864258e-01 1.924793981015682220e-02
6.711695194244384766e-01 6.035143136978149414e-01
2.069929242134094238e-01 1.868527829647064209e-01
7.910876870155334473e-01 7.139037847518920898e-01
3.106466829776763916e-01 8.644061684608459473e-01
1.504924446344375610e-01 1.722237318754196167e-01
2.597745954990386963e-01 1.228806227445602417e-01
5.890258550643920898e-01 2.315808683633804321e-01
6.465812921524047852e-01 8.419102430343627930e-01
9.184845536947250366e-02 9.181644767522811890e-02
9.262549281120300293e-01 9.157234430313110352e-01
6.153663247823715210e-02 6.101298928260803223e-01
6.947277188301086426e-01 9.439907670021057129e-01
1.703955680131912231e-01 8.455508351325988770e-01
6.467506885528564453e-01 2.798014581203460693e-01
5.995817780494689941e-01 5.762537121772766113e-01
9.434983134269714355e-01 5.369906872510910034e-02
3.289358019828796387e-01 5.626358985900878906e-01
7.395339012145996094e-01 9.248346090316772461e-02
3.811213672161102295e-01 5.582861900329589844e-01
1.466153711080551147e-01 2.255765497684478760e-01
3.341350257396697998e-01 4.960648417472839355e-01
1.633658409118652344e-01 2.682074308395385742e-01
5.057764649391174316e-01 6.707431674003601074e-01
7.859723567962646484e-01 6.913199424743652344e-01
9.322528243064880371e-01 9.979342222213745117e-01
5.067947506904602051e-01 7.703710198402404785e-01
6.622539162635803223e-01 3.417750895023345947e-01
4.808865189552307129e-01 3.561585247516632080e-01
5.628703534603118896e-02 6.485283374786376953e-01
1.775015443563461304e-01 1.263978052884340286e-02
3.390762507915496826e-01 1.033584773540496826e-01
5.415349602699279785e-01 1.565512567758560181e-01
9.623827934265136719e-01 4.326854646205902100e-02
7.239230871200561523e-01 4.985919296741485596e-01
2.479416429996490479e-01 1.486157029867172241e-01
9.388855099678039551e-01 7.717396616935729980e-01
7.077730894088745117e-01 5.595518946647644043e-01
9.139223694801330566e-01 2.482504546642303467e-01
8.541474342346191406e-01 3.571987748146057129e-01
8.080894947052001953e-01 3.159324228763580322e-01
7.638845443725585938e-01 2.811506092548370361e-01
7.357056140899658203e-01 3.502959907054901123e-01
9.180624485015869141e-01 2.865944504737854004e-01
8.435103893280029297e-01 8.233878612518310547e-01
7.178327441215515137e-01 4.666714370250701904e-01
9.556200504302978516e-01 3.745507448911666870e-02
6.065153479576110840e-01 2.479087412357330322e-01
2.892104089260101318e-01 1.425538063049316406e-01
8.775044083595275879e-01 5.709261894226074219e-01
8.422836661338806152e-01 2.684128880500793457e-01
8.556979298591613770e-01 9.763371944427490234e-01
3.986625373363494873e-01 2.794196307659149170e-01
4.889150559902191162e-01 2.532958686351776123e-01
6.039199233055114746e-01 7.141024470329284668e-01
5.959719419479370117e-01 2.469725757837295532e-01
7.734767347574234009e-02 7.429946064949035645e-01
7.257256507873535156e-01 1.103549599647521973e-01
9.069871902465820312e-01 1.537681370973587036e-01
9.836421608924865723e-01 3.463118970394134521e-01
4.553380310535430908e-01 4.630055129528045654e-01
8.384435176849365234e-01 4.546063840389251709e-01
8.232849240303039551e-01 7.688502967357635498e-02
5.686184763908386230e-01 7.029753327369689941e-01
9.855294823646545410e-01 5.964020490646362305e-01
5.764042586088180542e-02 9.875784516334533691e-01
1.591022312641143799e-02 1.707164943218231201e-01
3.378562033176422119e-01 6.655186414718627930e-01
5.509889721870422363e-01 4.540137946605682373e-02
6.559988260269165039e-01 5.520565435290336609e-02
6.328744888305664062e-01 3.729207217693328857e-01
2.214231789112091064e-01 1.235528439283370972e-01
1.699652895331382751e-02 4.477808475494384766e-01
6.519840359687805176e-01 4.975551366806030273e-02
7.948256731033325195e-01 7.031741142272949219e-01
9.056225419044494629e-01 1.786656528711318970e-01
6.708977818489074707e-01 2.146641463041305542e-01
8.776581883430480957e-01 7.937914133071899414e-01
3.063533008098602295e-01 9.980258941650390625e-01
2.399939894676208496e-01 2.705406546592712402e-01
9.084309339523315430e-01 8.958773612976074219e-01
5.274715423583984375e-01 1.978985369205474854e-01
9.121512174606323242e-01 9.065371155738830566e-01
4.137937352061271667e-02 5.217519998550415039e-01
9.447955489158630371e-01 1.466285288333892822e-01
2.209669649600982666e-01 1.229439396411180496e-02
7.430962324142456055e-01 4.721266776323318481e-02
6.887593865394592285e-01 5.420578718185424805e-01
9.591211378574371338e-02 3.027443541213870049e-03
7.992511391639709473e-01 4.804188907146453857e-01
9.386776685714721680e-01 1.084643453359603882e-01
5.928127169609069824e-01 1.520669162273406982e-01
2.527056634426116943e-01 7.748427987098693848e-01
7.727342247962951660e-01 2.534106187522411346e-02
4.175415933132171631e-01 5.153099074959754944e-02
3.096716105937957764e-01 7.939971089363098145e-01
8.692860007286071777e-01 7.485588788986206055e-01
6.262318491935729980e-01 7.812297344207763672e-01
1.648153513669967651e-01 3.234196826815605164e-02
8.280214667320251465e-01 1.540026515722274780e-01
7.680563926696777344e-01 9.596751928329467773e-01
8.813626170158386230e-01 1.802687942981719971e-01
5.408640503883361816e-01 7.877255678176879883e-01
6.000209450721740723e-01 3.327179551124572754e-01
3.368495106697082520e-01 2.610099017620086670e-01
7.756858319044113159e-02 8.957924842834472656e-01
6.398651599884033203e-01 3.391374349594116211e-01
6.733039617538452148e-01 6.677598953247070312e-01
8.767867684364318848e-01 6.016670465469360352e-01
7.215355038642883301e-01 7.512287050485610962e-02
9.959594607353210449e-01 9.036492705345153809e-01
1.175676584243774414e-01 8.628494143486022949e-01
6.924346089363098145e-02 1.806377768516540527e-01
6.846849918365478516e-01 1.881061643362045288e-01
1.300870180130004883e-01 5.593528747558593750e-01
4.320990741252899170e-01 8.250289559364318848e-01
9.421482086181640625e-01 2.305724471807479858e-01
6.503954529762268066e-01 9.075742959976196289e-02
3.356514275074005127e-01 7.329587340354919434e-01
6.127974987030029297e-01 3.310083448886871338e-01
8.484789133071899414e-01 1.318033933639526367e-01
3.905346095561981201e-01 1.424182206392288208e-01
9.386104941368103027e-01 8.382859230041503906e-01
1.704872101545333862e-01 2.720633745193481445e-01
7.819791436195373535e-01 1.235806569457054138e-02
5.202836394309997559e-01 5.873980522155761719e-01
9.570421278476715088e-02 6.060051321983337402e-01
6.786460876464843750e-01 6.240095496177673340e-01
8.617641925811767578e-01 2.646897137165069580e-01
3.459105789661407471e-01 2.839784026145935059e-01
8.377673625946044922e-01 2.956354022026062012e-01
7.730492949485778809e-01 3.938032984733581543e-01
5.792261362075805664e-01 3.580460250377655029e-01
3.977231681346893311e-01 7.104744911193847656e-01
1.826198846101760864e-01 8.212896585464477539e-01
9.879854917526245117e-01 7.000398039817810059e-01
2.482756823301315308e-01 4.124820232391357422e-01
3.343194425106048584e-01 2.620612680912017822e-01
6.702739596366882324e-01 2.013792395591735840e-01
9.712643027305603027e-01 8.292626142501831055e-01
1.603557318449020386e-01 9.501394629478454590e-02
6.713114678859710693e-02 8.879209756851196289e-01
7.287573814392089844e-01 2.465839534997940063e-01
2.094308882951736450e-01 3.073616623878479004e-01
7.726988792419433594e-01 4.872603118419647217e-01
5.164211392402648926e-01 1.026654317975044250e-01
7.739645838737487793e-01 8.107657730579376221e-02
2.232060432434082031e-01 3.567026853561401367e-01
4.412091374397277832e-01 7.718573808670043945e-01
7.049701809883117676e-01 2.103881239891052246e-01
8.943650126457214355e-01 4.040966331958770752e-01
1.232369542121887207e-01 5.144838094711303711e-01
9.001201987266540527e-01 9.408780932426452637e-02
2.798739671707153320e-01 6.993904709815979004e-01
7.692256569862365723e-02 8.588384389877319336e-01
5.592720955610275269e-02 8.383339047431945801e-01
6.656124442815780640e-02 3.964100480079650879e-01
7.634704113006591797e-01 7.520458102226257324e-01
6.238242387771606445e-01 2.697514928877353668e-02
4.576506018638610840e-01 6.006841063499450684e-01
8.867190480232238770e-01 7.390308976173400879e-01
7.036833167076110840e-01 1.689017713069915771e-01
2.990870475769042969e-01 1.933125965297222137e-02
1.649584025144577026e-01 1.414669752120971680e-01
7.846188545227050781e-01 1.804485470056533813e-01
5.050982832908630371e-01 9.636182337999343872e-02
5.215406417846679688e-01 2.239268720149993896e-01
5.517332553863525391e-01 2.289970368146896362e-01
1.568616032600402832e-01 1.497106701135635376e-01
3.741195201873779297e-01 5.834658741950988770e-01
8.052815794944763184e-01 8.439058065414428711e-01
6.137347817420959473e-01 2.811033129692077637e-01
8.174871206283569336e-01 6.334926486015319824e-01
4.425787329673767090e-01 6.960069537162780762e-01
2.350702583789825439e-01 8.501645326614379883e-01
1.595064699649810791e-01 1.328410208225250244e-02
9.167033433914184570e-01 1.528542190790176392e-01
6.103518605232238770e-01 2.202999740839004517e-01
9.616551548242568970e-02 2.266773432493209839e-01
7.932640910148620605e-01 8.409023284912109375e-01
8.124483823776245117e-01 2.244391106069087982e-02
6.036090254783630371e-01 2.446560561656951904e-01
1.970640122890472412e-01 2.095555141568183899e-02
9.711566567420959473e-01 2.569309473037719727e-01
5.738036632537841797e-01 1.901372224092483521e-01
1.044568195939064026e-01 5.623668432235717773e-01
7.416531443595886230e-01 6.400396674871444702e-02
4.626934528350830078e-01 3.926283717155456543e-01
6.254870444536209106e-02 7.412200570106506348e-01
6.675966084003448486e-02 3.937778472900390625e-01
4.665121436119079590e-01 2.889751493930816650e-01
7.501792311668395996e-01 2.571325004100799561e-01
5.748826265335083008e-01 2.153015434741973877e-01
1.759725436568260193e-02 5.002148821949958801e-02
8.331140875816345215e-01 6.040766462683677673e-02
9.854093194007873535e-01 1.389216482639312744e-01
6.814479827880859375e-01 4.215046465396881104e-01
9.731916189193725586e-01 1.469226479530334473e-01
7.841203808784484863e-01 1.279721707105636597e-01
8.383536934852600098e-01 4.609121978282928467e-01
4.164682030677795410e-01 4.181326031684875488e-01
1.193337365984916687e-01 2.439728230237960815e-01
9.707314372062683105e-01 5.040970444679260254e-01
9.177130460739135742e-01 4.648351296782493591e-02
7.127012610435485840e-01 5.061956048011779785e-01
3.843473196029663086e-01 4.237470030784606934e-01
4.178117215633392334e-01 2.300316840410232544e-01
6.823310852050781250e-01 4.189029037952423096e-01
8.299956321716308594e-01 3.333213925361633301e-01
8.811601996421813965e-01 7.916357517242431641e-01
8.262149095535278320e-01 4.663176089525222778e-02
5.033373832702636719e-01 9.619462490081787109e-01
9.535015225410461426e-01 2.838367223739624023e-01
2.607766985893249512e-01 8.948124051094055176e-01
5.017048120498657227e-01 8.374502509832382202e-02
8.465313911437988281e-01 1.145999431610107422e-01
2.367835044860839844e-01 7.722922563552856445e-01
7.438772320747375488e-01 7.801581174135208130e-02
7.987393736839294434e-01 4.578385651111602783e-01
7.798764109611511230e-01 5.061334967613220215e-01
4.245983362197875977e-01 6.861565113067626953e-01
7.801879048347473145e-01 5.255932360887527466e-02
8.585419654846191406e-01 6.246670484542846680e-01
9.620103240013122559e-01 2.669836282730102539e-01
9.970723390579223633e-01 8.649890422821044922e-01
6.901103854179382324e-01 6.145823001861572266e-01
1.721196174621582031e-01 6.199579238891601562e-01
2.988384068012237549e-01 6.366821527481079102e-01
7.413670420646667480e-01 7.414072751998901367e-01
4.796649813652038574e-01 3.150753974914550781e-01
9.413660168647766113e-01 6.474362611770629883e-01
9.971424937248229980e-01 1.124887615442276001e-01
9.102442860603332520e-01 7.950641214847564697e-02
7.557645440101623535e-01 4.468803107738494873e-01
7.752343267202377319e-02 2.268044948577880859e-01
3.445659950375556946e-02 6.521663069725036621e-01
5.430961251258850098e-01 5.670897364616394043e-01
4.039885699748992920e-01 5.218080878257751465e-01
4.560160934925079346e-01 3.353376686573028564e-01
4.305882453918457031e-01 4.641962945461273193e-01
6.400710940361022949e-01 4.627877473831176758e-01
5.435210466384887695e-01 6.733928620815277100e-02
7.644893527030944824e-01 4.229527115821838379e-01
8.329005241394042969e-01 6.207796335220336914e-01
9.502112865447998047e-01 4.743170142173767090e-01
2.602850496768951416e-01 4.430052358657121658e-03
7.780312299728393555e-01 6.118652969598770142e-02
2.392782717943191528e-01 1.651365160942077637e-01
7.004414796829223633e-01 1.479910463094711304e-01
3.656624555587768555e-01 2.949048951268196106e-02
5.912539362907409668e-01 7.227292060852050781e-01
6.195686459541320801e-01 1.170521602034568787e-01
5.950297713279724121e-01 9.253580123186111450e-02
7.277600765228271484e-01 4.449127316474914551e-01
4.844338297843933105e-01 2.758234441280364990e-01
8.870035409927368164e-01 2.100877314805984497e-01
2.937986552715301514e-01 9.471477270126342773e-01
6.037209630012512207e-01 2.220352292060852051e-01
2.642822451889514923e-02 1.747484207153320312e-01
8.688693642616271973e-01 3.423851355910301208e-02
4.325816631317138672e-01 2.946388348937034607e-02
6.367409825325012207e-01 6.216487884521484375e-01
2.629494667053222656e-01 8.612921833992004395e-01
7.403842359781265259e-02 5.980534553527832031e-01
8.885827660560607910e-01 1.655864715576171875e-01
3.371548950672149658e-01 4.604145586490631104e-01
1.301222294569015503e-01 1.167636662721633911e-01
1.812370717525482178e-01 7.468763589859008789e-01
4.841870665550231934e-01 5.084500908851623535e-01
4.334729313850402832e-01 9.895375370979309082e-01
8.266524076461791992e-01 4.721837341785430908e-01
6.653816699981689453e-01 2.612435519695281982e-01
4.737469181418418884e-02 9.148653149604797363e-01
5.570561885833740234e-01 5.964179635047912598e-01
2.635695040225982666e-01 7.445660978555679321e-02
2.130224108695983887e-01 5.043463110923767090e-01
8.201657980680465698e-02 4.056883454322814941e-01
3.247581422328948975e-01 4.773053526878356934e-01
2.613811790943145752e-01 4.682180285453796387e-02
7.153839468955993652e-01 4.939652979373931885e-01
5.118834972381591797e-01 3.883164525032043457e-01
9.641349315643310547e-01 9.167710542678833008e-01
1.352861523628234863e-01 4.738163650035858154e-01
1.922113895416259766e-01 2.933141589164733887e-01
9.195123314857482910e-01 3.371476829051971436e-01
9.708663821220397949e-01 2.193399146199226379e-02
6.492890715599060059e-01 4.567713439464569092e-01
6.078502535820007324e-02 1.704466193914413452e-01
8.795059323310852051e-01 1.200821250677108765e-01
1.092834994196891785e-01 9.097203612327575684e-01
1.056756526231765747e-01 9.889009594917297363e-01
3.432476222515106201e-01 6.915128231048583984e-01
6.516583561897277832e-01 4.344800412654876709e-01
5.460364222526550293e-01 1.943239122629165649e-01
8.362764716148376465e-01 2.549052536487579346e-01
8.516457676887512207e-01 3.705914318561553955e-01
9.434990882873535156e-01 7.336338758468627930e-01
4.414959549903869629e-01 3.997604921460151672e-02
8.271120190620422363e-01 6.221930980682373047e-01
5.349509716033935547e-01 4.578772783279418945e-01
9.201118946075439453e-01 1.350436955690383911e-01
6.508555412292480469e-01 1.178517863154411316e-01
6.971116662025451660e-01 3.038341104984283447e-01
4.754461646080017090e-01 2.409742176532745361e-01
7.399835586547851562e-01 7.676319479942321777e-01
9.842028021812438965e-01 6.991010904312133789e-01
1.816199719905853271e-01 9.452447891235351562e-01
7.585843205451965332e-01 8.843373507261276245e-02
9.520944356918334961e-01 9.261665344238281250e-01
9.643673896789550781e-01 6.667833775281906128e-02
7.706176042556762695e-01 3.916229009628295898e-01
2.085654139518737793e-01 9.417833089828491211e-01
6.060629487037658691e-01 9.592307806015014648e-01
5.807363986968994141e-01 9.168402552604675293e-01
8.947266936302185059e-01 4.331987798213958740e-01
5.189617350697517395e-02 4.043971300125122070e-01
1.381209492683410645e-01 8.241753578186035156e-01
7.367051243782043457e-01 1.568729281425476074e-01
2.191459834575653076e-01 8.392876386642456055e-01
9.383956193923950195e-01 4.261466264724731445e-01
8.476563692092895508e-01 1.456006914377212524e-01
1.263845711946487427e-01 4.675461947917938232e-01
8.547072410583496094e-01 9.307269006967544556e-02
7.213616967201232910e-01 1.938533186912536621e-01
8.196082115173339844e-01 5.297040343284606934e-01
4.926547110080718994e-01 2.279863320291042328e-02
2.690719068050384521e-01 4.637245535850524902e-01
6.279018521308898926e-01 9.232723712921142578e-02
4.523044228553771973e-01 6.103391200304031372e-02
7.895652651786804199e-01 1.782499700784683228e-01
7.373307943344116211e-01 1.368765626102685928e-02
2.561111152172088623e-01 6.346691846847534180e-01
5.785325169563293457e-01 1.285804808139801025e-01
9.504403918981552124e-02 5.618255734443664551e-01
6.729270219802856445e-01 2.589959204196929932e-01
5.549205541610717773e-01 4.316301047801971436e-01
7.478933930397033691e-01 7.622641324996948242e-01
6.385689973831176758e-01 1.376119405031204224e-01
7.753476500511169434e-01 4.050275683403015137e-01
6.730849146842956543e-01 9.892437458038330078e-01
5.992445945739746094e-01 7.704495191574096680e-01
7.582988739013671875e-01 3.583960235118865967e-01
1.110860630869865417e-01 3.622663915157318115e-01
9.082591533660888672e-01 2.667185366153717041e-01
6.123244762420654297e-01 1.429850012063980103e-01
3.862068355083465576e-01 2.854359447956085205e-01
8.794128894805908203e-01 2.236263751983642578e-01
6.060104966163635254e-01 3.388513252139091492e-02
9.312714934349060059e-01 1.021984964609146118e-02
7.741979956626892090e-01 5.030612349510192871e-01
1.033003479242324829e-01 4.288901388645172119e-01
3.571224510669708252e-01 2.617730796337127686e-01
9.406708478927612305e-01 7.283013314008712769e-02
5.815393328666687012e-01 9.510929137468338013e-02
7.453764677047729492e-01 2.829835414886474609e-01
6.560694575309753418e-01 4.126177430152893066e-01
6.465620994567871094e-01 2.065615355968475342e-02
5.765391588211059570e-01 2.734758853912353516e-01
3.217178285121917725e-01 8.210259675979614258e-01
2.081402242183685303e-01 2.980782389640808105e-01
1.729260683059692383e-01 9.513579010963439941e-01
8.712559342384338379e-01 5.262258052825927734e-01
7.323430180549621582e-01 7.857943177223205566e-01
9.570523500442504883e-01 3.679791986942291260e-01
9.914870858192443848e-01 9.585847854614257812e-01
9.546709656715393066e-01 7.493748068809509277e-01
3.614400327205657959e-01 6.388437151908874512e-01
1.546914577484130859e-01 2.972725331783294678e-01
2.337192296981811523e-01 1.040985137224197388e-01
6.448839306831359863e-01 4.059688150882720947e-01
6.110075116157531738e-01 2.404508292675018311e-01
6.869238018989562988e-01 6.556575894355773926e-01
2.488540261983871460e-01 4.280210435390472412e-01
8.742952942848205566e-01 9.182469248771667480e-01
