5.504936575889587402e-01 2.287612296640872955e-02
8.087871223688125610e-02 8.083930015563964844e-01
3.501955270767211914e-01 9.623035788536071777e-01
8.706684112548828125e-01 7.123175859451293945e-01
3.355910181999206543e-01 9.497358798980712891e-01
6.094399690628051758e-01 6.669037938117980957e-01
9.655230641365051270e-01 1.074023619294166565e-01
5.553783178329467773e-01 9.045717716217041016e-01
9.299173355102539062e-01 2.306870669126510620e-01
6.890496015548706055e-01 6.459905505180358887e-01
9.175497293472290039e-01 7.084873318672180176e-02
6.688198447227478027e-01 2.954900562763214111e-01
1.577060967683792114e-01 7.548125982284545898e-01
9.029529094696044922e-01 3.843335211277008057e-01
4.673526883125305176e-01 5.335041284561157227e-01
5.171644091606140137e-01 7.051961421966552734e-01
7.560091614723205566e-01 9.309356212615966797e-01
1.038302183151245117e-01 6.078861951828002930e-01
1.597895473241806030e-01 8.189361095428466797e-01
1.936389654874801636e-01 2.988568544387817383e-01
8.080217242240905762e-01 8.549107313156127930e-01
7.130486965179443359e-01 3.973712623119354248e-01
7.879765629768371582e-01 6.423719525337219238e-01
5.050646662712097168e-01 5.879170298576354980e-01
9.705103039741516113e-01 5.203962326049804688e-01
1.804320067167282104e-01 3.487838506698608398e-01
9.564616680145263672e-01 9.271537661552429199e-01
8.547606468200683594e-01 9.363465309143066406e-01
4.538143277168273926e-01 4.450982809066772461e-01
5.313946604728698730e-01 1.979033276438713074e-02
8.960147202014923096e-02 1.324882209300994873e-01
6.778793334960937500e-01 4.665992688387632370e-03
4.209540784358978271e-01 5.773263424634933472e-02
3.607997298240661621e-01 9.524031281471252441e-01
3.172662258148193359e-01 5.868936777114868164e-01
2.861445546150207520e-01 1.117321997880935669e-01
2.630896307528018951e-02 7.824549078941345215e-01
5.586578249931335449e-01 5.991346240043640137e-01
7.131620645523071289e-01 9.961247444152832031e-01
4.616835415363311768e-01 1.152046211063861847e-02
8.175110816955566406e-01 2.451230287551879883e-01
4.312722980976104736e-01 1.865659207105636597e-01
7.625072002410888672e-01 4.907805621623992920e-01
8.280209302902221680e-01 1.914457231760025024e-01
2.251101136207580566e-01 3.108237311244010925e-02
8.738846778869628906e-01 8.686963319778442383e-01
1.317673325538635254e-01 6.378991007804870605e-01
7.261838912963867188e-01 6.827431917190551758e-01
5.607500076293945312e-01 9.598187208175659180e-01
1.627065539360046387e-01 6.684624552726745605e-01
7.144613265991210938e-01 1.875259280204772949e-01
8.794592022895812988e-01 4.591973721981048584e-01
3.181373178958892822e-01 5.547887086868286133e-01
4.336407780647277832e-01 3.825189173221588135e-01
6.531117558479309082e-01 1.331107914447784424e-01
5.874168872833251953e-01 9.359301328659057617e-01
1.198859289288520813e-01 7.439718842506408691e-01
3.826537728309631348e-01 2.847853675484657288e-02
1.577526628971099854e-01 7.036519646644592285e-01
3.802059292793273926e-01 8.793988227844238281e-01
9.601559042930603027e-01 4.052403867244720459e-01
1.718983501195907593e-01 9.344000220298767090e-01
8.179718255996704102e-01 3.611994981765747070e-01
7.565204501152038574e-01 8.469833135604858398e-01
5.153656005859375000e-01 8.671144843101501465e-01
2.230424731969833374e-01 9.308342337608337402e-01
9.501682519912719727e-01 5.566069483757019043e-01
7.439199686050415039e-01 6.197624206542968750e-01
4.430869817733764648e-01 1.858044564723968506e-01
2.937970459461212158e-01 1.259058415889739990e-01
6.732602119445800781e-01 5.469479560852050781e-01
7.107254862785339355e-02 9.230537414550781250e-01
8.623769879341125488e-01 7.080814242362976074e-01
6.145576834678649902e-01 1.953084208071231842e-02
7.232560515403747559e-01 7.719423174858093262e-01
8.977051973342895508e-01 2.167165428400039673e-01
6.530346274375915527e-01 3.265537917613983154e-01
3.626674711704254150e-01 2.437005341053009033e-01
5.725345611572265625e-01 9.458299279212951660e-01
7.911192774772644043e-01 8.025202751159667969e-01
6.025602221488952637e-01 3.642785549163818359e-01
6.714199781417846680e-01 2.758983969688415527e-01
5.060191750526428223e-01 6.611128449440002441e-01
3.512551784515380859e-01 2.244750410318374634e-01
4.914706945419311523e-01 2.739010751247406006e-01
2.033047229051589966e-01 3.995403051376342773e-01
9.497529864311218262e-01 1.711557954549789429e-01
7.556039094924926758e-01 7.401335984468460083e-02
3.998950719833374023e-01 3.259439766407012939e-02
3.469715416431427002e-01 7.819111347198486328e-01
8.865910768508911133e-01 4.635587036609649658e-01
1.615877151489257812e-01 1.738402098417282104e-01
1.140142977237701416e-01 9.120650291442871094e-01
9.033285379409790039e-01 1.979739814996719360e-01
7.776734977960586548e-02 6.408300995826721191e-01
2.620387077331542969e-01 4.506334960460662842e-01
2.301869839429855347e-01 3.513378202915191650e-01
8.559955358505249023e-01 7.136003971099853516e-01
9.830468893051147461e-01 5.038212537765502930e-01
5.413935780525207520e-01 4.110754728317260742e-01
3.057490289211273193e-01 9.130282402038574219e-01
6.417540907859802246e-01 7.546471953392028809e-01
1.343208998441696167e-01 7.068100571632385254e-01
2.155460268259048462e-01 7.658163905143737793e-01
8.073305338621139526e-02 8.748922944068908691e-01
9.788479208946228027e-01 2.175127416849136353e-01
3.265862464904785156e-01 1.715442091226577759e-01
7.161250710487365723e-01 3.329105675220489502e-02
1.473745852708816528e-01 6.356883049011230469e-02
1.130084600299596786e-02 2.226104214787483215e-02
5.915928483009338379e-01 1.209338009357452393e-01
8.936566710472106934e-01 5.894938111305236816e-01
6.229905486106872559e-01 3.196513950824737549e-01
8.906726837158203125e-01 5.331996083259582520e-01
4.537253379821777344e-01 7.433719635009765625e-01
2.576301097869873047e-01 5.380619764328002930e-01
1.288651823997497559e-01 2.706999778747558594e-01
4.234118387103080750e-02 1.573652625083923340e-01
1.460901051759719849e-01 8.014371618628501892e-03
4.929975271224975586e-01 7.489933967590332031e-01
5.083002448081970215e-01 1.861549168825149536e-01
1.507704704999923706e-01 6.890727877616882324e-01
4.654045403003692627e-02 6.318359971046447754e-01
5.582459568977355957e-01 1.082988977432250977e-01
9.024090766906738281e-01 1.643919199705123901e-01
5.763018727302551270e-01 8.620548248291015625e-01
3.838634788990020752e-01 5.254290103912353516e-01
4.524687528610229492e-01 2.051254659891128540e-01
8.628764152526855469e-01 8.222880959510803223e-01
8.501654863357543945e-02 5.987325310707092285e-02
8.175994753837585449e-01 1.447986960411071777e-01
3.965230882167816162e-01 9.862951636314392090e-01
5.597181320190429688e-01 1.437925994396209717e-01
2.951442003250122070e-01 2.915064394474029541e-01
7.687951922416687012e-01 1.803785711526870728e-01
4.175187349319458008e-01 1.547718942165374756e-01
2.842527627944946289e-01 5.177336335182189941e-01
7.811751961708068848e-01 9.555146098136901855e-01
4.055074751377105713e-01 4.271782636642456055e-01
1.531225591897964478e-01 8.002001643180847168e-01
4.708574414253234863e-01 9.708949923515319824e-01
4.287717044353485107e-01 3.513979911804199219e-01
9.525972604751586914e-01 1.314821690320968628e-01
1.474642604589462280e-01 5.412014201283454895e-02
4.422202706336975098e-01 1.772338598966598511e-01
1.061774045228958130e-01 5.772900953888893127e-02
3.052942454814910889e-01 6.297804117202758789e-01
9.798893928527832031e-01 5.948273539543151855e-01
4.015166163444519043e-01 6.884787678718566895e-01
8.437170088291168213e-02 8.610454201698303223e-01
1.773352175951004028e-01 6.843097805976867676e-01
6.860587596893310547e-01 8.218954205513000488e-01
9.174607992172241211e-01 1.294896453619003296e-01
9.152344465255737305e-01 6.318662762641906738e-01
8.594248890876770020e-01 9.697560071945190430e-01
5.168598145246505737e-02 3.856148719787597656e-01
9.057173728942871094e-01 4.430031478404998779e-01
4.203307628631591797e-01 8.864476531744003296e-02
1.701017767190933228e-01 7.453103065490722656e-01
7.790771722793579102e-01 2.682410366833209991e-02
8.210259675979614258e-01 7.525178790092468262e-01
2.920950353145599365e-01 5.403892993927001953e-01
2.304077334702014923e-02 6.375750303268432617e-01
5.073762536048889160e-01 5.146237015724182129e-01
9.856976866722106934e-01 9.138401150703430176e-01
8.837515860795974731e-02 9.664695858955383301e-01
6.538562178611755371e-01 4.516046643257141113e-01
3.057751655578613281e-01 9.302116036415100098e-01
6.270495057106018066e-01 8.864317536354064941e-01
8.045935630798339844e-01 8.374685049057006836e-01
7.594560980796813965e-01 9.504565596580505371e-02
6.478337049484252930e-01 8.941376805305480957e-01
2.043377608060836792e-02 3.046061098575592041e-01
5.408627986907958984e-01 6.042926311492919922e-01
4.756282269954681396e-01 1.622159779071807861e-01
9.115297794342041016e-01 1.428383290767669678e-01
9.622248411178588867e-01 1.238975301384925842e-01
5.712349414825439453e-01 7.182438969612121582e-01
6.374233216047286987e-02 6.750618815422058105e-01
4.817318916320800781e-01 2.232576906681060791e-01
4.890448451042175293e-01 4.929614365100860596e-01
5.589070916175842285e-01 7.815368771553039551e-01
7.818580269813537598e-01 9.431681036949157715e-01
4.686600863933563232e-01 9.250541925430297852e-01
6.237496137619018555e-01 4.083021283149719238e-01
7.247319221496582031e-01 1.143602430820465088e-01
9.297845959663391113e-01 7.047975659370422363e-01
3.243885934352874756e-01 5.815867781639099121e-01
4.969794750213623047e-01 2.142437249422073364e-01
6.394354701042175293e-01 7.911049723625183105e-01
5.851406455039978027e-01 8.558906316757202148e-01
9.635363221168518066e-01 4.336299598217010498e-01
4.549338519573211670e-01 7.229165434837341309e-01
5.273351669311523438e-01 9.085419178009033203e-01
6.140186190605163574e-01 7.844744324684143066e-01
2.195574045181274414e-01 8.553593605756759644e-02
6.433272361755371094e-01 9.743013381958007812e-01
6.123192608356475830e-02 1.021626815199851990e-01
8.098995089530944824e-01 3.206213414669036865e-01
2.859282307326793671e-02 2.045564949512481689e-01
8.739367127418518066e-01 2.785733900964260101e-02
4.387670755386352539e-01 9.426129460334777832e-01
7.796607017517089844e-01 8.961701989173889160e-01
1.845179940573871136e-03 5.814666152000427246e-01
4.796339869499206543e-01 3.408402502536773682e-01
6.606737971305847168e-01 5.368725657463073730e-01
2.806104421615600586e-01 6.277387589216232300e-02
3.342749476432800293e-01 5.023736357688903809e-01
9.986527264118194580e-02 8.413312435150146484e-01
7.797933816909790039e-01 4.394838213920593262e-01
6.844144463539123535e-01 6.762925982475280762e-01
2.687868475914001465e-01 3.356344699859619141e-01
2.324612289667129517e-01 2.391351312398910522e-01
2.369721382856369019e-01 9.202368855476379395e-01
5.752735137939453125e-01 6.121944785118103027e-01
2.961259186267852783e-01 1.033791452646255493e-01
2.700550258159637451e-01 7.077797055244445801e-01
4.973203688859939575e-02 9.379537701606750488e-01
9.767418503761291504e-01 3.543746769428253174e-01
8.186402320861816406e-01 4.317831099033355713e-01
8.081547021865844727e-01 6.656673550605773926e-02
8.905951380729675293e-01 9.458545446395874023e-01
1.568604446947574615e-02 3.776933625340461731e-02
4.336355030536651611e-01 5.051965713500976562e-01
5.474025607109069824e-01 2.873789668083190918e-01
2.848171293735504150e-01 7.581568360328674316e-01
3.789363801479339600e-01 5.282003879547119141e-01
3.620166704058647156e-02 7.488858103752136230e-01
7.529739141464233398e-01 8.250989913940429688e-01
4.082975089550018311e-01 1.812748163938522339e-01
5.695098638534545898e-01 8.644910454750061035e-01
2.415323853492736816e-01 1.780622005462646484e-01
4.621638655662536621e-01 7.825884222984313965e-01
8.365822434425354004e-01 8.787013292312622070e-01
8.971896022558212280e-02 3.413795232772827148e-01
5.596361756324768066e-01 2.322822809219360352e-01
3.076919615268707275e-01 9.668845534324645996e-01
2.052033692598342896e-01 5.859590172767639160e-01
1.437101215124130249e-01 4.636472761631011963e-01
9.272454380989074707e-01 5.581486821174621582e-01
2.799295447766780853e-02 8.971365690231323242e-01
1.229914557188749313e-02 8.831877112388610840e-01
9.194980263710021973e-01 5.177261233329772949e-01
5.316208004951477051e-01 1.432035863399505615e-01
3.299462199211120605e-01 7.967916131019592285e-01
2.590532004833221436e-01 6.758915185928344727e-01
7.440255284309387207e-01 9.755649417638778687e-02
1.004330068826675415e-01 6.097308397293090820e-01
2.043648511171340942e-01 4.311642944812774658e-01
1.220993176102638245e-01 4.752171337604522705e-01
5.570718646049499512e-02 9.908042550086975098e-01
7.129113078117370605e-01 9.571549296379089355e-01
3.274162113666534424e-01 7.221774458885192871e-01
3.790638446807861328e-01 4.575484395027160645e-01
3.027799129486083984e-01 6.639204025268554688e-01
7.853622436523437500e-01 6.518611907958984375e-01
5.297084525227546692e-02 3.450399041175842285e-01
6.684881448745727539e-01 1.111347079277038574e-01
8.120313882827758789e-01 8.970007300376892090e-01
9.917291402816772461e-01 1.956415027379989624e-01
4.692793786525726318e-01 1.449824869632720947e-01
8.586837649345397949e-01 6.709499657154083252e-02
7.258165478706359863e-01 9.077651500701904297e-01
5.418267846107482910e-01 5.354844331741333008e-01
6.144562959671020508e-01 4.443278014659881592e-01
6.697600483894348145e-01 7.532012462615966797e-01
8.918328583240509033e-02 2.731558978557586670e-01
2.080896794795989990e-01 7.053003907203674316e-01
9.139058589935302734e-01 3.252299726009368896e-01
1.633016169071197510e-01 1.024220734834671021e-01
5.321343615651130676e-02 8.825376033782958984e-01
8.437297940254211426e-01 5.281223356723785400e-02
9.847446084022521973e-01 7.325220108032226562e-01
4.303673207759857178e-01 6.870576143264770508e-01
9.216076135635375977e-01 4.493271112442016602e-01
4.304198920726776123e-01 5.443942546844482422e-01
3.742290735244750977e-01 2.758276164531707764e-01
3.395322561264038086e-01 1.401686370372772217e-01
8.754314184188842773e-01 7.806342840194702148e-01
4.743391275405883789e-01 1.511613130569458008e-01
6.895180344581604004e-01 4.218589663505554199e-01
4.291869401931762695e-01 2.344169318675994873e-01
5.357792973518371582e-01 9.990544915199279785e-01
2.655022144317626953e-01 7.071770429611206055e-01
2.062575221061706543e-01 3.335693776607513428e-01
6.564360260963439941e-01 6.536240577697753906e-01
8.749892711639404297e-01 9.274871945381164551e-01
1.820978969335556030e-01 1.452401131391525269e-01
2.266856133937835693e-01 2.264376878738403320e-01
7.540605664253234863e-01 9.474180936813354492e-01
3.051629662513732910e-01 7.125789523124694824e-01
2.663812339305877686e-01 6.411307305097579956e-02
2.554825246334075928e-01 1.744091510772705078e-01
2.878732085227966309e-01 3.901616632938385010e-01
3.178630769252777100e-01 7.030470371246337891e-01
3.134306520223617554e-02 8.067545890808105469e-01
9.157585501670837402e-01 3.143291473388671875e-01
6.946870684623718262e-01 8.573650121688842773e-01
5.095919966697692871e-01 7.231193184852600098e-01
8.580155968666076660e-01 5.801927447319030762e-01
9.034348130226135254e-01 2.780018448829650879e-01
6.136316657066345215e-01 3.054509460926055908e-01
3.507479727268218994e-01 4.077177643775939941e-01
8.777002096176147461e-01 3.852088451385498047e-01
6.396811008453369141e-01 5.346955657005310059e-01
4.175839945673942566e-02 1.468290388584136963e-01
4.083143919706344604e-02 2.201659977436065674e-01
3.827427327632904053e-01 3.646501600742340088e-01
9.901385307312011719e-01 6.018832325935363770e-02
7.071621417999267578e-01 5.931690931320190430e-01
3.844223544001579285e-02 5.167400836944580078e-01
5.021365284919738770e-01 6.407921910285949707e-01
2.927170693874359131e-01 4.175018966197967529e-01
2.693940997123718262e-01 3.137861192226409912e-01
9.302720427513122559e-02 5.411019325256347656e-01
2.829615175724029541e-01 7.259393930435180664e-01
8.680206537246704102e-01 4.738355875015258789e-01
4.501430392265319824e-01 5.848681926727294922e-01
4.549957811832427979e-01 3.621526658535003662e-01
3.013914227485656738e-01 2.200973331928253174e-01
8.084958791732788086e-02 3.718585968017578125e-01
1.365824043750762939e-01 2.731107175350189209e-01
3.559559285640716553e-01 6.122891604900360107e-02
5.999816060066223145e-01 8.838964700698852539e-01
2.284087054431438446e-02 5.941693186759948730e-01
4.981770813465118408e-01 8.252296596765518188e-02
6.316710114479064941e-01 2.450066385790705681e-03
9.757162928581237793e-01 9.072533994913101196e-02
9.615975022315979004e-01 5.956606268882751465e-01
7.755853533744812012e-01 6.065881252288818359e-01
7.875598035752773285e-03 7.471077442169189453e-01
2.756499685347080231e-02 8.415582180023193359e-01
4.528571367263793945e-01 1.575689315795898438e-01
2.084312587976455688e-02 4.839731007814407349e-02
6.579324007034301758e-01 2.697032094001770020e-01
8.237420320510864258e-01 8.417313098907470703e-01
4.847239851951599121e-01 1.103272661566734314e-01
3.573443591594696045e-01 3.688850104808807373e-01
9.127273559570312500e-01 7.124421596527099609e-01
9.906211495399475098e-01 9.556377679109573364e-02
3.462669253349304199e-01 8.978317379951477051e-01
6.313576549291610718e-02 3.981641530990600586e-01
6.106329560279846191e-01 4.609630405902862549e-01
7.940887212753295898e-01 4.072905480861663818e-01
1.692915707826614380e-02 7.216719388961791992e-01
2.865510247647762299e-02 5.897582322359085083e-02
5.855470895767211914e-01 5.313283205032348633e-01
3.945861160755157471e-01 3.614314794540405273e-01
3.645217120647430420e-01 6.567775607109069824e-01
7.099548578262329102e-01 4.726372361183166504e-01
4.125306606292724609e-01 3.739977478981018066e-01
5.724854469299316406e-01 5.441377758979797363e-01
2.737037241458892822e-01 2.623413801193237305e-01
5.267105698585510254e-01 7.760671377182006836e-01
8.484402298927307129e-01 6.881631612777709961e-01
7.034659981727600098e-01 1.898232251405715942e-01
7.973388433456420898e-01 5.414237380027770996e-01
1.897280812263488770e-01 5.367839932441711426e-01
8.149296045303344727e-01 8.444280624389648438e-01
3.253412544727325439e-01 3.778869211673736572e-01
8.353477716445922852e-01 1.107234284281730652e-01
4.894389212131500244e-01 6.459423899650573730e-01
2.629949152469635010e-01 8.370762467384338379e-01
8.706787824630737305e-01 2.713266611099243164e-01
8.193750381469726562e-01 1.530659794807434082e-01
8.088343739509582520e-01 7.709615230560302734e-01
6.303725838661193848e-01 2.308164089918136597e-01
4.919356405735015869e-01 8.446964621543884277e-01
5.526150465011596680e-01 3.828722834587097168e-01
6.639236807823181152e-01 1.493373215198516846e-01
6.865006089210510254e-01 9.293330311775207520e-01
3.498545587062835693e-01 9.046130776405334473e-01
3.767099976539611816e-01 6.981904506683349609e-01
9.863986372947692871e-01 1.778766214847564697e-01
4.192119240760803223e-01 7.939749211072921753e-02
1.186167001724243164e-01 4.597973227500915527e-01
3.128457069396972656e-01 8.833162784576416016e-01
3.950026631355285645e-02 1.193913444876670837e-01
4.239498972892761230e-01 7.315881848335266113e-01
8.944937586784362793e-01 5.154660940170288086e-01
2.266213148832321167e-01 1.211720705032348633e-01
6.574333310127258301e-01 6.072742938995361328e-01
8.528967201709747314e-02 1.419180333614349365e-01
5.536420345306396484e-01 6.509272754192352295e-02
7.797733880579471588e-03 7.618754506111145020e-01
4.675104022026062012e-01 6.158274412155151367e-01
6.437310576438903809e-01 8.613691329956054688e-01
1.237252075225114822e-02 4.284410178661346436e-01
2.428248673677444458e-01 1.423546522855758667e-01
6.987517476081848145e-01 7.547692060470581055e-01
2.409349679946899414e-01 2.073653191328048706e-01
7.877226471900939941e-01 1.457834690809249878e-01
3.382127583026885986e-01 8.492943048477172852e-01
8.914655447006225586e-01 6.566615700721740723e-01
1.208126321434974670e-01 9.885526448488235474e-02
2.646923661231994629e-01 1.561201214790344238e-01
7.349914312362670898e-01 7.908501029014587402e-01
6.232698559761047363e-01 1.524340063333511353e-01
5.752151012420654297e-01 8.364810943603515625e-01
9.378464221954345703e-01 5.967530608177185059e-01
8.880574107170104980e-01 5.383893847465515137e-01
2.369147092103958130e-01 5.198979005217552185e-02
1.576108932495117188e-01 5.432764887809753418e-01
5.476620197296142578e-01 8.404144644737243652e-01
7.807560563087463379e-01 5.921270251274108887e-01
5.478719994425773621e-02 1.689319014549255371e-01
8.341807723045349121e-01 4.959357082843780518e-01
6.498668193817138672e-01 7.713027000427246094e-01
7.757971286773681641e-01 1.150523275136947632e-01
9.332056045532226562e-01 1.091993525624275208e-01
4.555434882640838623e-01 6.018289923667907715e-01
4.200951159000396729e-01 8.720537424087524414e-01
9.422882199287414551e-01 7.914745062589645386e-02
7.431971840560436249e-03 8.028408885002136230e-01
9.634651541709899902e-01 5.463009476661682129e-01
5.937765911221504211e-02 3.869738876819610596e-01
4.343721866607666016e-01 2.887392640113830566e-01
4.207355976104736328e-01 2.130114287137985229e-01
7.907784730195999146e-02 4.449965953826904297e-01
3.369136899709701538e-02 6.020183563232421875e-01
5.937758088111877441e-01 2.980889678001403809e-01
9.980761259794235229e-02 8.231859207153320312e-01
1.275380551815032959e-01 7.191790267825126648e-03
2.528284788131713867e-01 1.749479621648788452e-01
2.845847606658935547e-01 5.109696984291076660e-01
8.432685732841491699e-01 8.881436586380004883e-01
9.885568022727966309e-01 8.131703138351440430e-01
7.007090449333190918e-01 3.007427416741847992e-02
5.540571212768554688e-01 8.499106764793395996e-01
3.342373669147491455e-01 3.668144345283508301e-01
9.384281188249588013e-02 4.800997376441955566e-01
4.026798903942108154e-01 8.108563423156738281e-01
9.332646429538726807e-02 3.275137543678283691e-01
3.586221039295196533e-01 3.169624805450439453e-01
6.917211413383483887e-01 3.706432282924652100e-01
7.094054818153381348e-01 4.016215801239013672e-01
3.161505758762359619e-01 1.137595474720001221e-01
9.917688369750976562e-01 3.247768878936767578e-01
1.236271113157272339e-01 9.826707839965820312e-01
8.310229182243347168e-01 9.843802452087402344e-01
5.060983300209045410e-01 1.190805621445178986e-02
5.937475562095642090e-01 1.051518693566322327e-01
5.103260278701782227e-01 1.247796714305877686e-01
1.012266948819160461e-01 2.918192148208618164e-01
7.314344644546508789e-01 3.313141763210296631e-01
3.267671167850494385e-01 8.733587861061096191e-01
6.595124602317810059e-01 8.394776582717895508e-01
1.827239841222763062e-01 4.901813566684722900e-01
3.658502697944641113e-01 2.326048165559768677e-01
1.542109251022338867e-01 9.279652237892150879e-01
2.652828395366668701e-01 9.812026023864746094e-01
1.417123675346374512e-01 3.450443744659423828e-01
1.629805192351341248e-02 7.900645732879638672e-01
8.462432026863098145e-01 3.962918817996978760e-01
9.173102378845214844e-01 9.383625388145446777e-01
4.643762111663818359e-01 6.524963974952697754e-01
6.688587069511413574e-01 6.759978532791137695e-01
9.170511364936828613e-01 6.855180952697992325e-03
7.412832379341125488e-01 9.735657572746276855e-01
6.146984100341796875e-01 9.844739437103271484e-01
9.462578892707824707e-01 1.669260114431381226e-01
7.657234072685241699e-01 2.925159335136413574e-01
1.858791112899780273e-01 5.552903413772583008e-01
2.596122324466705322e-01 4.621373862028121948e-02
3.407720029354095459e-01 3.424596786499023438e-01
9.823155999183654785e-01 6.853650212287902832e-01
1.127162054181098938e-01 1.408847272396087646e-01
1.962254941463470459e-02 5.879344344139099121e-01
4.293227195739746094e-02 1.335145384073257446e-01
3.208485543727874756e-01 4.293938279151916504e-01
5.195856690406799316e-01 1.988981850445270538e-02
7.232355326414108276e-02 5.075785517692565918e-01
7.401109337806701660e-01 6.546784639358520508e-01
4.881905317306518555e-01 6.904722452163696289e-01
2.422690093517303467e-01 2.661290764808654785e-01
2.504247128963470459e-01 5.569789791479706764e-04
6.937837004661560059e-01 5.008272528648376465e-01
1.954285055398941040e-01 1.056062877178192139e-01
3.386816680431365967e-01 7.583495974540710449e-01
1.247277259826660156e-01 2.116747349500656128e-01
7.840639352798461914e-01 7.675761580467224121e-01
3.921273946762084961e-01 6.501442790031433105e-01
1.138738170266151428e-02 2.485742717981338501e-01
3.129033744335174561e-01 1.745072305202484131e-01
6.526240706443786621e-02 2.082572281360626221e-01
2.810172736644744873e-02 9.220473170280456543e-01
1.242719292640686035e-01 8.377040028572082520e-01
9.984672665596008301e-01 4.199066460132598877e-01
3.163614571094512939e-01 2.616167068481445312e-01
3.467573225498199463e-01 5.662525892257690430e-01
5.922387838363647461e-01 9.081743955612182617e-01
2.304846234619617462e-02 1.050137504935264587e-01
8.114567995071411133e-01 7.546193003654479980e-01
1.643526107072830200e-01 9.300848245620727539e-01
7.951232194900512695e-01 6.997908949851989746e-01
2.851673662662506104e-01 6.632093787193298340e-01
6.511504650115966797e-01 5.556775927543640137e-01
2.200461924076080322e-01 9.258343279361724854e-02
8.246735930442810059e-01 2.810033559799194336e-01
7.324225902557373047e-01 6.538892984390258789e-01
1.040211468935012817e-01 8.366088271141052246e-01
7.224401235580444336e-01 2.304784506559371948e-01
6.052796263247728348e-03 4.957669079303741455e-01
5.012460350990295410e-01 6.983350515365600586e-01
2.121418416500091553e-01 7.744172215461730957e-01
7.716843485832214355e-01 8.673830628395080566e-01
9.661832451820373535e-01 3.818849027156829834e-01
2.856504023075103760e-01 1.508742570877075195e-01
3.421127796173095703e-01 5.685887932777404785e-01
9.805891513824462891e-01 3.385689854621887207e-02
1.004367042332887650e-02 4.879923462867736816e-01
2.247550040483474731e-01 1.681327074766159058e-02
4.839711189270019531e-01 1.683091223239898682e-01
2.190902829170227051e-01 3.997463285923004150e-01
1.729868948459625244e-01 4.433338046073913574e-01
4.032700359821319580e-01 5.921084880828857422e-01
1.604092717170715332e-01 7.860205769538879395e-01
7.759155035018920898e-01 3.366675078868865967e-01
8.708380907773971558e-02 9.828835725784301758e-01
5.280745029449462891e-01 1.604200750589370728e-01
5.725914835929870605e-01 9.217389822006225586e-01
4.907315969467163086e-01 9.383385181427001953e-01
8.950415849685668945e-01 7.775713205337524414e-01
7.131872177124023438e-01 5.203651785850524902e-01
9.608605504035949707e-01 2.019730508327484131e-01
3.830711543560028076e-02 4.479428827762603760e-01
1.489987410604953766e-02 4.163193702697753906e-01
4.920242130756378174e-01 7.583438754081726074e-01
1.989654004573822021e-01 6.644644141197204590e-01
3.736900389194488525e-01 2.681396901607513428e-01
8.299097418785095215e-02 7.839763164520263672e-01
2.272772789001464844e-01 5.409945845603942871e-01
1.798308342695236206e-01 7.816499471664428711e-01
8.882052898406982422e-01 6.918140053749084473e-01
5.796855688095092773e-01 3.591470718383789062e-01
9.191959500312805176e-01 1.631926447153091431e-01
2.047997862100601196e-01 3.652902543544769287e-01
5.225155353546142578e-01 5.224350839853286743e-02
8.846281170845031738e-01 5.938112139701843262e-01
9.573567509651184082e-01 9.218989014625549316e-01
2.273295670747756958e-01 9.381939172744750977e-01
7.683949470520019531e-01 7.262361049652099609e-01
5.343780517578125000e-01 9.129088521003723145e-01
6.534957885742187500e-01 7.658663392066955566e-02
7.931143641471862793e-01 6.768031511455774307e-03
2.592723667621612549e-01 6.648273468017578125e-01
9.419686198234558105e-01 5.057860016822814941e-01
7.557194232940673828e-01 4.832290410995483398e-01
5.773363709449768066e-01 1.003009602427482605e-01
4.825943410396575928e-01 6.009975671768188477e-01
6.555309295654296875e-01 2.564274705946445465e-02
1.720159351825714111e-01 3.176508247852325439e-01
9.715539813041687012e-01 7.136537432670593262e-01
8.407424688339233398e-01 6.876515746116638184e-01
3.998498320579528809e-01 3.146105110645294189e-01
2.422411143779754639e-01 4.097754657268524170e-01
5.296370983123779297e-01 2.029421180486679077e-02
8.010331392288208008e-01 3.822425901889801025e-01
5.312021374702453613e-01 6.661111116409301758e-01
4.037820696830749512e-01 5.624434947967529297e-01
3.522066771984100342e-01 8.352610468864440918e-01
1.642538756132125854e-01 6.232624053955078125e-01
4.108222424983978271e-01 6.958506107330322266e-01
2.395212948322296143e-01 6.999753415584564209e-02
9.516802430152893066e-01 8.400014042854309082e-01
9.024592638015747070e-01 8.793722391128540039e-01
9.019475579261779785e-01 2.883987873792648315e-02
6.610698103904724121e-01 9.372791647911071777e-01
5.596454739570617676e-01 3.594157695770263672e-01
9.556819796562194824e-01 2.694527804851531982e-01
6.035429239273071289e-01 9.864480495452880859e-01
2.643326520919799805e-01 4.875457882881164551e-01
9.923455119132995605e-01 1.739686578512191772e-01
7.624310255050659180e-01 7.450079321861267090e-01
1.254768222570419312e-01 7.360234856605529785e-01
5.249221920967102051e-01 7.367408871650695801e-01
3.954071179032325745e-02 1.840748451650142670e-02
4.126820564270019531e-01 9.347977489233016968e-02
3.961108028888702393e-01 9.581865370273590088e-02
1.087672561407089233e-01 9.848426580429077148e-01
4.107375442981719971e-01 7.983292341232299805e-01
5.510557293891906738e-01 5.687961578369140625e-01
4.542527347803115845e-02 2.119506746530532837e-01
3.877924978733062744e-01 6.134554743766784668e-01
9.836233258247375488e-01 7.022939920425415039e-01
5.873579978942871094e-01 2.721698582172393799e-01
9.774496555328369141e-01 3.441053032875061035e-01
8.736747503280639648e-01 3.752915263175964355e-01
2.790401875972747803e-01 8.071550130844116211e-01
6.607514023780822754e-01 4.301567375659942627e-01
3.510248363018035889e-01 7.981488108634948730e-01
9.830399751663208008e-01 4.054175317287445068e-01
8.058694750070571899e-02 4.363596066832542419e-02
5.711713805794715881e-02 6.604392528533935547e-01
6.019351631402969360e-02 5.328612923622131348e-01
8.699253946542739868e-02 3.437042534351348877e-01
6.431082487106323242e-01 4.002033770084381104e-01
2.275681942701339722e-01 3.530667126178741455e-01
4.242498278617858887e-01 1.045282483100891113e-01
7.235231995582580566e-01 2.628445252776145935e-02
9.483835697174072266e-01 7.284631133079528809e-01
5.506259202957153320e-01 1.084956005215644836e-01
6.741443872451782227e-01 5.834150314331054688e-01
9.957155585289001465e-01 4.374468028545379639e-01
2.116723805665969849e-01 4.769402146339416504e-01
6.428971886634826660e-01 7.553440332412719727e-01
5.733696818351745605e-01 7.094004750251770020e-02
9.186554551124572754e-01 8.820855021476745605e-01
9.599433839321136475e-02 5.891234278678894043e-01
2.502527534961700439e-01 1.062875092029571533e-01
3.042309284210205078e-01 3.063932061195373535e-01
9.255135059356689453e-01 7.996451854705810547e-01
5.343270301818847656e-01 7.320180535316467285e-01
2.314529418945312500e-01 3.539775207173079252e-04
6.911733001470565796e-02 3.184252679347991943e-01
3.568104505538940430e-01 5.926607847213745117e-01
7.250702977180480957e-01 6.411723494529724121e-01
5.169743895530700684e-01 2.933943271636962891e-02
4.114123284816741943e-01 1.509668231010437012e-01
1.769478172063827515e-01 1.749242544174194336e-01
2.851971983909606934e-01 5.381649732589721680e-01
6.484356522560119629e-01 7.025218009948730469e-01
3.263807594776153564e-01 9.446501135826110840e-01
1.327510327100753784e-01 6.583460569381713867e-01
3.644530773162841797e-01 3.821049332618713379e-01
8.111668825149536133e-01 4.533651769161224365e-01
8.703190088272094727e-01 7.960981726646423340e-01
7.919034361839294434e-01 5.551410317420959473e-01
8.778334259986877441e-01 7.378322482109069824e-01
3.974882662296295166e-01 9.623779058456420898e-01
9.711391329765319824e-01 6.700972914695739746e-01
8.733151555061340332e-01 3.713329732418060303e-01
8.821708559989929199e-01 7.092486023902893066e-01
4.721573889255523682e-01 1.470289677381515503e-01
2.332049906253814697e-01 4.070412814617156982e-01
6.684578061103820801e-01 7.430392783135175705e-03
9.370459914207458496e-01 7.931339144706726074e-01
5.038861632347106934e-01 9.074845910072326660e-01
8.330419659614562988e-01 4.977013766765594482e-01
5.786412954330444336e-01 9.651060700416564941e-01
7.372766733169555664e-01 8.310245275497436523e-01
7.000604867935180664e-01 6.586765646934509277e-01
6.213337182998657227e-01 9.287770837545394897e-02
6.251775026321411133e-01 3.544390201568603516e-01
3.640793561935424805e-01 3.434909284114837646e-01
8.652814626693725586e-01 8.321385979652404785e-01
6.333131194114685059e-01 1.205501779913902283e-01
1.693248748779296875e-01 4.511897861957550049e-01
3.784689903259277344e-01 3.660646080970764160e-01
6.947710514068603516e-01 2.461471110582351685e-01
7.364928126335144043e-01 8.514156341552734375e-01
9.348859190940856934e-01 7.114813923835754395e-01
5.646964311599731445e-01 2.890184223651885986e-01
6.870054602622985840e-01 8.134865164756774902e-01
5.223866701126098633e-01 4.002092182636260986e-01
4.367264509201049805e-01 8.038702607154846191e-01
2.692701220512390137e-01 3.436889052391052246e-01
7.143888473510742188e-01 1.604010760784149170e-01
7.154424786567687988e-01 8.896781206130981445e-01
1.283468306064605713e-01 6.968081593513488770e-01
3.994754552841186523e-01 3.176784217357635498e-01
8.925845623016357422e-01 6.740946173667907715e-01
8.722201585769653320e-01 5.699104070663452148e-01
7.421334981918334961e-01 4.550125598907470703e-01
9.509614109992980957e-01 8.564940690994262695e-01
6.147295832633972168e-01 7.831650376319885254e-01
5.315334796905517578e-01 7.162705063819885254e-02
8.801122307777404785e-01 7.888442277908325195e-01
8.446558117866516113e-01 6.105589866638183594e-01
4.593388140201568604e-01 8.787274360656738281e-01
8.894833736121654510e-03 4.214681088924407959e-01
8.847737312316894531e-01 3.758541867136955261e-02
1.154983341693878174e-01 9.491569399833679199e-01
8.097983002662658691e-01 4.146069586277008057e-01
1.777202785015106201e-01 3.147023916244506836e-01
3.860118091106414795e-01 4.570164680480957031e-01
5.674083828926086426e-01 7.505815625190734863e-01
1.371333301067352295e-01 3.035822212696075439e-01
6.873443722724914551e-01 1.559107154607772827e-01
1.523598842322826385e-02 2.428735643625259399e-01
4.327814579010009766e-01 7.759209871292114258e-01
2.375244498252868652e-01 8.583036065101623535e-01
9.503160119056701660e-01 5.704351067543029785e-01
7.375558614730834961e-01 2.018940262496471405e-02
7.451610565185546875e-01 1.227258667349815369e-01
7.914396375417709351e-02 4.402466490864753723e-02
5.955888703465461731e-02 9.283179044723510742e-01
4.407239258289337158e-01 4.615985453128814697e-01
2.300208210945129395e-01 9.256861805915832520e-01
4.619150161743164062e-01 8.403708934783935547e-01
3.657906353473663330e-01 8.650342375040054321e-02
3.848465979099273682e-01 4.243864715099334717e-01
8.596359491348266602e-01 9.476030468940734863e-01
3.886361122131347656e-01 3.876216113567352295e-01
2.679673731327056885e-01 1.980069130659103394e-01
5.710945725440979004e-01 5.946845412254333496e-01
7.299387454986572266e-02 9.307336211204528809e-01
6.248999834060668945e-01 8.097143471240997314e-02
9.107120037078857422e-01 8.759636878967285156e-01
8.162732720375061035e-01 9.495095908641815186e-02
1.985573619604110718e-01 2.353228628635406494e-02
2.354899942874908447e-01 4.594324231147766113e-01
8.658306598663330078e-01 9.819377660751342773e-01
7.264329791069030762e-01 5.719003081321716309e-01
3.676640093326568604e-01 2.685648202896118164e-01
1.890822649002075195e-01 5.037324428558349609e-01
2.628588080406188965e-01 5.202254652976989746e-01
1.393603384494781494e-01 7.764270305633544922e-01
8.355810642242431641e-01 7.403533458709716797e-01
1.154280379414558411e-01 9.288463741540908813e-02
7.540076225996017456e-02 1.284904032945632935e-01
7.578397989273071289e-01 4.813962280750274658e-01
8.058935999870300293e-01 6.937284469604492188e-01
6.764085292816162109e-01 4.649457335472106934e-01
8.390554189682006836e-01 5.859529972076416016e-01
1.176807507872581482e-01 5.091949701309204102e-01
9.569935202598571777e-01 4.587451517581939697e-01
9.044471383094787598e-01 2.398603260517120361e-01
2.047964781522750854e-01 5.814908146858215332e-01
9.498260617256164551e-01 7.278301119804382324e-01
4.097770154476165771e-01 3.404141366481781006e-01
9.619697928428649902e-01 5.064377188682556152e-01
9.475275874137878418e-01 1.155694574117660522e-02
3.263866007328033447e-01 4.607016444206237793e-01
3.751401305198669434e-01 1.776595860719680786e-01
4.494067430496215820e-01 6.910081505775451660e-01
8.959667682647705078e-01 9.224577546119689941e-01
9.694186449050903320e-01 4.741192236542701721e-02
8.944756388664245605e-01 9.733782410621643066e-01
6.664294004440307617e-01 8.535767793655395508e-01
7.919464707374572754e-01 3.665965795516967773e-01
5.624607205390930176e-01 6.796747446060180664e-01
1.691664010286331177e-02 8.829407095909118652e-01
2.996218502521514893e-01 4.647023081779479980e-01
5.379379391670227051e-01 7.809966206550598145e-01
8.359860777854919434e-01 9.270322918891906738e-01
3.095363378524780273e-01 9.173288196325302124e-02
5.601630806922912598e-01 9.003995656967163086e-01
9.312380105257034302e-02 9.112243056297302246e-01
2.758903801441192627e-01 8.202918767929077148e-01
3.466395437717437744e-01 7.175368070602416992e-01
8.812435269355773926e-01 1.927099972963333130e-01
3.028758764266967773e-01 4.836672842502593994e-01
4.774341881275177002e-01 5.926023721694946289e-01
7.834338545799255371e-01 4.030173644423484802e-02
1.215451862663030624e-02 4.154742062091827393e-01
4.090301692485809326e-01 1.759536266326904297e-01
4.151778817176818848e-01 9.525808095932006836e-01
5.200320482254028320e-01 8.201516866683959961e-01
6.760660409927368164e-01 2.422709614038467407e-01
2.677374184131622314e-01 2.007610797882080078e-01
4.632671922445297241e-02 6.826795339584350586e-01
2.106347084045410156e-01 3.940730988979339600e-01
7.974035143852233887e-01 2.197765260934829712e-01
9.656357765197753906e-01 2.906157374382019043e-01
5.029153823852539062e-01 8.511555790901184082e-01
4.158194959163665771e-01 5.471254587173461914e-01
3.006935119628906250e-01 3.567125499248504639e-01
1.402628570795059204e-01 3.978295326232910156e-01
2.616980671882629395e-01 3.570757508277893066e-01
2.954950332641601562e-01 7.585946936160326004e-03
3.046533465385437012e-01 5.277382731437683105e-01
8.676286935806274414e-01 4.122383296489715576e-01
6.674797534942626953e-01 2.749523222446441650e-01
9.942445158958435059e-01 5.951494574546813965e-01
7.221918702125549316e-01 3.150245249271392822e-01
6.473715305328369141e-01 7.011675238609313965e-01
7.673853635787963867e-01 4.709345102310180664e-02
3.037874102592468262e-01 1.716177463531494141e-01
7.527072429656982422e-01 4.124228060245513916e-01
6.988549232482910156e-01 2.194504290819168091e-01
3.334146738052368164e-01 1.730302125215530396e-01
9.274232387542724609e-01 3.411436676979064941e-01
9.274470210075378418e-01 3.912351652979850769e-02
2.242377251386642456e-01 8.505491614341735840e-01
4.858378767967224121e-01 3.440543711185455322e-01
7.921216487884521484e-01 4.010829329490661621e-01
8.823491930961608887e-01 8.089692592620849609e-01
3.302018642425537109e-01 2.036393433809280396e-01
2.904663681983947754e-01 8.062373399734497070e-01
3.160053491592407227e-01 3.259228169918060303e-01
8.703329563140869141e-01 5.201197266578674316e-01
9.408807754516601562e-01 3.384595215320587158e-01
2.251761257648468018e-01 1.459317952394485474e-01
4.850408732891082764e-01 4.982830286026000977e-01
8.146532177925109863e-01 6.065092086791992188e-01
9.092832803726196289e-01 9.293937087059020996e-01
4.409650266170501709e-01 6.163272857666015625e-01
9.065338373184204102e-01 7.816313505172729492e-01
7.465974241495132446e-02 4.730437695980072021e-01
5.174196958541870117e-01 3.909803032875061035e-01
2.919417023658752441e-01 9.654998779296875000e-01
6.741917729377746582e-01 2.001080811023712158e-01
3.625842630863189697e-01 4.591319262981414795e-01
6.609112620353698730e-01 9.483946561813354492e-01
9.339794516563415527e-01 5.877427458763122559e-01
4.523259103298187256e-01 5.298022627830505371e-01
2.004564404487609863e-01 2.833349704742431641e-01
8.398038744926452637e-01 1.914091557264328003e-01
4.301289618015289307e-01 1.003820002079010010e-01
3.488932847976684570e-01 8.838431239128112793e-01
4.151525497436523438e-01 3.044935464859008789e-01
9.581248760223388672e-01 2.846539020538330078e-01
5.062988400459289551e-01 3.721002936363220215e-01
7.574079036712646484e-01 5.468137860298156738e-01
3.028596639633178711e-01 6.076061129570007324e-01
2.249810099601745605e-01 8.663998842239379883e-01
6.881512999534606934e-01 4.911165833473205566e-01
6.413657665252685547e-01 2.768933959305286407e-02
1.302001997828483582e-02 9.815229773521423340e-01
5.720402002334594727e-01 1.308481693267822266e-01
6.452119946479797363e-01 8.754170536994934082e-01
4.438641071319580078e-01 2.110638916492462158e-01
6.356155276298522949e-01 9.736084342002868652e-01
1.201846823096275330e-01 4.478470385074615479e-01
6.888316273689270020e-01 9.920237064361572266e-01
3.246470689773559570e-01 4.335632324218750000e-01
4.967595636844635010e-02 5.186700727790594101e-04
5.203537270426750183e-02 2.276178002357482910e-01
3.778612911701202393e-01 2.991068065166473389e-01
1.176562905311584473e-01 3.315024450421333313e-02
2.003815025091171265e-02 5.538119673728942871e-01
5.090276598930358887e-01 9.138299524784088135e-02
8.140586614608764648e-01 6.100018620491027832e-01
5.116421580314636230e-01 8.460439443588256836e-01
6.981632709503173828e-01 1.251866221427917480e-01
7.263252139091491699e-01 9.832565784454345703e-01
4.570235311985015869e-01 7.727662473917007446e-02
9.890421628952026367e-01 3.663228154182434082e-01
9.730453491210937500e-01 6.089285612106323242e-01
4.895989596843719482e-01 8.000873923301696777e-01
3.899254500865936279e-01 5.636441111564636230e-01
1.688526757061481476e-02 8.553443551063537598e-01
6.797346472740173340e-02 2.352626621723175049e-01
3.139640092849731445e-01 4.820115864276885986e-01
9.775558859109878540e-02 2.475502192974090576e-01
3.662133216857910156e-01 7.950333356857299805e-01
9.506970643997192383e-01 1.066502779722213745e-01
9.753618240356445312e-01 2.142128646373748779e-01
4.548507183790206909e-02 8.982705473899841309e-01
9.406135678291320801e-01 1.495347321033477783e-01
6.843240857124328613e-01 8.046007156372070312e-01
5.009582042694091797e-01 1.389886625111103058e-02
6.346563100814819336e-01 3.972702622413635254e-01
4.863048195838928223e-01 1.166162937879562378e-01
5.304672122001647949e-01 3.727570474147796631e-01
7.304916381835937500e-01 4.219899475574493408e-01
3.861590921878814697e-01 7.809537649154663086e-01
6.697182655334472656e-01 7.871137261390686035e-01
9.354411959648132324e-01 4.707431197166442871e-01
4.759486019611358643e-01 5.955962538719177246e-01
8.022648096084594727e-02 3.858210146427154541e-01
3.062778413295745850e-01 7.619220018386840820e-01
9.251337051391601562e-01 2.792287766933441162e-01
4.565554857254028320e-01 1.806466728448867798e-01
1.426183339208364487e-02 9.190985560417175293e-01
9.444872140884399414e-01 3.122735917568206787e-01
8.535528928041458130e-02 7.062093615531921387e-01
9.389194846153259277e-02 7.585566639900207520e-01
7.521381974220275879e-02 4.753057360649108887e-01
8.394472301006317139e-02 8.224040865898132324e-01
1.052156239748001099e-01 8.836868405342102051e-01
4.865915477275848389e-01 1.365430653095245361e-01
7.307167649269104004e-01 3.147809803485870361e-01
1.604443639516830444e-01 1.992138773202896118e-01
9.771443605422973633e-01 3.488377332687377930e-01
2.443439662456512451e-01 1.638023853302001953e-01
9.253775477409362793e-01 6.905176043510437012e-01
4.080711603164672852e-01 2.160416692495346069e-01
1.485712528228759766e-01 7.024568319320678711e-02
4.187037050724029541e-01 7.190053462982177734e-01
1.224529221653938293e-01 5.082456469535827637e-01
2.571790516376495361e-01 4.677034914493560791e-01
4.598993957042694092e-01 3.678682148456573486e-01
5.381597876548767090e-01 5.811455845832824707e-01
8.925800919532775879e-01 8.048845529556274414e-01
4.600699841976165771e-01 9.010705351829528809e-01
3.870525956153869629e-01 1.227136552333831787e-01
3.565215468406677246e-01 2.477088868618011475e-01
8.112050890922546387e-01 8.546467423439025879e-01
1.144800521433353424e-02 3.372611701488494873e-01
3.843656480312347412e-01 3.594317138195037842e-01
1.142561063170433044e-01 6.055624410510063171e-02
7.009147405624389648e-01 2.822946310043334961e-01
1.939518749713897705e-01 7.638338208198547363e-01
4.326571822166442871e-01 2.218051999807357788e-01
5.659244656562805176e-01 6.483480930328369141e-01
4.775629937648773193e-01 1.045521348714828491e-01
3.818111419677734375e-01 9.153216332197189331e-02
9.058811664581298828e-01 9.098279476165771484e-01
1.375734061002731323e-01 2.907031178474426270e-01
8.993672728538513184e-01 7.182192206382751465e-01
8.338459730148315430e-01 9.200311303138732910e-01
7.930381223559379578e-03 8.687236905097961426e-01
9.760406613349914551e-01 5.873900651931762695e-01
6.284338831901550293e-01 6.521665453910827637e-01
8.629190921783447266e-01 1.731439530849456787e-01
1.846984624862670898e-01 8.332805633544921875e-01
8.225867748260498047e-01 3.817345798015594482e-01
1.787560805678367615e-02 7.049568891525268555e-01
8.819741606712341309e-01 3.183422386646270752e-01
3.265852332115173340e-01 7.411066889762878418e-01
3.335193693637847900e-01 9.693323075771331787e-02
7.818400263786315918e-01 3.736320436000823975e-01
2.218992710113525391e-01 5.494173169136047363e-01
8.623493313789367676e-01 2.045004665851593018e-01
2.643722593784332275e-01 4.886456429958343506e-01
3.836328387260437012e-01 8.987817168235778809e-01
2.565967440605163574e-01 9.859482049942016602e-01
2.906403243541717529e-01 1.838734447956085205e-01
4.562067389488220215e-01 8.204975128173828125e-01
5.210686847567558289e-02 5.832358598709106445e-01
2.046150267124176025e-01 3.628858923912048340e-02
5.530393719673156738e-01 6.962626576423645020e-01
4.336946606636047363e-01 2.814295291900634766e-01
9.059844017028808594e-01 1.499607414007186890e-01
3.776894807815551758e-01 5.064177513122558594e-01
4.895387589931488037e-01 5.306868553161621094e-01
2.052952796220779419e-01 7.024956345558166504e-01
1.222835257649421692e-01 6.258924007415771484e-01
1.057961881160736084e-01 6.872139573097229004e-01
9.095248579978942871e-01 2.955143749713897705e-01
4.749832749366760254e-01 5.728010535240173340e-01
6.085270643234252930e-01 3.103335797786712646e-01
7.005140781402587891e-01 1.166767906397581100e-02
6.690067648887634277e-01 1.825845092535018921e-01
9.589839577674865723e-01 7.236108779907226562e-01
4.247883260250091553e-01 7.543137669563293457e-01
7.277972102165222168e-01 1.577362418174743652e-01
1.690652817487716675e-01 7.777479290962219238e-01
7.481942772865295410e-01 3.133955001831054688e-01
9.912853837013244629e-01 9.386771358549594879e-03
3.866182267665863037e-02 6.119918823242187500e-01
3.360218703746795654e-01 4.667341709136962891e-01
7.798357009887695312e-01 2.599709331989288330e-01
7.264470458030700684e-01 5.338774323463439941e-01
1.977387256920337677e-02 3.694738149642944336e-01
7.961655259132385254e-01 8.408397436141967773e-01
6.638792157173156738e-01 7.385518401861190796e-02
6.992101073265075684e-01 5.910218954086303711e-01
7.375811934471130371e-01 5.927370786666870117e-01
1.370807737112045288e-01 4.056012034416198730e-01
1.883201301097869873e-01 5.980397462844848633e-01
2.400465458631515503e-01 6.902557611465454102e-02
8.426696062088012695e-02 7.454754710197448730e-01
7.062919735908508301e-01 1.550517827272415161e-01
7.651074528694152832e-01 6.403595805168151855e-01
1.834088563919067383e-01 1.337614953517913818e-01
8.957845568656921387e-01 1.364317834377288818e-01
6.539940237998962402e-01 7.634120583534240723e-01
5.490825176239013672e-01 7.361941039562225342e-02
2.165108621120452881e-01 2.606259845197200775e-02
2.339458465576171875e-01 4.733175933361053467e-01
9.761937260627746582e-01 3.231001794338226318e-01
5.207049846649169922e-01 7.735474109649658203e-01
2.602225840091705322e-01 4.109596908092498779e-01
8.470512032508850098e-01 6.914598941802978516e-01
3.736915886402130127e-01 7.560551762580871582e-01
7.057061791419982910e-01 4.443836510181427002e-01
8.728336095809936523e-01 2.305443882942199707e-01
1.353230979293584824e-02 1.278085261583328247e-01
5.266089439392089844e-01 3.263739347457885742e-01
1.873672753572463989e-01 7.037803530693054199e-01
1.380787789821624756e-01 3.091520816087722778e-02
7.976412773132324219e-01 6.631350517272949219e-01
5.028209686279296875e-01 1.554241627454757690e-01
2.531523704528808594e-01 7.765353322029113770e-01
3.454369902610778809e-01 1.414915621280670166e-01
5.385535955429077148e-01 7.243105769157409668e-01
3.163664340972900391e-01 3.195830583572387695e-01
4.022665023803710938e-01 3.801880180835723877e-01
3.974143862724304199e-01 5.998660922050476074e-01
9.846470504999160767e-02 6.083018779754638672e-01
1.182113587856292725e-01 7.274254560470581055e-01
2.128282040357589722e-01 4.888171255588531494e-01
9.867660403251647949e-01 2.253978699445724487e-01
8.272534608840942383e-02 1.177440118044614792e-02
9.463877230882644653e-02 8.000792264938354492e-01
9.621672332286834717e-02 4.282112419605255127e-01
4.473427310585975647e-02 7.757363915443420410e-01
5.906032323837280273e-01 2.118978649377822876e-01
5.225775837898254395e-01 1.321587115526199341e-01
2.296064198017120361e-01 9.241646528244018555e-01
6.563304066658020020e-01 9.355517625808715820e-01
6.160303950309753418e-01 9.477420449256896973e-01
4.155324772000312805e-02 5.849420428276062012e-01
1.168033629655838013e-01 2.176636159420013428e-01
9.288151264190673828e-01 5.846115350723266602e-01
2.074822485446929932e-01 5.673672556877136230e-01
4.150579497218132019e-02 2.577225863933563232e-01
3.207044303417205811e-02 8.294779062271118164e-02
7.651960253715515137e-01 3.858332633972167969e-01
2.912749648094177246e-01 7.616382241249084473e-01
1.165887191891670227e-01 1.219533309340476990e-01
9.696470499038696289e-01 3.582354784011840820e-01
4.735185950994491577e-02 8.244014382362365723e-01
1.774998009204864502e-01 1.343285888433456421e-01
6.171647310256958008e-01 8.908571302890777588e-02
5.620840787887573242e-01 1.215738058090209961e-01
1.853135228157043457e-02 3.429695665836334229e-01
9.235286116600036621e-01 9.162437915802001953e-01
2.236262336373329163e-02 1.977220326662063599e-01
1.743017286062240601e-01 3.687543570995330811e-01
8.885154724121093750e-01 4.156614840030670166e-01
3.725399449467658997e-02 9.633777737617492676e-01
6.958839297294616699e-02 2.284573018550872803e-01
1.599950343370437622e-02 6.835414767265319824e-01
5.549762845039367676e-01 7.911959290504455566e-01
3.002826869487762451e-01 7.707661986351013184e-01
3.004671335220336914e-01 7.229050993919372559e-01
1.986228674650192261e-01 8.227880001068115234e-01
7.079796195030212402e-01 9.623035192489624023e-01
6.417357921600341797e-01 7.256562113761901855e-01
5.307887196540832520e-01 6.098895072937011719e-01
1.951479017734527588e-01 1.843822002410888672e-01
3.083363473415374756e-01 1.889142990112304688e-01
6.164410710334777832e-01 3.431864082813262939e-01
9.594982117414474487e-02 4.858221411705017090e-01
3.742919862270355225e-01 3.337903693318367004e-02
5.798851847648620605e-01 4.060142934322357178e-01
4.728660881519317627e-01 9.540020227432250977e-01
8.058753013610839844e-01 4.181973338127136230e-01
9.468281269073486328e-01 3.254948556423187256e-02
2.598238289356231689e-01 1.428125426173210144e-02
