7.080383300781250000e-01 7.182409167289733887e-01
1.131782680749893188e-01 9.372267127037048340e-01
3.367716073989868164e-01 1.190879568457603455e-02
8.098073005676269531e-01 6.644849181175231934e-01
2.308698594570159912e-01 8.635673522949218750e-01
2.075557410717010498e-02 7.521840743720531464e-03
5.949695110321044922e-01 9.656282663345336914e-01
2.797566354274749756e-01 8.862059712409973145e-01
5.713608860969543457e-01 2.463023811578750610e-01
1.093910112977027893e-01 7.388411164283752441e-01
6.881102919578552246e-01 6.756827235221862793e-01
4.219856560230255127e-01 9.157865643501281738e-01
8.100131154060363770e-01 6.321992874145507812e-01
4.160695534665137529e-04 6.498503088951110840e-01
6.549916863441467285e-01 9.781863689422607422e-01
3.157727122306823730e-01 7.340741753578186035e-01
6.490952968597412109e-01 8.430004119873046875e-01
3.914127945899963379e-01 3.042324781417846680e-01
5.202218890190124512e-01 4.067365527153015137e-01
5.647373199462890625e-01 9.133864641189575195e-01
8.418821692466735840e-01 9.928943514823913574e-01
6.373233795166015625e-01 3.774749040603637695e-01
8.572441339492797852e-01 2.127831727266311646e-01
4.940813779830932617e-01 4.080322682857513428e-01
5.845023989677429199e-01 1.384892314672470093e-01
4.134858846664428711e-01 9.192464947700500488e-01
2.209559381008148193e-01 7.159743309020996094e-01
1.732867509126663208e-01 4.685135185718536377e-01
4.225891828536987305e-01 8.624675869941711426e-01
3.223055899143218994e-01 8.366256952285766602e-01
7.982365489006042480e-01 3.962713778018951416e-01
6.787086129188537598e-01 9.037179946899414062e-01
9.462559223175048828e-01 7.436019182205200195e-01
7.746758460998535156e-01 6.898452043533325195e-01
9.069255590438842773e-01 8.569208383560180664e-01
1.695147454738616943e-01 8.018989562988281250e-01
2.453715540468692780e-02 9.092875123023986816e-01
6.857089996337890625e-01 1.693300604820251465e-01
2.839100062847137451e-01 7.777797579765319824e-01
3.805615305900573730e-01 2.233594954013824463e-01
1.666547358036041260e-01 6.003456711769104004e-01
7.472895383834838867e-01 8.956522941589355469e-01
2.120671719312667847e-01 9.236919283866882324e-01
1.097744330763816833e-01 8.522479534149169922e-01
4.872820973396301270e-01 9.007427692413330078e-01
6.162395328283309937e-02 5.113905072212219238e-01
5.510206520557403564e-02 8.738619685173034668e-01
7.890715450048446655e-02 5.732969641685485840e-01
9.670326113700866699e-01 5.430389642715454102e-01
8.577665090560913086e-01 8.448033332824707031e-01
6.765227019786834717e-02 3.119204044342041016e-01
7.292064428329467773e-01 7.499821782112121582e-01
3.349705636501312256e-01 8.724966645240783691e-01
5.895943641662597656e-01 1.529894396662712097e-02
4.216264188289642334e-02 7.176675200462341309e-01
3.237228691577911377e-01 9.551598429679870605e-01
6.225786805152893066e-01 2.815512008965015411e-02
5.848003029823303223e-01 1.373620331287384033e-01
9.372966885566711426e-01 8.669267296791076660e-01
2.233760460512712598e-04 7.989627718925476074e-01
9.948047995567321777e-01 6.718099713325500488e-01
7.650670409202575684e-01 1.549911499023437500e-01
9.278728365898132324e-01 1.056944802403450012e-01
6.850225329399108887e-01 8.610572814941406250e-01
7.196913361549377441e-01 1.214218363165855408e-01
7.189940214157104492e-01 8.309779167175292969e-01
7.131346464157104492e-01 8.821942210197448730e-01
4.437847137451171875e-01 8.847212791442871094e-01
5.402463674545288086e-01 1.584142297506332397e-01
1.158374324440956116e-01 3.819636255502700806e-02
5.543135404586791992e-01 9.759047627449035645e-01
6.690908968448638916e-02 4.074655771255493164e-01
3.224469423294067383e-01 6.821401715278625488e-01
1.333478093147277832e-01 7.923316955566406250e-01
4.831797778606414795e-01 3.227522373199462891e-01
2.008600905537605286e-02 8.811090141534805298e-03
3.728065490722656250e-01 9.280417561531066895e-01
7.058212906122207642e-02 2.866437733173370361e-01
7.922202348709106445e-01 3.292576074600219727e-01
1.494459509849548340e-01 1.238278858363628387e-02
7.800462245941162109e-01 6.326325535774230957e-01
2.654590643942356110e-02 3.951559364795684814e-01
4.740853309631347656e-01 4.426852762699127197e-01
2.037450969219207764e-01 6.878028512001037598e-01
7.382957935333251953e-01 7.571948170661926270e-01
2.274175435304641724e-01 5.166665911674499512e-01
2.947790920734405518e-01 8.638700246810913086e-01
6.152501702308654785e-01 8.882617950439453125e-01
9.953275322914123535e-01 2.313106507062911987e-01
3.505017161369323730e-01 9.686506390571594238e-01
7.074046134948730469e-01 4.618498682975769043e-01
2.477087676525115967e-01 7.084209322929382324e-01
5.820963978767395020e-01 1.471361666917800903e-01
7.394419312477111816e-01 6.572527289390563965e-01
9.319872856140136719e-01 3.544858396053314209e-01
8.440020680427551270e-01 3.291237950325012207e-01
2.778157591819763184e-01 4.263284504413604736e-01
1.535623222589492798e-01 2.656019330024719238e-01
9.217306375503540039e-01 3.551201522350311279e-01
9.407697916030883789e-01 6.191075220704078674e-02
2.596971690654754639e-01 1.584226936101913452e-01
1.970086991786956787e-01 8.739366196095943451e-03
4.623132050037384033e-01 7.521365284919738770e-01
2.379971891641616821e-01 6.801212430000305176e-01
2.826498746871948242e-01 3.986446559429168701e-01
3.607823699712753296e-02 1.986185163259506226e-01
4.272285401821136475e-01 5.027641654014587402e-01
1.840236634016036987e-01 2.962290942668914795e-01
8.557689189910888672e-01 5.318766832351684570e-01
8.060044050216674805e-01 7.063171267509460449e-01
9.130699634552001953e-01 3.163177073001861572e-01
2.342402487993240356e-01 6.846871376037597656e-01
8.708714693784713745e-02 6.124060750007629395e-01
7.178044319152832031e-02 2.670338153839111328e-01
4.101434722542762756e-02 8.835478425025939941e-01
4.607297182083129883e-01 4.951701164245605469e-01
7.549003362655639648e-01 6.468552350997924805e-01
3.027047216892242432e-01 1.295917779207229614e-01
6.479523777961730957e-01 5.465898513793945312e-01
7.699159383773803711e-01 6.377024650573730469e-01
9.716433286666870117e-01 2.304973900318145752e-01
7.939474582672119141e-01 7.140937447547912598e-01
4.770542681217193604e-01 1.891518831253051758e-01
1.472150683403015137e-01 9.203967452049255371e-01
9.291956424713134766e-01 3.666347563266754150e-01
7.074204087257385254e-01 5.685590505599975586e-01
2.443624734878540039e-01 7.557541131973266602e-01
1.428632531315088272e-02 2.805347740650177002e-01
2.831552624702453613e-01 9.878032803535461426e-01
8.898995816707611084e-02 3.453919589519500732e-01
8.778185844421386719e-01 7.293943166732788086e-01
3.329344987869262695e-01 2.846163511276245117e-01
6.339443325996398926e-01 1.019208654761314392e-01
9.021700620651245117e-01 1.719616539776325226e-02
5.449788570404052734e-01 4.179635941982269287e-01
4.084533452987670898e-01 7.245215773582458496e-01
1.447905153036117554e-01 9.791074991226196289e-01
9.122377634048461914e-01 2.268239557743072510e-01
9.492860436439514160e-01 7.962191104888916016e-01
5.630868077278137207e-01 7.700370252132415771e-02
2.753680944442749023e-01 7.613803744316101074e-01
6.809666752815246582e-02 6.679684519767761230e-01
3.685771226882934570e-01 7.915487289428710938e-01
7.756159305572509766e-01 8.914386630058288574e-01
3.664842545986175537e-01 6.258701682090759277e-01
4.065314531326293945e-01 3.345288932323455811e-01
8.258805871009826660e-01 5.756992101669311523e-01
9.045844674110412598e-01 2.527455389499664307e-01
4.601788222789764404e-01 7.448908686637878418e-01
5.120629072189331055e-01 2.716453373432159424e-01
9.614582061767578125e-01 6.635153889656066895e-01
1.358092278242111206e-01 5.039970278739929199e-01
3.494133055210113525e-01 3.778994977474212646e-01
9.309234023094177246e-01 5.553944706916809082e-01
3.042051494121551514e-01 3.334019482135772705e-01
3.192088603973388672e-01 9.099631309509277344e-01
1.778753399848937988e-01 6.586939096450805664e-01
6.466153264045715332e-02 9.488250613212585449e-01
1.488018929958343506e-01 9.563090801239013672e-01
2.454217672348022461e-01 9.435732960700988770e-01
3.561082184314727783e-01 9.056701064109802246e-01
9.616243243217468262e-01 7.063636779785156250e-01
2.151108831167221069e-01 8.782829642295837402e-01
7.026068568229675293e-01 9.215077757835388184e-01
6.438954174518585205e-02 2.286278158426284790e-01
2.458426952362060547e-01 8.738995790481567383e-01
8.489220738410949707e-01 2.423532456159591675e-01
4.712345302104949951e-01 6.875932812690734863e-01
4.357946813106536865e-01 5.335010290145874023e-01
4.317398667335510254e-01 5.227522253990173340e-01
2.254851907491683960e-01 6.740590929985046387e-01
7.734491676092147827e-02 1.613609641790390015e-01
7.845131158828735352e-01 5.701395273208618164e-01
2.742068767547607422e-01 4.985318779945373535e-01
8.679679632186889648e-01 4.890588819980621338e-01
1.774143874645233154e-01 9.878520369529724121e-01
5.182530879974365234e-01 2.832236886024475098e-01
1.260591447353363037e-01 9.941742569208145142e-02
1.167389452457427979e-01 3.401831686496734619e-01
3.215864002704620361e-01 9.394701719284057617e-01
8.379222750663757324e-01 1.175618395209312439e-01
3.768263459205627441e-01 7.454136610031127930e-01
9.866206645965576172e-01 9.410175085067749023e-01
1.584977954626083374e-01 2.552227675914764404e-01
7.456052303314208984e-01 7.351052761077880859e-01
6.418554186820983887e-01 4.721792340278625488e-01
8.238126039505004883e-01 1.128556653857231140e-01
3.064846098423004150e-01 1.863992065191268921e-01
7.900584340095520020e-01 6.828386783599853516e-01
2.673845291137695312e-01 2.248263359069824219e-01
3.744723498821258545e-01 9.782597422599792480e-01
7.219925522804260254e-01 2.380018532276153564e-01
7.060601115226745605e-01 9.746369123458862305e-01
3.546787500381469727e-01 1.534438878297805786e-01
4.340888559818267822e-01 8.697318434715270996e-01
6.761265993118286133e-01 6.456243991851806641e-02
1.700619459152221680e-01 9.664944410324096680e-01
6.537579298019409180e-01 3.932424187660217285e-01
2.432657629251480103e-01 6.735647320747375488e-01
4.858823716640472412e-01 2.353775203227996826e-01
5.796240568161010742e-01 9.735053777694702148e-01
9.370317459106445312e-01 4.028370976448059082e-01
1.073024794459342957e-01 4.689154028892517090e-01
5.739172697067260742e-01 8.947635293006896973e-01
6.772578954696655273e-01 7.679524421691894531e-01
3.397237062454223633e-01 7.619410157203674316e-01
4.247547984123229980e-01 2.705623507499694824e-01
4.124731421470642090e-01 7.486300170421600342e-02
3.776455819606781006e-01 8.448575139045715332e-01
9.773039221763610840e-01 3.999613225460052490e-01
6.517616659402847290e-02 4.378917813301086426e-01
3.732601702213287354e-01 7.895694971084594727e-01
2.284856289625167847e-01 2.398725599050521851e-01
4.691699445247650146e-01 2.335336357355117798e-01
5.261209607124328613e-01 5.047401040792465210e-02
3.367595374584197998e-01 6.231396794319152832e-01
4.644089937210083008e-01 4.073033332824707031e-01
5.409466028213500977e-01 1.986699402332305908e-01
7.149390578269958496e-01 6.742527484893798828e-01
2.037042677402496338e-01 8.812337517738342285e-01
6.842264533042907715e-01 7.629594802856445312e-01
9.060232043266296387e-01 9.428347945213317871e-01
3.717250823974609375e-01 8.661385178565979004e-01
9.140256047248840332e-01 5.735103487968444824e-01
3.605161234736442566e-02 7.353557944297790527e-01
9.010698795318603516e-01 7.999477982521057129e-01
8.473359048366546631e-02 2.184823155403137207e-01
7.179387807846069336e-01 2.146418392658233643e-01
7.651591300964355469e-01 6.607741713523864746e-01
7.026476263999938965e-01 2.302988618612289429e-01
4.817385375499725342e-01 9.434966444969177246e-01
3.646815121173858643e-01 3.671240806579589844e-01
3.918591737747192383e-01 9.098062515258789062e-01
9.733544588088989258e-01 1.772623211145401001e-01
5.618901848793029785e-01 9.478320926427841187e-02
8.195521831512451172e-01 4.829709529876708984e-01
2.028601057827472687e-02 7.878783345222473145e-01
6.591956019401550293e-01 6.797940731048583984e-01
4.967395365238189697e-01 8.636885285377502441e-01
5.665311813354492188e-01 1.644883900880813599e-01
9.213752150535583496e-01 2.289098501205444336e-01
3.724432289600372314e-01 2.097848430275917053e-02
5.112480521202087402e-01 5.965076088905334473e-01
7.086556553840637207e-01 4.564263299107551575e-02
1.237069666385650635e-01 7.948095798492431641e-01
2.225767076015472412e-01 5.414041876792907715e-01
2.748128771781921387e-01 7.352679371833801270e-01
9.719339758157730103e-02 4.703448414802551270e-01
7.296407222747802734e-02 9.532005190849304199e-01
1.523757129907608032e-01 7.562528252601623535e-01
6.148889064788818359e-01 9.838047623634338379e-01
2.016781456768512726e-02 7.899029850959777832e-01
6.877707839012145996e-01 6.480785608291625977e-01
1.683015525341033936e-01 3.378139734268188477e-01
2.586438655853271484e-01 3.367612659931182861e-01
4.761619567871093750e-01 3.111618459224700928e-01
1.086962521076202393e-01 4.403621256351470947e-01
3.385113179683685303e-01 3.842836320400238037e-01
4.712233543395996094e-01 8.655816316604614258e-01
4.618973135948181152e-01 7.665719389915466309e-01
4.111697673797607422e-01 4.824052751064300537e-01
3.057617247104644775e-01 9.616509675979614258e-01
7.364286780357360840e-01 8.351815938949584961e-01
1.545355468988418579e-01 6.533767580986022949e-01
2.241297960281372070e-01 4.941284358501434326e-01
6.390522122383117676e-01 7.576329708099365234e-01
3.999010026454925537e-01 6.815742254257202148e-01
1.894487738609313965e-01 9.290684461593627930e-01
1.959578990936279297e-01 2.858808636665344238e-01
4.331802725791931152e-01 6.446745395660400391e-01
3.341962397098541260e-01 1.699053943157196045e-01
2.167266011238098145e-01 9.796763062477111816e-01
1.710449010133743286e-01 9.689577221870422363e-01
8.553832173347473145e-01 3.978143036365509033e-01
8.204897046089172363e-01 1.809016168117523193e-01
4.964869022369384766e-01 6.979519724845886230e-01
1.017849519848823547e-02 3.161267936229705811e-01
4.785978198051452637e-01 1.192932650446891785e-01
4.294886440038681030e-02 4.830011129379272461e-01
2.382311224937438965e-02 8.527666330337524414e-01
9.564047455787658691e-01 1.133697777986526489e-01
3.190765678882598877e-01 4.134691655635833740e-01
3.856231868267059326e-01 7.045386433601379395e-01
4.531643986701965332e-01 5.738007426261901855e-01
5.426321625709533691e-01 8.588966131210327148e-01
2.946559190750122070e-01 9.978317618370056152e-01
1.198090836405754089e-01 2.065898925065994263e-01
4.257823824882507324e-01 9.252587556838989258e-01
7.651940584182739258e-01 7.070717811584472656e-01
2.558085024356842041e-01 9.687949419021606445e-01
2.565699517726898193e-01 7.700882554054260254e-01
7.914776206016540527e-01 3.687517046928405762e-01
8.324348926544189453e-01 9.484976530075073242e-01
9.942547678947448730e-01 7.548409104347229004e-01
1.109803095459938049e-01 8.521123528480529785e-01
5.685600638389587402e-01 8.761110305786132812e-01
4.193307161331176758e-01 3.949581384658813477e-01
3.031874895095825195e-01 8.150336742401123047e-01
9.930022954940795898e-01 9.857287406921386719e-01
9.118777513504028320e-02 7.919719219207763672e-01
3.224191069602966309e-01 6.419122219085693359e-01
4.715470373630523682e-01 1.870971471071243286e-01
2.783288657665252686e-01 2.969815433025360107e-01
7.471222281455993652e-01 3.998239710927009583e-02
4.915620386600494385e-01 2.023831158876419067e-01
7.392959296703338623e-02 9.293744564056396484e-01
4.431508108973503113e-02 6.113494560122489929e-02
6.855432391166687012e-01 1.482545137405395508e-01
8.128067255020141602e-01 6.678303480148315430e-01
7.159060984849929810e-02 9.125921130180358887e-01
6.780201792716979980e-01 1.262436211109161377e-01
4.624087736010551453e-02 4.161928594112396240e-02
2.714852392673492432e-01 7.844032645225524902e-01
1.712517738342285156e-01 2.099190354347229004e-01
6.512147784233093262e-01 6.153286099433898926e-01
4.223411977291107178e-01 9.696390628814697266e-01
1.687055528163909912e-01 6.967250704765319824e-01
8.079654574394226074e-01 3.854751586914062500e-01
4.678861796855926514e-01 7.049739956855773926e-01
2.321614474058151245e-01 4.171367883682250977e-01
3.189052641391754150e-01 7.723895907402038574e-01
4.076077938079833984e-01 5.892975330352783203e-01
3.463404774665832520e-01 1.064744070172309875e-01
6.367991566658020020e-01 8.919436931610107422e-01
2.104992866516113281e-01 8.240492343902587891e-01
8.645163774490356445e-01 8.474165797233581543e-01
3.577972948551177979e-01 2.021794915199279785e-01
5.287559032440185547e-01 4.565530121326446533e-01
6.999857425689697266e-01 8.155177831649780273e-01
9.181385636329650879e-01 1.844114214181900024e-01
7.847022414207458496e-01 4.391291141510009766e-01
7.361698150634765625e-01 9.531411528587341309e-01
5.099565386772155762e-01 4.815095961093902588e-01
8.594409227371215820e-01 6.357870697975158691e-01
1.412321329116821289e-01 2.341150641441345215e-01
9.882831573486328125e-01 6.992861628532409668e-01
1.754350215196609497e-01 6.271699666976928711e-01
2.113654762506484985e-01 3.617538809776306152e-01
6.683339178562164307e-02 3.038306534290313721e-01
2.210738807916641235e-01 9.029787182807922363e-01
7.904487252235412598e-01 4.218887984752655029e-01
2.537366747856140137e-01 8.557902276515960693e-02
1.774424612522125244e-01 5.880093574523925781e-01
4.933735728263854980e-01 6.763681173324584961e-01
6.533558666706085205e-02 5.412669852375984192e-03
6.845367550849914551e-01 7.383239865303039551e-01
9.693235754966735840e-01 4.822324514389038086e-01
6.969284415245056152e-01 6.465662121772766113e-01
8.997864127159118652e-01 7.975192070007324219e-01
8.599750995635986328e-01 5.105861425399780273e-01
9.861163049936294556e-02 6.812950968742370605e-02
9.888965487480163574e-01 8.099226653575897217e-02
4.999846220016479492e-01 7.733724713325500488e-01
2.718366384506225586e-01 2.737032771110534668e-01
7.242771983146667480e-02 8.880701065063476562e-01
7.451400756835937500e-01 9.910497665405273438e-01
3.498347103595733643e-01 3.593100011348724365e-01
3.404176235198974609e-01 9.064738154411315918e-01
2.108369767665863037e-01 6.213327646255493164e-01
2.937144339084625244e-01 3.363273665308952332e-02
9.226897358894348145e-01 9.096166491508483887e-01
1.648014932870864868e-01 9.042958021163940430e-01
3.814131617546081543e-01 6.264845132827758789e-01
2.467374801635742188e-01 9.713310599327087402e-01
6.931720376014709473e-01 6.885427236557006836e-01
2.385791093111038208e-01 8.483723402023315430e-01
6.008331179618835449e-01 4.082051664590835571e-02
2.956950068473815918e-01 9.540814161300659180e-01
3.928431868553161621e-01 1.144999731332063675e-02
8.137217760086059570e-01 9.831094741821289062e-01
9.605947732925415039e-01 5.425512790679931641e-01
2.782130986452102661e-02 2.402121573686599731e-01
6.016767397522926331e-02 7.921359539031982422e-01
4.376598075032234192e-02 1.136540099978446960e-01
7.139134407043457031e-01 7.461394071578979492e-01
7.826490402221679688e-01 3.497056663036346436e-01
4.275490939617156982e-01 3.054417669773101807e-01
4.886888265609741211e-01 1.211590990424156189e-01
9.747794866561889648e-01 5.862131714820861816e-01
2.335481345653533936e-01 1.463927477598190308e-01
2.141706943511962891e-01 4.747929573059082031e-01
6.234760284423828125e-01 7.803057432174682617e-01
6.654573678970336914e-01 9.714180231094360352e-01
5.298606753349304199e-01 9.984046220779418945e-01
6.911469157785177231e-03 5.282056331634521484e-02
8.065205216407775879e-01 3.437107503414154053e-01
4.025585949420928955e-01 6.016324758529663086e-01
9.860319495201110840e-01 1.584389805793762207e-02
6.607331633567810059e-01 3.722793161869049072e-01
9.691639542579650879e-01 1.718104183673858643e-01
3.235451877117156982e-01 6.337202787399291992e-01
3.621111512184143066e-01 9.845643043518066406e-01
9.431910514831542969e-01 2.211570441722869873e-01
2.900610864162445068e-01 4.746340513229370117e-01
4.162818938493728638e-02 4.685246646404266357e-01
5.253300070762634277e-01 9.268035292625427246e-01
7.928888797760009766e-01 6.067137718200683594e-01
1.695360392332077026e-01 7.418394684791564941e-01
8.888659477233886719e-01 3.420490920543670654e-01
6.268857121467590332e-01 4.543292224407196045e-01
1.327968481928110123e-02 3.565830364823341370e-02
2.632963359355926514e-01 8.425526618957519531e-01
8.307209014892578125e-01 7.746185660362243652e-01
7.838160991668701172e-01 6.677092909812927246e-01
4.566116333007812500e-01 2.391977310180664062e-01
8.171649575233459473e-01 7.041638493537902832e-01
5.662292838096618652e-01 9.605676531791687012e-01
5.974708795547485352e-01 5.356671661138534546e-02
4.231132268905639648e-01 3.390640616416931152e-01
9.937146306037902832e-01 3.774904310703277588e-01
9.475187659263610840e-01 5.139524340629577637e-01
8.212885260581970215e-01 6.327180266380310059e-01
6.970269680023193359e-01 5.551347732543945312e-01
9.811270982027053833e-02 9.773062467575073242e-01
3.767806589603424072e-01 1.929255872964859009e-01
4.502429664134979248e-01 8.792094588279724121e-01
6.695014238357543945e-01 5.947212576866149902e-01
4.508817493915557861e-01 6.326147913932800293e-01
2.788330316543579102e-01 9.817905426025390625e-01
8.964060544967651367e-01 9.731286168098449707e-01
8.746339678764343262e-01 8.591036796569824219e-01
4.774967133998870850e-01 7.073387503623962402e-01
4.019094705581665039e-01 1.512662768363952637e-01
2.291005253791809082e-01 3.518179655075073242e-01
3.135403394699096680e-01 8.105622977018356323e-02
1.199123337864875793e-01 5.830524563789367676e-01
1.074415445327758789e-01 7.435402274131774902e-01
2.727454900741577148e-01 9.041106700897216797e-02
6.596801877021789551e-01 4.358121752738952637e-01
7.561670541763305664e-01 1.628150343894958496e-01
3.706757426261901855e-01 3.649921715259552002e-01
2.869390845298767090e-01 6.401659846305847168e-01
5.251864194869995117e-01 7.880268990993499756e-02
1.254010945558547974e-01 5.524074435234069824e-01
9.115982055664062500e-01 1.727543324232101440e-01
9.950264692306518555e-01 7.514469623565673828e-01
6.351222991943359375e-01 6.008687242865562439e-02
5.453209280967712402e-01 3.151580095291137695e-01
6.657746434211730957e-01 2.660724818706512451e-01
8.142582178115844727e-01 7.653672695159912109e-01
8.561850786209106445e-01 2.249304354190826416e-01
9.952465295791625977e-01 9.814910292625427246e-01
3.279832303524017334e-01 9.256776571273803711e-01
5.211463570594787598e-01 3.040968179702758789e-01
5.655162930488586426e-01 2.448208183050155640e-01
3.770759105682373047e-01 7.756738662719726562e-01
2.071354687213897705e-01 6.733812093734741211e-01
1.673802137374877930e-01 5.641694664955139160e-01
5.302255749702453613e-01 7.121938467025756836e-01
2.144076824188232422e-01 3.946150243282318115e-01
7.604909539222717285e-01 4.376739263534545898e-01
1.509896069765090942e-01 5.589735507965087891e-01
2.003519684076309204e-01 9.767000675201416016e-01
2.657555937767028809e-01 5.120454728603363037e-02
5.118878092616796494e-03 9.911754727363586426e-02
7.450671195983886719e-01 5.145860910415649414e-01
7.571343183517456055e-01 2.474647611379623413e-01
3.444044589996337891e-01 9.014604091644287109e-01
5.473272204399108887e-01 4.804718792438507080e-01
8.658243417739868164e-01 6.348860263824462891e-01
2.881010770797729492e-01 2.309294193983078003e-01
5.748750567436218262e-01 7.816671729087829590e-01
5.696279928088188171e-02 4.598433077335357666e-01
6.396772265434265137e-01 2.451542466878890991e-01
8.410508632659912109e-01 8.533147573471069336e-01
4.187057614326477051e-01 7.798880338668823242e-01
4.055995941162109375e-01 1.881732642650604248e-01
2.408611476421356201e-01 7.724713683128356934e-01
7.057269811630249023e-01 1.370010226964950562e-01
3.623601794242858887e-01 9.747093915939331055e-01
2.947595715522766113e-01 7.562730312347412109e-01
3.332446813583374023e-01 8.002819418907165527e-01
8.074323534965515137e-01 7.167414426803588867e-01
5.211429595947265625e-01 3.507604897022247314e-01
3.352592289447784424e-01 9.109598994255065918e-01
4.080858230590820312e-01 9.362440109252929688e-01
3.953140974044799805e-01 3.648827970027923584e-01
9.117488861083984375e-01 4.628503024578094482e-01
6.173290014266967773e-01 8.180469870567321777e-01
1.606177389621734619e-01 7.991408109664916992e-01
9.928811788558959961e-01 7.843787670135498047e-01
5.386266112327575684e-01 9.566130042076110840e-01
3.977994918823242188e-01 7.313202023506164551e-01
5.495314598083496094e-01 7.155216932296752930e-01
7.005034089088439941e-01 8.597157597541809082e-01
3.159851133823394775e-01 4.952327311038970947e-01
4.505451619625091553e-01 5.325294286012649536e-02
8.062073588371276855e-01 8.642875552177429199e-01
6.687327027320861816e-01 6.442098617553710938e-01
7.154348492622375488e-02 9.068748354911804199e-01
4.680711627006530762e-01 1.791512519121170044e-01
8.806221485137939453e-01 3.237320780754089355e-01
7.254902720451354980e-01 4.998281598091125488e-01
3.660168051719665527e-01 8.416178226470947266e-01
1.258591711521148682e-01 8.793577551841735840e-01
1.779512465000152588e-01 2.239801138639450073e-01
4.778468310832977295e-01 9.073017239570617676e-01
1.331580281257629395e-01 2.880266010761260986e-01
3.738013803958892822e-01 7.664915919303894043e-01
9.205278158187866211e-01 7.458322644233703613e-01
5.332850217819213867e-01 1.108458545058965683e-02
2.897568047046661377e-01 3.037592470645904541e-01
4.809415340423583984e-01 6.479864120483398438e-01
5.407711267471313477e-01 3.343614339828491211e-01
1.649784594774246216e-01 5.916146188974380493e-02
4.864025115966796875e-01 8.206946849822998047e-01
4.143320024013519287e-01 4.308356940746307373e-01
7.367913126945495605e-01 3.417355418205261230e-01
7.731335759162902832e-01 6.201820969581604004e-01
2.752172946929931641e-01 6.183711290359497070e-01
1.759439706802368164e-01 6.551392674446105957e-01
5.667284131050109863e-02 8.603505492210388184e-01
9.540066719055175781e-01 3.060347735881805420e-01
4.115201234817504883e-01 9.675689935684204102e-01
8.614866733551025391e-01 6.696023941040039062e-01
5.271806120872497559e-01 4.093099236488342285e-01
4.126482903957366943e-01 1.239394471049308777e-01
4.536328613758087158e-01 6.552824378013610840e-01
3.976501226425170898e-01 9.993851184844970703e-01
6.821660399436950684e-01 9.032437205314636230e-01
3.022203147411346436e-01 9.076412916183471680e-01
7.694752216339111328e-01 6.661632657051086426e-01
1.022109314799308777e-01 8.438573479652404785e-01
6.342478394508361816e-01 9.735938161611557007e-02
7.310094237327575684e-01 6.189032793045043945e-01
5.187149047851562500e-01 5.556493252515792847e-02
6.660374402999877930e-01 7.242768406867980957e-01
2.963365018367767334e-01 5.833207815885543823e-02
7.707547545433044434e-01 7.526370882987976074e-01
4.317176938056945801e-01 4.908359646797180176e-01
7.248502969741821289e-02 2.744820415973663330e-01
4.638181328773498535e-01 3.299176692962646484e-01
6.645143032073974609e-01 5.422064065933227539e-01
3.937160074710845947e-01 2.867434918880462646e-01
8.588674068450927734e-01 6.862317323684692383e-01
2.854509353637695312e-01 1.665549874305725098e-01
4.008144736289978027e-01 3.405015170574188232e-02
9.558086991310119629e-01 1.919125169515609741e-01
6.428563594818115234e-01 6.378367543220520020e-02
3.224938809871673584e-01 1.762787997722625732e-01
1.940278336405754089e-02 8.610315322875976562e-01
5.334173440933227539e-01 1.048388108611106873e-01
5.417865514755249023e-01 4.502006471157073975e-01
9.202373623847961426e-01 5.206551551818847656e-01
4.157626330852508545e-01 6.208068132400512695e-01
2.121008373796939850e-02 2.964406311511993408e-01
5.465715527534484863e-01 3.301191329956054688e-01
2.983642518520355225e-01 6.946882009506225586e-01
4.563698768615722656e-01 1.181405037641525269e-01
9.174678921699523926e-01 7.093691825866699219e-01
4.483048021793365479e-01 7.500646114349365234e-01
2.219513952732086182e-01 2.913539409637451172e-01
4.220777153968811035e-01 8.070804476737976074e-01
8.291640877723693848e-01 8.423513174057006836e-01
7.834406942129135132e-02 8.724285960197448730e-01
9.923977404832839966e-02 5.209695100784301758e-01
5.522368848323822021e-02 8.438831567764282227e-01
3.941008821129798889e-02 5.209072232246398926e-01
3.522748649120330811e-01 9.375141263008117676e-01
5.646734237670898438e-01 3.847362399101257324e-01
2.691875994205474854e-01 6.095373630523681641e-02
9.125331044197082520e-01 3.644172549247741699e-01
9.378107190132141113e-01 7.956207394599914551e-01
5.930575728416442871e-01 5.547657608985900879e-01
9.208840131759643555e-02 6.821541786193847656e-01
5.757288336753845215e-01 6.123415827751159668e-01
8.196651339530944824e-01 2.220354229211807251e-01
7.871167063713073730e-01 6.342644691467285156e-01
6.494254469871520996e-01 8.208434581756591797e-01
9.514464735984802246e-01 4.084019362926483154e-01
8.824143558740615845e-02 3.649224340915679932e-01
6.004877686500549316e-01 5.169818997383117676e-01
4.469778239727020264e-01 8.787272870540618896e-02
9.423819780349731445e-01 4.796872138977050781e-01
9.443244338035583496e-01 5.995818972587585449e-01
9.003260731697082520e-01 9.872419834136962891e-01
4.875598251819610596e-01 9.951770901679992676e-01
5.608665943145751953e-02 4.087826609611511230e-01
6.237003207206726074e-01 8.986279964447021484e-01
7.547775506973266602e-01 4.911486804485321045e-01
5.913916826248168945e-01 7.849588990211486816e-01
1.682126671075820923e-01 9.336258769035339355e-01
7.234168052673339844e-01 2.812828123569488525e-01
4.649452269077301025e-01 4.204380512237548828e-01
8.019136786460876465e-01 1.861216872930526733e-01
6.589626073837280273e-01 5.605189800262451172e-01
4.290093183517456055e-01 7.514649629592895508e-01
5.363032221794128418e-01 9.084118008613586426e-01
1.915024071931838989e-01 8.015379905700683594e-01
5.034477114677429199e-01 3.002651222050189972e-02
6.650252938270568848e-01 4.794699251651763916e-01
8.843424320220947266e-01 1.204029619693756104e-01
4.896114468574523926e-01 9.780893325805664062e-01
8.854634165763854980e-01 6.868075728416442871e-01
1.184713840484619141e-02 7.945734858512878418e-01
2.675816789269447327e-02 9.286755323410034180e-01
5.407833456993103027e-01 6.393110156059265137e-01
6.772044897079467773e-01 4.294480383396148682e-01
1.242922246456146240e-01 6.386548876762390137e-01
5.573859065771102905e-02 4.965757727622985840e-01
3.519505560398101807e-01 7.704704999923706055e-01
5.447030067443847656e-01 4.412444531917572021e-01
1.678352504968643188e-01 9.106055498123168945e-01
6.801248192787170410e-01 6.316101551055908203e-01
7.484618425369262695e-01 8.939756155014038086e-01
6.365810036659240723e-01 8.690658807754516602e-01
2.777705341577529907e-02 4.587410986423492432e-01
7.549950480461120605e-01 7.386262416839599609e-01
7.474028468132019043e-01 6.918964982032775879e-01
3.590638935565948486e-01 4.350021183490753174e-01
8.448003530502319336e-01 8.522864580154418945e-01
8.793643712997436523e-01 3.137469291687011719e-01
6.377566456794738770e-01 5.945245027542114258e-01
3.036724328994750977e-01 7.825436592102050781e-01
6.535646319389343262e-01 5.476114749908447266e-01
4.778113365173339844e-01 8.082234859466552734e-01
4.322305619716644287e-01 3.157658278942108154e-01
4.321792125701904297e-01 4.330384135246276855e-01
9.747467041015625000e-01 9.522826671600341797e-01
6.744806170463562012e-01 2.097660452127456665e-01
9.501729607582092285e-01 7.657015323638916016e-01
1.634268462657928467e-01 4.696086049079895020e-01
5.772018432617187500e-01 1.961782127618789673e-01
3.058817386627197266e-01 8.190498948097229004e-01
2.755248844623565674e-01 9.439760446548461914e-01
2.306013405323028564e-01 5.714671611785888672e-01
1.901268064975738525e-01 4.862281680107116699e-01
8.692857623100280762e-01 6.414991021156311035e-01
4.439659118652343750e-01 5.455749034881591797e-01
4.644638597965240479e-01 7.641891241073608398e-01
2.282299995422363281e-01 7.787545323371887207e-01
2.589758932590484619e-01 2.445802092552185059e-01
2.352332323789596558e-01 7.188555598258972168e-01
3.550469577312469482e-01 6.336789727210998535e-01
8.810912966728210449e-01 1.228274926543235779e-01
6.007584333419799805e-01 9.839707612991333008e-02
9.080415368080139160e-01 4.795618653297424316e-01
8.420740365982055664e-01 9.488883614540100098e-01
5.617715120315551758e-01 8.271491527557373047e-01
6.139170527458190918e-01 5.534344315528869629e-01
6.997589468955993652e-01 9.918221235275268555e-01
2.582284510135650635e-01 2.438903450965881348e-01
9.722946286201477051e-01 7.764575481414794922e-01
4.187375903129577637e-01 1.762239336967468262e-01
7.874920368194580078e-01 5.029774308204650879e-01
2.303459309041500092e-02 7.009833455085754395e-01
4.621446430683135986e-01 2.185022681951522827e-01
9.861404448747634888e-02 6.562330126762390137e-01
8.343129754066467285e-01 2.269255220890045166e-01
7.617114782333374023e-01 9.960431456565856934e-01
8.275626897811889648e-01 5.822932720184326172e-01
1.440148651599884033e-01 7.623488903045654297e-01
4.085162580013275146e-01 1.351663321256637573e-01
5.865715146064758301e-01 3.986153900623321533e-01
8.999695777893066406e-01 1.698362827301025391e-01
3.514765799045562744e-01 9.839452505111694336e-01
4.758927524089813232e-01 5.508937239646911621e-01
2.050838917493820190e-01 6.268986463546752930e-01
3.072662651538848877e-01 6.232560873031616211e-01
4.605158232152462006e-03 2.310063838958740234e-01
5.369958877563476562e-01 7.403154373168945312e-01
5.238428711891174316e-01 6.272523999214172363e-01
8.934711813926696777e-01 8.053588867187500000e-01
9.883348345756530762e-01 5.774524211883544922e-01
9.070957899093627930e-01 8.937682509422302246e-01
1.869176775217056274e-01 4.173393249511718750e-01
9.102951884269714355e-01 4.546574354171752930e-01
6.573440879583358765e-02 3.360281586647033691e-01
8.337014317512512207e-01 2.179684340953826904e-01
7.067897319793701172e-01 6.660816669464111328e-01
5.139315128326416016e-01 8.533959984779357910e-01
2.604337930679321289e-01 4.619439542293548584e-01
7.534465789794921875e-01 4.512727856636047363e-01
5.545482635498046875e-01 2.597846090793609619e-01
2.835346758365631104e-01 9.543856978416442871e-01
9.943000674247741699e-01 2.621645927429199219e-01
2.204231768846511841e-01 8.805360198020935059e-01
7.726821303367614746e-01 4.738832414150238037e-01
7.252310514450073242e-01 2.304824143648147583e-01
4.579687714576721191e-01 9.409065246582031250e-01
4.089694619178771973e-01 8.824378848075866699e-01
3.892576098442077637e-01 7.247852534055709839e-02
2.220913618803024292e-01 9.797142744064331055e-01
5.641456842422485352e-01 9.876659512519836426e-01
9.229323863983154297e-01 2.953578233718872070e-01
2.480829656124114990e-01 6.639817357063293457e-01
1.708578169345855713e-01 9.981099367141723633e-01
7.582353800535202026e-02 7.139298319816589355e-01
1.363202184438705444e-01 2.077796906232833862e-01
5.157356858253479004e-01 6.385577917098999023e-01
5.988749265670776367e-01 1.176852285861968994e-01
9.240337014198303223e-01 9.549328684806823730e-01
2.054926604032516479e-01 3.049766831099987030e-02
5.616906285285949707e-01 7.946422696113586426e-01
8.899714946746826172e-01 3.010067641735076904e-01
4.303985834121704102e-01 2.633469402790069580e-01
7.531698346138000488e-01 9.010121226310729980e-01
1.423106342554092407e-01 2.718468010425567627e-01
3.598859161138534546e-02 5.209143757820129395e-01
5.765188485383987427e-02 9.708473682403564453e-01
5.113226771354675293e-01 6.787046045064926147e-02
5.743942856788635254e-01 3.241604268550872803e-01
4.124277234077453613e-01 7.497041225433349609e-01
2.919005751609802246e-01 8.770388364791870117e-01
5.351396799087524414e-01 2.398729771375656128e-01
1.884969137609004974e-02 1.584115028381347656e-01
4.782344996929168701e-01 6.680349111557006836e-01
5.430021286010742188e-01 6.184033751487731934e-01
7.521961927413940430e-01 9.947829246520996094e-01
3.500175178050994873e-01 3.630740642547607422e-01
9.316160082817077637e-01 3.609488308429718018e-01
8.144105076789855957e-01 9.469494819641113281e-01
2.721071243286132812e-01 8.056795597076416016e-01
8.950499296188354492e-01 8.564206361770629883e-01
7.475346326828002930e-01 4.976141080260276794e-02
6.732095479965209961e-01 3.741597011685371399e-02
7.276909947395324707e-01 6.696324944496154785e-01
6.143524870276451111e-02 9.223262071609497070e-01
4.307997822761535645e-01 4.999624490737915039e-01
7.493042945861816406e-01 3.610307574272155762e-01
8.269841074943542480e-01 5.989927649497985840e-01
8.679816126823425293e-01 5.993984937667846680e-01
5.843787789344787598e-01 9.802738428115844727e-01
2.554202973842620850e-01 9.177816510200500488e-01
3.930802047252655029e-01 1.476290542632341385e-02
5.746595263481140137e-01 4.859735071659088135e-01
4.041829332709312439e-02 9.943147897720336914e-01
7.825752496719360352e-01 8.933399319648742676e-01
5.541878342628479004e-01 4.493911936879158020e-02
6.807541251182556152e-01 9.795811176300048828e-01
6.582456827163696289e-01 7.792304158210754395e-01
7.397324442863464355e-01 2.706805467605590820e-01
6.935997605323791504e-01 6.586527824401855469e-01
2.048931270837783813e-01 1.795043200254440308e-01
1.137333363294601440e-01 8.038399219512939453e-01
7.251482605934143066e-01 3.357515335083007812e-01
9.587106108665466309e-02 6.763119697570800781e-01
6.561235189437866211e-01 7.249345183372497559e-01
2.193807959556579590e-01 6.498895287513732910e-01
5.302150249481201172e-01 3.058783710002899170e-01
6.912934184074401855e-01 2.577750980854034424e-01
9.135086536407470703e-01 7.722085714340209961e-01
3.481211960315704346e-01 4.988060891628265381e-01
1.833675205707550049e-01 7.921283841133117676e-01
2.312631160020828247e-01 4.695934653282165527e-01
4.970822930335998535e-01 5.657285451889038086e-01
7.138220071792602539e-01 5.441278815269470215e-01
6.258033961057662964e-02 5.877840518951416016e-01
7.669238448143005371e-01 6.122590303421020508e-01
7.348181605339050293e-01 1.261350810527801514e-01
1.933168768882751465e-01 5.074419379234313965e-01
1.006913706660270691e-01 7.066249847412109375e-02
1.127861514687538147e-01 7.351390719413757324e-01
1.996909081935882568e-01 2.977914512157440186e-01
2.127259969711303711e-01 2.377827614545822144e-01
4.358627498149871826e-01 8.980348706245422363e-01
9.190413951873779297e-01 9.959329366683959961e-01
4.220312833786010742e-01 5.749308466911315918e-01
6.697687506675720215e-01 1.519636362791061401e-01
6.229659318923950195e-01 3.427130281925201416e-01
5.008191466331481934e-01 1.979347169399261475e-01
8.296853303909301758e-01 8.725778460502624512e-01
3.792390227317810059e-01 6.888025403022766113e-01
5.426533222198486328e-01 4.258598089218139648e-01
7.797135114669799805e-01 9.401187300682067871e-01
5.468495190143585205e-02 9.974589347839355469e-01
7.015084624290466309e-01 6.692091822624206543e-01
5.840874314308166504e-01 5.014573335647583008e-01
7.810943126678466797e-01 8.145515322685241699e-01
1.715380102396011353e-01 1.601510196924209595e-01
1.287079304456710815e-01 1.238706409931182861e-01
7.279028296470642090e-01 6.491544842720031738e-01
6.725159883499145508e-01 6.291362047195434570e-01
2.311316132545471191e-01 9.405778050422668457e-01
7.677192091941833496e-01 3.966790735721588135e-01
9.144151806831359863e-01 9.965082630515098572e-03
2.145328670740127563e-01 4.894443750381469727e-01
7.066687941551208496e-01 7.130081057548522949e-01
8.226884603500366211e-01 1.242606490850448608e-01
2.866039872169494629e-01 4.887461662292480469e-01
4.193086028099060059e-01 2.734432220458984375e-01
7.650937438011169434e-01 7.289300560951232910e-01
1.226334348320960999e-01 9.589862823486328125e-01
3.534197211265563965e-01 5.591015219688415527e-01
4.956842213869094849e-02 8.060820102691650391e-01
4.649065434932708740e-02 6.475896835327148438e-01
5.386980175971984863e-01 6.900129914283752441e-01
7.575679421424865723e-01 4.269530773162841797e-01
3.572325706481933594e-01 1.985041946172714233e-01
3.976587653160095215e-01 2.236746251583099365e-01
8.012637495994567871e-01 5.588921308517456055e-01
5.884130597114562988e-01 1.805479377508163452e-01
3.561975061893463135e-01 7.019381523132324219e-01
4.540662765502929688e-01 4.545444548130035400e-01
7.466843724250793457e-01 7.068676352500915527e-01
4.499766603112220764e-02 3.358673751354217529e-01
7.688070088624954224e-02 4.300981760025024414e-01
8.485309481620788574e-01 6.258435845375061035e-01
5.048322081565856934e-01 6.298425793647766113e-01
8.284051418304443359e-01 3.410592377185821533e-01
3.356690406799316406e-01 1.956678926944732666e-01
7.355424761772155762e-01 5.410634279251098633e-01
4.282185137271881104e-01 5.369484424591064453e-01
8.495432138442993164e-01 9.095892906188964844e-01
5.341135263442993164e-01 9.161931872367858887e-01
5.856788158416748047e-01 2.807951867580413818e-01
1.514748036861419678e-01 8.173242807388305664e-01
7.687520384788513184e-01 5.476009845733642578e-01
8.169967532157897949e-01 1.713616251945495605e-01
2.921892702579498291e-01 8.473278880119323730e-01
7.072107195854187012e-01 8.257209062576293945e-01
6.797866821289062500e-01 8.378448486328125000e-01
4.098417460918426514e-01 2.900572419166564941e-01
6.616967320442199707e-01 4.451501667499542236e-01
6.160756945610046387e-01 1.808065772056579590e-01
9.218816161155700684e-01 7.598584890365600586e-01
4.633784890174865723e-01 2.103574126958847046e-01
8.228300809860229492e-01 3.586380779743194580e-01
2.145359814167022705e-01 7.286141514778137207e-01
8.426267653703689575e-02 8.404815196990966797e-01
4.159835278987884521e-01 8.457799553871154785e-01
3.731637299060821533e-01 1.544024348258972168e-01
7.508054971694946289e-01 2.365743666887283325e-01
8.327908068895339966e-02 6.910738348960876465e-01
3.530370295047760010e-01 4.603822529315948486e-01
9.696754217147827148e-01 1.375379562377929688e-01
8.907200694084167480e-01 6.483066678047180176e-01
8.996130228042602539e-01 6.651967167854309082e-01
7.435135245323181152e-01 1.571550965309143066e-01
5.104370713233947754e-01 9.440214633941650391e-01
2.367957979440689087e-01 8.421924710273742676e-01
7.613728642463684082e-01 8.226819634437561035e-01
7.385313510894775391e-01 6.198019385337829590e-01
3.416419625282287598e-01 5.664620995521545410e-01
2.008532732725143433e-01 5.184558033943176270e-01
7.445088028907775879e-01 3.007357716560363770e-01
2.552385330200195312e-01 3.354358673095703125e-01
4.355869591236114502e-01 5.119184851646423340e-01
2.931355237960815430e-01 8.755468726158142090e-01
9.315895289182662964e-02 8.797352910041809082e-01
6.631010770797729492e-01 1.955213099718093872e-01
4.393875300884246826e-01 9.747863411903381348e-01
1.431347429752349854e-01 7.302377820014953613e-01
9.616552293300628662e-02 4.011810943484306335e-02
6.423925980925559998e-03 5.039051771163940430e-01
2.674287557601928711e-01 7.650289684534072876e-02
2.240953296422958374e-01 6.605518460273742676e-01
7.804242372512817383e-01 5.946171283721923828e-01
7.350522279739379883e-01 7.059753406792879105e-03
2.644394040107727051e-01 5.895665884017944336e-01
1.477960944175720215e-01 6.389177441596984863e-01
2.705388963222503662e-01 2.806013822555541992e-01
7.337145209312438965e-01 8.615047335624694824e-01
4.196090623736381531e-02 1.960848569869995117e-01
1.940129399299621582e-01 9.880725741386413574e-01
6.159489154815673828e-01 9.622092247009277344e-01
5.133851170539855957e-01 3.139550685882568359e-01
5.434467792510986328e-01 4.377942681312561035e-01
9.711942076683044434e-01 1.065565943717956543e-01
7.860255837440490723e-01 6.657693386077880859e-01
5.834740996360778809e-01 3.219345211982727051e-01
5.986641645431518555e-01 1.262577921152114868e-01
9.564152359962463379e-01 5.579056739807128906e-01
7.338950037956237793e-01 5.457096099853515625e-01
8.506006598472595215e-01 3.316205441951751709e-01
7.412675619125366211e-01 6.738452315330505371e-01
1.174698770046234131e-01 6.622826308012008667e-02
8.257912993431091309e-01 4.649923741817474365e-01
9.613621830940246582e-01 5.437295436859130859e-01
4.903163611888885498e-01 3.469007909297943115e-01
5.282885432243347168e-01 3.314291238784790039e-01
3.701507151126861572e-01 5.585733652114868164e-01
5.060735940933227539e-01 1.332436650991439819e-01
2.991322875022888184e-01 7.733321785926818848e-01
7.436515092849731445e-01 6.569105386734008789e-01
6.366568207740783691e-01 1.782194972038269043e-01
3.182048499584197998e-01 4.908951222896575928e-01
6.525058150291442871e-01 4.271571934223175049e-01
5.667850002646446228e-02 8.226875066757202148e-01
4.548023343086242676e-01 5.879432708024978638e-02
8.724749088287353516e-01 4.507828056812286377e-01
4.731582701206207275e-01 4.577928483486175537e-01
3.917112946510314941e-01 9.371982812881469727e-01
7.802490592002868652e-01 7.092508673667907715e-01
8.467372655868530273e-01 9.014295935630798340e-01
2.604745328426361084e-01 5.712996721267700195e-01
9.002665281295776367e-01 7.736074328422546387e-01
3.766514658927917480e-01 5.046775341033935547e-01
6.887608766555786133e-01 4.638203084468841553e-01
7.869682312011718750e-01 4.024385213851928711e-01
9.411174654960632324e-01 8.740761280059814453e-01
6.746348142623901367e-01 9.396240115165710449e-01
5.766031146049499512e-01 5.493897199630737305e-01
2.107284069061279297e-01 2.916914224624633789e-01
1.125582531094551086e-01 2.497376501560211182e-01
7.160800695419311523e-01 3.399445116519927979e-01
7.173422574996948242e-01 4.320330023765563965e-01
9.595210552215576172e-01 6.687225103378295898e-01
3.979277908802032471e-01 8.706461787223815918e-01
6.797043681144714355e-01 5.663440227508544922e-01
9.334725737571716309e-01 4.966755211353302002e-01
7.057021856307983398e-01 9.239855408668518066e-01
4.895891249179840088e-01 7.327663898468017578e-01
5.397810339927673340e-01 2.964803874492645264e-01
6.756684184074401855e-01 2.249371111392974854e-01
5.044753551483154297e-01 4.515056610107421875e-01
7.851337790489196777e-01 4.127321243286132812e-01
4.668105840682983398e-01 2.984424680471420288e-02
5.670751929283142090e-01 9.424075484275817871e-01
1.704886257648468018e-01 3.629797399044036865e-01
9.688756614923477173e-02 1.141637489199638367e-01
6.473281979560852051e-02 2.268682867288589478e-01
1.424658447504043579e-01 7.820662856101989746e-01
6.306752562522888184e-01 6.431569457054138184e-01
4.592721164226531982e-01 4.964428022503852844e-02
6.843460798263549805e-01 6.142356991767883301e-01
6.772820949554443359e-01 1.553745865821838379e-01
4.471720159053802490e-01 1.324738711118698120e-01
3.640170693397521973e-01 1.478452533483505249e-01
4.958939254283905029e-01 3.469464480876922607e-01
7.844191193580627441e-01 5.524478852748870850e-02
9.792549014091491699e-01 4.169980436563491821e-02
2.531813085079193115e-01 8.619015812873840332e-01
2.558481097221374512e-01 6.997035443782806396e-02
4.476836323738098145e-01 4.634945988655090332e-01
3.707156181335449219e-01 9.444927573204040527e-01
8.582436442375183105e-01 4.096047580242156982e-01
6.820791363716125488e-01 1.419267952442169189e-01
5.682058334350585938e-01 9.004719257354736328e-01
2.585063874721527100e-01 5.110399723052978516e-01
3.791283369064331055e-01 8.754491209983825684e-01
8.888839483261108398e-01 7.238138914108276367e-01
8.542745113372802734e-01 4.534712433815002441e-01
3.429554700851440430e-01 4.701023399829864502e-01
7.003711462020874023e-01 1.130575239658355713e-01
3.000498116016387939e-01 8.895699977874755859e-01
9.261100888252258301e-01 6.105887293815612793e-01
4.895310401916503906e-01 6.756057739257812500e-01
8.435215950012207031e-01 3.506880104541778564e-01
2.950174808502197266e-01 5.940463542938232422e-01
8.332234025001525879e-01 4.385139942169189453e-01
6.485079973936080933e-02 6.059074774384498596e-02
8.027817606925964355e-01 4.353110790252685547e-01
8.885836005210876465e-01 7.317331433296203613e-02
9.299948811531066895e-01 1.503389477729797363e-01
5.277173519134521484e-01 3.382031321525573730e-01
3.340553939342498779e-01 4.617923200130462646e-01
8.605773448944091797e-01 4.183150529861450195e-01
9.959489703178405762e-01 9.927162528038024902e-01
9.089252948760986328e-01 6.023277640342712402e-01
5.496532917022705078e-01 7.961575388908386230e-01
1.784905418753623962e-02 2.460851669311523438e-01
1.285216510295867920e-01 1.548326760530471802e-01
6.014652848243713379e-01 3.480097651481628418e-01
6.429871916770935059e-01 2.858409285545349121e-01
2.061799168586730957e-01 8.359382301568984985e-02
4.019209444522857666e-01 2.906361222267150879e-02
4.603479504585266113e-01 4.758185744285583496e-01
2.279394865036010742e-01 1.855963170528411865e-01
8.389670848846435547e-01 1.299782656133174896e-02
3.334839046001434326e-01 1.571488380432128906e-01
2.838576138019561768e-01 8.432766795158386230e-01
3.414972126483917236e-01 3.445491492748260498e-01
5.674706771969795227e-02 5.860059857368469238e-01
1.263751238584518433e-01 7.117142081260681152e-01
4.457232952117919922e-01 1.716940104961395264e-01
4.502324759960174561e-01 4.690441489219665527e-01
4.848324656486511230e-01 5.202471017837524414e-01
1.023276969790458679e-01 5.406556278467178345e-02
4.319924414157867432e-01 9.177881479263305664e-02
5.424899458885192871e-01 9.390144348144531250e-01
3.611390888690948486e-01 9.528827667236328125e-01
2.336456626653671265e-01 7.749421149492263794e-02
6.977620720863342285e-01 8.167284131050109863e-01
2.070244252681732178e-01 8.124835491180419922e-01
8.428595066070556641e-01 5.451801419258117676e-01
8.203712701797485352e-01 1.546249240636825562e-01
3.098085224628448486e-01 8.359870314598083496e-01
7.530891895294189453e-01 9.704454243183135986e-02
7.148352861404418945e-01 8.041927218437194824e-01
9.363272190093994141e-01 1.993181705474853516e-01
6.644411385059356689e-02 2.699840068817138672e-01
2.769701182842254639e-01 5.505576133728027344e-01
8.083907961845397949e-01 7.404885292053222656e-01
7.206469178199768066e-01 6.869382858276367188e-01
7.337132096290588379e-01 8.909691125154495239e-02
2.034858018159866333e-01 9.925529360771179199e-02
6.082537770271301270e-01 9.901606440544128418e-01
6.486172974109649658e-02 4.796940982341766357e-01
6.453547477722167969e-01 5.299791097640991211e-01
2.681226134300231934e-01 8.005469441413879395e-01
5.137275457382202148e-01 5.583937764167785645e-01
8.918602466583251953e-01 4.561000466346740723e-01
1.618514955043792725e-01 4.480168968439102173e-02
2.443055063486099243e-01 7.859222292900085449e-01
1.479703038930892944e-01 1.806954443454742432e-01
7.130967378616333008e-01 6.065858006477355957e-01
3.177774846553802490e-01 3.419052958488464355e-01
1.462361663579940796e-01 7.100414633750915527e-01
1.302547305822372437e-01 8.011092543601989746e-01
6.419118642807006836e-01 5.202494263648986816e-01
7.934014201164245605e-01 9.531547427177429199e-01
6.365721821784973145e-01 1.166164427995681763e-01
4.071763753890991211e-01 9.964461624622344971e-02
7.670183777809143066e-01 2.846126258373260498e-01
4.511906951665878296e-02 6.648576855659484863e-01
7.158747911453247070e-01 2.932781577110290527e-01
8.209034204483032227e-01 5.719439387321472168e-01
8.168563246726989746e-02 2.809782922267913818e-01
8.820937871932983398e-01 3.861188590526580811e-01
6.120827794075012207e-01 5.596832036972045898e-01
7.576448917388916016e-01 8.522182703018188477e-01
6.477465033531188965e-01 8.820315003395080566e-01
2.580899894237518311e-01 1.209093108773231506e-01
8.410106301307678223e-01 3.713512420654296875e-01
6.721101403236389160e-01 4.008249938488006592e-01
5.175690054893493652e-01 3.132137656211853027e-01
6.289192438125610352e-01 5.396354794502258301e-01
7.808306813240051270e-01 5.393560528755187988e-01
9.679191112518310547e-01 8.646569848060607910e-01
8.518911004066467285e-01 4.345592111349105835e-02
6.020409464836120605e-01 5.533406734466552734e-01
6.961430907249450684e-01 9.927201867103576660e-01
3.697783350944519043e-01 9.389349222183227539e-01
