5.445360541343688965e-01 8.084875345230102539e-01
3.468104600906372070e-01 8.244371972978115082e-03
6.577787995338439941e-01 7.852956652641296387e-01
7.852749824523925781e-01 5.798739194869995117e-01
1.168423052877187729e-02 1.481439620256423950e-01
1.394985765218734741e-01 8.854132294654846191e-01
5.164008140563964844e-01 1.479868143796920776e-01
6.973649263381958008e-01 6.172993183135986328e-01
7.092817425727844238e-01 4.305279850959777832e-01
5.082143545150756836e-01 1.865280866622924805e-01
8.293360471725463867e-01 7.903355956077575684e-01
8.895398974418640137e-01 5.482674241065979004e-01
6.591828465461730957e-01 2.756963670253753662e-01
9.587367773056030273e-01 8.257316350936889648e-01
3.127056956291198730e-01 2.105923742055892944e-01
1.320305317640304565e-01 4.850436747074127197e-02
6.367919594049453735e-02 7.847824692726135254e-01
7.412512898445129395e-01 1.694448739290237427e-01
7.673008441925048828e-01 3.534129122272133827e-03
8.171446323394775391e-01 4.770618081092834473e-01
9.697945713996887207e-01 6.845946907997131348e-01
6.475204229354858398e-01 6.851204633712768555e-01
8.851049467921257019e-03 3.959659934043884277e-01
1.031994447112083435e-01 2.327959388494491577e-01
9.266413450241088867e-01 6.210807561874389648e-01
7.244963645935058594e-01 1.720026731491088867e-01
7.794930338859558105e-01 6.156076192855834961e-01
9.273768663406372070e-01 8.308832049369812012e-01
5.287938714027404785e-01 7.693151235580444336e-01
6.740167737007141113e-01 2.252356857061386108e-01
1.307339370250701904e-01 3.513445556163787842e-01
6.249797940254211426e-01 6.700627803802490234e-01
1.343431621789932251e-01 3.953024148941040039e-01
6.711360812187194824e-01 5.111978650093078613e-01
7.386527061462402344e-01 1.208859961479902267e-02
8.056060075759887695e-01 4.609838128089904785e-02
3.984124362468719482e-01 3.085367679595947266e-01
2.144705355167388916e-01 2.389996051788330078e-01
9.457356333732604980e-01 8.744192123413085938e-01
8.750445842742919922e-01 3.677824139595031738e-01
5.183521509170532227e-01 8.894062638282775879e-01
7.301867604255676270e-01 1.831817477941513062e-01
1.511188745498657227e-01 5.968834161758422852e-01
5.520762801170349121e-01 8.141523599624633789e-01
7.505791783332824707e-01 5.267171859741210938e-01
6.529214978218078613e-01 1.688223779201507568e-01
1.469248533248901367e-01 4.169275760650634766e-01
8.950709700584411621e-01 1.473853588104248047e-01
6.607237458229064941e-01 4.191138148307800293e-01
5.886441469192504883e-01 8.424196839332580566e-01
6.783259510993957520e-01 9.888026118278503418e-02
4.289880394935607910e-01 3.454296290874481201e-01
6.427046656608581543e-01 7.705721259117126465e-02
1.503945589065551758e-01 9.035769701004028320e-01
6.644123196601867676e-01 2.513727545738220215e-01
1.319741904735565186e-01 6.837982535362243652e-01
7.123805582523345947e-03 4.304757416248321533e-01
4.945105612277984619e-01 5.574384331703186035e-01
9.043028950691223145e-02 9.082393050193786621e-01
3.580921590328216553e-01 3.117899894714355469e-01
8.832883238792419434e-01 7.778199315071105957e-01
8.576138019561767578e-01 7.631222009658813477e-01
3.717114776372909546e-02 3.048537969589233398e-01
9.604526162147521973e-01 5.394909977912902832e-01
7.870652675628662109e-01 8.431497812271118164e-01
8.060837388038635254e-01 8.443542718887329102e-01
4.635011851787567139e-01 2.680666148662567139e-01
9.599186182022094727e-01 9.729947894811630249e-02
8.741579651832580566e-01 7.108322381973266602e-01
7.900971174240112305e-01 6.866052746772766113e-01
9.857209324836730957e-01 6.004301309585571289e-01
2.464970648288726807e-01 9.796701073646545410e-01
1.825391314923763275e-02 7.985534071922302246e-01
7.174438238143920898e-01 1.901842094957828522e-02
1.202264335006475449e-02 6.971446871757507324e-01
7.481973171234130859e-01 2.539719939231872559e-01
1.438474655151367188e-01 3.547348976135253906e-01
5.250082612037658691e-01 9.335230588912963867e-01
1.112126633524894714e-01 3.901039361953735352e-01
1.421099305152893066e-01 7.848817706108093262e-01
3.230659663677215576e-01 7.463227510452270508e-01
3.506650924682617188e-01 7.147400975227355957e-01
5.220976844429969788e-02 5.902691483497619629e-01
4.861884117126464844e-01 9.771250933408737183e-02
6.239169239997863770e-01 7.148437201976776123e-02
4.032043218612670898e-01 4.992889761924743652e-01
3.051215708255767822e-01 6.817210316658020020e-01
8.992471098899841309e-01 7.430538535118103027e-01
1.419187933206558228e-01 2.351626902818679810e-01
4.136161506175994873e-01 6.950750946998596191e-01
7.323028445243835449e-01 3.718000054359436035e-01
5.370320752263069153e-02 2.174550145864486694e-01
3.697047233581542969e-01 3.468590974807739258e-01
2.528588175773620605e-01 5.057170391082763672e-01
2.812126576900482178e-01 4.338112175464630127e-01
6.121285557746887207e-01 7.825014591217041016e-01
6.635120511054992676e-01 3.888076841831207275e-01
3.323745727539062500e-01 5.520282387733459473e-01
7.141826748847961426e-01 6.304329037666320801e-01
4.249477386474609375e-01 9.023888707160949707e-01
3.421449661254882812e-01 9.897339344024658203e-01
5.632456019520759583e-02 2.790717221796512604e-02
8.916132152080535889e-02 2.659940421581268311e-01
9.980828166007995605e-01 7.354376316070556641e-01
7.370226979255676270e-01 8.605437278747558594e-01
1.796116828918457031e-01 6.001809239387512207e-01
9.002223610877990723e-01 5.462555885314941406e-01
7.541013956069946289e-01 4.426053762435913086e-01
2.890853583812713623e-01 3.637383580207824707e-01
3.658870235085487366e-02 8.188337832689285278e-02
5.290144085884094238e-01 5.729651823639869690e-02
6.455274224281311035e-01 3.777401894330978394e-02
9.593073129653930664e-01 3.101936280727386475e-01
6.790666580200195312e-01 1.763574928045272827e-01
7.708542943000793457e-01 1.519980281591415405e-01
3.211848065257072449e-02 4.902034699916839600e-01
2.191427201032638550e-01 2.894659042358398438e-01
2.777992784976959229e-01 3.952780663967132568e-01
4.623616039752960205e-01 9.859644621610641479e-02
6.416170597076416016e-01 9.757903814315795898e-01
9.083673954010009766e-01 6.916723251342773438e-01
4.823726713657379150e-01 1.436255685985088348e-02
9.135397076606750488e-01 5.403342843055725098e-01
1.617512553930282593e-01 3.377773761749267578e-01
4.677692353725433350e-01 2.383703291416168213e-01
7.126896977424621582e-01 1.574866026639938354e-01
9.849340319633483887e-01 8.406756520271301270e-01
3.512210845947265625e-01 9.622520208358764648e-01
5.661022067070007324e-01 4.600786790251731873e-02
7.778012007474899292e-02 9.084903597831726074e-01
7.468676567077636719e-01 4.539149999618530273e-01
5.908074602484703064e-02 2.355379164218902588e-01
6.971493959426879883e-01 6.453809887170791626e-02
9.992535114288330078e-01 5.973897501826286316e-02
6.067416071891784668e-01 2.289426922798156738e-01
6.260485053062438965e-01 8.783149123191833496e-01
3.629121482372283936e-01 8.407103419303894043e-01
5.805270671844482422e-01 2.032877355813980103e-01
8.265246152877807617e-01 1.767655164003372192e-01
2.270125001668930054e-01 4.336242377758026123e-02
1.692708879709243774e-01 1.615393906831741333e-01
3.006320297718048096e-01 7.995986342430114746e-01
2.791626155376434326e-01 2.625744640827178955e-01
1.854586154222488403e-01 4.040752649307250977e-01
1.676045209169387817e-01 6.610441803932189941e-01
1.374875158071517944e-01 3.870205283164978027e-01
7.754015922546386719e-01 4.698517173528671265e-02
6.971604824066162109e-01 1.668903529644012451e-01
6.638736128807067871e-01 7.370910644531250000e-01
7.962306737899780273e-01 2.214293777942657471e-01
7.891649603843688965e-01 2.719924449920654297e-01
6.935132741928100586e-01 2.892377413809299469e-02
8.403022885322570801e-01 7.156692147254943848e-01
9.609935283660888672e-01 7.918545007705688477e-01
4.961347281932830811e-01 8.852055072784423828e-01
6.602396368980407715e-01 1.663038730621337891e-01
1.349022537469863892e-01 1.477769464254379272e-01
5.656225681304931641e-01 4.564172029495239258e-01
2.286012619733810425e-01 4.597759246826171875e-01
9.372207522392272949e-01 4.446498155593872070e-01
9.503042697906494141e-02 8.306015133857727051e-01
9.688571691513061523e-01 5.871290564537048340e-01
4.147771000862121582e-01 8.653348684310913086e-01
4.644177556037902832e-01 8.811832666397094727e-01
8.821989297866821289e-01 6.366326212882995605e-01
7.321076989173889160e-01 5.235826969146728516e-01
6.716322302818298340e-01 6.994879841804504395e-01
1.194381341338157654e-01 3.141942024230957031e-01
2.082914710044860840e-01 8.243088126182556152e-01
3.455830514430999756e-01 6.045082807540893555e-01
5.447181463241577148e-01 5.506709814071655273e-01
4.063878059387207031e-01 9.234829992055892944e-02
8.550744056701660156e-01 3.285897374153137207e-01
2.115219980478286743e-01 8.969766497611999512e-01
3.571435213088989258e-01 9.865947961807250977e-01
4.861381053924560547e-01 2.091630548238754272e-01
4.487816393375396729e-01 3.371626734733581543e-01
9.784280657768249512e-01 3.858946561813354492e-01
6.276342868804931641e-01 1.449896693229675293e-01
1.431405991315841675e-01 6.300733685493469238e-01
8.341947793960571289e-01 5.783774852752685547e-01
7.980670779943466187e-02 9.130712747573852539e-01
1.862390637397766113e-01 3.526712357997894287e-01
6.812428832054138184e-01 1.202298626303672791e-01
2.403146475553512573e-01 7.702890038490295410e-02
1.739975959062576294e-01 5.519754886627197266e-01
8.117064833641052246e-01 9.628217816352844238e-01
1.621090769767761230e-01 8.233556151390075684e-01
1.162892021238803864e-02 5.645607709884643555e-01
8.096032738685607910e-01 2.180936187505722046e-01
2.889550030231475830e-01 6.019116640090942383e-01
2.757831811904907227e-01 6.481128334999084473e-01
2.973379492759704590e-01 8.514509797096252441e-01
4.469664096832275391e-01 4.547893106937408447e-01
9.006019234657287598e-01 2.193743586540222168e-01
8.222514390945434570e-01 3.521506786346435547e-01
3.429854214191436768e-01 8.702492117881774902e-01
7.488045692443847656e-01 3.636826276779174805e-01
5.348944067955017090e-01 5.808927118778228760e-02
3.822532892227172852e-01 2.815230488777160645e-01
2.844966351985931396e-01 4.336111247539520264e-01
8.895121812820434570e-01 2.986077405512332916e-02
6.328364610671997070e-01 4.788818061351776123e-01
7.418243885040283203e-01 3.566259443759918213e-01
1.703803092241287231e-01 8.029787540435791016e-01
9.799833297729492188e-01 4.246630668640136719e-01
3.351736366748809814e-01 2.411080449819564819e-01
1.136413067579269409e-01 9.427567720413208008e-01
8.741629123687744141e-01 3.404316902160644531e-01
9.370086193084716797e-01 2.975814640522003174e-01
6.221681237220764160e-01 8.912860751152038574e-01
2.851501107215881348e-01 4.156003296375274658e-01
4.958817362785339355e-01 7.567137479782104492e-01
4.642730653285980225e-01 5.174158811569213867e-01
1.841527372598648071e-01 5.159406661987304688e-01
7.721806317567825317e-02 9.438511133193969727e-01
1.458280086517333984e-01 4.576599001884460449e-01
8.731392621994018555e-01 8.167079091072082520e-01
4.634986221790313721e-01 2.275009453296661377e-01
5.644884705543518066e-01 2.939178347587585449e-01
5.294834971427917480e-01 7.304868102073669434e-02
3.073783218860626221e-01 9.625116586685180664e-01
3.391535282135009766e-01 9.586365818977355957e-01
1.051329746842384338e-01 4.032751619815826416e-01
2.617724537849426270e-01 2.889919877052307129e-01
3.873345851898193359e-01 9.487873315811157227e-01
3.903784155845642090e-01 4.796302318572998047e-01
6.370043754577636719e-01 9.667535424232482910e-01
9.034375548362731934e-01 1.315174400806427002e-01
1.548100709915161133e-01 1.885984688997268677e-01
4.656878486275672913e-02 7.387544512748718262e-01
9.336155056953430176e-01 7.371836304664611816e-01
4.160857796669006348e-01 8.354456424713134766e-01
1.148074790835380554e-01 1.145443320274353027e-01
9.153512716293334961e-01 6.686870455741882324e-01
3.868362009525299072e-01 4.000152051448822021e-01
6.712303757667541504e-01 3.985665142536163330e-01
1.152489632368087769e-01 4.171100258827209473e-01
5.042588114738464355e-01 2.943635284900665283e-01
1.751983314752578735e-01 5.995750799775123596e-02
3.484987318515777588e-01 9.809983372688293457e-01
3.856879174709320068e-01 2.873105704784393311e-01
7.812130451202392578e-01 4.056444466114044189e-01
4.382489025592803955e-01 8.793205618858337402e-01
5.848746299743652344e-01 3.992560207843780518e-01
4.886145889759063721e-01 6.632423400878906250e-01
7.309430837631225586e-01 6.885704994201660156e-01
7.585497498512268066e-01 1.779730170965194702e-01
3.328652679920196533e-01 4.762233793735504150e-01
4.674082621932029724e-03 8.684771656990051270e-01
9.513982534408569336e-01 6.801543831825256348e-01
9.274640083312988281e-01 4.021450281143188477e-01
4.846240282058715820e-01 9.017889499664306641e-01
3.805271685123443604e-01 7.606161832809448242e-01
7.287302613258361816e-01 1.158703193068504333e-01
8.702117204666137695e-02 3.860555589199066162e-01
9.560560584068298340e-01 7.061414122581481934e-01
5.748182535171508789e-01 4.581517279148101807e-01
4.412436485290527344e-02 2.361159473657608032e-01
2.959517538547515869e-01 5.212445855140686035e-01
2.429368197917938232e-01 9.625839442014694214e-02
1.221302151679992676e-01 2.530051581561565399e-02
5.090140551328659058e-02 4.936532974243164062e-01
6.828103214502334595e-02 9.848524928092956543e-01
9.069698452949523926e-01 6.304270625114440918e-01
9.782496094703674316e-01 2.209316343069076538e-01
9.695416092872619629e-01 2.358224540948867798e-01
9.821728616952896118e-02 5.773776173591613770e-01
1.318164616823196411e-01 8.231992721557617188e-01
7.607412338256835938e-01 5.705443620681762695e-01
5.811761021614074707e-01 4.763951897621154785e-01
5.356464982032775879e-01 2.707663178443908691e-01
5.692747235298156738e-01 2.245087027549743652e-01
2.487175464630126953e-01 3.775979578495025635e-01
7.398406267166137695e-01 9.600080251693725586e-01
7.235072255134582520e-01 9.246017932891845703e-01
3.518422245979309082e-01 7.156558036804199219e-01
6.158158779144287109e-01 7.451198101043701172e-01
9.356083273887634277e-01 3.790417611598968506e-01
3.671504259109497070e-01 8.094252943992614746e-01
4.312893450260162354e-01 8.436377346515655518e-02
2.775405645370483398e-01 2.789379563182592392e-03
5.663326978683471680e-01 6.348680257797241211e-01
1.339495629072189331e-01 7.154511213302612305e-01
5.939347743988037109e-01 9.367563128471374512e-01
9.706547260284423828e-01 9.571344852447509766e-01
2.008826881647109985e-01 1.909833252429962158e-01
4.520615935325622559e-01 9.769431352615356445e-01
4.870130419731140137e-01 8.902105689048767090e-01
4.446415007114410400e-01 2.483263313770294189e-01
5.435708761215209961e-01 6.616083979606628418e-01
3.006002306938171387e-01 9.430099129676818848e-01
1.440941393375396729e-01 1.388698965311050415e-01
5.769875645637512207e-01 1.890252381563186646e-01
3.221803605556488037e-01 4.782959520816802979e-01
1.233376190066337585e-01 4.011656343936920166e-01
6.784254312515258789e-01 4.405211508274078369e-01
5.643803477287292480e-01 9.325610995292663574e-01
4.906517863273620605e-01 3.718384802341461182e-01
1.447490751743316650e-01 9.126155376434326172e-01
9.162299036979675293e-01 7.455265522003173828e-01
6.382701396942138672e-01 3.370421826839447021e-01
1.395990401506423950e-01 7.159387469291687012e-01
7.963603734970092773e-01 4.852739721536636353e-02
8.271408081054687500e-01 2.912214696407318115e-01
7.451352477073669434e-01 3.675210177898406982e-01
3.096404671669006348e-01 5.201171040534973145e-01
7.760494351387023926e-01 1.074843704700469971e-01
1.581887304782867432e-01 9.243325591087341309e-01
5.771828889846801758e-01 4.520270526409149170e-01
4.993194937705993652e-01 8.755134344100952148e-01
5.900974869728088379e-01 9.244605302810668945e-01
8.049253821372985840e-01 6.229794025421142578e-01
8.749770522117614746e-01 4.666293039917945862e-02
1.994963139295578003e-01 9.602884054183959961e-01
6.427208781242370605e-01 9.530715942382812500e-01
4.951740205287933350e-01 9.379673600196838379e-01
2.024881988763809204e-01 2.886051237583160400e-01
8.970876336097717285e-01 2.279815524816513062e-01
1.891548633575439453e-01 9.858453273773193359e-01
3.794601261615753174e-01 2.333720922470092773e-01
6.685566306114196777e-01 5.874294787645339966e-02
7.616624832153320312e-01 2.654520273208618164e-01
3.545128107070922852e-01 1.002176478505134583e-01
7.620650529861450195e-01 8.963871002197265625e-01
5.913112759590148926e-01 8.815120160579681396e-02
4.880062341690063477e-01 4.223058223724365234e-01
8.725021481513977051e-01 4.804723560810089111e-01
5.090171694755554199e-01 8.725819587707519531e-01
7.902025580406188965e-01 2.684721946716308594e-01
8.947348594665527344e-01 9.499583393335342407e-02
6.570110917091369629e-01 4.568137228488922119e-01
1.901316791772842407e-01 1.835169196128845215e-01
6.125101447105407715e-01 7.775089144706726074e-01
2.660050392150878906e-01 4.894367158412933350e-01
9.456914663314819336e-01 6.401960253715515137e-01
5.583270192146301270e-01 4.866348505020141602e-01
4.247700423002243042e-02 2.486090362071990967e-01
9.244122505187988281e-01 9.334470629692077637e-01
8.967987298965454102e-01 5.612065643072128296e-02
5.369751453399658203e-01 5.798980593681335449e-01
2.327513992786407471e-01 1.047571823000907898e-01
4.901027381420135498e-01 6.819652915000915527e-01
3.232460916042327881e-01 6.823996901512145996e-01
4.590294063091278076e-01 7.192060351371765137e-01
8.056174516677856445e-01 1.251170784235000610e-01
1.612321883440017700e-01 7.908589243888854980e-01
3.349943459033966064e-01 6.086543798446655273e-01
9.346448183059692383e-01 1.607319861650466919e-01
6.473264098167419434e-01 2.272789776325225830e-01
1.410066336393356323e-02 9.657552838325500488e-01
2.854790389537811279e-01 1.780077219009399414e-01
9.614886641502380371e-01 6.600359678268432617e-01
7.501304149627685547e-01 6.120884418487548828e-01
8.211347460746765137e-01 4.608492851257324219e-01
1.662755459547042847e-01 7.587879896163940430e-01
6.895080208778381348e-02 5.699576735496520996e-01
4.871383905410766602e-01 1.179510951042175293e-01
6.702210754156112671e-02 2.020496428012847900e-01
9.041478633880615234e-01 1.392080783843994141e-01
3.146211802959442139e-01 2.345262914896011353e-01
9.063760638236999512e-01 4.107991755008697510e-01
9.801464527845382690e-02 3.189978003501892090e-01
8.355350494384765625e-01 2.702651023864746094e-01
2.744189202785491943e-01 8.355824351310729980e-01
5.212652310729026794e-02 7.893618196249008179e-02
5.498251318931579590e-01 4.008323326706886292e-02
4.609212279319763184e-01 4.705560207366943359e-02
6.943140029907226562e-01 1.791587769985198975e-01
8.465269804000854492e-01 9.468110799789428711e-01
8.351585268974304199e-01 6.686491966247558594e-01
1.333591938018798828e-01 7.735013961791992188e-01
6.159347295761108398e-01 2.049401551485061646e-01
3.578915894031524658e-01 5.466139316558837891e-01
4.708986580371856689e-01 7.616866827011108398e-01
7.513724565505981445e-01 1.045971438288688660e-01
2.396053373813629150e-01 6.986517310142517090e-01
8.152001500129699707e-01 7.163956165313720703e-01
3.751083016395568848e-01 9.573562741279602051e-01
2.494619190692901611e-01 6.594314575195312500e-01
1.560711413621902466e-01 3.806312382221221924e-01
7.591904997825622559e-01 1.397375315427780151e-01
5.316250920295715332e-01 8.518191576004028320e-01
4.739859104156494141e-01 8.169004321098327637e-01
2.749682068824768066e-01 3.185477107763290405e-02
2.702360153198242188e-01 1.993171572685241699e-01
8.562464118003845215e-01 5.609133839607238770e-01
5.869831442832946777e-01 9.914467334747314453e-01
7.321358323097229004e-01 2.093863189220428467e-01
8.342341780662536621e-01 9.177425503730773926e-01
5.555231571197509766e-01 5.653413534164428711e-01
1.510890275239944458e-01 8.681235909461975098e-01
8.358308672904968262e-01 9.286675453186035156e-01
6.050908565521240234e-01 2.541568689048290253e-02
9.485660791397094727e-01 8.821699023246765137e-01
4.417437911033630371e-01 6.832160353660583496e-01
3.742383420467376709e-01 5.591560602188110352e-01
5.972809717059135437e-02 2.247500270605087280e-01
9.792550802230834961e-01 5.865988731384277344e-01
4.628004729747772217e-01 9.436644911766052246e-01
3.558808863162994385e-01 3.127668499946594238e-01
4.642628133296966553e-01 4.579189121723175049e-01
7.740925550460815430e-01 4.856875538825988770e-01
8.202451467514038086e-01 1.572869271039962769e-01
4.047931730747222900e-01 7.062215805053710938e-01
3.727219998836517334e-01 9.966091513633728027e-01
6.164919137954711914e-01 9.094054996967315674e-02
1.615116149187088013e-01 3.704242110252380371e-01
8.112367987632751465e-01 4.229723811149597168e-01
8.863833546638488770e-01 4.693733751773834229e-01
7.044520378112792969e-01 8.091796636581420898e-01
6.729724407196044922e-01 1.261718422174453735e-01
3.847391605377197266e-01 9.381644427776336670e-02
5.410212874412536621e-01 5.462703108787536621e-01
9.797302484512329102e-01 4.629302024841308594e-01
6.980623006820678711e-01 3.445588052272796631e-01
9.522575139999389648e-01 5.964080691337585449e-01
9.099465608596801758e-01 7.446051239967346191e-01
9.773666858673095703e-01 5.012163519859313965e-01
2.310518324375152588e-01 4.741910099983215332e-01
7.362104058265686035e-01 3.109044134616851807e-01
1.576620787382125854e-01 1.712688803672790527e-01
3.770979344844818115e-01 9.072358608245849609e-01
8.199872076511383057e-02 1.874832957983016968e-01
7.405105978250503540e-02 2.861856520175933838e-01
7.455418109893798828e-01 8.631171658635139465e-03
2.312624752521514893e-01 9.352581501007080078e-01
3.026080131530761719e-01 1.376443207263946533e-01
4.629536569118499756e-01 8.559464812278747559e-01
1.044500544667243958e-01 8.849257975816726685e-02
8.176122307777404785e-01 6.037222221493721008e-03
8.567616343498229980e-01 9.595235586166381836e-01
9.573246836662292480e-01 2.432415038347244263e-01
3.516644239425659180e-01 5.763428211212158203e-01
2.723591923713684082e-01 1.070568487048149109e-01
1.075360029935836792e-01 4.313663840293884277e-01
7.323631048202514648e-01 6.034289598464965820e-01
1.334800720214843750e-01 7.518109679222106934e-01
9.931398630142211914e-01 4.489032328128814697e-01
8.881568908691406250e-01 5.262944698333740234e-01
5.335734486579895020e-01 1.890041828155517578e-01
9.456402659416198730e-01 4.524097144603729248e-01
3.064963594079017639e-02 2.104306071996688843e-01
6.282059550285339355e-01 4.362040013074874878e-02
9.117210507392883301e-01 2.488890439271926880e-01
6.782080531120300293e-01 9.444023370742797852e-01
8.943358063697814941e-01 2.713167369365692139e-01
8.270856738090515137e-01 5.450949668884277344e-01
1.917816549539566040e-01 1.470834463834762573e-01
2.383727729320526123e-01 7.156519293785095215e-01
3.504830002784729004e-01 8.240589499473571777e-01
3.043189942836761475e-01 1.018447577953338623e-01
9.738151431083679199e-01 2.837636880576610565e-02
8.622598648071289062e-01 6.712511777877807617e-01
7.076009362936019897e-02 5.869398117065429688e-01
2.075078636407852173e-01 3.677107989788055420e-01
1.479151546955108643e-01 1.445975713431835175e-02
7.296357154846191406e-01 9.929476976394653320e-01
2.449848502874374390e-01 8.828281760215759277e-01
9.989266395568847656e-01 8.161937594413757324e-01
9.056431055068969727e-01 9.910008311271667480e-01
8.937845826148986816e-01 7.993686199188232422e-01
8.753768801689147949e-01 3.483212292194366455e-01
5.370878577232360840e-01 7.815266251564025879e-01
6.275527477264404297e-01 7.942658662796020508e-02
3.216378390789031982e-02 9.222866594791412354e-02
7.624711394309997559e-01 1.616748720407485962e-01
1.139116734266281128e-01 6.242220401763916016e-01
3.057080507278442383e-01 1.214891895651817322e-01
9.456233382225036621e-01 6.138846278190612793e-01
8.765254616737365723e-01 9.566783905029296875e-01
9.654864072799682617e-01 1.694464683532714844e-01
3.558473587036132812e-01 3.420062363147735596e-01
1.689279526472091675e-01 6.391875743865966797e-01
1.553984079509973526e-02 8.033074736595153809e-01
1.690179109573364258e-01 1.872939467430114746e-01
6.388667225837707520e-01 4.017762243747711182e-01
9.292747974395751953e-01 2.866471409797668457e-01
4.877495765686035156e-01 8.776750564575195312e-01
1.758356243371963501e-01 8.882930874824523926e-01
7.984184622764587402e-01 5.613269805908203125e-01
8.167825341224670410e-01 2.944338023662567139e-01
8.239945769309997559e-02 6.045656800270080566e-01
4.031599164009094238e-01 4.989541769027709961e-01
5.377840995788574219e-01 5.176619887351989746e-01
1.974126547574996948e-01 2.781969904899597168e-01
5.795665457844734192e-02 4.334408044815063477e-01
9.780649542808532715e-01 8.887339830398559570e-01
8.746822923421859741e-02 7.754276990890502930e-01
4.083239734172821045e-01 1.215305477380752563e-01
5.061169862747192383e-01 5.420151352882385254e-01
5.407149791717529297e-01 6.126631051301956177e-03
5.867969393730163574e-01 1.052037850022315979e-01
1.602456420660018921e-01 5.654663443565368652e-01
7.674258351325988770e-01 3.128780126571655273e-01
5.463608503341674805e-01 9.517281055450439453e-01
3.554541468620300293e-01 2.170500904321670532e-01
5.226270556449890137e-01 5.291703939437866211e-01
5.018069744110107422e-01 6.771939396858215332e-01
5.782483220100402832e-01 9.212960600852966309e-01
6.369151473045349121e-01 8.723531961441040039e-01
1.514629125595092773e-01 5.073947906494140625e-01
6.529521346092224121e-01 9.951276779174804688e-01
7.358174920082092285e-01 8.597949147224426270e-01
3.759595453739166260e-01 8.471919298171997070e-01
8.372015953063964844e-01 6.540355682373046875e-01
9.675718545913696289e-01 6.682437658309936523e-01
3.436916470527648926e-01 8.045760393142700195e-01
6.412003636360168457e-01 2.395160943269729614e-01
9.055554866790771484e-01 5.048452019691467285e-01
7.357516884803771973e-01 7.495764642953872681e-02
9.401967525482177734e-01 2.762319445610046387e-01
2.052916288375854492e-01 9.828568696975708008e-01
6.982572078704833984e-01 6.124665141105651855e-01
2.717953026294708252e-01 3.150173127651214600e-01
5.996852647513151169e-03 3.099928200244903564e-01
5.932713150978088379e-01 7.195648550987243652e-01
8.972705006599426270e-01 3.485438227653503418e-01
3.039432466030120850e-01 9.198898673057556152e-01
3.722769320011138916e-01 1.438185721635818481e-01
8.526822328567504883e-01 4.517283439636230469e-01
5.572469234466552734e-01 1.795691251754760742e-01
4.946807920932769775e-01 6.398454904556274414e-01
9.042628407478332520e-01 2.134613245725631714e-01
9.953573346138000488e-01 2.585830092430114746e-01
7.865650653839111328e-01 9.595318436622619629e-01
2.691242992877960205e-01 6.065828800201416016e-01
6.879242658615112305e-01 3.268313407897949219e-01
1.785882711410522461e-01 7.511761784553527832e-01
2.875415682792663574e-01 9.158657193183898926e-01
8.423930406570434570e-01 1.374943256378173828e-01
8.694326281547546387e-01 6.084751486778259277e-01
2.044201828539371490e-02 4.181530773639678955e-01
2.754021883010864258e-01 9.177561402320861816e-01
7.487899661064147949e-01 2.503969073295593262e-01
3.448577821254730225e-01 6.768611073493957520e-01
2.188244313001632690e-01 7.797712683677673340e-01
3.304128646850585938e-01 2.198332399129867554e-01
5.973659083247184753e-02 2.655601501464843750e-01
9.198365807533264160e-01 7.629323601722717285e-01
7.536193728446960449e-01 6.712555885314941406e-01
7.709378600120544434e-01 9.273738861083984375e-01
9.229224920272827148e-01 7.711672186851501465e-01
9.517454504966735840e-01 1.520049422979354858e-01
7.164490818977355957e-01 2.631805539131164551e-01
8.358053565025329590e-01 1.646527796983718872e-01
6.405903697013854980e-01 7.242564558982849121e-01
3.049525022506713867e-01 7.126882076263427734e-01
7.355863451957702637e-01 3.943811357021331787e-01
9.779609441757202148e-01 6.560596823692321777e-01
7.437232136726379395e-01 7.839662432670593262e-01
8.233218789100646973e-01 4.841487109661102295e-02
8.465175628662109375e-01 9.373071789741516113e-01
9.735118150711059570e-01 7.603253722190856934e-01
9.706196933984756470e-02 4.676933586597442627e-01
5.353379994630813599e-02 1.506935507059097290e-01
1.763901561498641968e-01 7.878998667001724243e-02
8.832414150238037109e-01 3.810828030109405518e-01
6.162502989172935486e-02 8.784275650978088379e-01
9.759036302566528320e-01 2.729258537292480469e-01
7.310076951980590820e-01 7.198125720024108887e-01
9.591649770736694336e-01 1.743710935115814209e-01
9.278653860092163086e-01 3.678382039070129395e-01
6.421444416046142578e-01 7.028639316558837891e-01
1.773774623870849609e-01 7.256247997283935547e-01
7.638059854507446289e-01 7.701169848442077637e-01
4.033202230930328369e-01 1.672666519880294800e-01
8.511361479759216309e-01 3.300788402557373047e-01
6.551960110664367676e-01 5.761172175407409668e-01
9.752947688102722168e-01 8.129936456680297852e-01
6.271895766258239746e-01 4.177265241742134094e-02
2.871414124965667725e-01 9.359305500984191895e-01
7.642686963081359863e-01 4.678795933723449707e-01
7.872400879859924316e-01 9.327849745750427246e-01
3.277488052845001221e-01 9.303957223892211914e-01
5.030080676078796387e-01 6.497732400894165039e-01
5.040352344512939453e-01 9.670174121856689453e-01
9.850676059722900391e-01 2.138733118772506714e-01
7.127892971038818359e-01 8.113143444061279297e-01
1.153810769319534302e-01 9.217401742935180664e-01
8.653081655502319336e-01 4.644435346126556396e-01
7.613772153854370117e-01 1.553044617176055908e-01
6.457080841064453125e-01 4.564813375473022461e-01
9.064862132072448730e-01 7.080579400062561035e-01
9.920839071273803711e-01 9.831081628799438477e-01
1.431325078010559082e-01 2.756512463092803955e-01
3.105247616767883301e-01 7.250593900680541992e-01
1.591710150241851807e-01 1.643129438161849976e-01
1.315441578626632690e-01 5.797706246376037598e-01
6.794176101684570312e-01 1.555850822478532791e-02
9.593849778175354004e-01 5.723556876182556152e-01
5.258960127830505371e-01 8.537308126688003540e-02
3.956793546676635742e-01 5.333133935928344727e-01
1.439230591058731079e-01 3.248970806598663330e-01
5.154501274228096008e-02 7.005613446235656738e-01
5.082022547721862793e-01 1.478836685419082642e-01
4.755944311618804932e-01 4.264594614505767822e-01
6.050463020801544189e-02 4.863163232803344727e-01
1.484789252281188965e-01 6.606892943382263184e-01
9.391981959342956543e-01 7.294063568115234375e-01
1.235894113779067993e-01 6.162705421447753906e-01
9.222817420959472656e-01 2.463701814413070679e-01
2.935467362403869629e-01 4.207799434661865234e-01
4.663694798946380615e-01 4.832145869731903076e-01
3.040286339819431305e-02 6.318146586418151855e-01
6.112407427281141281e-03 7.378288507461547852e-01
9.690774083137512207e-01 8.610792756080627441e-01
3.183540999889373779e-01 2.316435873508453369e-01
6.061801314353942871e-01 6.113637685775756836e-01
9.586460590362548828e-01 8.971920013427734375e-01
4.058853387832641602e-01 6.358680725097656250e-01
4.170454442501068115e-01 5.388336181640625000e-01
8.306787908077239990e-02 6.347683817148208618e-02
4.144138097763061523e-01 4.906122088432312012e-01
1.100913211703300476e-01 9.382987618446350098e-01
2.133269459009170532e-01 1.519927531480789185e-01
1.519603878259658813e-01 4.009055718779563904e-02
6.243596673011779785e-01 7.379394173622131348e-01
6.007454395294189453e-01 3.244144618511199951e-01
2.002493590116500854e-01 3.944990336894989014e-01
5.412986278533935547e-01 6.095142364501953125e-01
8.524719476699829102e-01 2.101612985134124756e-01
2.529903948307037354e-01 3.566204905509948730e-01
5.696654319763183594e-01 5.178633332252502441e-01
1.101453080773353577e-01 6.778965145349502563e-02
2.713209986686706543e-01 3.277243375778198242e-01
5.990034714341163635e-02 6.809083819389343262e-01
3.399669826030731201e-01 6.878067255020141602e-01
4.593606293201446533e-01 1.668805330991744995e-01
7.833169698715209961e-01 7.586651444435119629e-01
3.086740672588348389e-01 8.210214227437973022e-02
3.499227166175842285e-01 2.663282752037048340e-01
5.339654088020324707e-01 8.577484488487243652e-01
8.700134754180908203e-01 7.677171230316162109e-01
6.618158221244812012e-01 6.948644518852233887e-01
9.359750747680664062e-01 6.019160151481628418e-01
4.343714118003845215e-01 4.322979599237442017e-02
5.348933935165405273e-01 8.216579556465148926e-01
9.952712655067443848e-01 1.784359663724899292e-02
8.761370182037353516e-01 6.701850891113281250e-01
9.138719439506530762e-01 5.054279565811157227e-01
8.454409241676330566e-01 5.298762321472167969e-01
5.535134300589561462e-02 4.476877748966217041e-01
9.309154152870178223e-01 4.863306134939193726e-02
7.147495150566101074e-01 3.267958462238311768e-01
4.081099927425384521e-01 1.605645269155502319e-01
7.051124572753906250e-01 3.117312490940093994e-01
5.998498797416687012e-01 5.252421498298645020e-01
8.121540546417236328e-01 8.048929572105407715e-01
1.232533156871795654e-01 3.990094065666198730e-01
7.638447284698486328e-01 2.961493432521820068e-01
2.996498048305511475e-01 5.049305558204650879e-01
6.287183165550231934e-01 1.982790678739547729e-01
2.051597088575363159e-01 6.578357219696044922e-01
2.149548567831516266e-02 3.166812360286712646e-01
9.755938649177551270e-01 1.601734310388565063e-01
3.232063949108123779e-01 6.944232583045959473e-01
1.322047173744067550e-04 5.641965270042419434e-01
1.019439101219177246e-01 1.096935942769050598e-01
2.254851609468460083e-01 9.248176217079162598e-01
7.303817868232727051e-01 5.440520495176315308e-02
6.520462036132812500e-01 9.526367783546447754e-01
2.584021985530853271e-01 1.341636776924133301e-01
6.893626451492309570e-01 5.505073666572570801e-01
5.319137573242187500e-01 5.429217964410781860e-02
4.996296763420104980e-01 2.649095952510833740e-01
4.033039212226867676e-01 5.591194629669189453e-01
8.047574162483215332e-01 9.819164276123046875e-01
7.422890514135360718e-02 6.928363442420959473e-01
1.294069588184356689e-01 4.460548982024192810e-02
5.770143866539001465e-01 9.589046835899353027e-01
4.036816954612731934e-01 9.168777614831924438e-02
2.798631489276885986e-01 4.952653050422668457e-01
9.742032289505004883e-01 9.326670169830322266e-01
4.604507610201835632e-02 6.714302301406860352e-01
3.760823309421539307e-01 8.381841778755187988e-01
9.922605752944946289e-01 9.296727776527404785e-01
9.031786322593688965e-01 2.571729719638824463e-01
2.654246389865875244e-01 4.184599816799163818e-01
4.945714175701141357e-01 7.981414198875427246e-01
7.161517143249511719e-01 7.799335718154907227e-01
7.894381284713745117e-01 4.020645022392272949e-01
3.241486847400665283e-01 9.148541688919067383e-01
2.505840957164764404e-01 7.715135812759399414e-01
4.407224357128143311e-01 5.458734631538391113e-01
8.093222975730895996e-01 1.688076704740524292e-01
6.683155894279479980e-01 4.467595517635345459e-01
4.422498345375061035e-01 2.792139947414398193e-01
1.676868349313735962e-01 7.023128271102905273e-01
5.112718343734741211e-01 6.774249076843261719e-01
7.182446122169494629e-01 9.550002813339233398e-01
8.334796130657196045e-02 7.219058275222778320e-01
3.008068203926086426e-01 3.689291775226593018e-01
5.720140337944030762e-01 1.088808290660381317e-02
2.984251677989959717e-01 2.444085180759429932e-01
7.181082367897033691e-01 4.828134179115295410e-01
2.695470303297042847e-02 1.914533674716949463e-01
7.835426926612854004e-01 6.461791396141052246e-01
4.532259106636047363e-01 7.526060938835144043e-01
3.821129798889160156e-01 8.414676785469055176e-01
7.084927558898925781e-01 6.784313917160034180e-01
7.834036946296691895e-01 3.008676767349243164e-01
5.980188250541687012e-01 1.210318207740783691e-01
3.820691108703613281e-01 5.563486218452453613e-01
4.458329379558563232e-01 1.216190829873085022e-01
4.928431808948516846e-01 9.572594761848449707e-01
2.308853715658187866e-01 1.099776849150657654e-01
7.423209547996520996e-01 3.019977807998657227e-01
3.400674462318420410e-01 1.375446468591690063e-02
9.637894630432128906e-01 5.964491963386535645e-01
7.066375017166137695e-01 1.762554496526718140e-01
2.062068879604339600e-01 8.158460855484008789e-01
8.975313901901245117e-01 3.228462636470794678e-01
5.479117631912231445e-01 3.401378095149993896e-01
3.825141489505767822e-01 3.562614023685455322e-01
8.245045542716979980e-01 1.939672529697418213e-01
7.718213796615600586e-01 2.685728073120117188e-01
2.450876384973526001e-01 5.850546360015869141e-01
9.133549928665161133e-01 9.878807067871093750e-01
6.633568406105041504e-01 3.569385409355163574e-02
8.770772218704223633e-01 8.543890714645385742e-01
4.976335465908050537e-01 8.547911643981933594e-01
6.660626530647277832e-01 4.875223934650421143e-01
5.588021874427795410e-01 8.572688102722167969e-01
9.083970189094543457e-01 3.197107017040252686e-01
2.817539870738983154e-01 2.925320900976657867e-02
2.076237797737121582e-01 1.761375814676284790e-01
8.248503804206848145e-01 1.842020004987716675e-01
5.138790011405944824e-01 4.418138861656188965e-01
6.033021807670593262e-01 4.479166567325592041e-01
3.842435479164123535e-01 2.566079497337341309e-01
5.436215177178382874e-02 9.041175842285156250e-01
4.579010903835296631e-01 7.452162355184555054e-02
7.957495450973510742e-01 8.962809443473815918e-01
2.881321907043457031e-01 3.180175721645355225e-01
1.440771818161010742e-01 7.295017242431640625e-01
9.553192257881164551e-01 7.608835101127624512e-01
1.648664772510528564e-01 5.867030471563339233e-02
8.301562070846557617e-01 2.115147709846496582e-01
2.407643944025039673e-01 8.983102440834045410e-02
2.824098169803619385e-01 6.229411959648132324e-01
7.754878401756286621e-01 7.128646969795227051e-01
8.547677993774414062e-01 9.049779772758483887e-01
7.256671190261840820e-01 6.736061573028564453e-01
9.534090161323547363e-01 8.616582751274108887e-01
8.828375935554504395e-01 6.676720976829528809e-01
4.065785408020019531e-01 7.007703781127929688e-01
6.958426833152770996e-01 1.043168827891349792e-01
4.112412333488464355e-01 4.738819971680641174e-02
2.667590379714965820e-01 1.000593826174736023e-01
2.666553258895874023e-01 4.668340384960174561e-01
8.894664645195007324e-01 9.084824323654174805e-01
4.212435483932495117e-01 8.271841406822204590e-01
7.626574039459228516e-01 1.209759563207626343e-01
8.718597292900085449e-01 9.416648149490356445e-01
2.012143880128860474e-01 9.522787332534790039e-01
9.888655543327331543e-01 3.399602770805358887e-01
6.318660974502563477e-01 4.508706331253051758e-01
4.402622878551483154e-01 9.918694496154785156e-01
4.397728666663169861e-02 5.127516984939575195e-01
8.559789061546325684e-01 3.596827387809753418e-01
7.064853906631469727e-01 2.245025038719177246e-01
2.728269994258880615e-01 8.511828780174255371e-01
6.946651935577392578e-01 5.112895369529724121e-01
4.630833864212036133e-01 2.066996693611145020e-02
8.360865116119384766e-01 2.309525310993194580e-01
7.320215106010437012e-01 7.537152171134948730e-01
3.004059791564941406e-01 1.268381997942924500e-02
8.493157625198364258e-01 5.782572031021118164e-01
5.642102360725402832e-01 6.872655749320983887e-01
9.245215058326721191e-01 3.285925686359405518e-01
3.220687210559844971e-01 6.044833362102508545e-02
6.180483102798461914e-01 9.132786393165588379e-01
6.465230584144592285e-01 3.371577560901641846e-01
8.289172053337097168e-01 2.242340147495269775e-01
4.353883564472198486e-01 7.181779146194458008e-01
1.011300459504127502e-02 4.567798227071762085e-02
8.250032663345336914e-01 1.509892493486404419e-01
5.178260803222656250e-01 6.186337471008300781e-01
3.905254602432250977e-01 9.083482027053833008e-01
3.281436264514923096e-01 4.385524690151214600e-01
2.909465432167053223e-01 4.534116089344024658e-01
9.052194952964782715e-01 4.819962978363037109e-01
3.428018093109130859e-01 6.033843159675598145e-01
4.370621144771575928e-01 2.517539560794830322e-01
6.311816629022359848e-03 1.929496973752975464e-02
1.739198118448257446e-01 9.085583090782165527e-01
5.649007111787796021e-02 7.977666258811950684e-01
8.046749830245971680e-01 9.603407382965087891e-01
7.574426382780075073e-02 3.952770829200744629e-01
4.313484132289886475e-01 7.332806587219238281e-01
4.675662219524383545e-01 1.087205298244953156e-02
7.214468717575073242e-01 2.264721393585205078e-01
5.516794919967651367e-01 5.115705728530883789e-01
3.324482142925262451e-01 3.968526721000671387e-01
8.563817143440246582e-01 1.574851274490356445e-01
9.170549511909484863e-01 4.914131462574005127e-01
4.155708849430084229e-01 6.777166724205017090e-01
9.140928983688354492e-01 2.604394853115081787e-01
7.599610686302185059e-01 2.867197990417480469e-01
7.453680038452148438e-01 3.205221891403198242e-01
4.809931814670562744e-01 9.006589651107788086e-01
7.465901374816894531e-01 9.893862009048461914e-01
5.536919832229614258e-01 8.121439814567565918e-01
7.420189380645751953e-01 2.315973788499832153e-01
8.594869375228881836e-01 1.862293928861618042e-01
9.992406517267227173e-02 1.658398658037185669e-01
2.552129030227661133e-01 5.128970146179199219e-01
4.428161680698394775e-01 3.253349661827087402e-01
2.222868949174880981e-01 5.707301944494247437e-02
3.056022226810455322e-01 8.506815135478973389e-02
6.531761288642883301e-01 8.179064393043518066e-01
6.842811107635498047e-01 5.417567491531372070e-01
2.231540977954864502e-01 4.502069950103759766e-01
8.485872298479080200e-02 9.427877143025398254e-03
3.557878136634826660e-01 4.738327562808990479e-01
2.685272693634033203e-01 1.962727457284927368e-01
4.118408858776092529e-01 2.943391203880310059e-01
8.118474483489990234e-01 4.403114616870880127e-01
5.675444006919860840e-01 9.719377160072326660e-01
7.782014012336730957e-01 5.014684796333312988e-01
8.068010807037353516e-01 9.138175249099731445e-01
7.289063930511474609e-01 1.724716871976852417e-01
9.716420769691467285e-01 1.064297929406166077e-01
4.383547902107238770e-01 4.187371134757995605e-01
5.934333801269531250e-01 3.290213346481323242e-01
4.006634354591369629e-01 4.905962571501731873e-02
2.101633995771408081e-01 7.312249541282653809e-01
9.036776423454284668e-01 1.367903649806976318e-01
6.236079931259155273e-01 2.070892006158828735e-01
5.635360479354858398e-01 3.092718683183193207e-02
4.375505149364471436e-01 6.458176970481872559e-01
1.100167557597160339e-01 9.656287431716918945e-01
4.503515362739562988e-01 4.778622984886169434e-01
1.424382925033569336e-01 1.902354210615158081e-01
2.552214264869689941e-01 2.489780187606811523e-01
3.345093727111816406e-01 2.592124938964843750e-01
4.016272351145744324e-02 8.320282697677612305e-01
5.282081291079521179e-02 6.263357996940612793e-01
2.353019267320632935e-01 5.812425017356872559e-01
6.884462237358093262e-01 2.178019434213638306e-01
2.286521941423416138e-01 1.140830293297767639e-01
6.791267991065979004e-01 3.070559501647949219e-01
5.303855538368225098e-01 6.285238862037658691e-01
3.418755829334259033e-01 7.508620023727416992e-01
5.349697470664978027e-01 7.599805593490600586e-01
5.811413526535034180e-01 2.517842948436737061e-01
1.061990708112716675e-01 3.458147346973419189e-01
3.889692425727844238e-01 4.930383339524269104e-02
6.391041874885559082e-01 1.526373475790023804e-01
9.278147220611572266e-01 4.463469982147216797e-01
8.726343512535095215e-01 4.735834300518035889e-01
6.565261483192443848e-01 6.637869477272033691e-01
2.308715134859085083e-01 5.036036372184753418e-01
9.784939289093017578e-01 4.788115620613098145e-01
7.191222310066223145e-01 8.211318403482437134e-02
5.965603590011596680e-01 2.032391875982284546e-01
1.771322190761566162e-01 4.120233654975891113e-01
2.969589531421661377e-01 5.067746043205261230e-01
4.966447129845619202e-02 7.620885372161865234e-01
5.934140086174011230e-01 4.650342762470245361e-01
6.197836995124816895e-01 3.070057630538940430e-01
8.374641537666320801e-01 2.122620195150375366e-01
3.950249254703521729e-01 6.097856163978576660e-01
9.911298155784606934e-01 3.824998438358306885e-02
6.112403869628906250e-01 9.002716541290283203e-01
9.757491350173950195e-01 5.885494947433471680e-01
3.405527174472808838e-01 1.561011821031570435e-01
1.636779755353927612e-01 6.809758543968200684e-01
8.120114803314208984e-01 2.215148061513900757e-01
7.883543372154235840e-01 1.497132331132888794e-01
1.082208603620529175e-01 6.204891800880432129e-01
4.054046869277954102e-01 3.849956393241882324e-01
3.283455669879913330e-01 6.206037402153015137e-01
8.210749030113220215e-01 6.664532423019409180e-01
5.695432424545288086e-01 4.805110096931457520e-01
5.617495626211166382e-02 8.611586093902587891e-01
3.001873791217803955e-01 1.020003855228424072e-01
4.517484083771705627e-02 1.469954103231430054e-01
6.092993021011352539e-01 5.022383332252502441e-01
1.209120303392410278e-01 6.935355067253112793e-01
1.491087079048156738e-01 8.912634849548339844e-01
8.489273786544799805e-01 8.169035911560058594e-01
7.680545449256896973e-01 1.172382012009620667e-01
9.501809477806091309e-01 9.589121937751770020e-01
4.238692522048950195e-01 3.023768067359924316e-01
1.644503176212310791e-01 6.592812538146972656e-01
7.196127772331237793e-01 2.438522726297378540e-01
9.374356865882873535e-01 3.783251047134399414e-01
7.410086989402770996e-01 2.251905649900436401e-01
6.777937412261962891e-01 7.048387080430984497e-02
9.951134920120239258e-01 2.032221406698226929e-01
1.069398373365402222e-01 6.370604634284973145e-01
6.041595339775085449e-01 8.936981558799743652e-01
8.826351165771484375e-01 2.702233195304870605e-01
5.521034002304077148e-01 4.494353830814361572e-01
2.150316983461380005e-01 8.961132168769836426e-01
1.867058277130126953e-01 4.138836264610290527e-01
7.707436084747314453e-01 1.082706153392791748e-01
5.029569864273071289e-01 4.943480789661407471e-01
9.406091570854187012e-01 3.075301051139831543e-01
5.300771594047546387e-01 6.009933352470397949e-01
6.783867478370666504e-01 8.377885818481445312e-02
3.906663656234741211e-01 2.699086964130401611e-01
8.606073856353759766e-01 6.232420206069946289e-01
9.609317779541015625e-01 5.920792222023010254e-01
8.345509767532348633e-01 6.306153535842895508e-01
3.006820976734161377e-01 5.357941985130310059e-01
9.823782742023468018e-02 7.579491138458251953e-01
9.872828722000122070e-01 1.653586328029632568e-02
5.101527571678161621e-01 7.437455058097839355e-01
3.245147168636322021e-01 4.083110988140106201e-01
5.559154748916625977e-01 5.463184788823127747e-02
9.070940613746643066e-01 8.295347094535827637e-01
8.303488492965698242e-01 6.281938552856445312e-01
8.381076455116271973e-01 6.227652430534362793e-01
3.687603175640106201e-01 4.941166937351226807e-01
4.712376296520233154e-01 3.355511724948883057e-01
7.477640509605407715e-01 3.336059153079986572e-01
1.180835217237472534e-01 2.250849008560180664e-01
4.832556545734405518e-01 4.183661341667175293e-01
4.294722080230712891e-01 9.147729277610778809e-01
3.092534244060516357e-01 1.158384680747985840e-01
3.709434866905212402e-01 6.567312479019165039e-01
4.530234038829803467e-01 9.837807416915893555e-01
8.736493587493896484e-01 9.933129549026489258e-01
3.346849381923675537e-01 2.012418061494827271e-01
7.053436040878295898e-01 5.861724019050598145e-01
8.932813405990600586e-01 9.360328316688537598e-01
6.021059155464172363e-01 8.822925686836242676e-01
6.129626631736755371e-01 8.733403086662292480e-01
4.392894506454467773e-01 5.099052786827087402e-01
6.503455042839050293e-01 5.063906311988830566e-01
6.084716916084289551e-01 9.299488663673400879e-01
1.691905111074447632e-01 2.300618737936019897e-01
7.410085797309875488e-01 3.112415373325347900e-01
8.425986766815185547e-01 8.422500640153884888e-02
9.617475867271423340e-01 7.376431673765182495e-02
4.539959132671356201e-02 9.327035546302795410e-01
7.276224493980407715e-01 7.846217155456542969e-01
9.856740832328796387e-01 5.041835904121398926e-01
5.684267282485961914e-01 3.272166848182678223e-01
6.209384202957153320e-01 2.553671598434448242e-01
9.121900796890258789e-01 7.335132360458374023e-01
4.211691021919250488e-01 8.215512037277221680e-01
8.022909164428710938e-01 2.195404618978500366e-01
9.461772441864013672e-01 5.982493162155151367e-01
1.283218711614608765e-01 7.152127623558044434e-01
2.213100939989089966e-01 8.403210639953613281e-01
6.356973648071289062e-01 8.835726380348205566e-01
5.568508505821228027e-01 3.733374774456024170e-01
9.779781699180603027e-01 3.023329377174377441e-01
7.992461323738098145e-01 6.153920888900756836e-01
3.877418041229248047e-01 3.448893725872039795e-01
5.724773406982421875e-01 7.692560553550720215e-01
9.307430982589721680e-01 9.161776304244995117e-01
5.089289546012878418e-01 2.693202197551727295e-01
1.521159559488296509e-01 7.803337574005126953e-01
2.319788634777069092e-01 5.923748612403869629e-01
3.799926340579986572e-01 8.730767369270324707e-01
9.468427896499633789e-01 6.395871639251708984e-01
1.623453199863433838e-02 3.064724057912826538e-02
5.482162833213806152e-01 7.425226569175720215e-01
1.868500560522079468e-02 3.800120055675506592e-01
1.137164756655693054e-01 1.193460915237665176e-02
9.753554463386535645e-01 4.661841094493865967e-01
5.596861243247985840e-01 4.931877851486206055e-01
4.055559933185577393e-01 9.313939809799194336e-01
1.695519685745239258e-01 8.790417909622192383e-01
8.750410676002502441e-01 4.887827634811401367e-01
5.694990754127502441e-01 6.056869626045227051e-01
6.455047726631164551e-01 3.946294486522674561e-01
9.949856400489807129e-01 3.910019695758819580e-01
7.110382914543151855e-01 5.687376260757446289e-01
8.543537259101867676e-01 1.629401892423629761e-01
7.196701169013977051e-01 5.627794861793518066e-01
3.722092509269714355e-01 2.263153940439224243e-01
6.975420564413070679e-02 6.745543479919433594e-01
9.040038585662841797e-01 1.449865847826004028e-01
9.438877105712890625e-01 7.877038791775703430e-03
1.391553431749343872e-01 4.690943658351898193e-01
8.222533464431762695e-01 6.024048328399658203e-01
9.036325812339782715e-01 8.199820518493652344e-01
3.006304800510406494e-01 7.888198494911193848e-01
5.077762063592672348e-03 3.222258985042572021e-01
3.019589483737945557e-01 3.295026719570159912e-01
7.134892940521240234e-01 2.893084883689880371e-01
7.835368514060974121e-01 9.374725818634033203e-01
4.820016399025917053e-02 6.953798532485961914e-01
9.581771492958068848e-01 9.000464677810668945e-01
5.216475129127502441e-01 2.715263962745666504e-01
8.855510950088500977e-01 2.753583192825317383e-01
4.562565088272094727e-01 6.255878210067749023e-01
3.722796142101287842e-01 7.472131848335266113e-01
5.904921889305114746e-01 1.393176168203353882e-01
1.021542996168136597e-01 7.921530604362487793e-01
6.426451206207275391e-01 2.429428845643997192e-01
4.786696434020996094e-01 2.408085018396377563e-01
2.752746343612670898e-01 8.765004873275756836e-01
5.360017418861389160e-01 5.867123603820800781e-01
3.431369066238403320e-01 5.116511136293411255e-03
9.783665537834167480e-01 5.049028992652893066e-01
6.551495790481567383e-01 5.994735956192016602e-01
1.292735636234283447e-01 9.259277582168579102e-01
3.388009965419769287e-01 2.243731021881103516e-01
5.304865837097167969e-01 6.231918931007385254e-01
6.730961203575134277e-01 1.738089025020599365e-01
9.446232914924621582e-01 4.715188592672348022e-02
7.475532889366149902e-01 4.038764238357543945e-01
1.632126122713088989e-01 2.393401861190795898e-01
3.711365461349487305e-01 8.414752483367919922e-01
2.005963772535324097e-01 2.095579355955123901e-01
6.464365124702453613e-01 4.207738935947418213e-01
1.061770468950271606e-01 6.143248081207275391e-01
6.839359551668167114e-02 9.418086409568786621e-01
9.814334660768508911e-02 5.595400929450988770e-01
1.926263719797134399e-01 9.438767433166503906e-01
8.417158722877502441e-01 1.748152673244476318e-01
2.462892681360244751e-01 7.447314262390136719e-01
5.013300478458404541e-02 8.488540649414062500e-01
8.618294000625610352e-01 4.985856711864471436e-01
7.115045189857482910e-01 6.521140933036804199e-01
6.894662976264953613e-01 8.663873076438903809e-01
5.201573371887207031e-01 6.974638104438781738e-01
