9.021435379981994629e-01 4.065817296504974365e-01
5.415073633193969727e-01 6.796766519546508789e-01
7.703153789043426514e-02 8.838440179824829102e-01
7.938081771135330200e-02 9.642541408538818359e-02
9.703776836395263672e-01 3.241108953952789307e-01
4.287669658660888672e-01 6.462353467941284180e-01
4.903081953525543213e-01 4.964454770088195801e-01
7.386025190353393555e-01 6.423327326774597168e-01
7.221481204032897949e-01 1.723876893520355225e-01
7.557528614997863770e-01 3.273914754390716553e-01
6.987740397453308105e-01 9.837085008621215820e-01
9.235807061195373535e-01 6.670176982879638672e-01
4.487173855304718018e-01 4.936891198158264160e-01
3.113258183002471924e-01 1.092822942882776260e-02
2.412644624710083008e-01 8.968948125839233398e-01
2.372678667306900024e-01 1.629240959882736206e-01
3.816055133938789368e-02 9.490348100662231445e-01
2.345754951238632202e-02 3.806682825088500977e-01
3.426032066345214844e-01 4.120083749294281006e-01
9.884992837905883789e-01 4.854804277420043945e-01
6.244476437568664551e-01 7.500639557838439941e-01
6.407654285430908203e-01 5.123589634895324707e-01
7.466291785240173340e-01 5.638755112886428833e-02
4.754367768764495850e-01 7.400319576263427734e-01
4.279711842536926270e-01 3.247256278991699219e-01
7.251052260398864746e-01 5.533746480941772461e-01
2.253899872303009033e-01 5.281646251678466797e-01
5.251016616821289062e-01 3.858343958854675293e-01
3.461005389690399170e-01 3.264813423156738281e-01
1.169077381491661072e-01 1.365101933479309082e-01
4.490700066089630127e-01 5.125553607940673828e-01
1.923105120658874512e-02 5.378740429878234863e-01
2.030220478773117065e-01 2.072740793228149414e-01
6.399262547492980957e-01 8.996037840843200684e-01
1.421344131231307983e-01 9.308693408966064453e-01
9.827165603637695312e-01 7.786440849304199219e-02
4.522755742073059082e-01 5.723428130149841309e-01
7.123970389366149902e-01 6.563786268234252930e-01
4.444732367992401123e-01 5.297019481658935547e-01
6.055716276168823242e-01 6.471509486436843872e-02
4.474751353263854980e-01 8.405818939208984375e-01
6.458272933959960938e-01 1.531998068094253540e-02
5.555095672607421875e-01 4.299043118953704834e-01
2.736114896833896637e-02 1.970968246459960938e-01
4.079909920692443848e-01 7.757685184478759766e-01
6.451705098152160645e-01 5.564316511154174805e-01
1.540879905223846436e-01 7.962737083435058594e-01
4.311136305332183838e-01 8.034051656723022461e-01
6.616667509078979492e-01 6.985643412917852402e-04
6.611467599868774414e-01 2.610104680061340332e-01
2.599996924400329590e-01 5.139760971069335938e-01
3.164512813091278076e-01 8.363255858421325684e-01
6.242302060127258301e-01 9.703102707862854004e-01
2.763460874557495117e-01 3.552940189838409424e-01
7.243027687072753906e-01 7.936440110206604004e-01
8.438540697097778320e-01 8.184781670570373535e-01
2.479854524135589600e-01 1.676400750875473022e-01
8.045910000801086426e-01 9.394429922103881836e-01
2.700885832309722900e-01 9.741687178611755371e-01
4.526257887482643127e-02 7.415292263031005859e-01
7.452153563499450684e-01 3.788108825683593750e-01
6.014843657612800598e-02 9.057589173316955566e-01
8.228939175605773926e-01 6.206886768341064453e-01
1.621036976575851440e-02 7.526193261146545410e-01
2.352089732885360718e-01 1.064604669809341431e-01
1.497600674629211426e-01 6.734800338745117188e-01
3.188006281852722168e-01 1.457732915878295898e-01
8.677676916122436523e-01 2.633455693721771240e-01
1.309068780392408371e-02 4.664834737777709961e-01
3.710526525974273682e-01 3.174109458923339844e-01
3.738445639610290527e-01 4.288348928093910217e-02
3.489124476909637451e-01 6.610625982284545898e-02
4.248953461647033691e-01 3.911690786480903625e-02
2.088462933897972107e-02 2.202856689691543579e-01
4.004498198628425598e-02 5.048474073410034180e-01
6.672947406768798828e-01 5.121818184852600098e-01
5.874490737915039062e-01 6.689773201942443848e-01
8.307919502258300781e-01 3.673308491706848145e-01
5.929755568504333496e-01 7.985761165618896484e-01
2.897869050502777100e-01 6.326140463352203369e-02
5.287659764289855957e-01 6.049805879592895508e-01
1.618725210428237915e-01 2.103260755538940430e-01
3.376505970954895020e-01 8.809528499841690063e-02
7.470657676458358765e-02 4.433306753635406494e-01
6.130937337875366211e-01 1.618804931640625000e-01
2.813610732555389404e-01 1.296147257089614868e-01
2.591420710086822510e-01 4.512729123234748840e-02
5.758689641952514648e-01 8.044357895851135254e-01
2.516973018646240234e-01 5.973859876394271851e-02
3.008884191513061523e-01 2.362760901451110840e-01
5.738787651062011719e-01 1.432809382677078247e-01
6.042978763580322266e-01 9.791848808526992798e-02
9.728018641471862793e-01 1.983423233032226562e-01
7.382699251174926758e-01 7.199597358703613281e-01
4.833927154541015625e-01 4.110484123229980469e-01
5.409365519881248474e-03 7.633972167968750000e-01
6.271747946739196777e-01 4.168281331658363342e-02
7.745458483695983887e-01 2.224538475275039673e-01
6.999178528785705566e-01 3.359179794788360596e-01
7.726337313652038574e-01 5.994947552680969238e-01
5.824348330497741699e-01 9.932712316513061523e-01
6.514202356338500977e-01 5.862743854522705078e-01
5.615105628967285156e-01 5.342315435409545898e-01
1.616313010454177856e-01 8.637713640928268433e-02
4.709324538707733154e-01 5.743759870529174805e-01
4.563449621200561523e-01 1.893231868743896484e-01
4.401217103004455566e-01 2.844665348529815674e-01
3.604424595832824707e-01 5.077896118164062500e-01
3.242869302630424500e-02 2.935788631439208984e-01
1.397439390420913696e-01 7.143877148628234863e-01
8.843103051185607910e-01 2.402383685111999512e-01
2.187436223030090332e-01 2.296437174081802368e-01
1.060359627008438110e-01 8.396793603897094727e-01
8.300183415412902832e-01 1.016807928681373596e-01
9.387564659118652344e-01 4.377202391624450684e-01
1.176148355007171631e-01 1.380728483200073242e-01
1.061457209289073944e-02 1.295479089021682739e-01
4.471836984157562256e-01 3.760449588298797607e-01
8.951226472854614258e-01 8.165016770362854004e-01
5.085328221321105957e-01 9.678123593330383301e-01
3.521434962749481201e-01 2.466918528079986572e-01
8.659713268280029297e-01 7.711360454559326172e-01
2.124831378459930420e-01 1.199489757418632507e-01
7.862375974655151367e-01 3.297111690044403076e-01
4.661210775375366211e-01 3.710307776927947998e-01
1.526379436254501343e-01 9.186731576919555664e-01
1.864661276340484619e-01 6.767178773880004883e-01
6.945552825927734375e-01 3.513374030590057373e-01
8.719337582588195801e-01 3.369173780083656311e-02
7.487758398056030273e-01 4.276905953884124756e-01
6.294947266578674316e-01 1.541825830936431885e-01
4.175873696804046631e-01 7.236754894256591797e-01
4.857759550213813782e-02 8.645805120468139648e-01
7.359072566032409668e-01 9.185276627540588379e-01
5.979000329971313477e-01 4.270663261413574219e-01
4.587132632732391357e-01 4.651868343353271484e-01
5.559508204460144043e-01 2.884415984153747559e-01
2.291793376207351685e-01 7.620636820793151855e-01
9.837560653686523438e-01 5.897924304008483887e-01
6.588523983955383301e-01 2.450812608003616333e-01
4.055140018463134766e-01 6.274384260177612305e-01
4.486283063888549805e-01 1.417564749717712402e-01
8.044354915618896484e-01 9.655745029449462891e-01
4.435032904148101807e-01 7.914753556251525879e-01
4.922643303871154785e-01 4.487477540969848633e-01
3.569731712341308594e-01 1.943528205156326294e-01
7.762002348899841309e-01 6.324149370193481445e-01
5.448436737060546875e-01 6.610869765281677246e-01
9.551976919174194336e-01 4.768770933151245117e-01
8.990190625190734863e-01 3.424489200115203857e-01
7.625799179077148438e-01 6.227675676345825195e-01
3.100471198558807373e-01 2.786425054073333740e-01
1.210235282778739929e-01 1.649148017168045044e-01
4.732917547225952148e-01 5.785253643989562988e-01
2.810731232166290283e-01 6.426224112510681152e-01
1.435323506593704224e-01 5.061174631118774414e-01
2.460945956408977509e-02 2.657816410064697266e-01
5.643431544303894043e-01 8.684694170951843262e-01
7.274395823478698730e-01 8.177009820938110352e-01
5.907386541366577148e-01 9.955337643623352051e-01
5.554836392402648926e-01 7.254071831703186035e-01
1.629896163940429688e-01 8.915614485740661621e-01
3.684488683938980103e-02 4.198856353759765625e-01
7.694357037544250488e-01 1.752181798219680786e-01
7.163180708885192871e-01 6.125731468200683594e-01
5.704292654991149902e-01 1.809577941894531250e-01
2.513152658939361572e-01 8.513237237930297852e-01
7.501392960548400879e-01 9.221965670585632324e-01
6.313853263854980469e-01 4.164198637008666992e-01
2.018993645906448364e-01 2.668176591396331787e-01
6.540596485137939453e-01 5.018413066864013672e-01
7.073545455932617188e-01 6.275802850723266602e-02
6.387616395950317383e-01 9.901858568191528320e-01
2.246642559766769409e-01 3.321796655654907227e-02
7.654253244400024414e-01 6.500958204269409180e-01
7.010588049888610840e-01 2.032925039529800415e-01
5.074529051780700684e-01 7.953710108995437622e-02
4.942317903041839600e-01 7.093744277954101562e-01
7.257401943206787109e-01 2.858629822731018066e-01
3.830275833606719971e-01 3.430167734622955322e-01
8.611053228378295898e-01 3.694570958614349365e-01
3.566353768110275269e-02 3.779076337814331055e-01
5.032259225845336914e-01 1.233377531170845032e-01
4.547022581100463867e-01 9.173136949539184570e-01
2.339373975992202759e-01 2.226796150207519531e-01
6.679458022117614746e-01 7.921213507652282715e-01
4.320282042026519775e-01 4.700192511081695557e-01
6.799459457397460938e-01 1.409738808870315552e-01
1.179600507020950317e-01 7.424415349960327148e-01
3.349145352840423584e-01 2.577913403511047363e-01
2.678786218166351318e-01 2.888801991939544678e-01
2.679763138294219971e-01 9.788829088211059570e-01
4.179117456078529358e-02 5.390726327896118164e-01
4.856885876506567001e-03 2.086298018693923950e-01
1.471167504787445068e-01 1.898954622447490692e-02
5.453414916992187500e-01 7.356039285659790039e-01
4.377152025699615479e-01 1.599654927849769592e-02
7.467725276947021484e-01 2.715763151645660400e-01
8.610188364982604980e-01 9.190403223037719727e-01
5.039954185485839844e-01 6.016902327537536621e-01
1.417863816022872925e-01 9.195300340652465820e-01
8.999228477478027344e-01 7.015782594680786133e-01
5.832628607749938965e-01 3.123103678226470947e-01
4.225576817989349365e-01 6.395078897476196289e-01
6.312184035778045654e-02 3.576931357383728027e-01
5.017279386520385742e-01 8.268151283264160156e-01
6.550129055976867676e-01 4.859059453010559082e-01
2.268243208527565002e-02 9.468125700950622559e-01
2.466609328985214233e-01 2.720399796962738037e-01
8.011792898178100586e-01 3.615792393684387207e-01
7.575395107269287109e-01 6.972368955612182617e-01
9.170950055122375488e-01 3.067754209041595459e-01
5.342988371849060059e-01 8.722373098134994507e-02
6.152589917182922363e-01 1.865791678428649902e-01
5.008767843246459961e-01 1.275878399610519409e-01
3.072675764560699463e-01 9.866155982017517090e-01
3.958621919155120850e-01 5.397381726652383804e-03
1.675479710102081299e-01 6.891019940376281738e-01
3.895947933197021484e-01 3.531191498041152954e-02
2.521002292633056641e-01 6.991397142410278320e-01
4.133644104003906250e-01 6.188828125596046448e-02
2.480431199073791504e-01 4.186131358146667480e-01
6.060152649879455566e-01 1.790050715208053589e-01
7.256666421890258789e-01 6.707972288131713867e-01
2.269442081451416016e-01 3.637090623378753662e-01
6.302966475486755371e-01 6.007582545280456543e-01
4.152351319789886475e-01 8.268324136734008789e-01
7.279247045516967773e-01 1.871649920940399170e-01
6.661434769630432129e-01 1.610417366027832031e-01
6.312670111656188965e-01 9.203381538391113281e-01
1.063497215509414673e-01 4.684009253978729248e-01
2.767840623855590820e-01 9.540879130363464355e-01
3.381809592247009277e-01 8.419153280556201935e-03
7.760006189346313477e-01 4.578676223754882812e-01
3.475289046764373779e-01 9.897032380104064941e-01
2.066045403480529785e-01 5.907500982284545898e-01
4.713303744792938232e-01 6.335694342851638794e-02
2.714716494083404541e-01 3.771727979183197021e-01
6.400493979454040527e-01 3.262349069118499756e-01
8.926017880439758301e-01 4.160612821578979492e-01
9.622516036033630371e-01 6.898491382598876953e-01
3.807017207145690918e-01 8.403446078300476074e-01
4.401575028896331787e-01 8.058155179023742676e-01
7.558234930038452148e-01 4.729081392288208008e-01
4.868229031562805176e-01 3.891476690769195557e-01
4.672512412071228027e-01 2.875933051109313965e-01
1.799993664026260376e-01 7.127671241760253906e-01
9.369670152664184570e-01 7.039491534233093262e-01
3.649819791316986084e-01 3.970267176628112793e-01
2.014204412698745728e-01 4.690539836883544922e-01
9.566109776496887207e-01 8.631592616438865662e-03
9.538528919219970703e-01 3.331154286861419678e-01
4.512527883052825928e-01 7.170704603195190430e-01
3.000515699386596680e-01 7.941769436001777649e-03
2.408941984176635742e-01 8.257616758346557617e-01
8.657643198966979980e-02 3.970204591751098633e-01
6.819181144237518311e-02 2.788990139961242676e-01
3.902299404144287109e-01 1.336127966642379761e-01
4.000857770442962646e-01 1.071306169033050537e-01
9.247868061065673828e-01 9.662344455718994141e-01
7.368841767311096191e-01 1.358528137207031250e-01
2.888434231281280518e-01 3.636104166507720947e-01
4.138324875384569168e-03 5.512734651565551758e-01
5.572084337472915649e-02 2.127761691808700562e-01
5.550666451454162598e-01 5.405238866806030273e-01
3.301117196679115295e-02 3.711702823638916016e-01
5.954442620277404785e-01 9.197750687599182129e-01
7.099630832672119141e-01 5.870561003684997559e-01
2.647525966167449951e-01 6.023419499397277832e-01
9.035740494728088379e-01 9.899874329566955566e-01
5.591502785682678223e-01 5.949747562408447266e-01
5.123164653778076172e-01 5.201434493064880371e-01
9.996620565652847290e-02 7.429081201553344727e-01
2.386731058359146118e-01 6.065540313720703125e-01
9.316400438547134399e-02 9.179424047470092773e-01
3.605687320232391357e-01 6.240493804216384888e-02
4.363880157470703125e-01 6.782257556915283203e-01
2.929264903068542480e-01 6.353198885917663574e-01
1.373323947191238403e-01 9.113833308219909668e-01
2.751247286796569824e-01 8.575475960969924927e-02
1.976734548807144165e-01 3.343487679958343506e-01
2.913524210453033447e-01 9.124805331230163574e-01
4.529171288013458252e-01 3.966705501079559326e-01
4.548389911651611328e-01 4.994044899940490723e-01
9.308663606643676758e-01 6.986840814352035522e-02
6.303142011165618896e-02 7.727789878845214844e-01
5.404894948005676270e-01 2.758170105516910553e-02
1.691964268684387207e-01 5.047239661216735840e-01
7.908157706260681152e-01 1.773495972156524658e-01
1.588192880153656006e-01 2.302731126546859741e-01
8.954086899757385254e-01 1.995447725057601929e-01
3.450925350189208984e-01 1.109956353902816772e-01
6.921995282173156738e-01 6.480577588081359863e-01
3.975265473127365112e-02 9.966700077056884766e-01
8.028481006622314453e-01 2.726126015186309814e-01
8.390548080205917358e-02 5.313092097640037537e-02
2.344085276126861572e-01 5.572312474250793457e-01
7.754534482955932617e-01 6.992152333259582520e-01
8.251196742057800293e-01 8.663442134857177734e-01
9.243260622024536133e-01 5.731627941131591797e-01
3.674612939357757568e-01 1.633010106161236763e-03
5.891829729080200195e-01 2.612996101379394531e-01
7.755092978477478027e-01 7.529575824737548828e-01
2.718748748302459717e-01 2.870245873928070068e-01
6.440699100494384766e-01 9.792932868003845215e-01
2.703534662723541260e-01 7.088493704795837402e-01
6.849786043167114258e-01 4.794665277004241943e-01
4.113628268241882324e-01 3.257332444190979004e-01
4.253050386905670166e-01 1.768292188644409180e-01
7.444603443145751953e-01 4.775205254554748535e-01
8.455115556716918945e-01 9.708491563796997070e-01
5.107797682285308838e-02 7.768789529800415039e-01
7.792661190032958984e-01 5.741951465606689453e-01
5.732868313789367676e-01 4.834301397204399109e-02
9.076642394065856934e-01 2.495526671409606934e-01
3.838704526424407959e-01 1.386226564645767212e-01
7.953769564628601074e-01 5.157511234283447266e-01
1.719266176223754883e-01 1.268326044082641602e-01
4.513452053070068359e-01 5.013177394866943359e-01
6.551663875579833984e-01 3.555957376956939697e-01
3.625346422195434570e-01 8.662706017494201660e-01
4.277454316616058350e-01 4.625210464000701904e-01
6.299029588699340820e-01 1.160808578133583069e-01
7.565948367118835449e-01 6.732253432273864746e-01
6.490224003791809082e-01 6.781697869300842285e-01
5.094591379165649414e-01 9.883938431739807129e-01
3.140217959880828857e-01 9.677757620811462402e-01
2.456623315811157227e-01 4.095652997493743896e-01
2.896270453929901123e-01 2.818336486816406250e-01
2.335522770881652832e-01 2.677047848701477051e-01
9.602763652801513672e-01 2.503925859928131104e-01
2.035991996526718140e-01 1.710103750228881836e-01
2.503322958946228027e-01 2.636742293834686279e-01
3.568973243236541748e-01 8.668349981307983398e-01
6.482293605804443359e-01 9.240062236785888672e-01
9.274743497371673584e-02 4.219126328825950623e-02
6.943245530128479004e-01 5.338317155838012695e-01
4.333539307117462158e-01 6.742480993270874023e-01
3.615958094596862793e-01 6.845175027847290039e-01
3.502231836318969727e-01 2.534507215023040771e-01
4.857169091701507568e-01 6.331206560134887695e-01
9.751617908477783203e-01 8.910506963729858398e-01
5.134051442146301270e-01 9.677652120590209961e-01
4.610874652862548828e-01 5.338228940963745117e-01
1.506749689579010010e-01 1.700705736875534058e-01
5.519418120384216309e-01 1.872849464416503906e-01
4.696618318557739258e-01 8.104293942451477051e-01
8.469750881195068359e-01 8.178614974021911621e-01
4.973706901073455811e-01 9.346917867660522461e-01
8.389328122138977051e-01 8.499790728092193604e-02
3.644412457942962646e-01 6.860972642898559570e-01
4.367401897907257080e-01 4.643825590610504150e-01
2.254243791103363037e-01 5.282765626907348633e-02
5.059483051300048828e-01 4.456053078174591064e-01
6.042605265974998474e-02 2.071257680654525757e-01
1.282145529985427856e-01 5.474506616592407227e-01
5.276414752006530762e-01 5.819041132926940918e-01
6.646659374237060547e-01 6.655722260475158691e-01
8.859668970108032227e-01 7.707750201225280762e-01
3.633980154991149902e-01 8.409084379673004150e-02
8.419463634490966797e-01 5.799218416213989258e-01
8.879417181015014648e-02 4.580666497349739075e-02
1.332796514034271240e-01 2.792650163173675537e-01
6.029537916183471680e-01 7.629362940788269043e-01
5.633376240730285645e-01 8.891137242317199707e-01
2.131714373826980591e-01 3.908381760120391846e-01
6.001312136650085449e-01 5.530638098716735840e-01
5.921313166618347168e-01 6.690586805343627930e-01
2.042711675167083740e-01 8.088595867156982422e-01
8.405293226242065430e-01 6.092433929443359375e-01
5.661132335662841797e-01 6.917615532875061035e-01
6.366813182830810547e-01 9.362856745719909668e-01
6.961773633956909180e-01 5.824375748634338379e-01
4.969411194324493408e-01 5.977427959442138672e-01
7.888506054878234863e-01 6.755870580673217773e-01
8.158069252967834473e-01 6.966641545295715332e-02
7.515029609203338623e-02 4.411676228046417236e-01
4.798591434955596924e-01 1.370102763175964355e-01
1.241402141749858856e-02 1.514383405447006226e-01
1.891924068331718445e-02 8.990939259529113770e-01
2.600515186786651611e-01 9.812682271003723145e-01
8.859242796897888184e-01 2.018025964498519897e-01
2.327824681997299194e-01 5.053959488868713379e-01
1.798345297574996948e-01 5.791818350553512573e-02
6.369020342826843262e-01 5.109794139862060547e-01
5.245934128761291504e-01 5.608647316694259644e-02
6.713359951972961426e-01 2.121893763542175293e-01
5.313246250152587891e-01 3.665182739496231079e-02
4.204706251621246338e-01 2.348208278417587280e-01
4.442309737205505371e-01 1.637602150440216064e-01
1.255096122622489929e-02 8.850182294845581055e-01
7.653567939996719360e-02 5.882403850555419922e-01
2.320194691419601440e-01 1.531379967927932739e-01
5.977553129196166992e-01 9.834185838699340820e-01
7.436139583587646484e-01 3.538946509361267090e-01
6.012438535690307617e-01 3.917856216430664062e-01
3.287363350391387939e-01 3.788376972079277039e-02
3.186397850513458252e-01 1.226971484720706940e-02
2.507478296756744385e-01 9.096244573593139648e-01
7.116777896881103516e-01 6.277843713760375977e-01
1.999355703592300415e-01 9.292271137237548828e-01
4.487802386283874512e-01 1.533751026727259159e-03
3.606235384941101074e-01 4.208549559116363525e-01
8.996027112007141113e-01 7.271112203598022461e-01
7.762522995471954346e-02 3.712649643421173096e-01
6.831215620040893555e-01 3.162501454353332520e-01
3.813852742314338684e-02 4.885210692882537842e-01
2.785919904708862305e-01 4.929831326007843018e-01
6.239539980888366699e-01 3.771703243255615234e-01
8.833813667297363281e-01 3.764174133539199829e-02
7.615073770284652710e-02 5.669148564338684082e-01
3.238012269139289856e-02 1.783084720373153687e-01
9.776336550712585449e-01 7.514120936393737793e-01
4.270911812782287598e-01 3.880355879664421082e-02
6.425551176071166992e-01 6.067889332771301270e-01
8.494589924812316895e-01 6.516474485397338867e-01
2.239984124898910522e-01 6.415563225746154785e-01
7.008998394012451172e-01 7.139923572540283203e-01
2.619016468524932861e-01 9.986972212791442871e-01
8.617105484008789062e-01 4.326659440994262695e-01
5.268409848213195801e-01 8.091759085655212402e-01
1.864446699619293213e-01 2.307083755731582642e-01
5.119386911392211914e-01 6.353543400764465332e-01
1.481077224016189575e-01 5.777875781059265137e-01
1.585699431598186493e-02 5.235868692398071289e-01
2.127184271812438965e-01 1.324472129344940186e-01
6.258484125137329102e-01 7.162137627601623535e-01
2.103193104267120361e-02 1.530768424272537231e-01
8.048826456069946289e-01 6.515272259712219238e-01
1.783900260925292969e-01 1.830202192068099976e-01
3.724921941757202148e-01 2.122388184070587158e-01
5.070337653160095215e-01 3.211616277694702148e-01
7.257034778594970703e-01 9.286915659904479980e-01
2.898903489112854004e-01 8.135733008384704590e-01
5.361218452453613281e-01 6.037843823432922363e-01
4.453055858612060547e-01 1.137967258691787720e-01
7.080954313278198242e-01 4.217851161956787109e-01
8.257732391357421875e-01 2.013550400733947754e-01
4.919970631599426270e-01 6.590476632118225098e-01
1.196197196841239929e-01 8.739284873008728027e-01
3.634695112705230713e-01 1.129831280559301376e-02
5.319773033261299133e-02 6.069148182868957520e-01
1.491208747029304504e-02 9.323107004165649414e-01
5.256139636039733887e-01 3.076860606670379639e-01
5.083184242248535156e-01 5.478671193122863770e-01
2.388218790292739868e-01 5.350417494773864746e-01
4.877455830574035645e-01 9.747798442840576172e-01
3.050355613231658936e-01 9.602342247962951660e-01
2.591421306133270264e-01 9.314231276512145996e-01
6.084753945469856262e-02 8.232549428939819336e-01
1.638681888580322266e-01 1.869987994432449341e-01
6.177152395248413086e-01 3.591963052749633789e-01
5.739740133285522461e-01 6.318960785865783691e-01
1.488661915063858032e-01 1.719868928194046021e-02
6.402219533920288086e-01 3.453325331211090088e-01
2.424670904874801636e-01 1.978922188282012939e-01
8.210021257400512695e-01 3.987034261226654053e-01
6.299655437469482422e-01 9.698126316070556641e-01
4.440927505493164062e-01 7.397093176841735840e-01
8.154267668724060059e-01 6.410285234451293945e-01
5.207400918006896973e-01 5.565743893384933472e-02
2.977846264839172363e-01 2.522275149822235107e-01
7.602930068969726562e-01 4.358224868774414062e-01
3.256352245807647705e-01 1.009625345468521118e-01
3.271029889583587646e-01 8.643450140953063965e-01
8.360907435417175293e-01 5.315394997596740723e-01
5.589184761047363281e-01 2.494157254695892334e-01
9.043586999177932739e-02 7.650752663612365723e-01
2.165326625108718872e-01 3.413742184638977051e-01
3.071414493024349213e-02 9.567373991012573242e-01
7.423115372657775879e-01 8.763717412948608398e-01
4.228105545043945312e-01 4.152023792266845703e-01
2.541304826736450195e-01 2.893269658088684082e-01
2.080029249191284180e-01 3.707081377506256104e-01
6.339358091354370117e-01 4.007293283939361572e-01
5.475651025772094727e-01 1.576022952795028687e-01
8.562182784080505371e-01 2.907222509384155273e-01
1.899880319833755493e-01 9.712174534797668457e-02
1.993983536958694458e-01 5.978407263755798340e-01
5.694518089294433594e-01 6.363832950592041016e-01
5.952026247978210449e-01 5.081095695495605469e-01
7.637619376182556152e-01 1.547325402498245239e-01
1.917520910501480103e-01 8.280946016311645508e-01
9.927815794944763184e-01 5.053755044937133789e-01
6.658185720443725586e-01 8.393774181604385376e-02
7.258322834968566895e-01 8.286851644515991211e-01
6.157062947750091553e-02 6.504489779472351074e-01
9.598248451948165894e-02 7.105482816696166992e-01
2.034128457307815552e-01 3.586854636669158936e-01
8.309422731399536133e-01 9.434382915496826172e-01
6.716246008872985840e-01 2.315848618745803833e-01
1.866663396358489990e-01 7.941432595252990723e-01
2.669415809214115143e-02 8.659673929214477539e-01
4.606006145477294922e-01 4.030336141586303711e-01
8.175898790359497070e-01 1.254893094301223755e-01
5.134708285331726074e-01 3.422478735446929932e-01
4.571296572685241699e-01 3.660551011562347412e-01
1.896948218345642090e-01 8.221241235733032227e-01
3.613467141985893250e-02 8.091679215431213379e-01
5.172268152236938477e-01 4.885807335376739502e-01
8.159713149070739746e-01 3.109519779682159424e-01
3.078080341219902039e-02 5.728682875633239746e-01
1.934923082590103149e-01 4.238191843032836914e-01
5.280566215515136719e-01 6.187586188316345215e-01
4.986309707164764404e-01 9.936138987541198730e-01
5.649406462907791138e-02 3.588467538356781006e-01
1.108890771865844727e-01 8.907961249351501465e-01
1.185953319072723389e-01 1.886788755655288696e-01
1.894598901271820068e-01 5.996356531977653503e-02
8.062478899955749512e-01 3.067827522754669189e-01
7.460857629776000977e-01 1.900828033685684204e-01
9.008672237396240234e-01 7.636083364486694336e-01
6.460258364677429199e-01 2.191093415021896362e-01
3.071148097515106201e-01 9.062317013740539551e-01
3.624995052814483643e-01 6.348064541816711426e-01
2.116084992885589600e-01 8.425427675247192383e-01
9.133617281913757324e-01 3.712949752807617188e-01
9.926436543464660645e-01 1.737020611763000488e-01
5.281867459416389465e-02 8.805317282676696777e-01
4.804546236991882324e-01 2.099942117929458618e-01
2.517422474920749664e-02 1.399364601820707321e-02
2.840864360332489014e-01 2.621124386787414551e-01
9.949983954429626465e-01 6.980111598968505859e-01
5.733322352170944214e-02 6.124627590179443359e-01
6.838355064392089844e-01 6.868252754211425781e-01
3.680355846881866455e-01 1.509913802146911621e-02
3.337801694869995117e-01 9.635073542594909668e-01
6.381444931030273438e-01 6.405070424079895020e-01
3.836936354637145996e-01 2.742550373077392578e-01
9.589005112648010254e-01 3.167035877704620361e-01
7.068060040473937988e-01 5.016713142395019531e-01
6.935564279556274414e-01 1.565157063305377960e-02
9.034236073493957520e-01 1.272781938314437866e-01
6.205124855041503906e-01 9.146658778190612793e-01
2.660415172576904297e-01 9.313166141510009766e-01
2.137958258390426636e-01 9.556328058242797852e-01
8.091037869453430176e-01 4.053388833999633789e-01
5.288892388343811035e-01 4.470645189285278320e-01
3.288256525993347168e-01 2.380731254816055298e-01
4.224999547004699707e-01 7.057274580001831055e-01
7.063835263252258301e-01 8.859835267066955566e-01
3.435001075267791748e-01 4.138959571719169617e-02
9.612710028886795044e-02 9.117886424064636230e-02
8.401363492012023926e-01 2.065543830394744873e-01
2.064838260412216187e-02 4.966582357883453369e-01
8.965598791837692261e-02 3.486403822898864746e-01
2.997610531747341156e-02 2.062209397554397583e-01
4.568081498146057129e-01 3.109385073184967041e-01
7.799528837203979492e-01 8.391643166542053223e-01
3.055007755756378174e-01 1.460438221693038940e-01
8.504462242126464844e-01 2.977779507637023926e-01
9.272831678390502930e-01 3.696699440479278564e-01
6.038026213645935059e-01 2.293956726789474487e-01
3.626262024044990540e-02 3.078953027725219727e-01
9.537349343299865723e-01 7.974409461021423340e-01
4.837479814887046814e-02 8.965226411819458008e-01
8.936889171600341797e-01 5.912595391273498535e-01
2.502536773681640625e-01 7.835493683815002441e-01
3.003820478916168213e-01 3.371352255344390869e-01
9.091547727584838867e-01 3.400924801826477051e-01
3.271462023258209229e-01 1.744329929351806641e-01
9.018360823392868042e-02 7.586364746093750000e-01
9.561609029769897461e-01 2.108113765716552734e-01
5.003503561019897461e-01 8.821606636047363281e-01
5.540529489517211914e-01 6.306885480880737305e-01
7.097841501235961914e-01 4.878069162368774414e-01
2.923511862754821777e-01 9.531184434890747070e-01
2.597534060478210449e-01 7.992162704467773438e-01
5.223919153213500977e-01 7.727566957473754883e-01
7.179227471351623535e-01 7.357460856437683105e-01
6.403150558471679688e-01 2.497739791870117188e-01
8.588888049125671387e-01 2.539166808128356934e-01
7.471786141395568848e-01 6.252445578575134277e-01
1.962250471115112305e-02 6.136223077774047852e-01
9.693861007690429688e-02 4.309115707874298096e-01
3.411626815795898438e-01 1.702610850334167480e-01
2.702951729297637939e-01 6.950429175049066544e-03
2.605160176753997803e-01 3.056177496910095215e-01
3.378674685955047607e-01 6.688849329948425293e-01
2.542328238487243652e-01 2.094103693962097168e-01
2.817171812057495117e-01 5.483541488647460938e-01
9.345901608467102051e-01 2.671702206134796143e-01
6.253180503845214844e-01 1.718998700380325317e-01
4.194882512092590332e-01 3.439244925975799561e-01
4.693093001842498779e-01 1.619865298271179199e-01
4.112130999565124512e-01 7.429970502853393555e-01
3.030375838279724121e-01 3.028983809053897858e-02
4.955621957778930664e-01 9.456255435943603516e-01
4.176025092601776123e-01 4.519078135490417480e-01
4.120712876319885254e-01 8.973541259765625000e-01
2.239486873149871826e-01 3.442133665084838867e-01
7.602597773075103760e-02 6.584289073944091797e-01
9.524898976087570190e-02 3.635467886924743652e-01
9.335739016532897949e-01 5.523256659507751465e-01
6.855928301811218262e-01 2.520725727081298828e-01
1.156293004751205444e-01 1.600442677736282349e-01
6.885974407196044922e-01 7.965133190155029297e-01
6.198528409004211426e-01 1.051637157797813416e-01
7.048130631446838379e-01 8.128378987312316895e-01
9.283990263938903809e-01 6.476311683654785156e-01
1.681832671165466309e-01 3.067826330661773682e-01
1.793234795331954956e-01 5.334994196891784668e-01
3.482654094696044922e-01 2.121664397418498993e-02
3.115053176879882812e-01 9.791380167007446289e-01
8.985342383384704590e-01 3.048962354660034180e-01
3.945453763008117676e-01 5.097872614860534668e-01
1.637686640024185181e-01 7.648099213838577271e-02
5.037326812744140625e-01 2.569919228553771973e-01
9.114305377006530762e-01 9.145441055297851562e-01
7.078514099121093750e-01 4.565089344978332520e-01
3.075309991836547852e-01 7.612677812576293945e-01
6.752344369888305664e-01 7.157386541366577148e-01
4.098689556121826172e-01 4.027431830763816833e-02
2.329974919557571411e-01 3.009479343891143799e-01
5.845967531204223633e-01 9.096384644508361816e-01
7.599968314170837402e-01 3.928366303443908691e-01
3.603463470935821533e-01 6.219590306282043457e-01
1.048633679747581482e-01 9.308291673660278320e-01
8.488777875900268555e-01 5.710401535034179688e-01
2.188268005847930908e-01 6.947532296180725098e-01
6.596891880035400391e-01 9.852178096771240234e-01
5.044588446617126465e-01 8.313919305801391602e-01
4.571916162967681885e-01 3.968793153762817383e-01
2.696334123611450195e-01 6.663138046860694885e-03
7.721668481826782227e-01 3.301379978656768799e-01
6.864989995956420898e-01 6.934315711259841919e-02
2.577890455722808838e-01 5.322682857513427734e-01
1.154980435967445374e-01 2.246827185153961182e-01
2.497991621494293213e-01 9.264329671859741211e-01
4.638397693634033203e-01 3.105996176600456238e-02
5.284375548362731934e-01 5.268279835581779480e-02
7.851290702819824219e-02 1.193207353353500366e-01
9.134945273399353027e-01 8.533713221549987793e-01
9.292095154523849487e-02 5.005753636360168457e-01
7.705191373825073242e-01 5.981573462486267090e-01
4.114509820938110352e-01 4.993314445018768311e-01
4.555546343326568604e-01 5.098640322685241699e-01
2.932804226875305176e-01 7.447835206985473633e-01
6.893622279167175293e-01 5.365377068519592285e-01
8.920688629150390625e-01 4.624632894992828369e-01
5.468034744262695312e-02 9.670703113079071045e-02
8.207782506942749023e-01 3.760329186916351318e-01
5.517226457595825195e-01 4.932798147201538086e-01
7.535375356674194336e-01 7.602732181549072266e-01
2.304989248514175415e-01 5.768549442291259766e-02
3.856732249259948730e-01 3.766872286796569824e-01
6.376450508832931519e-02 4.682222604751586914e-01
8.263732790946960449e-01 9.422852993011474609e-01
2.156344056129455566e-01 1.741946935653686523e-01
3.843633234500885010e-01 5.058883428573608398e-01
7.044231295585632324e-01 5.179846286773681641e-01
9.944584369659423828e-01 9.238797426223754883e-01
8.156069517135620117e-01 7.912821173667907715e-01
5.213734507560729980e-01 1.230012923479080200e-01
1.577971875667572021e-02 1.613499969244003296e-01
7.138710618019104004e-01 8.687126636505126953e-01
3.025840222835540771e-01 8.544996380805969238e-01
9.011591076850891113e-01 6.311948895454406738e-01
4.958028793334960938e-01 8.278409838676452637e-01
3.554255664348602295e-01 3.908004760742187500e-01
7.400909066200256348e-01 5.047919154167175293e-01
9.951699376106262207e-01 3.145751655101776123e-01
8.122359514236450195e-01 6.615786552429199219e-01
7.023260593414306641e-01 3.430145680904388428e-01
4.301752448081970215e-01 6.144831180572509766e-01
1.101995632052421570e-01 9.143545031547546387e-01
6.281979680061340332e-01 4.814245998859405518e-01
7.481223344802856445e-01 9.271053671836853027e-01
5.698410868644714355e-01 6.123701333999633789e-01
7.362044453620910645e-01 6.902744174003601074e-01
1.577991098165512085e-01 3.433962166309356689e-01
7.294378243386745453e-03 5.668281316757202148e-01
6.212043110281229019e-03 3.645329475402832031e-01
5.222459435462951660e-01 3.083361387252807617e-01
7.199481725692749023e-01 5.496255755424499512e-01
7.054063677787780762e-02 1.446924824267625809e-02
2.275076657533645630e-01 4.882938861846923828e-01
6.212190985679626465e-01 5.424571633338928223e-01
4.401717334985733032e-02 9.701171517372131348e-01
9.100437760353088379e-01 6.876107454299926758e-01
2.649585306644439697e-01 8.555590510368347168e-01
1.316980421543121338e-01 5.469389557838439941e-01
9.663100242614746094e-01 6.548572778701782227e-01
4.213179647922515869e-01 3.077090382575988770e-01
8.363110423088073730e-01 2.942972481250762939e-01
6.169471144676208496e-01 3.969770669937133789e-01
1.700977981090545654e-02 1.434336602687835693e-01
7.308433949947357178e-02 6.322093605995178223e-01
6.974059343338012695e-01 8.829563260078430176e-01
7.074866890907287598e-01 2.238158732652664185e-01
1.590573042631149292e-01 8.919236063957214355e-01
5.621705651283264160e-01 6.813457012176513672e-01
3.199471235275268555e-01 4.728425666689872742e-02
4.216332137584686279e-01 8.853460550308227539e-01
3.064671158790588379e-01 9.715825319290161133e-01
6.180894970893859863e-01 6.928886175155639648e-01
9.996123909950256348e-01 7.970198243856430054e-02
1.673680096864700317e-01 5.198037624359130859e-01
5.600321888923645020e-01 3.484331369400024414e-01
6.140276193618774414e-01 1.836517304182052612e-01
3.974593579769134521e-01 6.282307207584381104e-02
3.601074516773223877e-01 4.436093270778656006e-01
3.304538726806640625e-01 7.215315103530883789e-01
2.578660286962985992e-02 6.557414531707763672e-01
3.158175945281982422e-01 9.883996844291687012e-01
1.188085228204727173e-01 7.263352274894714355e-01
5.374031141400337219e-02 6.494410037994384766e-01
4.220576584339141846e-01 8.932045698165893555e-01
4.591803625226020813e-02 7.227329015731811523e-01
4.714850485324859619e-01 3.826104402542114258e-01
4.783851802349090576e-01 4.622626006603240967e-01
4.779170453548431396e-01 2.681227624416351318e-01
3.911383152008056641e-01 8.108982443809509277e-01
7.993878126144409180e-01 1.421348303556442261e-01
2.125376015901565552e-01 1.326529532670974731e-01
4.696641564369201660e-01 5.032029151916503906e-01
3.119783103466033936e-02 5.845723152160644531e-01
1.969237625598907471e-01 1.618359833955764771e-01
7.510088086128234863e-01 7.770519852638244629e-01
1.226085573434829712e-01 3.028087131679058075e-02
3.674765825271606445e-01 4.563141167163848877e-01
5.763032659888267517e-02 9.687626957893371582e-01
8.960366249084472656e-01 9.017686247825622559e-01
4.158804714679718018e-01 4.556014537811279297e-01
5.692067146301269531e-01 3.908697366714477539e-01
2.756175994873046875e-01 5.997515916824340820e-01
1.113532930612564087e-01 7.578492164611816406e-01
4.927100837230682373e-01 1.875178813934326172e-01
6.686004400253295898e-01 2.417602390050888062e-01
4.867421090602874756e-01 2.406392991542816162e-01
3.190948367118835449e-01 8.567248582839965820e-01
6.256674528121948242e-01 3.996939957141876221e-01
5.021412968635559082e-01 4.776626825332641602e-01
5.616680383682250977e-01 1.944728791713714600e-01
8.310661315917968750e-01 3.010620474815368652e-01
1.021470427513122559e-01 9.134237170219421387e-01
5.449294447898864746e-01 8.635587096214294434e-01
3.307607769966125488e-01 2.026689350605010986e-01
8.666172027587890625e-01 9.031937122344970703e-01
5.097317099571228027e-01 4.958327412605285645e-01
6.362874805927276611e-02 8.077381849288940430e-01
2.422757893800735474e-01 7.387610673904418945e-01
5.590190291404724121e-01 6.743077039718627930e-01
1.687939465045928955e-01 5.721925497055053711e-01
6.295245885848999023e-01 8.502510376274585724e-03
2.314151525497436523e-01 1.181707978248596191e-01
3.875889582559466362e-03 4.096295535564422607e-01
2.545346021652221680e-01 2.984017729759216309e-01
6.985293030738830566e-01 2.869658637791872025e-03
6.999521255493164062e-01 2.851951718330383301e-01
8.722570538520812988e-02 2.590430974960327148e-01
9.306477308273315430e-01 8.013325333595275879e-01
3.005749285221099854e-01 4.984333217144012451e-01
1.792759448289871216e-01 1.053623575717210770e-02
1.360343098640441895e-01 2.660163938999176025e-01
1.288227885961532593e-01 5.506023764610290527e-01
8.926047682762145996e-01 1.129437461495399475e-01
4.660386741161346436e-01 9.306035041809082031e-01
4.272213280200958252e-01 4.380769133567810059e-01
2.058494687080383301e-01 7.714663445949554443e-02
6.475129723548889160e-02 7.939115762710571289e-01
3.324995338916778564e-01 5.834497213363647461e-01
1.194929182529449463e-01 8.719865083694458008e-01
4.012833535671234131e-01 5.237841010093688965e-01
9.135126471519470215e-01 3.427998721599578857e-01
1.636072099208831787e-01 1.772428900003433228e-01
7.071756124496459961e-01 2.286550253629684448e-01
7.662074565887451172e-01 7.509289383888244629e-01
2.431901246309280396e-01 5.279602408409118652e-01
6.726101040840148926e-01 3.020733594894409180e-01
9.891200661659240723e-01 4.295013844966888428e-01
5.729687809944152832e-01 6.457090973854064941e-01
1.344030797481536865e-01 1.737439930438995361e-01
8.689195513725280762e-01 2.339198254048824310e-02
7.656285166740417480e-01 9.121105670928955078e-01
3.553603589534759521e-01 6.571037173271179199e-01
1.007495597004890442e-01 9.038214087486267090e-01
3.545521199703216553e-01 2.011964470148086548e-01
6.406593918800354004e-01 8.128674030303955078e-01
8.986003398895263672e-01 9.061199426651000977e-01
2.175884991884231567e-01 8.385613560676574707e-01
5.223734974861145020e-01 4.768931567668914795e-01
6.902084350585937500e-01 6.369216442108154297e-01
6.912608146667480469e-01 4.351401329040527344e-01
4.682477712631225586e-01 4.920330047607421875e-01
7.834877073764801025e-02 6.115557551383972168e-01
5.666777491569519043e-01 2.108347229659557343e-02
1.561019122600555420e-01 4.312831461429595947e-01
9.743265062570571899e-02 4.993532001972198486e-01
4.506246149539947510e-01 5.760098695755004883e-01
4.528848528861999512e-01 2.835866212844848633e-01
4.088190495967864990e-01 2.732172012329101562e-01
4.068683683872222900e-01 7.581936120986938477e-01
3.714691102504730225e-01 7.584009766578674316e-01
1.903350800275802612e-01 9.270114898681640625e-01
5.990278720855712891e-01 1.947254538536071777e-01
4.795907810330390930e-02 1.549700200557708740e-01
7.050818800926208496e-01 9.671571850776672363e-02
2.478485852479934692e-01 4.895961582660675049e-01
6.799740791320800781e-01 6.529720425605773926e-01
3.940425515174865723e-01 3.056682050228118896e-01
5.887958407402038574e-01 9.001501798629760742e-01
2.075528949499130249e-01 8.131366968154907227e-01
8.920052051544189453e-01 9.123412966728210449e-01
1.655734479427337646e-01 7.396946847438812256e-02
2.565968334674835205e-01 4.472471773624420166e-02
5.187855958938598633e-01 1.779303997755050659e-01
7.424525618553161621e-01 6.537678837776184082e-01
4.601882994174957275e-01 1.630668044090270996e-01
1.739943474531173706e-01 5.719579458236694336e-01
8.091747760772705078e-02 5.635657906532287598e-01
8.440635204315185547e-01 7.172085046768188477e-01
1.541965454816818237e-01 8.813745975494384766e-01
6.225287914276123047e-01 3.777415752410888672e-01
6.122144460678100586e-01 2.152815163135528564e-01
4.555679485201835632e-02 7.767572999000549316e-01
8.537145256996154785e-01 3.382732272148132324e-01
9.920803457498550415e-02 7.569175213575363159e-02
2.248211763799190521e-02 7.469254136085510254e-01
6.642729043960571289e-02 2.882403433322906494e-01
5.833550095558166504e-01 3.819714486598968506e-01
2.384170889854431152e-01 2.316282987594604492e-01
7.491393685340881348e-01 1.211289465427398682e-01
6.829499602317810059e-01 3.049548566341400146e-01
7.826085090637207031e-01 7.011405825614929199e-01
5.275610089302062988e-01 7.737298607826232910e-01
5.583716630935668945e-01 8.045359253883361816e-01
7.707604169845581055e-01 6.641149520874023438e-01
1.423101127147674561e-02 4.002915918827056885e-01
3.240722417831420898e-01 8.776753544807434082e-01
5.562765002250671387e-01 1.195255592465400696e-01
1.181974932551383972e-01 2.653733789920806885e-01
7.266109585762023926e-01 1.751065999269485474e-01
3.174696266651153564e-01 8.664408326148986816e-01
6.325296163558959961e-01 8.291867971420288086e-01
5.943463444709777832e-01 1.373174637556076050e-01
4.405339956283569336e-01 2.811062932014465332e-01
3.699542582035064697e-01 9.219643473625183105e-01
4.755418002605438232e-01 5.202183127403259277e-01
1.192460581660270691e-01 5.517272353172302246e-01
3.215619623661041260e-01 4.657906293869018555e-01
2.915612459182739258e-01 2.594683468341827393e-01
5.833172798156738281e-01 6.071351170539855957e-01
4.626038670539855957e-01 4.478040635585784912e-01
7.517798542976379395e-01 1.406977921724319458e-01
8.730684518814086914e-01 8.184669613838195801e-01
2.960166633129119873e-01 7.005531787872314453e-01
2.080249413847923279e-02 7.333626747131347656e-01
9.105836153030395508e-01 8.490848541259765625e-02
3.635269403457641602e-01 5.017496272921562195e-02
1.130969449877738953e-01 8.753526806831359863e-01
4.433000981807708740e-01 4.063344001770019531e-01
7.384737133979797363e-01 5.498226881027221680e-01
6.048448085784912109e-01 6.387617588043212891e-01
4.476180076599121094e-01 7.555260658264160156e-01
4.451831281185150146e-01 3.846721053123474121e-01
1.413602381944656372e-01 3.258230090141296387e-01
6.205905675888061523e-01 2.805409133434295654e-01
7.451527714729309082e-01 1.001986190676689148e-01
7.185159325599670410e-01 3.592474162578582764e-01
3.100999891757965088e-01 3.948497176170349121e-01
2.903280556201934814e-01 6.343160271644592285e-01
3.348864018917083740e-01 1.431666910648345947e-01
6.849391851574182510e-03 2.575081884860992432e-01
5.116425752639770508e-01 5.402916669845581055e-01
3.024965524673461914e-01 7.576230168342590332e-01
8.350094556808471680e-01 6.191327571868896484e-01
4.421823024749755859e-01 3.970759809017181396e-01
3.247701823711395264e-01 4.100822508335113525e-01
3.679746016860008240e-02 9.353402256965637207e-02
4.223836064338684082e-01 1.669680885970592499e-02
8.962486982345581055e-01 7.258632779121398926e-01
1.982825249433517456e-01 1.539213955402374268e-01
7.410287261009216309e-01 3.884008228778839111e-01
7.286224365234375000e-01 7.880334854125976562e-01
6.908610463142395020e-01 5.925819873809814453e-01
5.141536593437194824e-01 7.178117036819458008e-01
6.059282645583152771e-02 7.501491904258728027e-01
1.877543888986110687e-02 9.360259175300598145e-01
1.014497578144073486e-01 9.631194472312927246e-01
1.963343471288681030e-01 7.625473290681838989e-02
3.103855252265930176e-01 2.897355891764163971e-02
2.164392024278640747e-01 4.642395675182342529e-01
3.468830287456512451e-01 8.783303499221801758e-01
3.487066924571990967e-01 1.229642182588577271e-01
5.310023427009582520e-01 4.712400734424591064e-01
2.584050893783569336e-01 3.162043392658233643e-01
7.117457985877990723e-01 9.192501902580261230e-01
6.283206939697265625e-01 8.997431993484497070e-01
4.889569580554962158e-01 4.228221476078033447e-01
5.656638145446777344e-01 1.751919835805892944e-02
2.788488268852233887e-01 2.921776846051216125e-02
5.320953577756881714e-02 9.351097941398620605e-01
3.309063911437988281e-01 5.378988981246948242e-01
3.544341623783111572e-01 5.873178839683532715e-01
5.946638584136962891e-01 8.936278820037841797e-01
4.662645459175109863e-01 7.978665232658386230e-01
7.695453763008117676e-01 4.978425800800323486e-01
5.049533843994140625e-01 5.022382140159606934e-01
4.685548543930053711e-01 1.027704551815986633e-01
8.555224537849426270e-01 9.646040797233581543e-01
3.076992034912109375e-01 9.990063905715942383e-01
8.462259769439697266e-01 1.517926454544067383e-01
7.355401515960693359e-01 6.893306039273738861e-03
9.450235962867736816e-01 5.071597099304199219e-01
6.733226180076599121e-01 3.966827690601348877e-01
4.930253028869628906e-01 3.557474315166473389e-01
2.586937546730041504e-01 1.844718605279922485e-01
1.547815352678298950e-01 3.672281503677368164e-01
2.856857180595397949e-01 7.635467648506164551e-01
3.221151530742645264e-01 3.086839020252227783e-01
3.180507421493530273e-01 4.140671193599700928e-01
4.884717613458633423e-02 5.388847589492797852e-01
7.651379108428955078e-01 6.322383284568786621e-01
9.856204986572265625e-01 2.640331387519836426e-01
2.182424068450927734e-02 4.121814370155334473e-01
7.013131678104400635e-02 3.353121578693389893e-01
3.622105112299323082e-03 8.076291531324386597e-02
1.072981115430593491e-02 5.385902523994445801e-01
8.751389980316162109e-01 9.999853372573852539e-01
3.475922644138336182e-01 6.854176521301269531e-01
2.634439058601856232e-02 1.221807226538658142e-01
5.659537315368652344e-01 8.577208518981933594e-01
9.608341753482818604e-02 7.876468300819396973e-01
8.118608593940734863e-01 7.906836271286010742e-01
2.816865444183349609e-01 8.148210048675537109e-01
4.905627369880676270e-01 4.819241166114807129e-01
6.245954036712646484e-01 5.076315999031066895e-01
1.773651689291000366e-01 1.189749613404273987e-01
1.525907516479492188e-01 3.463447690010070801e-01
1.975681819021701813e-02 8.683533072471618652e-01
1.027725189924240112e-01 6.726003885269165039e-01
6.274573206901550293e-01 1.764264106750488281e-01
4.599637389183044434e-01 6.554424762725830078e-01
1.317142248153686523e-01 4.570854604244232178e-01
3.296923041343688965e-01 8.054086565971374512e-02
1.155897229909896851e-01 9.937325716018676758e-01
4.385908246040344238e-01 5.133460760116577148e-01
9.125055670738220215e-01 3.763816356658935547e-01
1.016415506601333618e-01 4.188789725303649902e-01
8.848142027854919434e-01 4.890398979187011719e-01
9.003902077674865723e-01 4.555391371250152588e-01
1.629452109336853027e-01 1.427775323390960693e-01
7.526563853025436401e-02 4.611514508724212646e-01
1.859025657176971436e-01 3.450170457363128662e-01
9.946568012237548828e-01 5.516036152839660645e-01
3.268757462501525879e-01 2.839340269565582275e-01
2.538344860076904297e-01 6.186606734991073608e-02
3.180890381336212158e-01 7.511315941810607910e-01
7.707120478153228760e-02 2.392856478691101074e-01
2.538756728172302246e-01 1.015840992331504822e-01
4.910838305950164795e-01 2.271384149789810181e-01
5.920789763331413269e-02 3.211668431758880615e-01
5.154306888580322266e-01 7.525261044502258301e-01
2.029908597469329834e-01 4.093460738658905029e-01
7.813189625740051270e-01 8.132495880126953125e-01
9.258425235748291016e-01 4.375859163701534271e-03
6.345247030258178711e-01 6.196821331977844238e-01
6.679052114486694336e-01 7.305719256401062012e-01
7.390651106834411621e-01 1.130758970975875854e-01
4.023415744304656982e-01 9.277514815330505371e-01
2.093941122293472290e-01 1.595247685909271240e-01
7.038115262985229492e-01 1.946995407342910767e-01
5.833042263984680176e-01 9.722076058387756348e-01
3.540921509265899658e-01 1.426094025373458862e-01
2.323858290910720825e-01 1.982810199260711670e-01
5.596755743026733398e-01 2.570058107376098633e-01
3.311408758163452148e-01 5.273001790046691895e-01
6.110855937004089355e-01 5.405584573745727539e-01
3.594976961612701416e-01 5.052837133407592773e-01
3.306296765804290771e-01 2.449861913919448853e-01
4.205229878425598145e-01 7.318185567855834961e-01
4.008025527000427246e-01 6.945172548294067383e-01
4.491358622908592224e-02 3.735444843769073486e-01
1.970682106912136078e-02 6.980782747268676758e-01
5.338547825813293457e-01 3.223623335361480713e-01
2.534802556037902832e-01 1.424113661050796509e-01
5.191892981529235840e-01 2.758252024650573730e-01
3.358209431171417236e-01 2.490405738353729248e-01
7.013410329818725586e-02 9.073299169540405273e-01
8.310519456863403320e-01 2.881048619747161865e-01
4.303433597087860107e-01 3.625257313251495361e-01
2.137459218502044678e-01 6.848522424697875977e-01
8.907299637794494629e-01 2.489513903856277466e-01
9.207820296287536621e-01 7.325370609760284424e-02
3.001227080821990967e-01 3.336099684238433838e-01
2.590309977531433105e-01 5.290069580078125000e-01
3.101051747798919678e-01 7.541213035583496094e-01
5.170422196388244629e-01 5.124690532684326172e-01
2.457432448863983154e-01 1.176563724875450134e-01
4.084609448909759521e-02 6.203708052635192871e-01
3.976504802703857422e-01 8.125943541526794434e-01
4.288563132286071777e-01 4.608474373817443848e-01
3.374786376953125000e-01 2.527090311050415039e-01
5.845391154289245605e-01 9.958217144012451172e-01
3.705189824104309082e-01 9.325692802667617798e-02
5.863590836524963379e-01 9.966649413108825684e-01
5.822408795356750488e-01 6.556808352470397949e-01
3.567542433738708496e-01 5.871388912200927734e-01
4.156741201877593994e-01 7.346537113189697266e-01
6.624678969383239746e-01 4.013940691947937012e-01
6.970542669296264648e-01 5.790167450904846191e-01
3.771991133689880371e-01 4.073948599398136139e-03
6.385172009468078613e-01 4.557570219039916992e-01
4.828992784023284912e-01 9.586738944053649902e-01
6.276882886886596680e-01 1.957453191280364990e-01
5.009439587593078613e-01 3.599458336830139160e-01
8.509580492973327637e-01 2.078163027763366699e-01
5.430566668510437012e-01 6.264141798019409180e-01
9.683246612548828125e-01 2.894181013107299805e-01
2.506099641323089600e-01 7.976605296134948730e-01
3.038205504417419434e-01 4.789169505238533020e-02
5.603206157684326172e-01 8.792833089828491211e-01
3.079116940498352051e-01 1.180641259998083115e-02
5.723374485969543457e-01 8.011949658393859863e-01
2.916057407855987549e-01 5.431434512138366699e-01
1.722871065139770508e-01 6.035091876983642578e-01
8.874990344047546387e-01 5.006850957870483398e-01
3.162195980548858643e-01 1.008893921971321106e-01
7.982094883918762207e-01 1.181490868330001831e-01
9.808606505393981934e-01 5.008667111396789551e-01
7.174915075302124023e-02 9.544298648834228516e-01
7.469434142112731934e-01 9.622290134429931641e-01
3.546320497989654541e-01 8.090770840644836426e-01
