4.913788437843322754e-01 4.234099388122558594e-01
7.831686139106750488e-01 9.393184781074523926e-01
6.974177360534667969e-01 6.380709409713745117e-01
1.990165114402770996e-01 4.251561760902404785e-01
7.661007046699523926e-01 2.785534970462322235e-02
4.972799420356750488e-01 7.191500067710876465e-01
4.518498480319976807e-01 7.015454769134521484e-01
1.722432076930999756e-01 1.158836930990219116e-01
2.990569770336151123e-01 1.783448904752731323e-01
9.498283863067626953e-01 3.727313280105590820e-01
1.037821993231773376e-01 9.617543220520019531e-01
6.826281547546386719e-01 6.689478754997253418e-01
8.261610269546508789e-01 7.122842669486999512e-01
8.114554286003112793e-01 8.941549062728881836e-01
3.191115558147430420e-01 6.973595172166824341e-02
1.104707494378089905e-01 3.041394650936126709e-01
8.442903757095336914e-01 8.558799624443054199e-01
3.652418255805969238e-01 4.218861162662506104e-01
3.039573132991790771e-01 6.940335035324096680e-01
5.567575693130493164e-01 3.391052484512329102e-01
9.845849275588989258e-01 8.838958740234375000e-01
8.021772503852844238e-01 1.434778720140457153e-01
6.156728863716125488e-01 8.793308138847351074e-01
5.419751405715942383e-01 2.611535489559173584e-01
9.568057060241699219e-01 3.693894445896148682e-01
8.517147898674011230e-01 1.088360995054244995e-01
3.700128793716430664e-01 5.902103185653686523e-01
7.625096440315246582e-01 4.415233433246612549e-02
1.275898665189743042e-01 4.895616769790649414e-01
2.494317144155502319e-01 1.485829241573810577e-02
5.594024434685707092e-02 2.994336783885955811e-01
9.409948587417602539e-01 6.787675619125366211e-01
8.533314466476440430e-01 1.877118349075317383e-01
7.977722883224487305e-01 1.715894490480422974e-01
2.031717598438262939e-01 8.006454110145568848e-01
4.331423938274383545e-01 7.190104126930236816e-01
3.870300948619842529e-01 3.903288841247558594e-01
1.775515079498291016e-01 1.092435270547866821e-01
3.662256598472595215e-01 4.108442366123199463e-01
4.751743972301483154e-01 4.291925132274627686e-01
5.446704626083374023e-01 5.207167565822601318e-02
6.273192763328552246e-01 6.423786878585815430e-01
8.744135499000549316e-01 8.237461447715759277e-01
9.346493482589721680e-01 2.219559550285339355e-01
4.708862304687500000e-01 4.231536686420440674e-01
2.230175435543060303e-01 5.918933749198913574e-01
1.753942221403121948e-01 2.779423892498016357e-01
5.417283773422241211e-01 7.231410741806030273e-01
9.295461773872375488e-01 9.546258300542831421e-02
6.666868925094604492e-01 4.350187182426452637e-01
9.247778058052062988e-01 6.366136670112609863e-01
4.405229985713958740e-01 3.125976920127868652e-01
1.719288178719580173e-03 6.382265090942382812e-01
6.309445500373840332e-01 7.494572997093200684e-01
3.103383779525756836e-01 7.872133851051330566e-01
5.685096383094787598e-01 4.433044195175170898e-01
7.303959131240844727e-01 9.684450924396514893e-02
6.314007639884948730e-01 6.458532214164733887e-01
4.602260589599609375e-01 4.374833106994628906e-01
6.470782160758972168e-01 4.369616210460662842e-01
6.803963184356689453e-01 5.853407382965087891e-01
2.689397335052490234e-01 8.991740345954895020e-01
8.110607415437698364e-02 9.419576525688171387e-01
2.087667286396026611e-01 7.626889944076538086e-01
3.709046840667724609e-01 4.913669452071189880e-02
2.028824239969253540e-01 9.757320880889892578e-01
8.974380493164062500e-01 2.428618520498275757e-01
6.631359457969665527e-01 4.501889944076538086e-01
8.569984436035156250e-01 6.491941399872303009e-03
9.481400847434997559e-01 1.705989986658096313e-01
7.065247297286987305e-01 2.428469806909561157e-02
2.412664145231246948e-01 4.324696958065032959e-01
9.016450047492980957e-01 9.989169239997863770e-01
7.057481408119201660e-01 3.300994038581848145e-01
4.802473485469818115e-01 7.613169401884078979e-02
8.299169689416885376e-02 7.350127696990966797e-01
4.787200093269348145e-01 5.731021165847778320e-01
5.612342357635498047e-01 7.175519317388534546e-02
1.802997291088104248e-02 9.746712446212768555e-02
6.587809324264526367e-01 5.444039702415466309e-01
4.336185753345489502e-01 2.428883463144302368e-01
4.781639873981475830e-01 7.169885635375976562e-01
9.186347573995590210e-02 2.556076347827911377e-01
2.502375543117523193e-01 3.400776982307434082e-01
4.524837061762809753e-02 8.337664008140563965e-01
1.802194118499755859e-01 9.628952145576477051e-01
1.817789673805236816e-01 1.420580744743347168e-01
8.037427663803100586e-01 8.805507421493530273e-01
3.381903469562530518e-01 8.356449007987976074e-02
5.226178169250488281e-01 5.123168230056762695e-01
8.817721605300903320e-01 6.933892965316772461e-01
4.440464973449707031e-01 8.268088698387145996e-01
1.210435926914215088e-01 2.005686014890670776e-01
9.685914516448974609e-01 6.944234371185302734e-01
9.858469367027282715e-01 3.288345932960510254e-01
3.568024039268493652e-01 8.529617190361022949e-01
3.188684955239295959e-02 2.055469006299972534e-01
3.586278855800628662e-01 2.539875507354736328e-01
9.699611663818359375e-01 1.379531621932983398e-01
1.614080518484115601e-01 4.890549182891845703e-01
1.086901351809501648e-01 9.477008581161499023e-01
5.671944022178649902e-01 4.197298288345336914e-01
4.784519076347351074e-01 7.398571372032165527e-01
6.411646008491516113e-01 6.772086024284362793e-01
1.684697121381759644e-01 8.700639605522155762e-01
1.369968205690383911e-01 6.272740960121154785e-01
7.778982520103454590e-01 6.103196144104003906e-01
6.049704551696777344e-01 7.634534835815429688e-01
8.274864554405212402e-01 5.488390922546386719e-01
4.575814306735992432e-01 9.926391839981079102e-01
3.137607872486114502e-01 9.738861918449401855e-01
8.323349952697753906e-01 9.299477934837341309e-01
1.957401484251022339e-01 1.306478977203369141e-01
5.358806848526000977e-01 5.383142232894897461e-01
8.976297378540039062e-01 1.751283556222915649e-01
1.576208323240280151e-01 2.020025625824928284e-02
4.663882255554199219e-01 4.663771092891693115e-01
1.476431190967559814e-01 5.797236561775207520e-01
5.589569807052612305e-01 6.209201812744140625e-01
1.519461870193481445e-01 6.921742558479309082e-01
2.813104391098022461e-01 3.780307173728942871e-01
9.161147475242614746e-01 2.714842557907104492e-01
4.506208002567291260e-01 8.738865852355957031e-01
3.774144351482391357e-01 7.854944467544555664e-01
7.509681582450866699e-01 9.156911075115203857e-02
5.994693636894226074e-01 8.340125679969787598e-01
1.943552345037460327e-01 8.423763513565063477e-01
8.683707118034362793e-01 5.972780585289001465e-01
7.813044786453247070e-01 5.497562289237976074e-01
7.391202449798583984e-01 2.819984257221221924e-01
9.234448522329330444e-02 3.437947928905487061e-01
9.237573742866516113e-01 8.954200148582458496e-01
4.320692718029022217e-01 2.314494550228118896e-01
3.135953843593597412e-01 3.694015741348266602e-01
3.371968269348144531e-01 1.212137378752231598e-02
8.136715292930603027e-01 8.250355720520019531e-01
6.021675467491149902e-01 6.111565232276916504e-01
4.455442726612091064e-01 9.466404318809509277e-01
6.374868154525756836e-01 3.516906499862670898e-01
5.206223726272583008e-01 2.128786742687225342e-01
4.499988853931427002e-01 1.326077282428741455e-01
2.749136984348297119e-01 5.101246833801269531e-01
4.225300252437591553e-01 4.535477757453918457e-01
3.212477862834930420e-01 2.340421825647354126e-01
4.350471794605255127e-01 6.829045414924621582e-01
4.038241803646087646e-01 2.655612230300903320e-01
8.885302543640136719e-01 7.533424496650695801e-01
6.803302764892578125e-01 3.489784002304077148e-01
3.759444355964660645e-01 6.345144510269165039e-01
6.725178956985473633e-01 1.420706957578659058e-01
1.584702730178833008e-01 4.575179144740104675e-02
3.034631013870239258e-01 9.177073836326599121e-01
6.580194234848022461e-01 4.771234989166259766e-01
3.295367062091827393e-01 2.636113762855529785e-01
4.926854670047760010e-01 5.599842071533203125e-01
1.479592621326446533e-01 1.499112397432327271e-01
4.987442195415496826e-01 1.037433445453643799e-01
3.499076068401336670e-01 5.646144747734069824e-01
2.610772550106048584e-01 8.294261097908020020e-01
7.501068711280822754e-01 9.959968179464340210e-02
3.950512707233428955e-01 5.109834671020507812e-01
7.275286912918090820e-01 6.981595158576965332e-01
5.388741493225097656e-01 5.196489095687866211e-01
7.798693180084228516e-01 2.209831327199935913e-01
9.266335368156433105e-01 1.957205124199390411e-02
4.860203564167022705e-01 7.117659449577331543e-01
9.734107255935668945e-01 7.067527174949645996e-01
5.228640139102935791e-02 6.974601149559020996e-01
1.882779300212860107e-01 1.485786437988281250e-01
6.780875325202941895e-01 4.828515946865081787e-01
2.807851731777191162e-01 8.943632245063781738e-01
4.225134551525115967e-01 2.868281006813049316e-01
1.598762124776840210e-01 1.061463281512260437e-01
5.475627183914184570e-01 6.100103855133056641e-01
5.694040060043334961e-01 9.611173272132873535e-01
1.533726900815963745e-01 4.719232618808746338e-01
2.131858095526695251e-02 6.550806164741516113e-01
7.974780797958374023e-01 9.368379116058349609e-01
7.314600348472595215e-01 5.737284198403358459e-02
2.833050787448883057e-01 5.056018233299255371e-01
8.970707058906555176e-01 1.819063276052474976e-01
7.716495990753173828e-01 3.666666150093078613e-02
2.392273992300033569e-01 4.989197254180908203e-01
9.320603609085083008e-01 2.020045928657054901e-02
9.826641082763671875e-01 1.250427663326263428e-01
6.975489854812622070e-01 8.118359446525573730e-01
3.691786527633666992e-01 6.569764763116836548e-02
3.238846063613891602e-01 6.225637197494506836e-01
5.418461933732032776e-02 2.334474027156829834e-01
2.033981084823608398e-01 7.305201292037963867e-01
1.182148084044456482e-01 1.104406341910362244e-01
5.351251363754272461e-01 8.856900930404663086e-01
3.007378876209259033e-01 8.640089631080627441e-01
8.359351158142089844e-01 2.465604543685913086e-01
9.088231325149536133e-01 2.443276345729827881e-01
7.103455662727355957e-01 1.451050043106079102e-01
2.571552805602550507e-02 4.600493311882019043e-01
6.540458798408508301e-01 8.172852396965026855e-01
9.270406365394592285e-01 4.943639636039733887e-01
7.438891530036926270e-01 1.904211789369583130e-01
1.912345588207244873e-01 1.769313216209411621e-01
2.877147197723388672e-01 6.498460769653320312e-01
3.155240416526794434e-01 1.723471581935882568e-01
9.650036692619323730e-01 4.056061208248138428e-01
4.548709988594055176e-01 2.127495855093002319e-01
5.412814617156982422e-01 8.777413368225097656e-01
6.111220121383666992e-01 1.191042885184288025e-01
2.234020233154296875e-01 9.450492262840270996e-01
5.125014185905456543e-01 5.862534046173095703e-01
2.708752751350402832e-01 8.351678252220153809e-01
6.991744041442871094e-01 5.074361562728881836e-01
3.360644280910491943e-01 6.673212349414825439e-02
1.369008272886276245e-01 1.947825700044631958e-01
1.188147533684968948e-02 9.483378529548645020e-01
3.887310326099395752e-01 7.166385054588317871e-01
5.076488256454467773e-01 5.694009661674499512e-01
9.016107916831970215e-01 8.779788613319396973e-01
1.531793624162673950e-01 9.782240390777587891e-01
9.747994542121887207e-01 9.918729066848754883e-01
8.538757264614105225e-02 9.828271865844726562e-01
8.810196816921234131e-02 6.561850756406784058e-02
7.216185927391052246e-01 3.040460348129272461e-01
7.101465463638305664e-01 2.279492616653442383e-01
4.095024168491363525e-01 3.517668843269348145e-01
9.078910350799560547e-01 1.210062652826309204e-01
8.178012967109680176e-01 2.688125371932983398e-01
7.299494147300720215e-01 8.190758526325225830e-02
8.386419415473937988e-01 9.592527151107788086e-01
4.597326740622520447e-02 1.013787090778350830e-01
1.029771342873573303e-01 3.936460614204406738e-02
1.935126185417175293e-01 2.334588617086410522e-01
5.214362144470214844e-01 5.354280471801757812e-01
4.651671648025512695e-01 5.539261102676391602e-01
9.934772253036499023e-01 6.979503035545349121e-01
9.888928383588790894e-02 9.959509223699569702e-02
2.874081432819366455e-01 5.173668265342712402e-01
8.319537639617919922e-01 4.781334400177001953e-01
3.721683621406555176e-01 7.214790582656860352e-01
1.513688117265701294e-01 5.075621604919433594e-01
5.407285690307617188e-01 6.503207087516784668e-01
2.472726106643676758e-01 2.228983342647552490e-01
1.286679357290267944e-01 2.217202037572860718e-01
4.868557453155517578e-01 5.942552089691162109e-01
5.634891986846923828e-01 4.055517315864562988e-01
4.351076185703277588e-01 7.804197072982788086e-01
7.117738127708435059e-01 4.643059372901916504e-01
6.084511280059814453e-01 8.040698766708374023e-01
3.639385104179382324e-01 6.787868142127990723e-01
8.861761689186096191e-01 8.147870302200317383e-01
5.885039567947387695e-01 5.563237667083740234e-01
5.648002773523330688e-02 3.693017959594726562e-01
4.274859130382537842e-01 9.454393982887268066e-01
2.131247222423553467e-01 2.018557935953140259e-01
1.768205463886260986e-01 2.880509197711944580e-01
4.862971901893615723e-01 5.394133329391479492e-01
2.674424648284912109e-01 5.702313780784606934e-01
3.581406474113464355e-01 4.983125254511833191e-02
9.726781845092773438e-01 3.776888251304626465e-01
2.795302867889404297e-01 6.612147092819213867e-01
6.231685876846313477e-01 4.733485281467437744e-01
2.669374942779541016e-01 2.849002182483673096e-01
9.999517202377319336e-01 9.076087474822998047e-01
7.415277957916259766e-01 6.549618840217590332e-01
3.164644241333007812e-01 7.495675086975097656e-01
6.077654361724853516e-01 6.085972189903259277e-01
9.352273344993591309e-01 1.431791484355926514e-01
2.762347757816314697e-01 4.488968104124069214e-02
8.707925081253051758e-01 4.816527068614959717e-01
4.421823918819427490e-01 6.006597876548767090e-01
2.741990685462951660e-01 1.016030684113502502e-01
2.353740334510803223e-01 4.336405992507934570e-01
1.677661687135696411e-01 4.820586740970611572e-01
1.481652706861495972e-01 6.925430893898010254e-01
3.181920647621154785e-01 7.418834567070007324e-01
9.137786626815795898e-01 7.437279224395751953e-01
3.969115018844604492e-01 7.332536857575178146e-03
6.666154861450195312e-01 2.095919698476791382e-01
1.549844741821289062e-01 2.294317185878753662e-01
4.567931294441223145e-01 7.364285588264465332e-01
4.973539113998413086e-01 5.285541415214538574e-01
3.811821043491363525e-01 2.520525455474853516e-02
1.181200146675109863e-02 8.377526998519897461e-01
9.734547734260559082e-01 4.769928455352783203e-01
6.144138574600219727e-01 6.077724099159240723e-01
6.684530973434448242e-01 1.878446340560913086e-01
5.213294029235839844e-01 8.777132034301757812e-01
1.501684784889221191e-01 1.374100744724273682e-01
3.149107396602630615e-01 3.272759020328521729e-01
6.985896825790405273e-01 5.564634129405021667e-02
4.264463186264038086e-01 6.123544573783874512e-01
1.531480345875024796e-02 5.770069360733032227e-01
1.381333321332931519e-01 9.863918423652648926e-01
8.806973695755004883e-01 3.676124811172485352e-01
3.783017098903656006e-01 4.479453861713409424e-01
3.233246505260467529e-01 7.616136223077774048e-02
6.578841805458068848e-01 9.425972588360309601e-03
7.195989489555358887e-01 9.188128113746643066e-01
2.527086734771728516e-01 1.919071078300476074e-01
6.298087835311889648e-01 6.982091665267944336e-01
2.535914480686187744e-01 6.475798487663269043e-01
5.457169413566589355e-01 7.169671654701232910e-01
2.042383253574371338e-01 9.132479429244995117e-01
7.081648111343383789e-01 7.547925710678100586e-01
2.763829529285430908e-01 2.264824062585830688e-01
5.366128087043762207e-01 7.340644001960754395e-01
5.812454223632812500e-01 7.468602657318115234e-01
9.139817357063293457e-01 3.453323841094970703e-01
9.960784316062927246e-01 4.626096785068511963e-02
2.781552374362945557e-01 6.610011458396911621e-01
9.625703096389770508e-01 9.997151494026184082e-01
4.661042690277099609e-01 4.511682391166687012e-01
8.844054341316223145e-01 2.479932010173797607e-01
7.376150041818618774e-02 9.366894960403442383e-01
1.512460857629776001e-01 8.287814855575561523e-01
9.707983136177062988e-01 2.931628525257110596e-01
5.119122862815856934e-01 7.266936302185058594e-01
9.865469336509704590e-01 3.788831532001495361e-01
2.693924009799957275e-01 7.576414942741394043e-01
3.876809179782867432e-01 9.114388823509216309e-01
7.960535883903503418e-01 6.347795128822326660e-01
2.394702583551406860e-01 2.916243374347686768e-01
3.079082667827606201e-01 8.542591929435729980e-01
4.500541090965270996e-01 9.181450605392456055e-01
5.845876932144165039e-01 2.957942187786102295e-01
1.522241979837417603e-01 9.741094112396240234e-01
6.374039649963378906e-01 4.772985875606536865e-01
8.693913370370864868e-02 2.407474964857101440e-01
2.893091440200805664e-01 9.053565859794616699e-01
3.669127523899078369e-01 3.362152278423309326e-01
6.576510667800903320e-01 6.598404645919799805e-01
8.095234036445617676e-01 5.116553306579589844e-01
9.111915826797485352e-01 3.409048616886138916e-01
1.877761483192443848e-01 6.667985320091247559e-01
5.596610903739929199e-01 9.308207035064697266e-01
4.381795227527618408e-01 2.768912315368652344e-01
9.864472150802612305e-01 7.533060312271118164e-01
1.237759832292795181e-02 1.228024438023567200e-01
9.260019659996032715e-01 2.699647247791290283e-01
1.935349255800247192e-01 4.875032603740692139e-02
4.324382841587066650e-01 6.394945383071899414e-01
1.301949471235275269e-01 7.145317792892456055e-01
9.571727514266967773e-01 1.360376030206680298e-01
3.887588083744049072e-01 6.470217704772949219e-01
1.769423931837081909e-01 1.378177553415298462e-01
9.691356420516967773e-01 3.370034396648406982e-01
1.556360870599746704e-01 6.715121865272521973e-01
4.279344975948333740e-01 5.094766020774841309e-01
4.253042638301849365e-01 2.504395246505737305e-01
5.425698757171630859e-01 1.052330359816551208e-01
6.158175468444824219e-01 8.900895714759826660e-01
1.061158627271652222e-01 7.448124289512634277e-01
1.934389472007751465e-01 2.712420523166656494e-01
9.699416756629943848e-01 2.172320634126663208e-01
7.735607624053955078e-01 1.390174627304077148e-01
7.585049271583557129e-01 7.270918488502502441e-01
5.975132584571838379e-01 6.340373754501342773e-01
5.936194062232971191e-01 4.139719307422637939e-01
8.706809878349304199e-01 4.531448483467102051e-01
3.916717469692230225e-01 3.438918888568878174e-01
7.686704993247985840e-01 2.069123983383178711e-01
8.141666054725646973e-01 4.128400385379791260e-01
7.628444433212280273e-01 4.600696265697479248e-01
8.042809963226318359e-01 9.771302938461303711e-01
4.021279215812683105e-01 7.088364362716674805e-01
6.730414628982543945e-01 6.838052868843078613e-01
7.807219624519348145e-01 8.662803173065185547e-01
1.558068394660949707e-01 1.999160200357437134e-01
1.131807565689086914e-01 5.833119750022888184e-01
3.562285304069519043e-01 8.129973411560058594e-01
6.352273225784301758e-01 3.718165457248687744e-01
8.860989212989807129e-01 7.529782652854919434e-01
5.709180831909179688e-01 5.602682828903198242e-01
5.208628177642822266e-01 8.122035861015319824e-01
3.085172772407531738e-01 8.659973740577697754e-01
8.172984123229980469e-01 1.962702274322509766e-01
9.595076739788055420e-02 7.851672172546386719e-01
8.382602334022521973e-01 8.145947456359863281e-01
5.730234384536743164e-01 6.903547644615173340e-01
7.856653332710266113e-01 9.354996681213378906e-01
2.635663747787475586e-01 1.221288740634918213e-01
9.181465506553649902e-01 2.963105030357837677e-02
9.315155744552612305e-01 7.952876091003417969e-01
7.610051631927490234e-01 4.907087385654449463e-01
6.806206703186035156e-01 1.243788972496986389e-01
4.602459073066711426e-01 2.617499232292175293e-01
7.502718567848205566e-01 8.712136745452880859e-01
4.560194313526153564e-01 8.613556623458862305e-01
1.438696086406707764e-01 9.574966430664062500e-01
5.786738991737365723e-01 4.907942712306976318e-01
4.523719847202301025e-01 7.094061374664306641e-01
6.261000037193298340e-01 5.989811569452285767e-02
2.321950942277908325e-01 8.926553130149841309e-01
5.789071917533874512e-01 8.301345109939575195e-01
5.982433557510375977e-01 1.239510849118232727e-01
9.542875885963439941e-01 1.702999025583267212e-01
3.995858728885650635e-01 5.933808088302612305e-01
3.259561657905578613e-01 1.241952106356620789e-01
3.131487369537353516e-01 6.057198718190193176e-02
8.227504491806030273e-01 7.834507226943969727e-01
2.456803917884826660e-01 1.137148495763540268e-02
2.650723457336425781e-01 5.588829517364501953e-01
1.329784691333770752e-01 3.199745416641235352e-01
7.732674479484558105e-01 3.910309076309204102e-01
3.428782522678375244e-02 1.848798841238021851e-01
1.134425476193428040e-01 5.795412659645080566e-01
2.495815753936767578e-01 6.126239895820617676e-01
1.949715912342071533e-01 7.577602267265319824e-01
6.901507377624511719e-01 1.817116588354110718e-01
4.113042056560516357e-01 5.753583312034606934e-01
8.114480972290039062e-01 1.926781684160232544e-01
7.555573433637619019e-02 4.092813432216644287e-01
8.873068690299987793e-01 1.150462031364440918e-01
5.066545605659484863e-01 2.111607939004898071e-01
6.079696416854858398e-01 7.106849551200866699e-02
4.725736379623413086e-01 7.922057062387466431e-02
3.030191361904144287e-01 8.382207751274108887e-01
9.495532512664794922e-01 2.239922732114791870e-01
2.279333174228668213e-01 6.526138186454772949e-01
8.664857745170593262e-01 3.237041532993316650e-01
4.522817730903625488e-01 7.050161361694335938e-01
9.210869669914245605e-01 4.196346737444400787e-03
6.142753362655639648e-02 7.254592180252075195e-01
7.854873538017272949e-01 3.170098736882209778e-02
6.389718651771545410e-01 2.266880124807357788e-01
1.872003227472305298e-01 1.384784728288650513e-01
8.635050058364868164e-01 2.557466626167297363e-01
4.903720915317535400e-01 1.092977896332740784e-01
3.748201429843902588e-01 2.737126350402832031e-01
1.830468326807022095e-02 9.441793560981750488e-01
5.966801047325134277e-01 6.811213493347167969e-01
4.737857282161712646e-01 6.865993142127990723e-01
7.293258309364318848e-01 2.764067351818084717e-01
2.363737672567367554e-01 5.121640563011169434e-01
7.222993373870849609e-01 4.864713251590728760e-01
8.410128951072692871e-01 3.320453464984893799e-01
3.154771029949188232e-01 3.187380135059356689e-01
6.307129263877868652e-01 2.896992266178131104e-01
6.308175921440124512e-01 8.238882422447204590e-01
5.971615314483642578e-01 9.136542677879333496e-01
3.446749150753021240e-01 2.609833776950836182e-01
2.209370881319046021e-01 5.398670434951782227e-01
8.811141848564147949e-01 1.782103478908538818e-01
7.409632205963134766e-01 8.305832147598266602e-01
5.205723047256469727e-01 3.334986511617898941e-03
2.124247252941131592e-01 1.887981444597244263e-01
5.147859454154968262e-01 6.861839294433593750e-01
8.276077359914779663e-02 4.479663074016571045e-01
6.991332173347473145e-01 1.163020133972167969e-01
5.862482786178588867e-01 9.577893018722534180e-01
6.426983475685119629e-01 8.181891441345214844e-01
4.717417359352111816e-01 1.675582528114318848e-01
5.981594324111938477e-01 9.522561430931091309e-01
3.884694278240203857e-01 6.120874360203742981e-02
7.505472302436828613e-01 7.385406494140625000e-01
6.282095909118652344e-01 8.007237911224365234e-01
2.623313367366790771e-01 7.785685062408447266e-01
6.187523603439331055e-01 9.208278656005859375e-01
7.813446521759033203e-01 1.180464308708906174e-02
6.575238704681396484e-01 2.112938016653060913e-01
6.285448670387268066e-01 4.417658150196075439e-01
9.081527590751647949e-02 3.160740016028285027e-03
2.103308141231536865e-01 2.275834232568740845e-01
3.520527482032775879e-01 5.630312561988830566e-01
3.824772536754608154e-01 3.139326274394989014e-01
8.281895518302917480e-01 3.193803131580352783e-01
9.094302654266357422e-01 9.479436278343200684e-01
4.525863528251647949e-01 5.009137988090515137e-01
2.543485462665557861e-01 2.847962975502014160e-01
3.880735039710998535e-01 7.523164153099060059e-01
4.962788224220275879e-01 1.834300905466079712e-01
5.453409552574157715e-01 9.698510766029357910e-01
8.600428700447082520e-01 7.305110991001129150e-02
1.989690959453582764e-01 1.007379591464996338e-01
8.234098553657531738e-03 4.800013899803161621e-01
1.827533394098281860e-01 7.845191955566406250e-01
8.759716153144836426e-01 2.112181633710861206e-01
7.022742033004760742e-01 7.430753111839294434e-01
2.475778460502624512e-01 2.400448918342590332e-01
8.925548791885375977e-01 6.241803765296936035e-01
7.956011891365051270e-01 4.620711207389831543e-01
2.902516424655914307e-01 4.168596118688583374e-02
4.776739180088043213e-01 3.409591019153594971e-01
1.069661974906921387e-01 9.408669173717498779e-02
3.584340214729309082e-01 5.717213749885559082e-01
7.537277340888977051e-01 7.144832015037536621e-01
4.014559686183929443e-01 6.386418342590332031e-01
2.221969813108444214e-01 7.855648398399353027e-01
3.948235511779785156e-01 4.943618476390838623e-01
3.618502914905548096e-01 9.275423288345336914e-01
1.816616952419281006e-01 7.168237566947937012e-01
5.899730324745178223e-01 4.813298881053924561e-01
9.724704027175903320e-01 1.291581243276596069e-01
6.502733230590820312e-01 2.682208120822906494e-01
3.020617663860321045e-01 7.904412746429443359e-01
7.873644232749938965e-01 2.046474963426589966e-01
9.825127124786376953e-01 9.683184623718261719e-01
9.956114888191223145e-01 3.947247564792633057e-01
1.265479773283004761e-01 1.065707579255104065e-01
2.879744172096252441e-01 4.675354659557342529e-01
2.109301686286926270e-01 2.942053973674774170e-01
3.868591040372848511e-02 2.913494408130645752e-01
8.672811090946197510e-02 2.127058655023574829e-01
8.831762075424194336e-01 3.172757569700479507e-03
4.766694009304046631e-01 8.843583464622497559e-01
3.463895618915557861e-01 7.917939126491546631e-02
1.020928919315338135e-01 3.600359261035919189e-01
4.756437614560127258e-03 3.333295285701751709e-01
6.906547546386718750e-01 7.979434728622436523e-02
3.869784176349639893e-01 5.020937919616699219e-01
4.329539835453033447e-01 6.012253165245056152e-01
5.227975249290466309e-01 9.891429543495178223e-01
1.881747543811798096e-01 6.245034933090209961e-02
5.963403582572937012e-01 5.683583021163940430e-01
6.379435658454895020e-01 5.746766924858093262e-01
5.218014121055603027e-01 4.034171402454376221e-01
4.261931180953979492e-01 7.340765595436096191e-01
2.944105267524719238e-01 2.733446359634399414e-01
2.789929807186126709e-01 1.157780513167381287e-01
2.509301006793975830e-01 4.332062602043151855e-01
1.118032708764076233e-01 6.067147254943847656e-01
4.571238160133361816e-01 3.405059278011322021e-01
8.053274750709533691e-01 9.709064364433288574e-01
9.189798235893249512e-01 3.175839185714721680e-01
7.367057725787162781e-03 5.763996839523315430e-01
1.668385788798332214e-02 8.273981213569641113e-01
4.744428694248199463e-01 1.213041916489601135e-01
7.515075206756591797e-01 9.869232773780822754e-01
4.630284905433654785e-01 8.841804265975952148e-01
2.249672710895538330e-01 2.684904634952545166e-01
6.230347231030464172e-02 7.284662127494812012e-02
8.988426923751831055e-01 9.255810976028442383e-01
7.864378094673156738e-01 8.693034946918487549e-02
8.461548089981079102e-01 2.193273007869720459e-01
6.102438569068908691e-01 6.209293007850646973e-02
8.721778988838195801e-01 5.768117308616638184e-01
7.293471693992614746e-01 3.623035252094268799e-01
7.739620804786682129e-01 3.089910447597503662e-01
6.911898255348205566e-01 2.175945937633514404e-01
2.903309464454650879e-01 3.330863416194915771e-01
8.680059313774108887e-01 6.864236593246459961e-01
9.435558915138244629e-01 2.369377613067626953e-01
4.747014045715332031e-01 4.967277050018310547e-01
1.805753111839294434e-01 5.071022510528564453e-01
4.833022058010101318e-01 3.371369838714599609e-01
8.616217970848083496e-01 9.245944023132324219e-02
9.249324202537536621e-01 2.042735368013381958e-01
6.680010557174682617e-01 9.718950837850570679e-03
2.648921310901641846e-01 8.010904192924499512e-01
6.992135643959045410e-01 9.832390546798706055e-01
6.804390810430049896e-03 9.517290592193603516e-01
1.186289042234420776e-01 2.501113414764404297e-01
8.454760909080505371e-01 4.067783057689666748e-01
4.153056740760803223e-01 2.787860333919525146e-01
3.945938050746917725e-01 7.980448603630065918e-01
3.191381692886352539e-01 3.947343230247497559e-01
4.344811141490936279e-01 6.924499869346618652e-01
7.561269998550415039e-01 3.886075317859649658e-01
8.626692295074462891e-01 4.705065190792083740e-01
4.305818676948547363e-01 7.114223837852478027e-01
3.934445679187774658e-01 3.154821991920471191e-01
8.509481698274612427e-02 6.589348316192626953e-01
6.047908067703247070e-01 7.409127354621887207e-01
1.828114688396453857e-01 4.712448716163635254e-01
3.716127574443817139e-01 1.950757652521133423e-01
9.900192618370056152e-01 6.443040370941162109e-01
8.522271513938903809e-01 6.154158115386962891e-01
9.407426118850708008e-01 6.925955414772033691e-02
4.787913858890533447e-01 9.406356215476989746e-01
6.623707413673400879e-01 8.703292906284332275e-02
6.837610006332397461e-01 2.702497243881225586e-01
2.395833134651184082e-01 5.262309908866882324e-01
9.410616159439086914e-01 8.712435960769653320e-01
5.320284366607666016e-01 6.498931050300598145e-01
2.417013049125671387e-01 9.877218604087829590e-01
2.608836591243743896e-01 3.497026562690734863e-01
4.727387726306915283e-01 8.827643990516662598e-01
7.929932326078414917e-02 1.211911663413047791e-01
8.570091724395751953e-01 7.686759829521179199e-01
4.153559803962707520e-01 1.219692900776863098e-01
8.767036795616149902e-01 7.392935752868652344e-01
3.005124926567077637e-01 5.375540256500244141e-01
8.139343857765197754e-01 2.217822670936584473e-01
4.092292785644531250e-01 1.143263131380081177e-01
9.635189771652221680e-01 4.674287978559732437e-03
1.506327390670776367e-01 9.158779978752136230e-01
4.914291501045227051e-01 9.115770459175109863e-02
3.692709282040596008e-02 7.368551492691040039e-01
6.068527102470397949e-01 8.590720295906066895e-01
3.937404155731201172e-01 2.661272585391998291e-01
4.417122304439544678e-01 1.606566905975341797e-01
7.829576134681701660e-01 8.627362549304962158e-02
2.915493249893188477e-01 6.936483979225158691e-01
5.374486446380615234e-01 2.421380728483200073e-01
6.529444456100463867e-01 9.540669620037078857e-02
2.237626761198043823e-01 6.722276806831359863e-01
7.677692174911499023e-01 4.511239230632781982e-01
5.735732316970825195e-01 5.713992118835449219e-01
2.019980400800704956e-01 7.871081233024597168e-01
6.226418018341064453e-01 9.991056323051452637e-01
3.042967021465301514e-01 5.356193780899047852e-01
2.739010155200958252e-01 4.760925769805908203e-01
2.087743580341339111e-01 1.514531392604112625e-02
8.742378652095794678e-02 8.868896365165710449e-01
8.453865647315979004e-01 8.662159442901611328e-01
8.345364332199096680e-01 1.509367525577545166e-01
1.031144335865974426e-01 6.827960014343261719e-01
3.493716716766357422e-01 6.685826778411865234e-01
6.653353571891784668e-01 6.850981712341308594e-01
5.595268607139587402e-01 5.648666024208068848e-01
1.299303770065307617e-01 8.465934395790100098e-01
7.815011739730834961e-01 6.359937787055969238e-01
9.947529435157775879e-01 1.596407592296600342e-01
4.084201753139495850e-01 8.253160119056701660e-01
5.518218278884887695e-01 3.690330088138580322e-01
7.873398065567016602e-02 9.675440192222595215e-01
6.799331903457641602e-01 4.929872751235961914e-01
8.736592531204223633e-02 3.526130914688110352e-01
2.254001349210739136e-01 7.166395336389541626e-02
6.259200572967529297e-01 1.468437016010284424e-01
5.808457136154174805e-01 7.779053449630737305e-01
5.313053727149963379e-01 5.900588035583496094e-01
6.866454482078552246e-01 5.371323227882385254e-01
7.135711312294006348e-01 7.007565498352050781e-01
9.769038558006286621e-01 5.094037055969238281e-01
1.038891524076461792e-01 4.143518209457397461e-01
8.229183554649353027e-01 2.881713584065437317e-02
1.113255992531776428e-01 2.690144181251525879e-01
3.813758790493011475e-01 4.261021912097930908e-01
1.588632613420486450e-01 5.746302604675292969e-01
4.510954618453979492e-01 1.297249346971511841e-01
5.023161172866821289e-01 2.441665083169937134e-01
1.368323266506195068e-01 4.306312650442123413e-02
5.103751420974731445e-01 7.743723988533020020e-01
7.164013385772705078e-01 2.749431133270263672e-01
6.437990069389343262e-01 6.559799313545227051e-01
1.954092979431152344e-01 2.333831191062927246e-01
8.772625923156738281e-01 4.281316697597503662e-01
8.078387379646301270e-01 3.077517747879028320e-01
4.739556908607482910e-01 2.013097107410430908e-01
5.720098614692687988e-01 4.210105240345001221e-01
8.646749854087829590e-01 4.560643434524536133e-01
3.510783910751342773e-01 9.000369310379028320e-01
2.422731220722198486e-01 4.279910624027252197e-01
6.272040009498596191e-01 2.313698083162307739e-01
8.548854589462280273e-01 7.877233028411865234e-01
5.906997323036193848e-01 4.066632986068725586e-01
8.039058744907379150e-02 1.313492804765701294e-01
1.191790774464607239e-01 2.275956422090530396e-01
5.273062586784362793e-01 1.053781136870384216e-01
8.489609956741333008e-01 6.401966214179992676e-01
2.877907454967498779e-01 1.573009938001632690e-01
6.642675399780273438e-01 3.912983238697052002e-01
9.946323186159133911e-02 9.486872553825378418e-01
8.345055580139160156e-01 3.079815506935119629e-01
2.507137656211853027e-01 7.023851871490478516e-01
1.752456277608871460e-01 2.655642032623291016e-01
6.447464227676391602e-01 2.362699508666992188e-01
1.104815751314163208e-01 1.492548435926437378e-01
7.992579936981201172e-01 2.065759897232055664e-01
5.300086736679077148e-01 9.273793697357177734e-01
5.128477811813354492e-01 4.279673099517822266e-01
4.752252995967864990e-01 4.148581624031066895e-01
6.815947294235229492e-01 9.978483915328979492e-01
7.429112792015075684e-01 8.289626836776733398e-01
2.730472385883331299e-01 1.843538582324981689e-01
4.601310491561889648e-01 6.314226388931274414e-01
2.766917645931243896e-01 6.098961830139160156e-01
8.050352334976196289e-01 6.873167753219604492e-01
6.754538416862487793e-01 1.227729842066764832e-01
2.193209081888198853e-01 3.217150568962097168e-01
3.861357569694519043e-01 3.239839076995849609e-01
3.912144899368286133e-01 3.933951854705810547e-01
8.971824049949645996e-01 4.540351033210754395e-01
6.758412122726440430e-01 5.209393799304962158e-02
1.915210485458374023e-01 2.565135955810546875e-01
2.115035355091094971e-01 3.703840374946594238e-01
5.203644037246704102e-01 1.401647627353668213e-01
6.631770133972167969e-01 3.162810504436492920e-01
3.488172888755798340e-01 5.569919347763061523e-01
3.437854647636413574e-01 1.962976604700088501e-01
4.683467000722885132e-02 2.845639586448669434e-01
9.972937703132629395e-01 9.114041328430175781e-01
1.671100407838821411e-02 4.876195788383483887e-01
9.584653377532958984e-01 1.592183560132980347e-01
7.296635508537292480e-01 5.171964764595031738e-01
8.763342499732971191e-01 7.689734101295471191e-01
1.455974299460649490e-02 8.135546743869781494e-02
2.703400850296020508e-01 6.425987929105758667e-03
7.826815247535705566e-01 4.518088400363922119e-01
7.959865331649780273e-01 9.878336787223815918e-01
5.120475962758064270e-02 1.166191101074218750e-01
1.347791999578475952e-01 1.106719821691513062e-01
3.605962991714477539e-01 3.830146491527557373e-01
1.360491812229156494e-01 4.757749140262603760e-01
6.451150178909301758e-01 1.640035212039947510e-01
7.454892396926879883e-01 4.519881904125213623e-01
7.320199161767959595e-02 5.718937516212463379e-01
8.605754971504211426e-01 2.538886666297912598e-02
5.505274534225463867e-01 8.007271289825439453e-01
3.347379267215728760e-01 6.863467097282409668e-01
8.390661478042602539e-01 9.211132526397705078e-01
6.075145602226257324e-01 8.491339683532714844e-01
7.930150628089904785e-01 8.493826389312744141e-01
8.401546478271484375e-01 2.022790163755416870e-01
3.803918659687042236e-01 8.770051598548889160e-01
1.012588962912559509e-01 4.707704186439514160e-01
7.591329216957092285e-01 9.728466272354125977e-01
7.365224957466125488e-01 1.230275910347700119e-02
7.223567366600036621e-01 9.457975625991821289e-01
8.132412433624267578e-01 2.831722199916839600e-01
6.543282866477966309e-01 2.494385279715061188e-02
6.094993948936462402e-01 4.596724212169647217e-01
5.377261638641357422e-01 2.812485992908477783e-01
2.054236084222793579e-01 8.411687016487121582e-01
1.484840810298919678e-01 2.192417085170745850e-01
1.682466268539428711e-01 3.201635479927062988e-01
8.732385635375976562e-01 2.118608541786670685e-02
6.462525725364685059e-01 1.087903156876564026e-01
6.842856407165527344e-01 2.719697952270507812e-01
9.885496497154235840e-01 1.630931347608566284e-02
7.230651378631591797e-01 8.584644794464111328e-01
6.604102849960327148e-01 4.274570643901824951e-01
9.609615802764892578e-01 2.680837810039520264e-01
6.432471275329589844e-01 7.817025482654571533e-02
2.462847679853439331e-01 3.544762432575225830e-01
6.580125540494918823e-02 9.712995886802673340e-01
4.786391258239746094e-01 5.994229912757873535e-01
4.925228655338287354e-01 3.871137648820877075e-02
5.620221495628356934e-01 1.692898720502853394e-01
4.193322360515594482e-01 2.373678684234619141e-01
1.399086564779281616e-01 7.930912077426910400e-02
9.590454697608947754e-01 9.780356884002685547e-01
2.065201252698898315e-01 3.514928519725799561e-01
2.242754846811294556e-01 8.526686578989028931e-02
9.467814564704895020e-01 5.148925632238388062e-02
6.356796026229858398e-01 6.165928244590759277e-01
8.581974506378173828e-01 8.498411178588867188e-01
2.923722565174102783e-01 2.863703370094299316e-01
5.238693952560424805e-01 2.204785048961639404e-01
2.440207898616790771e-01 9.203326702117919922e-01
4.357127249240875244e-01 9.472961425781250000e-01
1.363190859556198120e-01 4.644461572170257568e-01
1.592635214328765869e-01 8.879568576812744141e-01
2.497841417789459229e-01 7.843247652053833008e-01
8.183130025863647461e-01 4.845159500837326050e-02
1.827408373355865479e-01 2.541224062442779541e-01
9.676312804222106934e-01 3.566083312034606934e-01
4.023029208183288574e-01 6.657880544662475586e-01
3.111371695995330811e-01 1.228809505701065063e-01
7.229176163673400879e-01 9.594473838806152344e-01
2.470783740282058716e-01 8.989341855049133301e-01
1.073777452111244202e-01 8.300191164016723633e-01
6.602118015289306641e-01 4.288344979286193848e-01
1.766230762004852295e-01 1.823879629373550415e-01
1.370018720626831055e-01 6.329094618558883667e-02
7.653317451477050781e-01 8.799521327018737793e-01
4.834328293800354004e-01 7.962914705276489258e-01
2.167356759309768677e-01 8.410426378250122070e-01
1.368831694126129150e-01 6.361545920372009277e-01
8.410905003547668457e-01 4.907270371913909912e-01
2.048971205949783325e-01 2.311013042926788330e-01
6.140499711036682129e-01 5.670889616012573242e-01
2.971061766147613525e-01 7.486474514007568359e-01
3.357100486755371094e-01 1.702849864959716797e-01
2.346458137035369873e-01 8.663408756256103516e-01
9.807506203651428223e-01 3.292472362518310547e-01
6.892226934432983398e-01 7.495749741792678833e-02
5.187210440635681152e-01 9.626526385545730591e-02
5.316285490989685059e-01 4.554306566715240479e-01
1.186115890741348267e-01 5.042137503623962402e-01
7.181521654129028320e-01 3.552726507186889648e-01
5.009379982948303223e-01 8.391325473785400391e-01
3.301059901714324951e-01 5.933142304420471191e-01
1.951459795236587524e-01 1.906270831823348999e-01
5.047014951705932617e-01 7.635575532913208008e-01
9.475384950637817383e-01 4.939701557159423828e-01
9.546253085136413574e-01 1.728710830211639404e-01
9.562758803367614746e-01 3.363200128078460693e-01
5.453695654869079590e-01 1.546832770109176636e-01
5.065992474555969238e-01 8.633645176887512207e-01
6.953487992286682129e-01 4.008444771170616150e-02
9.549401402473449707e-01 2.331150174140930176e-01
3.914913535118103027e-01 3.083904087543487549e-01
5.241329669952392578e-01 7.426207065582275391e-01
6.133455634117126465e-01 6.762760281562805176e-01
3.324086368083953857e-01 2.131136506795883179e-01
2.579637467861175537e-01 4.334175288677215576e-01
5.032515898346900940e-02 9.277888536453247070e-01
1.094412133097648621e-01 4.835413098335266113e-01
3.222075104713439941e-01 9.905627369880676270e-01
1.954394131898880005e-01 8.718807101249694824e-01
7.834558486938476562e-01 1.042300611734390259e-01
7.767723798751831055e-01 8.632608689367771149e-03
8.319175839424133301e-01 8.852543830871582031e-01
8.215289115905761719e-01 7.803003787994384766e-01
1.519598662853240967e-01 2.088809162378311157e-01
1.446301490068435669e-01 8.079731464385986328e-01
3.862964212894439697e-01 9.151334762573242188e-01
1.641358137130737305e-01 3.076931275427341461e-02
8.812500238418579102e-01 8.515389561653137207e-01
6.924132704734802246e-01 1.682920157909393311e-01
9.337544441223144531e-01 1.351955235004425049e-01
2.744898796081542969e-01 8.257830739021301270e-01
4.390673339366912842e-01 7.242111023515462875e-04
1.094834879040718079e-01 6.976730227470397949e-01
5.753929615020751953e-01 5.362129807472229004e-01
4.878598749637603760e-01 7.284751534461975098e-01
8.252132683992385864e-02 9.054183959960937500e-01
8.052869439125061035e-01 1.102661862969398499e-01
2.855404913425445557e-01 9.430274367332458496e-01
7.358951568603515625e-01 5.892289876937866211e-01
1.499569416046142578e-01 9.635510444641113281e-01
9.946022033691406250e-01 2.078323513269424438e-01
8.930784463882446289e-01 1.426538825035095215e-02
5.138682201504707336e-02 2.674874067306518555e-01
4.379520416259765625e-01 7.899012565612792969e-01
3.601561188697814941e-01 1.364704370498657227e-01
2.697217464447021484e-01 9.242957830429077148e-01
4.442193806171417236e-01 1.954473853111267090e-01
1.392290741205215454e-01 1.410975866019725800e-02
5.830321907997131348e-01 3.871714472770690918e-01
3.297628462314605713e-01 6.854767799377441406e-01
1.763342171907424927e-01 7.350303530693054199e-01
4.492151439189910889e-01 1.683609038591384888e-01
2.078883051872253418e-01 8.398030400276184082e-01
2.643237113952636719e-01 1.590541899204254150e-01
9.819924831390380859e-01 4.575096666812896729e-01
3.100780844688415527e-01 5.473302602767944336e-01
7.235459238290786743e-02 2.476744055747985840e-01
2.259394377470016479e-01 8.815602660179138184e-01
1.183660104870796204e-01 8.662527203559875488e-01
7.836366444826126099e-02 1.557403504848480225e-01
3.194647431373596191e-01 2.763518691062927246e-01
8.655197024345397949e-01 4.187875092029571533e-01
6.369655728340148926e-01 2.083259969949722290e-01
9.264189004898071289e-02 9.351698756217956543e-01
5.621384382247924805e-01 4.097648262977600098e-01
9.498671293258666992e-01 8.627593517303466797e-01
2.542671859264373779e-01 5.817154645919799805e-01
9.322120547294616699e-01 6.373313069343566895e-01
6.948774456977844238e-01 2.955452539026737213e-02
1.067492291331291199e-01 7.086680531501770020e-01
8.458586335182189941e-01 7.004696130752563477e-01
6.402952671051025391e-01 6.928272247314453125e-01
4.669251143932342529e-01 8.289227485656738281e-01
6.800094842910766602e-01 6.906024813652038574e-01
2.274905294179916382e-01 1.184501275420188904e-01
5.455955862998962402e-01 2.900992333889007568e-01
2.293186783790588379e-01 2.732559442520141602e-01
8.031146228313446045e-02 7.218420505523681641e-01
6.230894923210144043e-01 8.799577951431274414e-01
1.302885711193084717e-01 8.805963397026062012e-01
8.757069706916809082e-02 6.167788505554199219e-01
8.402568697929382324e-01 2.851933538913726807e-01
2.592320740222930908e-01 5.798988342285156250e-01
2.158115059137344360e-01 6.886778473854064941e-01
2.352784574031829834e-01 9.611407518386840820e-01
4.007600843906402588e-01 2.891175746917724609e-01
1.621066182851791382e-01 9.901815056800842285e-01
9.363675117492675781e-01 9.394107460975646973e-01
8.313080072402954102e-01 5.647130608558654785e-01
9.431422948837280273e-01 5.201261639595031738e-01
7.803331017494201660e-01 8.171126246452331543e-01
4.725835919380187988e-01 3.661903440952301025e-01
7.165751457214355469e-01 3.199831545352935791e-01
6.643524169921875000e-01 2.230110019445419312e-01
6.989776492118835449e-01 4.020051062107086182e-01
1.856277436017990112e-01 1.345226075500249863e-02
4.661587476730346680e-01 3.209114372730255127e-01
2.927566468715667725e-01 8.761473894119262695e-01
7.760114073753356934e-01 8.533527851104736328e-01
1.503795832395553589e-01 3.748418986797332764e-01
7.795724868774414062e-01 9.280262142419815063e-02
1.893465369939804077e-01 1.660260111093521118e-01
9.320294857025146484e-01 6.243188381195068359e-01
5.647648572921752930e-01 5.543466806411743164e-01
6.364907026290893555e-01 3.039550185203552246e-01
7.671738266944885254e-01 7.836716175079345703e-01
5.074362158775329590e-01 5.522705316543579102e-01
7.419378161430358887e-01 5.214031934738159180e-01
8.915137648582458496e-01 3.117711544036865234e-01
6.011052727699279785e-01 8.353888988494873047e-01
8.513182401657104492e-01 2.407685108482837677e-02
3.542572855949401855e-01 2.168240547180175781e-01
4.499378204345703125e-01 2.579617202281951904e-01
1.657904833555221558e-01 1.668543815612792969e-01
5.474256873130798340e-01 8.417647480964660645e-01
1.603550836443901062e-02 2.056286484003067017e-01
4.681030213832855225e-01 6.661595702171325684e-01
8.444647192955017090e-01 4.946825206279754639e-01
1.352456361055374146e-01 4.584295749664306641e-01
3.616547286510467529e-01 3.480806201696395874e-02
6.766052246093750000e-01 2.519679069519042969e-01
7.667888402938842773e-01 5.121297836303710938e-01
5.639646053314208984e-01 2.081092745065689087e-01
9.622916579246520996e-01 1.078004017472267151e-01
4.376260936260223389e-01 7.924048900604248047e-01
6.428458094596862793e-01 4.731105864048004150e-01
8.713003396987915039e-01 8.084438443183898926e-01
1.150633022189140320e-01 6.256899833679199219e-01
5.037694573402404785e-01 4.419431090354919434e-01
5.226773619651794434e-01 6.243494153022766113e-01
6.709998250007629395e-01 6.082030534744262695e-01
8.178101778030395508e-01 3.612783253192901611e-01
8.684426546096801758e-01 7.677670121192932129e-01
1.167675778269767761e-01 4.801164865493774414e-01
8.872214555740356445e-01 4.349297583103179932e-01
5.424171090126037598e-01 5.097219347953796387e-01
7.259035706520080566e-01 4.692244529724121094e-01
5.133861303329467773e-01 6.399650573730468750e-01
9.551592469215393066e-01 8.929453790187835693e-02
8.391985297203063965e-01 5.035570263862609863e-02
4.737991094589233398e-02 2.430630177259445190e-01
1.547633409500122070e-01 3.581855297088623047e-01
8.322132825851440430e-01 1.713048666715621948e-01
9.100789427757263184e-01 2.308749407529830933e-01
3.818090856075286865e-01 6.988582611083984375e-01
7.716758251190185547e-01 4.228274822235107422e-01
7.065771818161010742e-01 1.962531208992004395e-01
1.752914190292358398e-01 2.683398723602294922e-01
3.007701933383941650e-01 2.027140110731124878e-01
8.241645693778991699e-01 8.902922272682189941e-01
2.249061465263366699e-01 9.450699090957641602e-01
2.308450341224670410e-01 3.475976586341857910e-01
6.990272402763366699e-01 5.271328613162040710e-03
2.938291430473327637e-01 9.821545481681823730e-01
8.420454859733581543e-01 1.822243034839630127e-01
4.522840976715087891e-01 5.499707460403442383e-01
2.225816249847412109e-01 9.291977286338806152e-01
3.047264814376831055e-01 2.467830926179885864e-01
9.064180850982666016e-01 3.158282637596130371e-01
1.826598122715950012e-02 9.867385029792785645e-01
4.409700930118560791e-01 4.122055172920227051e-01
2.060290127992630005e-01 2.003831416368484497e-01
1.527792811393737793e-01 2.226511687040328979e-01
9.639109969139099121e-01 6.279821991920471191e-01
1.524088680744171143e-01 1.954255700111389160e-01
7.043381929397583008e-01 8.735227584838867188e-01
2.923895716667175293e-01 7.925977706909179688e-01
5.693923234939575195e-01 8.617404699325561523e-01
2.420031875371932983e-01 3.863213583827018738e-02
4.147100448608398438e-01 6.483561396598815918e-01
8.362681865692138672e-01 2.937031388282775879e-01
6.339237093925476074e-01 1.211031079292297363e-01
3.791630864143371582e-01 4.704110324382781982e-01
4.800524413585662842e-01 9.296612143516540527e-01
8.631786704063415527e-01 5.748392343521118164e-01
5.549392700195312500e-01 4.427303969860076904e-01
5.047288257628679276e-03 3.037002682685852051e-01
6.496132612228393555e-01 6.882005929946899414e-01
8.221897482872009277e-01 1.037771161645650864e-02
5.353085994720458984e-01 8.809366226196289062e-01
2.218905091285705566e-01 7.691246867179870605e-01
1.196789294481277466e-01 1.088955700397491455e-01
6.312511563301086426e-01 2.691293358802795410e-01
2.438112348318099976e-01 8.771441578865051270e-01
8.081096410751342773e-01 3.592560589313507080e-01
1.734277009963989258e-01 9.524165391921997070e-01
8.116848468780517578e-01 2.315802127122879028e-01
9.802883267402648926e-01 1.811184734106063843e-01
5.454246401786804199e-01 5.285794734954833984e-01
3.568362817168235779e-02 1.544291526079177856e-01
6.710331439971923828e-01 3.047377765178680420e-01
4.530305266380310059e-01 1.990481093525886536e-02
4.579552114009857178e-01 8.328862190246582031e-01
1.484549194574356079e-01 2.753488123416900635e-01
7.710134387016296387e-01 2.381554394960403442e-01
1.952021569013595581e-01 2.131939828395843506e-01
9.094492197036743164e-01 1.742684841156005859e-01
5.168385505676269531e-01 8.346037268638610840e-01
1.191735416650772095e-01 1.853085905313491821e-01
3.469523787498474121e-01 2.852228879928588867e-01
5.255568623542785645e-01 8.486081957817077637e-01
8.667761087417602539e-01 9.183010458946228027e-01
1.194350123405456543e-01 6.349720358848571777e-01
2.068053781986236572e-01 6.712962388992309570e-01
3.744771182537078857e-01 5.588173866271972656e-01
2.191745489835739136e-01 2.249764651060104370e-01
9.440904259681701660e-01 4.020811915397644043e-01
7.593473196029663086e-01 4.476175308227539062e-01
9.240924715995788574e-01 8.475278615951538086e-01
2.331029437482357025e-02 5.737652778625488281e-01
7.459449172019958496e-01 4.691759645938873291e-01
6.531609892845153809e-01 2.819881141185760498e-01
4.304906129837036133e-01 8.253110647201538086e-01
7.674586772918701172e-01 3.102993965148925781e-01
9.546635746955871582e-01 3.025123476982116699e-01
4.281995072960853577e-02 8.131646513938903809e-01
6.147668361663818359e-01 9.377010464668273926e-01
9.992517530918121338e-02 9.107089787721633911e-02
6.035882234573364258e-01 9.330086708068847656e-01
4.285183250904083252e-01 1.793868541717529297e-01
3.072185814380645752e-01 2.895518541336059570e-01
2.112610042095184326e-01 4.981413781642913818e-01
2.004985809326171875e-01 6.801342368125915527e-01
6.960175633430480957e-01 4.151511490345001221e-01
4.424186944961547852e-01 6.039998307824134827e-02
5.466037392616271973e-01 4.951598346233367920e-01
2.015888988971710205e-01 1.035699769854545593e-01
4.925900101661682129e-01 7.723767161369323730e-01
4.476165026426315308e-02 2.162622213363647461e-01
7.253439426422119141e-01 1.459295749664306641e-01
8.334300518035888672e-01 5.329779982566833496e-01
9.030163288116455078e-01 8.857943415641784668e-01
8.947759866714477539e-01 5.165372858755290508e-04
7.803948521614074707e-01 7.014563679695129395e-02
4.729183018207550049e-02 9.994638562202453613e-01
1.753384172916412354e-01 2.194960117340087891e-01
1.620518416166305542e-01 2.521428978070616722e-03
5.430717468261718750e-01 6.689879894256591797e-01
2.006417214870452881e-01 6.518113017082214355e-01
6.509905457496643066e-01 1.887042075395584106e-01
6.756346821784973145e-01 3.078537881374359131e-01
2.529194355010986328e-01 5.149517655372619629e-01
3.798993527889251709e-01 8.274962306022644043e-01
9.453172683715820312e-01 9.472786784172058105e-01
3.539251387119293213e-01 5.474248528480529785e-01
7.663829326629638672e-01 1.002282649278640747e-01
4.311546683311462402e-01 3.177521526813507080e-01
8.342629671096801758e-01 2.423283159732818604e-01
3.804742693901062012e-01 5.029991641640663147e-02
9.423235058784484863e-01 7.130396962165832520e-01
8.212673664093017578e-01 3.776647448539733887e-01
9.933629631996154785e-01 1.158423535525798798e-02
