7.290037274360656738e-01 8.062305450439453125e-01
5.980434417724609375e-01 3.317275941371917725e-01
5.962981581687927246e-01 4.478905349969863892e-02
5.479206442832946777e-01 5.399323701858520508e-01
3.350963592529296875e-01 6.738200783729553223e-01
7.683787345886230469e-01 1.445837467908859253e-01
9.469314245507121086e-04 9.987732768058776855e-01
3.888731598854064941e-01 9.968098402023315430e-01
6.917805671691894531e-01 5.822716951370239258e-01
3.007963299751281738e-01 2.791459858417510986e-01
3.171578645706176758e-01 9.036884307861328125e-01
7.663671970367431641e-01 1.361501812934875488e-01
5.016058683395385742e-01 6.302316784858703613e-01
7.654865384101867676e-01 8.680170774459838867e-02
4.976850152015686035e-01 5.550132393836975098e-01
4.542161226272583008e-01 3.614568710327148438e-01
4.519459903240203857e-01 5.382114052772521973e-01
7.166490554809570312e-01 6.577909588813781738e-01
6.756136417388916016e-01 6.554589271545410156e-01
8.304410576820373535e-01 9.430318474769592285e-01
8.605888485908508301e-02 4.769534170627593994e-01
6.602527499198913574e-01 9.288442730903625488e-01
3.033091127872467041e-02 9.503576159477233887e-01
4.024404287338256836e-01 3.212926909327507019e-03
7.077590823173522949e-01 1.243443414568901062e-01
6.329628825187683105e-01 1.980259418487548828e-01
9.419577717781066895e-01 2.414139360189437866e-01
7.775653600692749023e-01 7.256092876195907593e-02
2.132512815296649933e-02 3.039072155952453613e-01
3.086185753345489502e-01 8.209367990493774414e-01
5.539305806159973145e-01 1.981675028800964355e-01
3.458713591098785400e-01 1.251242607831954956e-01
5.118691921234130859e-01 9.071244597434997559e-01
5.119935274124145508e-01 9.625580906867980957e-01
1.125782430171966553e-01 6.429327726364135742e-01
3.489474654197692871e-01 8.111099004745483398e-01
1.731602549552917480e-01 1.171274855732917786e-01
3.727982565760612488e-02 5.845038294792175293e-01
9.972797036170959473e-01 8.052663207054138184e-01
1.703737527132034302e-01 9.612483978271484375e-01
7.389640808105468750e-01 4.787736833095550537e-01
2.009823918342590332e-01 7.233785986900329590e-01
6.629341244697570801e-01 6.826429963111877441e-01
3.019148707389831543e-01 2.237896174192428589e-01
2.503415346145629883e-01 6.394357085227966309e-01
9.814906716346740723e-01 5.329553484916687012e-01
3.275739550590515137e-01 1.081561893224716187e-01
1.170696541666984558e-01 9.543504714965820312e-01
9.370318055152893066e-01 1.645657122135162354e-01
5.000026822090148926e-01 2.017799764871597290e-01
2.993134967982769012e-02 8.105332851409912109e-01
2.909344732761383057e-01 4.846772253513336182e-01
8.045580387115478516e-01 2.831763774156570435e-02
5.793305039405822754e-01 6.170402765274047852e-01
4.272812008857727051e-01 5.542981252074241638e-02
9.410707652568817139e-02 2.208354622125625610e-01
9.695012569427490234e-01 2.833076119422912598e-01
3.044502139091491699e-01 8.458307385444641113e-01
9.201434254646301270e-01 5.124489068984985352e-01
4.943206310272216797e-01 2.143401950597763062e-01
4.216197729110717773e-01 3.000675737857818604e-01
3.188526332378387451e-01 4.442391917109489441e-03
7.728666663169860840e-01 8.827560544013977051e-01
3.807304799556732178e-01 3.266099095344543457e-01
9.476758241653442383e-01 1.268262714147567749e-01
1.196016906760632992e-03 3.445461988449096680e-01
7.918025851249694824e-01 2.910712361335754395e-01
8.845648169517517090e-01 3.995543420314788818e-01
1.421453896909952164e-02 4.471064805984497070e-01
5.547074079513549805e-01 5.736529827117919922e-01
4.389229714870452881e-01 5.010541677474975586e-01
6.021438837051391602e-01 4.010885953903198242e-01
3.697397410869598389e-01 8.671036958694458008e-01
5.440227985382080078e-01 8.708684444427490234e-01
5.259615778923034668e-01 7.102095484733581543e-01
5.482567548751831055e-01 1.640574634075164795e-02
7.348566055297851562e-01 8.488792777061462402e-01
1.704756617546081543e-01 8.390647172927856445e-01
5.451071262359619141e-01 3.748549818992614746e-01
8.274182677268981934e-01 2.745504677295684814e-01
6.147301197052001953e-01 9.633277058601379395e-01
7.047055363655090332e-01 5.600531697273254395e-01
7.141495943069458008e-01 1.884948164224624634e-01
8.793952465057373047e-01 3.768034577369689941e-01
3.356594145298004150e-01 7.718005776405334473e-01
3.675677180290222168e-01 3.099667131900787354e-01
4.018034040927886963e-01 1.808461099863052368e-01
5.329477787017822266e-01 2.892378270626068115e-01
6.108489632606506348e-01 6.032488346099853516e-01
3.355887830257415771e-01 2.281097918748855591e-01
4.828210473060607910e-01 9.888867735862731934e-01
8.425970077514648438e-01 1.592115461826324463e-01
3.765818476676940918e-01 1.788587719202041626e-01
2.899240702390670776e-02 4.120868146419525146e-01
8.746343851089477539e-01 8.936761021614074707e-01
8.361688256263732910e-01 7.835558056831359863e-01
5.424755811691284180e-01 2.904779685195535421e-04
2.357178479433059692e-01 8.638306260108947754e-01
1.404136866331100464e-01 3.920067250728607178e-01
4.963910579681396484e-01 5.307610034942626953e-01
7.497667670249938965e-01 2.478934675455093384e-01
6.072252392768859863e-01 3.788154423236846924e-01
2.727585434913635254e-01 8.158177137374877930e-01
6.338274478912353516e-01 4.642953574657440186e-01
3.146257698535919189e-01 3.759968280792236328e-01
6.371581554412841797e-02 5.749190449714660645e-01
3.851761817932128906e-01 8.564301729202270508e-01
5.076816678047180176e-01 8.694014549255371094e-01
7.251533865928649902e-01 3.362467885017395020e-01
9.873653203248977661e-02 3.182785809040069580e-01
5.413506031036376953e-01 5.854688882827758789e-01
5.589624643325805664e-01 2.531176805496215820e-01
3.024788796901702881e-01 1.605081111192703247e-01
2.461189329624176025e-01 9.023126363754272461e-01
8.691876381635665894e-02 6.951821446418762207e-01
9.779809713363647461e-01 5.476760268211364746e-01
6.797059178352355957e-01 1.842502057552337646e-01
7.207990288734436035e-01 3.753719031810760498e-01
8.617222309112548828e-01 3.466742038726806641e-01
3.172076344490051270e-01 3.911360502243041992e-01
2.431357502937316895e-01 4.551825672388076782e-02
1.616298109292984009e-01 8.863727450370788574e-01
4.445355832576751709e-01 2.417194098234176636e-01
8.166707754135131836e-01 2.848072648048400879e-01
3.495875895023345947e-01 4.727143645286560059e-01
6.688886284828186035e-01 4.726655185222625732e-01
3.801650702953338623e-01 1.832833804655820131e-04
2.191690057516098022e-01 8.231530338525772095e-02
7.184558510780334473e-01 1.533980369567871094e-01
7.606964111328125000e-01 3.380107507109642029e-02
7.803962230682373047e-01 5.273024439811706543e-01
6.200437545776367188e-01 2.102982103824615479e-01
6.444548070430755615e-02 7.339897751808166504e-01
9.068348407745361328e-01 2.641310691833496094e-01
5.666736364364624023e-01 7.797000408172607422e-01
7.973870635032653809e-01 9.208892285823822021e-02
3.758707642555236816e-01 4.449810683727264404e-01
4.247238337993621826e-01 6.325963735580444336e-01
4.987369179725646973e-01 4.933594465255737305e-01
7.805295586585998535e-01 5.504434555768966675e-02
1.861317455768585205e-01 1.692126132547855377e-02
2.641474604606628418e-01 9.702702760696411133e-01
7.030667066574096680e-01 7.227898240089416504e-01
6.239309906959533691e-01 1.336845457553863525e-01
8.163390755653381348e-01 3.756045997142791748e-01
6.340563893318176270e-01 4.582014381885528564e-01
2.477865293622016907e-02 8.741259574890136719e-01
9.527000784873962402e-01 1.389739215373992920e-01
6.454563140869140625e-02 1.598707884550094604e-01
4.214860796928405762e-01 2.483931183815002441e-01
4.581404626369476318e-01 1.140918582677841187e-01
4.170802831649780273e-01 3.548612594604492188e-01
7.299299836158752441e-01 1.939952820539474487e-01
5.630825087428092957e-02 4.595411717891693115e-01
2.748913466930389404e-01 7.385183572769165039e-01
6.984199397265911102e-03 9.337726831436157227e-01
6.613831520080566406e-01 7.794830799102783203e-01
8.876487612724304199e-01 6.838580965995788574e-01
4.086534380912780762e-01 1.554749310016632080e-01
8.624799847602844238e-01 4.802893698215484619e-01
2.929223477840423584e-01 7.279129028320312500e-01
2.366952598094940186e-01 3.431992232799530029e-01
2.928863763809204102e-01 6.199367046356201172e-01
7.850564718246459961e-01 6.644205749034881592e-02
6.020668148994445801e-01 7.360689640045166016e-01
8.159099221229553223e-01 6.419206261634826660e-01
3.001353442668914795e-01 4.564501047134399414e-01
4.861462712287902832e-01 1.708905547857284546e-01
3.225490152835845947e-01 6.673497557640075684e-01
1.923610270023345947e-01 8.869004845619201660e-01
6.208903193473815918e-01 2.531641423702239990e-01
5.380222797393798828e-01 6.829136610031127930e-02
6.194008588790893555e-01 1.855339705944061279e-01
9.969570040702819824e-01 7.085772603750228882e-02
7.903768867254257202e-02 6.942779421806335449e-01
8.182317018508911133e-01 9.508357644081115723e-01
1.654711067676544189e-01 9.817096590995788574e-01
9.162772893905639648e-01 1.873689889907836914e-01
3.602333068847656250e-01 3.551871776580810547e-01
6.949031352996826172e-01 1.239909157156944275e-01
5.804572105407714844e-01 6.923770308494567871e-01
3.858363330364227295e-01 4.267712533473968506e-01
9.454984068870544434e-01 3.544833660125732422e-01
9.605270624160766602e-02 3.145600482821464539e-02
1.811659336090087891e-01 2.863718271255493164e-01
8.446205854415893555e-01 3.190857768058776855e-01
7.361770868301391602e-01 8.639217615127563477e-01
2.945945560932159424e-01 5.367092490196228027e-01
8.708053231239318848e-01 1.696610599756240845e-01
6.328361034393310547e-01 7.697738707065582275e-02
4.562830328941345215e-01 6.748632788658142090e-01
2.783819735050201416e-01 9.908791184425354004e-01
2.983865141868591309e-01 5.127434134483337402e-01
3.212899863719940186e-01 9.045639634132385254e-01
9.485987424850463867e-01 4.299385845661163330e-01
3.179507851600646973e-01 9.962149858474731445e-01
8.584608435630798340e-01 3.473117351531982422e-01
5.136563777923583984e-01 1.073511019349098206e-01
7.273234724998474121e-01 7.579713463783264160e-01
1.510833762586116791e-02 1.953134387731552124e-01
3.839486539363861084e-01 9.960564970970153809e-01
3.526673093438148499e-02 2.380062937736511230e-01
3.229029178619384766e-01 9.159114360809326172e-01
6.811518073081970215e-01 8.724666833877563477e-01
1.071876585483551025e-01 5.525979399681091309e-01
4.672382473945617676e-01 1.621562540531158447e-01
1.850496828556060791e-01 8.359982371330261230e-01
8.535782694816589355e-01 5.761068463325500488e-01
3.681461811065673828e-01 3.627614974975585938e-01
3.399864137172698975e-01 6.777302920818328857e-02
5.368531346321105957e-01 9.728083610534667969e-01
2.199457138776779175e-01 1.018900349736213684e-01
4.795958995819091797e-01 2.829269170761108398e-01
9.767386317253112793e-01 3.241335749626159668e-01
8.228244781494140625e-01 8.658869862556457520e-01
2.030296027660369873e-01 6.871644258499145508e-01
8.028430342674255371e-01 7.880270481109619141e-01
9.559630751609802246e-01 9.008421003818511963e-02
5.250240564346313477e-01 6.923125386238098145e-01
4.339922070503234863e-01 4.649093747138977051e-02
3.822659701108932495e-02 4.394751191139221191e-01
2.351101636886596680e-01 8.153918981552124023e-01
3.494838774204254150e-01 7.929943203926086426e-01
6.990980505943298340e-01 2.034868150949478149e-01
1.973839402198791504e-01 7.104206085205078125e-02
9.817472696304321289e-01 7.237027287483215332e-01
2.363277077674865723e-01 1.074391305446624756e-01
5.980530381202697754e-01 8.170558810234069824e-01
7.606157567352056503e-03 9.880512952804565430e-01
2.346651703119277954e-01 3.316530585289001465e-01
4.146007895469665527e-01 1.119211018085479736e-01
1.305361092090606689e-01 4.070122539997100830e-01
6.299785971641540527e-01 3.646208345890045166e-01
6.255615949630737305e-01 7.632257938385009766e-01
7.270345091819763184e-01 3.470762073993682861e-01
7.300156950950622559e-01 2.254379838705062866e-01
1.685304641723632812e-01 6.492164731025695801e-01
5.854403972625732422e-01 9.714655280113220215e-01
8.139684796333312988e-01 9.536532759666442871e-01
3.272677659988403320e-01 1.033632829785346985e-01
3.298559188842773438e-01 6.733837127685546875e-01
9.063156843185424805e-01 4.211061447858810425e-02
8.484250903129577637e-01 2.975367009639739990e-01
1.676550805568695068e-01 5.603501796722412109e-01
5.563807487487792969e-01 6.893988847732543945e-01
9.264472126960754395e-01 8.862869143486022949e-01
6.994740962982177734e-01 4.663292169570922852e-01
7.625392675399780273e-01 4.411526024341583252e-01
6.682854294776916504e-01 4.645943343639373779e-01
6.786050200462341309e-01 9.955756068229675293e-01
9.675652980804443359e-01 6.231077909469604492e-01
4.618666470050811768e-01 6.973309516906738281e-01
5.234569311141967773e-01 8.879251480102539062e-01
9.101244807243347168e-02 7.533586621284484863e-01
9.796295166015625000e-01 1.155273541808128357e-01
6.042076349258422852e-01 9.272919297218322754e-01
1.245358958840370178e-01 1.031002923846244812e-01
9.474303126335144043e-01 8.074804544448852539e-01
2.403699159622192383e-01 8.790099620819091797e-02
9.415836334228515625e-01 6.034779548645019531e-01
3.223851025104522705e-01 8.482694625854492188e-01
1.447619348764419556e-01 5.827783346176147461e-01
7.741501927375793457e-01 6.188640594482421875e-01
9.540873169898986816e-01 4.409936964511871338e-01
2.015664428472518921e-01 9.299299120903015137e-01
3.723779022693634033e-01 4.055170118808746338e-01
1.330647915601730347e-01 6.187749505043029785e-01
4.084191918373107910e-01 4.356058239936828613e-01
3.286315873265266418e-02 2.516196966171264648e-01
5.227233171463012695e-01 2.851607203483581543e-01
2.535731494426727295e-01 9.961237907409667969e-01
3.895757794380187988e-01 2.018797546625137329e-01
3.529611974954605103e-03 9.206588864326477051e-01
8.230100274085998535e-01 4.333442449569702148e-01
9.489630460739135742e-01 4.978552162647247314e-01
5.755062103271484375e-01 1.216983981430530548e-02
3.204260468482971191e-01 5.040885508060455322e-02
6.255128234624862671e-02 5.032522678375244141e-01
2.063845098018646240e-01 5.191363692283630371e-01
2.680493593215942383e-01 9.075292199850082397e-02
8.963453769683837891e-01 3.391483724117279053e-01
2.146310508251190186e-01 8.324295878410339355e-01
1.862913928925991058e-02 1.859013587236404419e-01
2.624785006046295166e-01 2.132383882999420166e-01
5.958158969879150391e-01 5.948693752288818359e-01
7.009408473968505859e-01 6.917849779129028320e-01
8.087717890739440918e-01 4.681113958358764648e-01
8.354423195123672485e-02 5.119198560714721680e-01
3.488805294036865234e-01 2.552798390388488770e-01
4.827689826488494873e-01 7.883447408676147461e-01
5.641784071922302246e-01 3.982547223567962646e-01
1.579955220222473145e-01 5.216240882873535156e-01
1.222204491496086121e-01 3.392675518989562988e-01
8.968580961227416992e-01 2.655938267707824707e-02
3.757414221763610840e-01 2.869562208652496338e-01
8.779634237289428711e-01 2.511745989322662354e-01
6.256073117256164551e-01 6.864081621170043945e-01
8.575842380523681641e-01 2.993441224098205566e-01
5.506023764610290527e-01 9.872171878814697266e-01
3.297243416309356689e-01 6.435512304306030273e-01
7.515232563018798828e-01 1.556616574525833130e-01
4.292891025543212891e-01 3.865140676498413086e-01
9.022181630134582520e-01 9.990193843841552734e-01
9.800497889518737793e-01 8.013039827346801758e-01
5.595483183860778809e-01 3.453089296817779541e-01
3.919662833213806152e-01 1.614267528057098389e-01
2.806417047977447510e-01 5.478643178939819336e-01
3.691066205501556396e-01 2.878346443176269531e-01
9.117811322212219238e-01 2.208994626998901367e-01
6.525242924690246582e-01 2.521734535694122314e-01
4.953305125236511230e-01 4.827984571456909180e-01
3.145163059234619141e-01 6.681872010231018066e-01
6.859536767005920410e-01 1.280430555343627930e-01
5.447870120406150818e-02 5.301330685615539551e-01
6.499636769294738770e-01 5.691043734550476074e-01
8.022145628929138184e-01 1.061065420508384705e-01
3.839641213417053223e-01 9.996784329414367676e-01
5.045498013496398926e-01 5.672577023506164551e-01
2.371415048837661743e-01 1.031130328774452209e-01
4.175477623939514160e-01 2.909006774425506592e-01
5.341760516166687012e-01 3.104865550994873047e-01
7.448007464408874512e-01 6.089315414428710938e-01
4.125021100044250488e-01 9.615979790687561035e-01
8.419806957244873047e-01 8.499724268913269043e-01
6.193253993988037109e-01 6.849895119667053223e-01
3.043555617332458496e-01 8.558793663978576660e-01
5.980160236358642578e-01 4.340137168765068054e-02
5.480172634124755859e-01 4.546392858028411865e-01
3.116834759712219238e-01 3.300658762454986572e-01
6.932454109191894531e-01 3.798761665821075439e-01
6.751820445060729980e-01 4.108757376670837402e-01
4.985140264034271240e-01 7.196108102798461914e-01
3.730823099613189697e-02 9.569925069808959961e-01
8.184278011322021484e-02 1.529114395380020142e-01
9.302505850791931152e-01 9.544789195060729980e-01
7.712084800004959106e-02 3.604177534580230713e-01
4.607988595962524414e-01 9.597635269165039062e-01
6.315060257911682129e-01 2.345985323190689087e-01
6.938794851303100586e-01 4.810581207275390625e-01
2.216425091028213501e-01 8.365936875343322754e-01
5.487294793128967285e-01 8.737070560455322266e-01
2.316717356443405151e-01 2.761871181428432465e-02
9.644869565963745117e-01 7.313887476921081543e-01
6.257795691490173340e-01 3.913127779960632324e-01
2.104617953300476074e-01 4.050363004207611084e-01
6.639173626899719238e-02 1.780363731086254120e-02
2.012069523334503174e-01 8.531917333602905273e-01
7.463595867156982422e-01 7.860503196716308594e-01
3.142172396183013916e-01 4.262295961380004883e-01
1.157514378428459167e-01 3.753612041473388672e-01
8.421359658241271973e-01 1.578469276428222656e-01
5.707055330276489258e-01 4.150307178497314453e-01
5.863288044929504395e-01 1.936626583337783813e-01
1.362841129302978516e-01 6.712633371353149414e-01
6.162431836128234863e-01 4.885948821902275085e-02
7.036934494972229004e-01 6.181620955467224121e-01
2.708400785923004150e-01 3.019261956214904785e-01
8.951164782047271729e-02 1.123254075646400452e-01
9.109810590744018555e-01 3.113240599632263184e-01
1.935026198625564575e-01 6.306200027465820312e-01
5.157327055931091309e-01 6.912668943405151367e-01
3.508422672748565674e-01 4.185979962348937988e-01
5.656002163887023926e-01 8.366926014423370361e-02
1.584625989198684692e-01 7.357786297798156738e-01
6.407970786094665527e-01 1.040711104869842529e-01
8.452610373497009277e-01 1.135858222842216492e-01
5.337123274803161621e-01 1.262142211198806763e-01
6.125053763389587402e-01 5.516046285629272461e-01
1.987790018320083618e-01 2.480633705854415894e-01
5.217398405075073242e-01 4.258782267570495605e-01
9.511041641235351562e-01 6.352952718734741211e-01
7.335110306739807129e-01 6.901574134826660156e-01
6.214931607246398926e-01 3.677362501621246338e-01
1.396148651838302612e-01 7.637354731559753418e-01
1.245714500546455383e-01 7.851286530494689941e-01
4.658453464508056641e-01 3.221089243888854980e-01
4.414916634559631348e-01 3.918858468532562256e-01
4.082905054092407227e-01 9.017754793167114258e-01
4.711148440837860107e-01 9.620761871337890625e-01
2.120994329452514648e-01 9.857662916183471680e-01
8.573791384696960449e-01 9.377843141555786133e-02
7.582828402519226074e-01 2.857240661978721619e-02
5.797353386878967285e-01 6.911077499389648438e-01
5.321444869041442871e-01 9.330957531929016113e-01
9.919958561658859253e-02 4.131183028221130371e-01
4.226748347282409668e-01 8.335169553756713867e-01
5.479640960693359375e-01 3.353835344314575195e-01
4.634833633899688721e-01 9.417109191417694092e-02
6.871569156646728516e-01 1.090065985918045044e-01
4.312634766101837158e-01 9.900392889976501465e-01
4.255087971687316895e-01 9.813432097434997559e-01
8.478714227676391602e-01 2.967889308929443359e-01
8.650854825973510742e-01 1.456610858440399170e-01
5.032002329826354980e-01 8.761512637138366699e-01
4.901300370693206787e-02 4.481033086776733398e-01
2.662678956985473633e-01 5.936862230300903320e-01
3.429663777351379395e-01 7.031928300857543945e-01
1.990123391151428223e-01 2.865110933780670166e-01
4.813360869884490967e-01 4.816276729106903076e-01
1.622218824923038483e-02 5.805143117904663086e-01
9.311472773551940918e-01 2.439803928136825562e-01
1.561078578233718872e-01 2.227687686681747437e-01
1.635610759258270264e-01 5.627090930938720703e-01
9.586294889450073242e-01 1.531381160020828247e-01
3.932848870754241943e-01 1.743419766426086426e-01
7.089737653732299805e-01 8.618474006652832031e-01
5.890895128250122070e-01 4.563507139682769775e-01
3.974603414535522461e-01 8.324462175369262695e-01
4.570997357368469238e-01 5.031172633171081543e-01
7.859151959419250488e-01 4.218257218599319458e-02
7.601264119148254395e-01 6.202266365289688110e-02
7.061912417411804199e-01 8.390542119741439819e-02
4.649520814418792725e-01 8.627858161926269531e-01
6.940037012100219727e-01 1.919910311698913574e-01
6.410105228424072266e-01 2.343288958072662354e-01
2.138290405273437500e-01 7.073915004730224609e-01
1.921549439430236816e-01 2.375631332397460938e-01
1.051040589809417725e-01 3.434082567691802979e-01
1.488067582249641418e-02 8.786543011665344238e-01
4.752492606639862061e-01 9.262646436691284180e-01
9.475395679473876953e-01 8.806942701339721680e-01
8.640925884246826172e-01 1.021152809262275696e-01
8.747380971908569336e-02 1.988804191350936890e-01
1.231625862419605255e-02 1.633024066686630249e-01
7.582213878631591797e-01 2.039493024349212646e-01
5.020805597305297852e-01 9.468484520912170410e-01
6.291128396987915039e-01 1.241589933633804321e-01
4.887303709983825684e-01 1.660004705190658569e-01
3.701429069042205811e-01 8.967534899711608887e-01
6.524000763893127441e-01 8.264214992523193359e-01
2.323023378849029541e-01 3.394277095794677734e-01
9.250603318214416504e-01 3.733382001519203186e-02
9.661183953285217285e-01 2.698101103305816650e-01
5.184967517852783203e-01 6.913024187088012695e-01
9.312491863965988159e-02 9.853721857070922852e-01
1.096773371100425720e-01 9.955985546112060547e-01
3.894952833652496338e-01 2.770594954490661621e-01
4.855926334857940674e-01 2.239812612533569336e-01
2.158242911100387573e-01 2.044818550348281860e-01
6.867051124572753906e-01 7.532510757446289062e-01
5.765277147293090820e-01 1.573772132396697998e-01
8.474649488925933838e-02 8.608049750328063965e-01
7.003077268600463867e-01 4.587145447731018066e-01
3.200398087501525879e-01 8.126692771911621094e-01
7.216940820217132568e-02 5.011823773384094238e-01
9.934768080711364746e-01 2.664868533611297607e-01
9.404355883598327637e-01 2.879049479961395264e-01
1.089542359113693237e-01 6.821130216121673584e-02
8.384786844253540039e-01 6.613327860832214355e-01
2.911125719547271729e-01 5.052405595779418945e-01
4.490742683410644531e-01 8.879420161247253418e-01
3.952076435089111328e-01 8.530004024505615234e-01
4.798414409160614014e-01 4.828880727291107178e-01
3.876708447933197021e-02 1.777181625366210938e-01
4.909763634204864502e-01 8.686199784278869629e-01
3.719522953033447266e-01 9.238356947898864746e-01
9.620248675346374512e-01 7.360872030258178711e-01
6.287721395492553711e-01 6.257943511009216309e-01
1.117487475275993347e-01 9.376828670501708984e-01
5.124659538269042969e-01 4.534569978713989258e-01
1.202048957347869873e-01 8.313736319541931152e-01
4.517738223075866699e-01 6.036003828048706055e-01
9.847136139869689941e-01 4.318118393421173096e-01
1.424538046121597290e-01 9.220220446586608887e-01
2.359897643327713013e-01 9.308116436004638672e-01
4.466457366943359375e-01 1.402690857648849487e-01
5.091733485460281372e-02 5.151423811912536621e-01
2.349868714809417725e-01 1.412798911333084106e-01
6.072724461555480957e-01 3.216960728168487549e-01
4.883542060852050781e-01 5.152339935302734375e-01
8.872363567352294922e-01 1.800444722175598145e-02
6.584332585334777832e-01 9.544934332370758057e-02
6.504790186882019043e-01 8.124668151140213013e-02
3.764751851558685303e-01 3.756890892982482910e-01
5.495806932449340820e-01 2.251375317573547363e-01
8.215510845184326172e-01 4.798438251018524170e-01
3.183317184448242188e-01 1.152540519833564758e-01
8.539715409278869629e-02 1.507142633199691772e-01
3.692247569561004639e-01 7.496529072523117065e-02
8.932776451110839844e-01 7.005646824836730957e-01
2.794457674026489258e-01 2.816720604896545410e-01
2.658269107341766357e-01 3.499855697154998779e-01
9.358453750610351562e-01 3.772263228893280029e-01
5.229251980781555176e-01 5.158013105392456055e-01
1.818387657403945923e-01 7.877909541130065918e-01
3.965450525283813477e-01 7.755784988403320312e-01
6.533151865005493164e-01 2.918109595775604248e-01
6.382572054862976074e-01 7.289681434631347656e-01
4.133973717689514160e-01 7.716098427772521973e-02
2.548165619373321533e-01 1.707794703543186188e-02
6.159483790397644043e-01 8.303427100181579590e-01
1.375526040792465210e-01 1.455897092819213867e-01
8.818093687295913696e-02 2.943853437900543213e-01
3.897713422775268555e-01 2.353010028600692749e-01
1.250870972871780396e-01 2.938552796840667725e-01
3.146074116230010986e-01 6.977590918540954590e-01
1.306181252002716064e-01 1.339716017246246338e-01
4.538779258728027344e-01 1.655677855014801025e-01
6.527101397514343262e-01 2.549653649330139160e-01
5.452600717544555664e-01 5.188076496124267578e-01
6.343011260032653809e-01 3.388883769512176514e-01
2.636281549930572510e-01 2.702828943729400635e-01
2.421517819166183472e-01 5.796306133270263672e-01
7.641877532005310059e-01 1.055228412151336670e-01
7.345086336135864258e-01 1.806732267141342163e-01
9.623150229454040527e-01 3.809737740084528923e-03
3.122302293777465820e-01 6.461909413337707520e-01
9.830898642539978027e-01 8.813780546188354492e-01
5.762841105461120605e-01 1.463913917541503906e-01
9.788305759429931641e-01 1.009484939277172089e-02
1.371500343084335327e-01 9.310851693153381348e-01
6.847161054611206055e-01 7.342211008071899414e-01
9.964935779571533203e-01 1.833545863628387451e-01
5.932893157005310059e-01 9.588592648506164551e-01
7.231273055076599121e-01 6.144807934761047363e-01
1.637584418058395386e-01 5.468914508819580078e-01
3.969939649105072021e-01 5.642104893922805786e-02
9.369412660598754883e-01 1.714787445962429047e-02
3.566023409366607666e-01 9.655791521072387695e-01
3.504737317562103271e-01 3.420994877815246582e-01
6.456237435340881348e-01 5.445434898138046265e-02
9.138850569725036621e-01 2.000208944082260132e-01
5.642009973526000977e-01 3.301235288381576538e-02
3.241782188415527344e-01 7.231625914573669434e-01
5.528056025505065918e-01 5.504682064056396484e-01
5.970978736877441406e-01 9.350069165229797363e-01
4.539878070354461670e-01 4.179942905902862549e-01
3.770372644066810608e-02 2.106770277023315430e-01
7.835451960563659668e-01 9.453362226486206055e-01
7.378469109535217285e-01 3.387747704982757568e-01
5.894413590431213379e-01 4.784315824508666992e-01
6.511868834495544434e-01 9.277250766754150391e-01
2.858313024044036865e-01 1.181189343333244324e-01
4.773695766925811768e-01 1.154203489422798157e-01
9.493764489889144897e-02 8.465626090764999390e-02
1.701279729604721069e-01 6.921245455741882324e-01
9.757752418518066406e-01 1.269202381372451782e-01
5.020024999976158142e-02 5.633487701416015625e-01
5.441354513168334961e-01 9.092211723327636719e-01
9.051426649093627930e-01 6.942149996757507324e-01
5.727068781852722168e-01 1.287216693162918091e-01
9.650128483772277832e-01 3.939178884029388428e-01
4.279367327690124512e-01 6.024850532412528992e-02
5.118343234062194824e-01 6.949881911277770996e-01
7.384196519851684570e-01 3.767312467098236084e-01
8.498916029930114746e-01 9.777014851570129395e-01
3.946080803871154785e-01 1.114960014820098877e-01
6.488715410232543945e-01 2.197542786598205566e-01
9.113714098930358887e-02 9.229655861854553223e-01
8.773835301399230957e-01 1.892211660742759705e-02
2.346132397651672363e-01 9.452614784240722656e-01
9.112098813056945801e-01 6.457402110099792480e-01
6.909095495939254761e-02 3.195238485932350159e-02
6.620473265647888184e-01 5.812870264053344727e-01
5.284708738327026367e-01 8.816999197006225586e-01
3.912987709045410156e-01 6.069321036338806152e-01
5.681352615356445312e-01 9.999212026596069336e-01
9.689793586730957031e-01 5.056331753730773926e-01
5.417938232421875000e-01 6.479586362838745117e-01
1.862695515155792236e-01 5.983446240425109863e-01
1.332741528749465942e-01 8.784427046775817871e-01
7.267774343490600586e-01 6.146978214383125305e-02
7.995387911796569824e-01 7.612074259668588638e-03
8.920947313308715820e-01 1.969451755285263062e-01
2.853575646877288818e-01 8.402646519243717194e-03
8.277865648269653320e-01 1.000636518001556396e-01
8.216251134872436523e-01 4.589277207851409912e-01
7.556453347206115723e-01 2.549950480461120605e-01
4.503996372222900391e-01 9.383525848388671875e-01
2.239951640367507935e-01 9.926864504814147949e-01
7.410354018211364746e-01 4.790831729769706726e-02
9.319536089897155762e-01 7.117745876312255859e-01
2.409620285034179688e-01 1.564300954341888428e-01
6.850115060806274414e-01 3.801301717758178711e-01
4.902898669242858887e-01 2.620946168899536133e-01
2.468466758728027344e-01 2.815849483013153076e-01
4.460274577140808105e-01 2.041453421115875244e-01
6.111084818840026855e-01 1.182735487818717957e-01
1.739469543099403381e-02 2.343376576900482178e-01
8.576335906982421875e-01 9.948915839195251465e-01
5.999879911541938782e-02 8.110564947128295898e-01
8.835437297821044922e-01 1.994444131851196289e-01
1.376717835664749146e-01 9.124079346656799316e-01
2.979062311351299286e-02 5.049487948417663574e-01
3.044900298118591309e-01 2.879222631454467773e-01
3.593873679637908936e-01 6.804401278495788574e-01
3.499719202518463135e-01 6.297737360000610352e-01
5.881328582763671875e-01 5.728448629379272461e-01
5.757429003715515137e-01 1.539586931467056274e-01
5.351313948631286621e-01 3.916714191436767578e-01
1.817705184221267700e-01 5.585302710533142090e-01
6.576530933380126953e-01 3.010440468788146973e-01
7.126638293266296387e-01 4.935206472873687744e-01
4.240451455116271973e-01 9.423602223396301270e-01
1.985885947942733765e-01 6.648837924003601074e-01
1.141530796885490417e-01 5.844054222106933594e-01
6.462579369544982910e-01 2.070427834987640381e-01
1.573562026023864746e-01 7.603858709335327148e-01
4.548518732190132141e-02 5.339544415473937988e-01
1.569859832525253296e-01 4.716073870658874512e-01
7.480990886688232422e-01 4.455908238887786865e-01
7.146180868148803711e-01 8.688963204622268677e-02
1.721241474151611328e-01 1.748060286045074463e-01
7.689099907875061035e-01 1.911599189043045044e-01
3.450332880020141602e-01 1.541403979063034058e-01
8.060390949249267578e-01 3.785808980464935303e-01
9.525876492261886597e-03 6.488944292068481445e-01
3.959766030311584473e-01 4.664874374866485596e-01
4.572776257991790771e-01 7.362678647041320801e-02
5.664058774709701538e-02 3.846768662333488464e-02
1.180714443325996399e-01 1.137517299503087997e-02
3.823878765106201172e-01 7.954785823822021484e-01
2.655311822891235352e-01 1.528146713972091675e-01
5.701850652694702148e-01 8.003965020179748535e-01
5.966707691550254822e-02 7.061094045639038086e-01
8.314498066902160645e-01 9.593424797058105469e-01
2.702166438102722168e-01 2.214804291725158691e-01
2.725741863250732422e-01 3.794053494930267334e-01
5.655733942985534668e-01 5.793308019638061523e-01
5.385775566101074219e-01 8.443985581398010254e-01
1.691558212041854858e-01 1.195178031921386719e-01
4.343679547309875488e-01 3.026920855045318604e-01
1.221150681376457214e-01 1.047272384166717529e-01
2.276280522346496582e-01 7.605777978897094727e-01
8.718663454055786133e-01 5.058793425559997559e-01
8.942544460296630859e-01 2.007870823144912720e-01
9.643897414207458496e-01 8.066330552101135254e-01
5.437667369842529297e-01 4.051635563373565674e-01
8.662721514701843262e-01 2.583058178424835205e-01
1.553301662206649780e-01 5.975739359855651855e-01
3.303418755531311035e-01 5.264659523963928223e-01
5.154918432235717773e-01 2.369747608900070190e-01
5.998384356498718262e-01 2.635701000690460205e-01
2.578907012939453125e-01 2.111177742481231689e-01
5.159165859222412109e-01 2.220165282487869263e-01
8.192129731178283691e-01 4.621444046497344971e-01
9.756186008453369141e-01 8.310961723327636719e-01
3.693586885929107666e-01 8.353039622306823730e-01
6.088988184928894043e-01 4.018498361110687256e-01
2.829882800579071045e-01 2.248444557189941406e-01
3.629739284515380859e-01 6.707083582878112793e-01
1.058513000607490540e-01 4.576772078871726990e-02
8.938978910446166992e-01 1.848439276218414307e-01
1.297511160373687744e-01 6.932837367057800293e-01
5.848349332809448242e-01 9.553258419036865234e-01
3.458474278450012207e-01 3.059329390525817871e-01
5.157742500305175781e-01 8.838061094284057617e-01
3.235563635826110840e-01 7.323572635650634766e-01
6.166728734970092773e-01 9.571679234504699707e-01
3.152654767036437988e-01 2.508717775344848633e-01
3.180263340473175049e-01 1.679438948631286621e-01
6.579815745353698730e-01 1.063561290502548218e-01
7.288272380828857422e-01 3.300606608390808105e-01
8.848288655281066895e-02 5.534117817878723145e-01
5.266392230987548828e-01 6.152104139328002930e-01
2.302000857889652252e-02 4.316280409693717957e-02
3.731973171234130859e-01 1.766590029001235962e-01
5.654462575912475586e-01 3.638072311878204346e-01
2.561947703361511230e-01 1.888260543346405029e-01
5.610345005989074707e-01 2.696636021137237549e-01
3.715776205062866211e-01 3.024802505970001221e-01
4.234564602375030518e-01 5.436887964606285095e-02
1.922341436147689819e-01 5.009716749191284180e-02
1.639545708894729614e-01 2.405075430870056152e-01
4.782088696956634521e-01 5.595322251319885254e-01
6.648402810096740723e-01 5.455696582794189453e-01
6.114374995231628418e-01 9.305990338325500488e-01
2.330699115991592407e-01 8.101534247398376465e-01
1.005867496132850647e-01 4.439116716384887695e-01
3.336285650730133057e-01 1.624040305614471436e-01
3.797487318515777588e-01 7.353942990303039551e-01
8.366678357124328613e-01 1.608394831418991089e-02
8.020814061164855957e-01 1.102496832609176636e-01
6.053113341331481934e-01 7.684795558452606201e-02
5.220231413841247559e-01 1.031827460974454880e-02
3.094011545181274414e-01 7.158257365226745605e-01
7.221106886863708496e-01 4.137057960033416748e-01
7.789098620414733887e-01 8.042229413986206055e-01
8.421514034271240234e-01 9.980052113533020020e-01
9.152446687221527100e-02 8.655192852020263672e-01
9.866395592689514160e-01 3.234451413154602051e-01
7.022728323936462402e-01 4.962742626667022705e-01
5.778357982635498047e-01 3.022555708885192871e-01
5.952612161636352539e-01 1.477262079715728760e-01
6.165640056133270264e-02 6.682142019271850586e-01
5.122626423835754395e-01 4.931998252868652344e-01
9.196623563766479492e-01 4.614222645759582520e-01
1.914187073707580566e-01 3.697701692581176758e-01
9.748876690864562988e-01 5.237346291542053223e-01
4.465323984622955322e-01 3.353130221366882324e-01
6.814429759979248047e-01 9.596207737922668457e-01
4.945604801177978516e-01 2.444987297058105469e-01
6.460717916488647461e-01 8.129897117614746094e-01
3.977988958358764648e-01 9.805598258972167969e-01
5.763865709304809570e-01 2.687229514122009277e-01
8.266394734382629395e-01 9.262908101081848145e-01
4.174757003784179688e-01 2.279651314020156860e-01
2.272732406854629517e-01 3.627459704875946045e-01
6.315065622329711914e-01 4.714185893535614014e-01
4.203854799270629883e-01 1.665874272584915161e-01
7.975804805755615234e-01 5.754454135894775391e-01
7.972719669342041016e-01 7.082276791334152222e-02
3.461654782295227051e-01 3.826917707920074463e-01
1.710952608846127987e-03 4.872378110885620117e-01
2.900581061840057373e-01 4.987814277410507202e-02
7.232679128646850586e-01 4.172780215740203857e-01
5.887083411216735840e-01 1.402593106031417847e-01
5.792739391326904297e-01 4.631150066852569580e-01
7.807265222072601318e-02 2.053427547216415405e-01
2.624753117561340332e-01 6.007845401763916016e-01
4.437088370323181152e-01 6.498142480850219727e-01
3.538150787353515625e-01 3.490644097328186035e-01
4.567808210849761963e-01 3.115755617618560791e-01
4.521513283252716064e-01 9.993951916694641113e-01
4.650169610977172852e-01 9.493676424026489258e-01
1.541244834661483765e-01 6.406432390213012695e-01
5.268034934997558594e-01 5.668259263038635254e-01
4.791673123836517334e-01 5.538675189018249512e-01
6.028813123703002930e-01 1.462320536375045776e-01
7.984496653079986572e-02 3.266258835792541504e-01
8.891032338142395020e-01 8.580124378204345703e-01
3.691167533397674561e-01 7.737092971801757812e-01
5.215490460395812988e-01 2.388276904821395874e-01
6.246142387390136719e-01 1.208477020263671875e-01
4.568220078945159912e-01 8.422779440879821777e-01
7.837169766426086426e-01 1.924155801534652710e-01
6.710197329521179199e-01 1.774606108665466309e-01
8.237715363502502441e-01 1.606222242116928101e-01
3.633327782154083252e-01 8.560629487037658691e-01
3.586993813514709473e-01 7.544282078742980957e-01
9.824594259262084961e-01 9.557734131813049316e-01
7.344277501106262207e-01 3.058579862117767334e-01
9.831621646881103516e-01 6.055435538291931152e-01
7.499868422746658325e-02 7.812213301658630371e-01
8.536669015884399414e-01 7.207022309303283691e-01
7.049146294593811035e-01 2.235009707510471344e-02
2.058673352003097534e-01 9.720289111137390137e-01
5.676781535148620605e-01 6.806443333625793457e-01
6.047379970550537109e-01 4.747796356678009033e-01
4.063695378135889769e-04 5.204301327466964722e-02
8.915414661169052124e-02 4.631209373474121094e-01
2.290042787790298462e-01 9.494470953941345215e-01
1.435863375663757324e-01 3.151392042636871338e-01
2.617754638195037842e-01 5.595896393060684204e-02
3.124016821384429932e-01 6.791320443153381348e-01
8.198472857475280762e-01 9.517467021942138672e-01
1.690208911895751953e-01 2.169043868780136108e-01
2.839165627956390381e-01 3.206260800361633301e-01
1.923297047615051270e-01 9.330886602401733398e-01
5.207072496414184570e-01 2.708209119737148285e-02
8.214005827903747559e-01 9.504677057266235352e-01
2.027402967214584351e-01 7.185209393501281738e-01
7.554814815521240234e-01 4.462833106517791748e-01
7.886350154876708984e-01 3.088718652725219727e-01
7.903491258621215820e-01 2.766677439212799072e-01
7.945299148559570312e-01 1.805177330970764160e-01
1.125472113490104675e-01 1.041454225778579712e-01
7.781953811645507812e-01 2.026764005422592163e-01
6.943762302398681641e-01 6.763290166854858398e-01
1.051915511488914490e-01 8.466164581477642059e-03
7.108601927757263184e-01 7.152637243270874023e-01
1.644069403409957886e-01 9.096878767013549805e-01
6.637079268693923950e-02 9.908576011657714844e-01
7.397275567054748535e-01 8.740686178207397461e-01
5.173486471176147461e-01 8.627769947052001953e-01
4.140919148921966553e-01 2.050295323133468628e-01
9.279706478118896484e-01 4.716053009033203125e-01
1.317574530839920044e-01 8.997133374214172363e-01
4.967941641807556152e-01 4.090647697448730469e-01
7.059690952301025391e-01 7.017822861671447754e-01
1.350743174552917480e-01 9.306844472885131836e-01
1.579519957304000854e-01 6.488884687423706055e-01
7.770442962646484375e-01 2.709442973136901855e-01
2.816371060907840729e-02 9.074106812477111816e-01
7.646437883377075195e-01 4.136292338371276855e-01
8.419631719589233398e-01 8.274021148681640625e-01
3.192487955093383789e-01 6.239490509033203125e-01
3.989911079406738281e-01 8.529949933290481567e-02
6.668022871017456055e-01 5.402978062629699707e-01
7.826550006866455078e-01 1.864003390073776245e-01
3.559107482433319092e-01 9.137513637542724609e-01
5.244542360305786133e-01 9.575107693672180176e-01
7.554189562797546387e-01 9.339720010757446289e-01
4.689785540103912354e-01 9.395032525062561035e-01
2.209244966506958008e-01 5.021026730537414551e-01
8.150689005851745605e-01 1.125846803188323975e-01
2.383031100034713745e-01 6.422511935234069824e-01
5.603081360459327698e-02 4.234455227851867676e-01
2.695839107036590576e-01 7.777794599533081055e-01
3.558663129806518555e-01 4.082676768302917480e-01
8.014010190963745117e-01 7.286313176155090332e-02
4.942357838153839111e-01 6.201531291007995605e-01
8.248440176248550415e-02 4.459989368915557861e-01
1.881833747029304504e-02 5.290831327438354492e-01
8.401997089385986328e-01 6.034313440322875977e-01
6.713281273841857910e-01 9.428398013114929199e-01
8.833647966384887695e-01 5.397150516510009766e-01
8.756815791130065918e-01 2.927548587322235107e-01
5.026937723159790039e-01 8.412572145462036133e-01
5.943131446838378906e-01 4.692067801952362061e-01
2.923671901226043701e-01 5.679479837417602539e-01
5.317251086235046387e-01 6.973547339439392090e-01
9.783588051795959473e-01 8.963131904602050781e-02
7.868230342864990234e-01 1.216665431857109070e-01
1.057445704936981201e-01 5.948813166469335556e-03
2.100400626659393311e-02 2.698038220405578613e-01
5.684836506843566895e-01 4.222400486469268799e-01
7.583577632904052734e-01 2.757233679294586182e-01
5.269560813903808594e-01 7.278337478637695312e-01
7.053599357604980469e-01 7.242575883865356445e-01
4.044611155986785889e-01 6.415912508964538574e-01
1.763906776905059814e-01 8.414853811264038086e-01
3.865182399749755859e-01 4.937587976455688477e-01
5.951210260391235352e-01 3.372924625873565674e-01
3.493024408817291260e-01 9.013851881027221680e-01
5.489689111709594727e-01 5.101287364959716797e-02
1.286104917526245117e-01 5.117024779319763184e-01
4.692336022853851318e-01 2.149965912103652954e-01
2.213611155748367310e-01 5.835154056549072266e-01
2.378109693527221680e-01 9.665514826774597168e-01
7.301271557807922363e-01 1.155603490769863129e-02
3.337228670716285706e-02 6.725349426269531250e-01
2.262214869260787964e-01 7.430924177169799805e-01
6.465744972229003906e-01 7.763978838920593262e-01
8.483354449272155762e-01 3.078467547893524170e-01
5.701169371604919434e-01 4.135654494166374207e-02
5.067312121391296387e-01 3.364517986774444580e-01
1.102492362260818481e-01 1.429625004529953003e-01
6.588385105133056641e-01 3.113009966909885406e-02
7.653572559356689453e-01 7.951574772596359253e-02
8.365321755409240723e-01 6.308480501174926758e-01
2.354804277420043945e-01 5.995519161224365234e-01
8.467090725898742676e-01 4.477166831493377686e-01
4.968416988849639893e-01 7.464071512222290039e-01
5.533027052879333496e-01 5.546164512634277344e-01
9.785097837448120117e-01 5.941416025161743164e-01
9.300775527954101562e-01 1.098362952470779419e-01
8.542127013206481934e-01 6.587594747543334961e-01
8.803584575653076172e-01 5.631916224956512451e-02
2.516588568687438965e-01 5.588506460189819336e-01
3.765234649181365967e-01 3.392118811607360840e-01
7.480558156967163086e-01 1.711011081933975220e-01
3.163415491580963135e-01 2.974240779876708984e-01
7.425643801689147949e-01 1.387711614370346069e-01
9.215913414955139160e-01 7.247606515884399414e-01
3.370311558246612549e-01 9.606841206550598145e-01
7.768280059099197388e-02 9.615454673767089844e-01
7.326061129570007324e-01 4.737842977046966553e-01
2.674695849418640137e-01 9.706961512565612793e-01
5.782257318496704102e-01 4.555765092372894287e-01
8.241214156150817871e-01 1.280406117439270020e-01
9.193847775459289551e-01 7.272900938987731934e-01
5.262134671211242676e-01 4.902510046958923340e-01
9.177557229995727539e-01 8.524734377861022949e-01
8.358275294303894043e-01 3.995699882507324219e-01
1.412603408098220825e-01 6.485096216201782227e-01
1.505148261785507202e-01 9.169732332229614258e-01
1.754180043935775757e-01 2.056218497455120087e-02
5.616848468780517578e-01 3.668387979269027710e-02
3.865516781806945801e-01 9.830760210752487183e-02
9.789454936981201172e-01 6.341851353645324707e-01
6.774361729621887207e-01 7.947326898574829102e-01
6.573522835969924927e-02 4.453095197677612305e-01
8.629757910966873169e-02 9.890012741088867188e-01
1.597894728183746338e-01 3.753712773323059082e-01
1.210447102785110474e-01 4.547376036643981934e-01
8.340080976486206055e-01 9.559709429740905762e-01
4.408806264400482178e-01 8.942881822586059570e-01
4.529998302459716797e-01 2.220461070537567139e-01
2.720608115196228027e-01 8.918859958648681641e-01
4.777320027351379395e-01 1.936858594417572021e-01
8.506268262863159180e-01 1.282227132469415665e-02
2.863648533821105957e-01 2.771765887737274170e-01
2.802616953849792480e-01 1.541142761707305908e-01
3.626995086669921875e-01 3.250293433666229248e-01
8.680324554443359375e-01 2.881999313831329346e-01
2.410626560449600220e-01 5.769975185394287109e-01
7.341191172599792480e-01 1.856472045183181763e-01
6.746438741683959961e-01 8.846734166145324707e-01
3.244629800319671631e-01 6.481543779373168945e-01
6.735278367996215820e-01 4.031183421611785889e-01
2.023496925830841064e-01 3.653124868869781494e-01
5.309073925018310547e-01 9.755771160125732422e-01
8.694282770156860352e-01 6.954156756401062012e-01
2.953318059444427490e-01 3.429215848445892334e-01
1.502365916967391968e-01 7.226128578186035156e-01
9.481217861175537109e-01 4.651817679405212402e-02
4.427241384983062744e-01 3.529446423053741455e-01
3.771006315946578979e-02 3.126055896282196045e-01
9.168759584426879883e-01 5.848398208618164062e-01
4.982377290725708008e-01 7.218052744865417480e-01
9.720519185066223145e-01 6.139483451843261719e-01
3.362944424152374268e-01 2.035248465836048126e-02
6.746353209018707275e-02 7.503046989440917969e-01
3.786884248256683350e-01 9.657685756683349609e-01
1.037652716040611267e-01 9.680659174919128418e-01
4.664639532566070557e-01 5.810459852218627930e-01
5.694772005081176758e-01 6.767845153808593750e-01
3.910480141639709473e-01 2.940368838608264923e-02
3.269512057304382324e-01 9.815901517868041992e-01
7.694469392299652100e-02 9.599908590316772461e-01
9.935830831527709961e-01 1.966217011213302612e-01
1.894392818212509155e-01 6.150945425033569336e-01
2.733518481254577637e-01 4.661392867565155029e-01
4.990487098693847656e-01 5.116401314735412598e-01
4.434523582458496094e-01 9.251444935798645020e-01
7.742899656295776367e-01 6.234889626502990723e-01
8.970054984092712402e-01 6.515368074178695679e-02
1.093458086252212524e-01 1.776935309171676636e-01
2.747121155261993408e-01 9.433960914611816406e-01
9.363121539354324341e-02 2.216377481818199158e-02
8.016816973686218262e-01 8.930059075355529785e-01
3.974951505661010742e-01 1.766529679298400879e-01
3.231450617313385010e-01 6.636084318161010742e-01
6.896619796752929688e-01 4.145841896533966064e-01
3.017259538173675537e-01 3.851528465747833252e-01
3.545604050159454346e-01 7.787070274353027344e-01
1.550265550613403320e-01 4.423007071018218994e-01
2.990042567253112793e-01 8.249399065971374512e-01
7.459031343460083008e-01 2.399605065584182739e-01
6.387612819671630859e-01 9.502987861633300781e-01
9.975029230117797852e-01 8.626726865768432617e-01
2.183156907558441162e-01 7.354611754417419434e-01
3.011933267116546631e-01 1.559196412563323975e-01
8.657820224761962891e-01 2.659591734409332275e-01
5.868217945098876953e-01 1.455283761024475098e-01
7.826960682868957520e-01 4.915288090705871582e-01
1.606432646512985229e-01 5.552361607551574707e-01
5.634419918060302734e-01 1.401148289442062378e-01
3.896691650152206421e-02 9.000781178474426270e-01
9.367333650588989258e-01 6.066355705261230469e-01
1.898368895053863525e-01 3.085431270301342010e-02
2.492775917053222656e-01 2.805223464965820312e-01
8.753482699394226074e-01 8.748086094856262207e-01
1.522383559495210648e-02 7.213025540113449097e-02
8.344000577926635742e-01 3.631995022296905518e-01
6.956022977828979492e-01 2.552202045917510986e-01
3.238148391246795654e-01 3.449010848999023438e-01
7.616704702377319336e-01 6.302127838134765625e-01
7.586115002632141113e-01 1.249173358082771301e-01
9.930394589900970459e-02 5.559478998184204102e-01
1.638076156377792358e-01 6.394835114479064941e-01
5.519019365310668945e-01 3.731730878353118896e-01
8.128365874290466309e-01 2.174449861049652100e-01
5.679176449775695801e-01 7.733697295188903809e-01
9.838383793830871582e-01 9.392420053482055664e-01
6.006455421447753906e-01 9.870396256446838379e-01
1.618450433015823364e-01 7.551703453063964844e-01
7.616540789604187012e-01 3.150755465030670166e-01
1.972128450870513916e-02 9.746620655059814453e-01
2.366136908531188965e-01 2.607088983058929443e-01
3.242883980274200439e-01 4.029108881950378418e-01
2.500396072864532471e-01 8.402916789054870605e-01
4.673491716384887695e-01 9.862228035926818848e-01
3.573279976844787598e-01 3.293411731719970703e-01
2.396252751350402832e-01 6.406407952308654785e-01
8.501619696617126465e-01 1.156964898109436035e-01
6.431409716606140137e-01 6.317454576492309570e-01
3.700436353683471680e-01 7.316590547561645508e-01
2.519969344139099121e-01 5.290254950523376465e-01
8.182818293571472168e-01 7.428560853004455566e-01
4.686458706855773926e-01 1.227877661585807800e-01
2.550416290760040283e-01 6.196981072425842285e-01
1.576359122991561890e-01 1.379785537719726562e-01
7.356297373771667480e-01 1.748494952917098999e-01
1.326515227556228638e-01 2.748132646083831787e-01
3.000965714454650879e-01 9.857779145240783691e-01
2.000083625316619873e-01 3.954997658729553223e-01
6.459859013557434082e-01 1.322727799415588379e-01
4.389940798282623291e-01 1.435209959745407104e-01
2.198413312435150146e-01 2.386671900749206543e-01
7.766617536544799805e-01 5.571879744529724121e-01
6.614905595779418945e-01 8.106735348701477051e-01
6.806924343109130859e-01 1.341223865747451782e-01
7.044899463653564453e-01 5.488351583480834961e-01
3.403008580207824707e-01 7.414677143096923828e-01
9.289448261260986328e-01 9.786782860755920410e-01
3.899845778942108154e-01 1.619907096028327942e-02
6.119972467422485352e-02 9.747552275657653809e-01
2.860424816608428955e-01 2.184997871518135071e-02
8.058505654335021973e-01 7.559704780578613281e-01
6.134539246559143066e-01 4.857548475265502930e-01
8.821976184844970703e-01 1.132368147373199463e-01
4.144186079502105713e-01 9.106212258338928223e-01
8.350116014480590820e-01 2.858754694461822510e-01
9.615958929061889648e-01 1.644590348005294800e-01
2.393513619899749756e-01 5.664213895797729492e-01
3.963675498962402344e-01 9.818282127380371094e-01
6.291821002960205078e-01 7.506432533264160156e-01
1.747499704360961914e-01 5.182683467864990234e-01
1.941131949424743652e-01 7.297428846359252930e-01
6.905350834131240845e-02 7.397964000701904297e-01
7.923002243041992188e-01 8.121184110641479492e-01
7.601630091667175293e-01 4.384922087192535400e-01
9.531394839286804199e-01 6.429362893104553223e-01
4.936945438385009766e-01 4.130140841007232666e-01
3.888609409332275391e-01 4.855681061744689941e-01
4.681523442268371582e-01 6.535859704017639160e-01
2.843515872955322266e-01 5.420088171958923340e-01
4.335167109966278076e-01 1.549808681011199951e-01
1.992891281843185425e-01 4.805456101894378662e-01
4.991246461868286133e-01 2.524043805897235870e-02
2.653103172779083252e-01 4.122948050498962402e-01
8.684976100921630859e-01 1.754549443721771240e-01
9.507251977920532227e-01 3.316898345947265625e-01
1.696629375219345093e-01 4.576314985752105713e-01
9.875031709671020508e-01 5.127707123756408691e-01
5.157281756401062012e-01 6.461722850799560547e-01
7.489774823188781738e-01 6.149868965148925781e-01
5.382724404335021973e-01 1.302933245897293091e-01
7.661674171686172485e-02 8.542655706405639648e-01
8.131751418113708496e-01 7.215521931648254395e-01
8.034727573394775391e-01 9.285289645195007324e-01
9.010146372020244598e-03 2.830544412136077881e-01
8.329764604568481445e-01 8.569758534431457520e-01
6.933926939964294434e-01 1.075333058834075928e-01
1.952972859144210815e-01 2.247317433357238770e-01
2.490076869726181030e-01 1.550339311361312866e-01
7.447642087936401367e-01 5.089088678359985352e-01
7.821208238601684570e-01 1.316343843936920166e-01
2.008793056011199951e-01 2.166529297828674316e-01
9.693534970283508301e-01 8.600417375564575195e-01
2.177710086107254028e-01 8.602957129478454590e-01
9.173305630683898926e-01 6.970810890197753906e-02
