2.165754325687885284e-02 7.233550548553466797e-01
5.334175229072570801e-01 9.320794939994812012e-01
7.492113709449768066e-01 7.629019021987915039e-01
9.783667922019958496e-01 1.643095463514328003e-01
1.856184680946171284e-03 4.025641381740570068e-01
7.513434290885925293e-01 9.876815676689147949e-01
5.647684931755065918e-01 3.231998085975646973e-01
7.687818408012390137e-01 8.731352090835571289e-01
3.623664379119873047e-01 9.879728555679321289e-01
9.915012717247009277e-01 3.378122672438621521e-02
3.940667212009429932e-01 2.494833432137966156e-02
6.631914973258972168e-01 9.630191922187805176e-01
7.906738519668579102e-01 7.023772597312927246e-01
9.052663445472717285e-01 8.665302991867065430e-01
9.893547892570495605e-01 7.899563908576965332e-01
1.599703133106231689e-01 5.078290104866027832e-01
9.778234958648681641e-01 4.780087992548942566e-02
2.886011302471160889e-01 6.686305999755859375e-01
3.569450676441192627e-01 3.135824110358953476e-03
6.241714358329772949e-01 8.172747492790222168e-01
4.312186241149902344e-01 5.939922332763671875e-01
4.775136113166809082e-01 1.871015578508377075e-01
2.741889953613281250e-01 3.153921067714691162e-01
9.499989151954650879e-01 6.399505734443664551e-01
9.165303707122802734e-01 6.615877747535705566e-01
9.160973131656646729e-02 7.566797137260437012e-01
1.979324072599411011e-01 4.415581226348876953e-01
3.297498822212219238e-01 3.680298924446105957e-01
5.472438409924507141e-02 7.761804461479187012e-01
4.100677967071533203e-01 9.758888483047485352e-01
9.399837255477905273e-01 7.808176279067993164e-01
1.007896214723587036e-01 7.979348301887512207e-01
7.707592248916625977e-01 9.439047574996948242e-01
4.776145517826080322e-01 8.881056308746337891e-01
8.270562887191772461e-01 9.485458731651306152e-01
3.956728577613830566e-01 9.233416318893432617e-01
9.396343827247619629e-01 2.601687312126159668e-01
6.617885231971740723e-01 6.097693443298339844e-01
2.747189998626708984e-01 3.188353478908538818e-01
9.589335918426513672e-01 5.692442059516906738e-01
2.536288499832153320e-01 9.981763958930969238e-01
9.665913581848144531e-01 8.508479595184326172e-01
2.582579553127288818e-01 3.859140574932098389e-01
7.954925298690795898e-01 9.300715923309326172e-01
8.289983868598937988e-01 7.572836279869079590e-01
8.434140086174011230e-01 9.159945249557495117e-01
6.067212224006652832e-01 8.972347974777221680e-01
1.993684284389019012e-02 2.804764509201049805e-01
7.660177946090698242e-01 4.159963876008987427e-02
1.089010462164878845e-01 6.400183439254760742e-01
4.127418994903564453e-01 2.562766969203948975e-01
4.533941447734832764e-01 7.612096071243286133e-01
4.361816644668579102e-01 9.049039483070373535e-01
6.870249509811401367e-01 8.429657667875289917e-02
1.869100928306579590e-01 2.883553206920623779e-01
9.391550421714782715e-01 8.013155460357666016e-01
3.077066242694854736e-01 1.686041206121444702e-01
8.073599934577941895e-01 1.040308997035026550e-01
8.165578842163085938e-01 7.013357877731323242e-01
6.380969285964965820e-01 8.701671361923217773e-01
8.011935353279113770e-01 8.668805360794067383e-01
9.647772312164306641e-01 9.238085746765136719e-01
3.207865953445434570e-01 7.728673219680786133e-01
1.682775914669036865e-01 9.582992792129516602e-01
2.598722577095031738e-01 7.920738458633422852e-01
4.950690567493438721e-01 1.334372311830520630e-01
9.776981472969055176e-01 6.866356134414672852e-01
3.388263881206512451e-01 6.545439362525939941e-01
6.321398913860321045e-02 9.819207787513732910e-01
7.495614886283874512e-02 8.822181820869445801e-01
1.741316765546798706e-01 6.060223579406738281e-01
1.681168228387832642e-01 4.094201624393463135e-01
3.657480180263519287e-01 5.846369266510009766e-01
8.675489425659179688e-01 7.664672136306762695e-01
5.366255640983581543e-01 6.431815028190612793e-01
6.552042961120605469e-01 5.982965826988220215e-01
1.241656914353370667e-01 7.325260043144226074e-01
9.501963257789611816e-01 6.921146512031555176e-01
2.640470564365386963e-01 1.480050235986709595e-01
7.992483973503112793e-01 5.213420987129211426e-01
4.305273890495300293e-01 4.159590303897857666e-01
4.438211768865585327e-02 8.232105970382690430e-01
4.123034477233886719e-01 7.094979882240295410e-01
1.567213237285614014e-01 6.161114573478698730e-01
4.186024963855743408e-01 8.354131579399108887e-01
6.801669001579284668e-01 2.760908305644989014e-01
8.522648215293884277e-01 7.513730525970458984e-01
4.611345529556274414e-01 8.733787536621093750e-01
4.809603095054626465e-01 5.677934885025024414e-01
9.717575311660766602e-01 5.241181254386901855e-01
6.550059318542480469e-01 2.941404283046722412e-01
8.577214479446411133e-01 2.098252028226852417e-01
9.493261575698852539e-01 6.685429811477661133e-01
7.130405902862548828e-01 7.387682795524597168e-01
7.441972494125366211e-01 4.455628097057342529e-01
3.163889348506927490e-01 3.473163247108459473e-01
4.103470221161842346e-02 5.568174719810485840e-01
3.905372023582458496e-01 9.068457484245300293e-01
8.740178346633911133e-01 7.634153962135314941e-01
8.482364416122436523e-01 7.859925031661987305e-01
3.024769425392150879e-01 4.303902983665466309e-01
5.502473115921020508e-01 1.228353455662727356e-01
5.126627087593078613e-01 7.384406328201293945e-01
8.890626430511474609e-01 9.171799421310424805e-01
6.546093821525573730e-01 8.845618367195129395e-01
5.608537793159484863e-01 4.436272680759429932e-01
7.773429155349731445e-01 5.771741867065429688e-01
1.581144481897354126e-01 8.926161527633666992e-01
9.848506450653076172e-01 9.143678545951843262e-01
5.694879293441772461e-01 9.235218167304992676e-01
3.865396976470947266e-01 9.221466779708862305e-01
9.578306674957275391e-01 1.903043128550052643e-02
3.417833745479583740e-01 6.140122413635253906e-01
5.299518704414367676e-01 6.717547774314880371e-01
9.189985394477844238e-01 5.909851193428039551e-01
4.733302891254425049e-01 3.465936481952667236e-01
8.604260683059692383e-01 9.172620177268981934e-01
1.105670556426048279e-01 1.319684386253356934e-01
1.691421419382095337e-01 3.440621197223663330e-01
4.386184513568878174e-01 5.122169852256774902e-01
8.794803619384765625e-01 9.873749613761901855e-01
7.934421896934509277e-01 8.837237358093261719e-01
7.518741488456726074e-01 5.222005248069763184e-01
6.468835473060607910e-01 5.914659500122070312e-01
6.512446701526641846e-02 6.988945007324218750e-01
6.650190353393554688e-01 7.071943879127502441e-01
1.725975871086120605e-01 4.217811822891235352e-01
3.277716636657714844e-01 8.390723466873168945e-01
9.658488035202026367e-01 7.839124202728271484e-01
4.914362132549285889e-01 4.379610121250152588e-01
3.399826586246490479e-01 2.865886688232421875e-01
2.511176094412803650e-02 9.535344690084457397e-02
6.302399039268493652e-01 6.424468755722045898e-01
5.225647687911987305e-01 7.758311629295349121e-01
2.175713330507278442e-02 4.247434735298156738e-01
4.053584337234497070e-01 4.451270401477813721e-01
5.052076578140258789e-01 3.673761188983917236e-01
7.397805154323577881e-02 3.541690707206726074e-01
2.708539366722106934e-01 9.245353937149047852e-02
7.737606167793273926e-01 3.726946115493774414e-01
3.631821870803833008e-01 8.578420281410217285e-01
6.228613257408142090e-01 8.574534058570861816e-01
3.836123347282409668e-01 1.330335140228271484e-01
3.341441452503204346e-01 7.845078706741333008e-01
1.256572753190994263e-01 7.512648105621337891e-01
6.793377995491027832e-01 5.137177109718322754e-01
2.216106057167053223e-01 4.086063504219055176e-01
8.515932559967041016e-01 4.855363368988037109e-01
1.375150680541992188e-01 8.422309160232543945e-01
8.363525867462158203e-01 3.684004843235015869e-01
9.174791574478149414e-01 7.917999625205993652e-01
7.852846980094909668e-01 4.414388537406921387e-01
4.208462536334991455e-01 1.679454296827316284e-01
1.179009526968002319e-01 6.816149353981018066e-01
1.502856016159057617e-01 9.695253968238830566e-01
4.967989921569824219e-01 8.123886585235595703e-01
7.718356847763061523e-01 6.898046731948852539e-01
7.779294848442077637e-01 8.136351704597473145e-01
9.302178621292114258e-01 7.440710663795471191e-01
1.445250660181045532e-01 4.522377252578735352e-01
1.291859149932861328e-01 2.548027038574218750e-01
4.616697132587432861e-01 2.540837824344635010e-01
9.008173942565917969e-01 5.098571777343750000e-01
7.384472489356994629e-01 5.305716395378112793e-01
2.192006558179855347e-01 3.115013241767883301e-01
8.792116045951843262e-01 8.981460928916931152e-01
2.045112699270248413e-01 7.127839922904968262e-01
6.110484600067138672e-01 5.402070283889770508e-01
7.014293074607849121e-01 8.733784556388854980e-01
8.051499724388122559e-01 8.654699921607971191e-01
6.136461496353149414e-01 9.977378249168395996e-01
9.683722257614135742e-01 8.288149237632751465e-01
1.188078299164772034e-01 9.936045408248901367e-01
8.560853004455566406e-01 7.504853606224060059e-01
3.976721167564392090e-01 1.042990237474441528e-01
5.065204501152038574e-01 8.648906834423542023e-03
6.039081215858459473e-01 1.930251270532608032e-01
5.907166004180908203e-01 4.112814664840698242e-01
8.350937366485595703e-01 9.543876647949218750e-01
6.131504178047180176e-01 6.767717599868774414e-01
1.697590691037476063e-03 2.048311084508895874e-01
1.648347079753875732e-01 9.120862483978271484e-01
5.100221037864685059e-01 9.456081986427307129e-01
6.789823174476623535e-01 8.734647035598754883e-01
6.284226775169372559e-01 9.641035199165344238e-01
8.345505595207214355e-01 6.084908843040466309e-01
2.100182473659515381e-01 7.267310023307800293e-01
5.614273548126220703e-01 7.767238616943359375e-01
2.756971716880798340e-01 2.883442044258117676e-01
9.881302714347839355e-02 8.305283784866333008e-01
5.178915858268737793e-01 8.785830736160278320e-01
8.554949760437011719e-01 7.879951596260070801e-01
4.834970831871032715e-01 4.832623600959777832e-01
3.252228796482086182e-01 5.310312509536743164e-01
1.017188727855682373e-01 9.494029283523559570e-01
7.234966754913330078e-01 8.539119362831115723e-01
5.790294408798217773e-01 2.732298374176025391e-01
6.072513461112976074e-01 7.736793756484985352e-01
1.519185453653335571e-01 6.244273781776428223e-01
6.634583473205566406e-01 6.330152750015258789e-01
2.232952266931533813e-01 1.311017759144306183e-02
5.417389869689941406e-01 3.046442866325378418e-01
6.931382417678833008e-01 9.303052425384521484e-01
4.122999012470245361e-01 5.256953239440917969e-01
5.594447851181030273e-01 2.850233018398284912e-01
3.430418968200683594e-01 6.855860352516174316e-01
4.037625193595886230e-01 9.805362224578857422e-01
4.551922082901000977e-01 9.238956570625305176e-01
3.734816238284111023e-02 6.320428848266601562e-01
4.634649157524108887e-01 8.049259185791015625e-01
9.711614251136779785e-01 2.772324979305267334e-01
7.278296351432800293e-01 8.495486974716186523e-01
4.277482330799102783e-01 8.398074507713317871e-01
9.088841080665588379e-01 5.810742974281311035e-01
2.918758690357208252e-01 4.891277551651000977e-01
2.836341559886932373e-01 9.728720188140869141e-01
7.617060542106628418e-01 9.077100753784179688e-01
8.178660869598388672e-01 9.097305536270141602e-01
9.203215837478637695e-01 3.742657601833343506e-02
5.631681084632873535e-01 4.170005917549133301e-01
4.878607392311096191e-01 5.138942599296569824e-01
5.394616723060607910e-02 9.534243941307067871e-01
4.908410906791687012e-01 5.034775137901306152e-01
2.755463123321533203e-01 8.803690224885940552e-02
9.330189228057861328e-01 3.378519415855407715e-01
1.911576837301254272e-01 3.810724914073944092e-01
8.894289135932922363e-01 6.927130222320556641e-01
6.173233985900878906e-01 6.330659240484237671e-02
5.260964035987854004e-01 2.228401899337768555e-01
9.164003282785415649e-02 6.515021324157714844e-01
5.145636796951293945e-01 6.952557563781738281e-01
1.329178214073181152e-01 6.088642477989196777e-01
2.074902355670928955e-01 3.871193528175354004e-01
8.146616220474243164e-01 8.318604230880737305e-01
8.338872790336608887e-01 9.663427472114562988e-01
5.936210155487060547e-01 8.657673597335815430e-01
4.570412039756774902e-01 8.868322372436523438e-01
7.101262807846069336e-01 3.698157072067260742e-01
4.923796355724334717e-01 4.768188893795013428e-01
4.235457163304090500e-03 1.593697965145111084e-01
4.610185325145721436e-01 8.731777667999267578e-01
1.975629925727844238e-01 6.761306524276733398e-01
8.720200061798095703e-01 8.207144141197204590e-01
7.502460479736328125e-01 2.713567018508911133e-01
4.818918108940124512e-01 7.505644559860229492e-01
8.893984556198120117e-01 8.759193420410156250e-01
6.278100013732910156e-01 5.705751776695251465e-01
5.339070558547973633e-01 9.700785279273986816e-01
7.792342305183410645e-01 8.980132341384887695e-01
7.405308485031127930e-01 3.154332637786865234e-01
4.225197806954383850e-02 8.724570870399475098e-01
6.462204456329345703e-01 8.523666262626647949e-01
9.377956986427307129e-01 3.420574963092803955e-01
5.858540534973144531e-01 6.879284977912902832e-01
5.628480911254882812e-01 2.286302447319030762e-01
9.793576598167419434e-01 9.957799315452575684e-01
3.811312615871429443e-01 5.102326869964599609e-01
2.613010704517364502e-01 6.770618557929992676e-01
5.480881333351135254e-01 9.718236923217773438e-01
9.498353600502014160e-01 6.432664394378662109e-01
8.113505840301513672e-01 1.484560370445251465e-01
5.698997974395751953e-01 8.010724782943725586e-01
3.930608630180358887e-01 5.914303660392761230e-01
9.209353327751159668e-01 1.935873627662658691e-01
1.199669986963272095e-01 4.932211637496948242e-01
8.831019401550292969e-01 4.824084043502807617e-01
3.193692862987518311e-01 9.646812677383422852e-01
2.754726707935333252e-01 2.312761098146438599e-01
3.124653100967407227e-01 7.165167331695556641e-01
8.222156167030334473e-01 8.329131007194519043e-01
2.704737782478332520e-01 5.130980014801025391e-01
4.571427404880523682e-01 7.758900523185729980e-01
9.971426129341125488e-01 5.939421057701110840e-01
5.299659371376037598e-01 3.302278220653533936e-01
7.220525145530700684e-01 4.883007407188415527e-01
8.058740496635437012e-01 7.592526674270629883e-01
1.020926684141159058e-01 1.423053741455078125e-01
1.042843684554100037e-01 7.245737910270690918e-01
7.015913128852844238e-01 7.627505660057067871e-01
7.585189938545227051e-01 8.887665271759033203e-01
3.973446488380432129e-01 9.032311439514160156e-01
8.850229382514953613e-01 3.222091123461723328e-02
4.241806268692016602e-01 9.435439109802246094e-02
1.787343770265579224e-01 3.164849877357482910e-01
9.664394855499267578e-01 6.067816019058227539e-01
6.800186634063720703e-01 2.742190286517143250e-02
5.948033928871154785e-01 9.811259508132934570e-01
5.153122544288635254e-01 3.807587921619415283e-01
7.271798253059387207e-01 9.177017807960510254e-01
3.749142885208129883e-01 9.372354149818420410e-01
7.024929523468017578e-01 8.700777888298034668e-01
6.538994312286376953e-01 8.461011052131652832e-01
4.002403318881988525e-01 8.544697165489196777e-01
3.485753536224365234e-01 7.779834866523742676e-01
3.729134623426944017e-04 8.914888650178909302e-02
4.832977652549743652e-01 5.699525475502014160e-01
3.363909423351287842e-01 8.429124355316162109e-01
7.666304707527160645e-01 9.020769596099853516e-01
7.953574061393737793e-01 5.040313601493835449e-01
7.373970150947570801e-01 8.079323768615722656e-01
8.542189598083496094e-01 7.383465766906738281e-01
2.861284911632537842e-01 3.202667236328125000e-01
1.445466727018356323e-01 4.573819935321807861e-01
8.070433139801025391e-01 8.098487257957458496e-01
8.582965135574340820e-01 6.348488330841064453e-01
6.079306602478027344e-01 7.221186161041259766e-01
4.604944586753845215e-01 2.452666908502578735e-01
9.153484106063842773e-01 9.045394062995910645e-01
4.267508089542388916e-01 6.155433878302574158e-02
4.731980264186859131e-01 5.298585891723632812e-01
5.844108462333679199e-01 5.178450942039489746e-01
7.078442573547363281e-01 2.285684049129486084e-01
4.543037116527557373e-01 8.310927748680114746e-01
1.878949850797653198e-01 9.410944581031799316e-01
3.171270489692687988e-01 4.193024337291717529e-01
6.501986384391784668e-01 6.786034703254699707e-01
1.685026586055755615e-01 2.410083822906017303e-02
1.960138231515884399e-01 6.679475903511047363e-01
9.756492972373962402e-01 6.449628472328186035e-01
6.197442486882209778e-02 6.316945552825927734e-01
1.362928003072738647e-01 6.625601053237915039e-01
7.789790630340576172e-01 2.766602337360382080e-01
2.612033486366271973e-01 7.598245143890380859e-01
2.730899751186370850e-01 4.634582996368408203e-01
5.754879713058471680e-01 7.740576863288879395e-01
2.444639801979064941e-02 7.523294091224670410e-01
1.655901372432708740e-01 6.457040905952453613e-01
1.033111587166786194e-01 7.415379881858825684e-01
8.826277852058410645e-01 9.073187112808227539e-01
7.792941331863403320e-01 6.079931855201721191e-01
3.264960944652557373e-01 9.788860082626342773e-01
8.651641607284545898e-01 8.081790804862976074e-01
2.776245176792144775e-01 7.354382276535034180e-01
1.021383926272392273e-01 5.336920619010925293e-01
1.849907785654067993e-01 6.369272470474243164e-01
9.305093884468078613e-01 8.313084840774536133e-01
3.600704073905944824e-01 9.677572846412658691e-01
6.078178882598876953e-01 9.253774881362915039e-01
9.013970196247100830e-02 7.858367562294006348e-01
7.819080948829650879e-01 9.503002166748046875e-01
9.127803444862365723e-01 2.085176408290863037e-01
7.627481222152709961e-01 9.696318507194519043e-01
6.543222069740295410e-01 8.080743551254272461e-01
2.054778859019279480e-02 5.164176225662231445e-01
9.736440181732177734e-01 9.684059619903564453e-01
1.923568993806838989e-01 2.259157747030258179e-01
1.938692033290863037e-01 7.510271668434143066e-01
4.271877929568290710e-02 7.106673121452331543e-01
8.660621047019958496e-01 9.782981872558593750e-01
5.236197113990783691e-01 1.713683456182479858e-01
6.348938345909118652e-01 9.748905301094055176e-01
2.605856060981750488e-01 6.409413814544677734e-01
4.229890406131744385e-01 4.788748025894165039e-01
8.464325964450836182e-02 2.144858539104461670e-01
4.985107481479644775e-01 3.902443349361419678e-01
3.494260013103485107e-01 9.705513715744018555e-01
8.231212496757507324e-01 8.327181339263916016e-01
5.024937391281127930e-01 7.049767374992370605e-01
2.575788795948028564e-01 3.065694868564605713e-01
8.642226457595825195e-01 7.985936403274536133e-01
4.728338420391082764e-01 8.729097247123718262e-01
1.798110902309417725e-01 6.036186814308166504e-01
4.196887910366058350e-01 4.067885577678680420e-01
6.701697111129760742e-01 3.196703195571899414e-01
7.323427796363830566e-01 8.585115075111389160e-01
2.115876972675323486e-01 4.421248137950897217e-01
6.039215922355651855e-01 9.401977062225341797e-01
7.894026041030883789e-01 4.128126502037048340e-01
7.009808421134948730e-01 9.314717650413513184e-01
2.379438728094100952e-01 7.651976943016052246e-01
6.694378852844238281e-01 9.832590818405151367e-01
5.753152966499328613e-01 5.136182308197021484e-01
6.283456087112426758e-01 5.785673260688781738e-01
9.012448787689208984e-01 2.032938152551651001e-01
6.670851111412048340e-01 6.667850613594055176e-01
2.236208468675613403e-01 2.547613903880119324e-02
3.682085573673248291e-01 1.614662855863571167e-01
3.222765326499938965e-01 9.841377735137939453e-01
3.751519918441772461e-01 3.513674437999725342e-01
2.152880579233169556e-01 8.919069766998291016e-01
6.842032074928283691e-01 4.987801313400268555e-01
4.250252246856689453e-01 8.772147297859191895e-01
7.553666085004806519e-02 9.085228443145751953e-01
9.518237709999084473e-01 2.558655440807342529e-01
8.867484331130981445e-01 8.289734721183776855e-01
2.756991684436798096e-01 6.841964125633239746e-01
7.311370372772216797e-01 1.484633386135101318e-01
4.006454348564147949e-01 6.919539719820022583e-02
5.291169881820678711e-01 9.151571989059448242e-01
8.156865239143371582e-01 7.463905215263366699e-01
1.885556280612945557e-01 7.592179179191589355e-01
2.689789235591888428e-01 3.297589719295501709e-01
3.138274848461151123e-01 8.305609226226806641e-01
9.915104508399963379e-01 1.326402127742767334e-01
5.227203369140625000e-01 7.750050425529479980e-01
7.733025550842285156e-01 9.008865952491760254e-01
6.827652454376220703e-01 9.765899777412414551e-01
8.490531146526336670e-02 5.474286675453186035e-01
2.466701716184616089e-01 9.185886383056640625e-01
5.274021029472351074e-01 4.812409579753875732e-01
9.808668494224548340e-01 1.374786645174026489e-01
6.066826581954956055e-01 9.206331968307495117e-01
1.964213997125625610e-01 2.214037626981735229e-01
5.016406774520874023e-01 4.046110808849334717e-01
2.227853387594223022e-01 7.168452143669128418e-01
3.811766505241394043e-01 6.285706162452697754e-01
6.360867619514465332e-01 8.093740344047546387e-01
6.788389682769775391e-01 8.015824556350708008e-01
4.162882566452026367e-01 8.882443308830261230e-01
5.211194157600402832e-01 7.046261429786682129e-01
9.225835204124450684e-01 3.962466418743133545e-01
1.715347915887832642e-01 8.210921883583068848e-01
3.096426129341125488e-01 4.332951605319976807e-01
2.759216129779815674e-01 3.908770382404327393e-01
9.553682208061218262e-01 6.242811083793640137e-01
3.979890644550323486e-01 4.396946132183074951e-01
3.133283853530883789e-01 3.314211368560791016e-01
4.986366927623748779e-01 7.762721180915832520e-01
7.731551527976989746e-01 3.216604888439178467e-01
7.396749854087829590e-01 2.956585213541984558e-02
4.715036749839782715e-01 9.227972626686096191e-01
5.796216726303100586e-01 6.919643878936767578e-01
9.820173978805541992e-01 2.407759577035903931e-01
9.231215715408325195e-01 4.456161707639694214e-02
7.878278493881225586e-01 3.793510049581527710e-02
3.023785650730133057e-01 1.764340102672576904e-01
2.504750788211822510e-01 1.653453409671783447e-01
8.827871084213256836e-01 5.816408991813659668e-02
5.497055053710937500e-01 8.072782754898071289e-01
7.368408441543579102e-01 3.374230563640594482e-01
2.629824280738830566e-01 7.372537851333618164e-01
7.394788265228271484e-01 8.449497818946838379e-01
2.339551895856857300e-01 1.094560623168945312e-01
3.479547202587127686e-01 5.323513746261596680e-01
6.632692217826843262e-01 9.176521897315979004e-01
7.040457129478454590e-01 5.676079392433166504e-01
1.021373718976974487e-01 2.323152273893356323e-01
1.748526692390441895e-01 6.627864837646484375e-01
1.675153374671936035e-01 2.813735604286193848e-01
4.532525837421417236e-01 3.877176046371459961e-01
8.538397401571273804e-02 3.529101014137268066e-01
5.137300118803977966e-03 9.648066759109497070e-01
2.253370881080627441e-01 3.751792013645172119e-01
4.936718344688415527e-01 1.612992286682128906e-01
6.094493269920349121e-01 5.855019688606262207e-01
6.175081133842468262e-01 1.402424126863479614e-01
9.435201287269592285e-01 6.432163119316101074e-01
7.713707089424133301e-01 6.328448653221130371e-01
9.417014718055725098e-01 8.059993982315063477e-01
5.545579195022583008e-01 7.437508702278137207e-01
8.531435132026672363e-01 2.904068827629089355e-01
1.248379796743392944e-01 9.924861788749694824e-01
6.111445426940917969e-01 1.941422820091247559e-01
5.131638646125793457e-01 2.487378865480422974e-01
2.414544671773910522e-01 5.749204158782958984e-01
9.850050210952758789e-01 8.139834403991699219e-01
7.578877806663513184e-01 1.423398554325103760e-01
6.275524944067001343e-02 5.951541066169738770e-01
2.702696621417999268e-01 7.593817114830017090e-01
2.693205177783966064e-01 2.623893320560455322e-01
3.442771732807159424e-01 4.043312966823577881e-01
3.467088639736175537e-01 6.708381772041320801e-01
7.293131947517395020e-01 9.776101112365722656e-01
8.828645348548889160e-01 9.670652747154235840e-01
5.942714214324951172e-01 5.409091711044311523e-01
7.700626254081726074e-01 8.878862112760543823e-02
2.966864705085754395e-01 9.240961670875549316e-01
2.323750108480453491e-01 6.334788203239440918e-01
2.319619059562683105e-01 2.599085308611392975e-02
7.648139595985412598e-01 2.841768562793731689e-01
9.157455563545227051e-01 5.791201591491699219e-01
6.246743798255920410e-01 8.187934756278991699e-01
4.123928844928741455e-01 9.191433191299438477e-01
8.658553361892700195e-01 9.974828958511352539e-01
7.829618453979492188e-01 8.358115553855895996e-01
3.308428227901458740e-01 3.064011931419372559e-01
9.851887822151184082e-01 1.430002003908157349e-01
6.631660461425781250e-01 8.071856498718261719e-01
1.840935945510864258e-01 6.811505556106567383e-01
2.082570046186447144e-01 3.508323431015014648e-01
6.775559186935424805e-01 8.526675105094909668e-01
8.893226981163024902e-01 5.225000977516174316e-01
6.382308006286621094e-01 5.140851736068725586e-01
2.793406248092651367e-01 3.461025357246398926e-01
5.696332454681396484e-01 7.474886178970336914e-01
8.354076147079467773e-01 7.042704820632934570e-01
2.957568466663360596e-01 6.062752008438110352e-01
1.773580759763717651e-01 2.589566111564636230e-01
3.915993869304656982e-01 5.538375973701477051e-01
3.648708760738372803e-01 9.963562488555908203e-01
2.770701050758361816e-01 7.666790485382080078e-01
8.120506405830383301e-01 8.733810782432556152e-01
3.145998120307922363e-01 6.199467778205871582e-01
4.673703908920288086e-01 4.577569663524627686e-02
6.462856382131576538e-02 3.942464292049407959e-01
3.598115444183349609e-01 5.192454457283020020e-01
7.198658585548400879e-01 7.161751389503479004e-01
6.120436787605285645e-01 7.717076689004898071e-02
1.402827352285385132e-01 7.754146456718444824e-01
2.895279042422771454e-02 2.206730693578720093e-01
8.942914009094238281e-01 1.845102873630821705e-03
1.631354689598083496e-01 2.214052975177764893e-01
2.560929208993911743e-02 4.781440496444702148e-01
9.032591581344604492e-01 9.699891805648803711e-01
7.249388098716735840e-01 2.155271619558334351e-01
2.151875942945480347e-01 9.294273257255554199e-01
2.649722993373870850e-01 3.398357629776000977e-01
9.093843102455139160e-01 1.271935105323791504e-01
6.160964965820312500e-01 7.931053638458251953e-01
9.011567234992980957e-01 3.234908580780029297e-01
3.678684234619140625e-01 1.556057482957839966e-01
8.022457957267761230e-01 5.335251241922378540e-02
2.196396440267562866e-01 4.582426249980926514e-01
3.720513777807354927e-03 7.191227078437805176e-01
7.698068767786026001e-02 6.306949853897094727e-01
1.558260433375835419e-02 3.234429657459259033e-01
7.308232784271240234e-01 5.241076946258544922e-01
6.982657909393310547e-01 3.364438116550445557e-01
2.959857881069183350e-01 6.131547689437866211e-01
2.535052038729190826e-02 8.782195448875427246e-01
3.356062173843383789e-01 3.746118545532226562e-01
9.950734376907348633e-01 4.380591511726379395e-01
5.974939465522766113e-01 7.847388982772827148e-01
7.842587232589721680e-01 9.080992937088012695e-01
2.930710911750793457e-01 8.162160515785217285e-01
2.162084281444549561e-01 7.229223251342773438e-01
3.850734829902648926e-01 5.386310815811157227e-01
2.248266637325286865e-01 5.337902307510375977e-01
4.144772291183471680e-01 7.318992633372545242e-03
4.228031635284423828e-02 3.430957198143005371e-01
1.203181147575378418e-01 1.433963328599929810e-01
5.661302208900451660e-01 7.374035716056823730e-01
6.519407629966735840e-01 8.749352693557739258e-01
2.755904793739318848e-01 6.587592363357543945e-01
5.297318100929260254e-01 5.733053088188171387e-01
9.130290150642395020e-01 4.890146479010581970e-02
5.138118192553520203e-02 6.088813543319702148e-01
1.859335154294967651e-01 2.524013519287109375e-01
4.403770565986633301e-01 3.137505650520324707e-01
9.664568901062011719e-01 6.742998212575912476e-02
2.270100861787796021e-01 4.786061942577362061e-01
3.671460747718811035e-01 7.649537324905395508e-01
8.894345164299011230e-01 7.103018164634704590e-01
9.923059344291687012e-01 7.549904584884643555e-01
8.823445439338684082e-01 9.152125120162963867e-01
7.596837878227233887e-01 8.253124356269836426e-01
7.292115092277526855e-01 9.223198294639587402e-01
4.964642524719238281e-01 8.680595159530639648e-01
1.392165571451187134e-01 9.168733358383178711e-01
8.196151852607727051e-01 3.498640060424804688e-01
6.713190674781799316e-02 6.402493119239807129e-01
8.089296221733093262e-01 7.683801054954528809e-01
3.196478486061096191e-01 5.373946428298950195e-01
8.494632840156555176e-01 9.610349535942077637e-01
4.741645455360412598e-01 5.179446339607238770e-01
8.886802792549133301e-01 6.696749925613403320e-01
6.552457213401794434e-01 5.363497138023376465e-01
8.630939126014709473e-01 9.342379570007324219e-01
4.068464934825897217e-01 8.371242284774780273e-01
5.623611211776733398e-01 5.375315546989440918e-01
3.376001715660095215e-01 7.542643547058105469e-01
3.731781244277954102e-01 6.361509561538696289e-01
6.814829111099243164e-01 7.727932929992675781e-01
7.049874067306518555e-01 7.943042516708374023e-01
1.526990067213773727e-02 1.050453335046768188e-01
8.242322802543640137e-01 6.216979622840881348e-01
4.124157428741455078e-01 7.711622118949890137e-01
8.556012511253356934e-01 5.380493402481079102e-01
7.343293428421020508e-01 7.953516393899917603e-02
6.005671620368957520e-01 8.677234649658203125e-01
9.207432270050048828e-01 4.971500337123870850e-01
2.533859908580780029e-01 1.034961715340614319e-01
6.224061846733093262e-01 7.905663251876831055e-01
1.350509524345397949e-01 7.378796935081481934e-01
9.913132339715957642e-02 6.270338296890258789e-01
8.273650407791137695e-01 9.127288460731506348e-01
5.305278897285461426e-01 5.599970221519470215e-01
8.174411207437515259e-02 8.981405496597290039e-01
7.424332201480865479e-02 1.807346045970916748e-01
7.286943793296813965e-01 5.141788125038146973e-01
9.664447903633117676e-01 8.810874223709106445e-01
2.414476871490478516e-02 6.354597210884094238e-01
6.338253021240234375e-01 1.394583284854888916e-01
3.205010890960693359e-01 7.229223251342773438e-01
7.155848145484924316e-01 4.030852615833282471e-01
6.854668855667114258e-01 2.824111878871917725e-01
4.680559784173965454e-02 4.419859647750854492e-01
1.541508138179779053e-01 6.572043895721435547e-01
4.382051229476928711e-01 4.863400757312774658e-01
1.192585155367851257e-01 8.119581341743469238e-01
8.656803965568542480e-01 2.232750803232192993e-01
2.229779958724975586e-01 7.330994606018066406e-01
7.759662270545959473e-01 4.699425101280212402e-01
3.599019944667816162e-01 7.544319331645965576e-02
8.945922851562500000e-01 7.192500829696655273e-01
3.563969433307647705e-01 5.243331193923950195e-01
7.585988640785217285e-01 6.948225498199462891e-01
6.710559129714965820e-01 3.696228861808776855e-01
8.983579874038696289e-01 4.625287652015686035e-01
9.706335663795471191e-01 7.139222025871276855e-01
4.327870309352874756e-01 9.771202206611633301e-01
5.864335298538208008e-01 4.943061470985412598e-01
1.272439956665039062e-01 7.161161899566650391e-01
1.052429601550102234e-01 5.492898225784301758e-01
4.955117404460906982e-01 5.626132488250732422e-01
7.488526105880737305e-01 6.064653992652893066e-01
9.361263513565063477e-01 6.305129826068878174e-02
5.598376989364624023e-01 6.585330963134765625e-01
9.726040959358215332e-01 1.172123998403549194e-01
7.093660831451416016e-01 8.841746449470520020e-01
8.417102098464965820e-01 9.092535972595214844e-01
5.580835789442062378e-02 1.371170729398727417e-01
4.250660836696624756e-01 1.815593838691711426e-01
7.671285867691040039e-01 7.402910590171813965e-01
1.062941253185272217e-01 5.682197213172912598e-01
2.328018993139266968e-01 7.029728293418884277e-01
6.638046503067016602e-01 1.605467945337295532e-01
3.639572262763977051e-01 5.074359178543090820e-01
2.947894632816314697e-01 9.861319065093994141e-01
6.672021150588989258e-01 8.368783593177795410e-01
8.448971509933471680e-01 6.940341591835021973e-01
7.905520200729370117e-01 7.564021944999694824e-01
6.792060136795043945e-01 9.778869748115539551e-01
6.871042251586914062e-01 9.035116992890834808e-03
4.916981756687164307e-01 1.297744512557983398e-01
6.023472547531127930e-02 2.990540862083435059e-01
7.023798823356628418e-01 5.607333183288574219e-01
6.613209843635559082e-01 8.838401436805725098e-01
5.866619944572448730e-01 2.400351688265800476e-02
5.400832742452621460e-04 4.064309000968933105e-01
6.590567231178283691e-01 9.109334349632263184e-01
3.072513341903686523e-01 4.205276966094970703e-01
7.588510513305664062e-01 8.753988146781921387e-01
7.579597830772399902e-01 5.363112092018127441e-01
7.218397855758666992e-01 7.953104376792907715e-01
8.696854859590530396e-02 2.079008370637893677e-01
3.814328908920288086e-01 6.534401774406433105e-01
9.062622189521789551e-01 7.919029593467712402e-01
8.612548112869262695e-01 9.613558053970336914e-01
4.943457245826721191e-01 7.828970551490783691e-01
6.102305054664611816e-01 9.411370754241943359e-01
2.161421030759811401e-01 9.096658825874328613e-01
9.404966235160827637e-01 4.363262057304382324e-01
1.473395973443984985e-01 5.807787179946899414e-01
7.978881597518920898e-01 8.723149299621582031e-01
1.588798910379409790e-01 3.004851043224334717e-01
1.060769408941268921e-01 6.686137914657592773e-01
6.522822380065917969e-01 5.620229840278625488e-01
5.431539937853813171e-02 5.920511484146118164e-01
6.032571196556091309e-01 5.781082510948181152e-01
2.180036157369613647e-01 6.942348480224609375e-01
1.022228896617889404e-01 7.500884532928466797e-01
1.990909725427627563e-01 2.036647349596023560e-01
5.276364088058471680e-01 9.391578435897827148e-01
2.356439828872680664e-01 3.904832899570465088e-01
3.634348213672637939e-01 7.770304083824157715e-01
7.894082069396972656e-01 9.494521021842956543e-01
5.751886367797851562e-01 4.307014346122741699e-01
1.426489204168319702e-01 9.024251699447631836e-01
7.380002737045288086e-01 9.768351316452026367e-01
5.910552740097045898e-01 9.303084015846252441e-01
6.483778357505798340e-01 7.697762250900268555e-01
9.384422302246093750e-01 5.757253170013427734e-01
7.409826517105102539e-01 7.183632850646972656e-01
5.597099661827087402e-01 9.414492249488830566e-01
5.153362751007080078e-01 5.302867293357849121e-01
6.186439990997314453e-01 9.083355665206909180e-01
3.749103248119354248e-01 9.221648573875427246e-01
5.805419683456420898e-01 8.440552949905395508e-01
5.302851796150207520e-01 2.513436675071716309e-01
6.468759179115295410e-01 7.355829477310180664e-01
6.384590268135070801e-01 1.215565577149391174e-01
9.919378161430358887e-01 8.073883652687072754e-01
2.999834418296813965e-01 4.810162186622619629e-01
9.436297416687011719e-01 1.076736673712730408e-01
7.221465110778808594e-01 5.849590897560119629e-01
5.592070817947387695e-01 7.050798535346984863e-01
8.217926323413848877e-02 6.076267361640930176e-01
5.240595936775207520e-01 5.035573244094848633e-01
5.167284607887268066e-01 7.257036566734313965e-01
3.023370802402496338e-01 6.895871758460998535e-01
4.006286859512329102e-01 2.199550122022628784e-01
4.374048113822937012e-01 6.585866212844848633e-02
4.762231409549713135e-01 4.495853781700134277e-01
8.463086485862731934e-01 8.698220849037170410e-01
8.245898038148880005e-02 8.567672371864318848e-01
6.094850301742553711e-01 8.858495354652404785e-01
7.150579690933227539e-01 5.991151928901672363e-01
2.108091413974761963e-01 3.792504966259002686e-01
7.312344312667846680e-01 2.414570599794387817e-01
4.594331681728363037e-01 9.344195127487182617e-01
7.280547022819519043e-01 1.400371044874191284e-01
4.965488314628601074e-01 5.342712402343750000e-01
4.729706346988677979e-01 4.299004077911376953e-01
8.322836160659790039e-01 6.413967013359069824e-01
2.178685516119003296e-01 8.592044115066528320e-01
3.556039035320281982e-01 3.929760456085205078e-01
3.911373913288116455e-01 9.039790034294128418e-01
5.789797902107238770e-01 5.314339995384216309e-01
3.008501827716827393e-01 2.105880528688430786e-01
6.363463997840881348e-01 1.987939924001693726e-01
4.475670158863067627e-01 3.864303827285766602e-01
6.815002560615539551e-01 5.042605996131896973e-01
8.383446931838989258e-01 6.440556645393371582e-01
5.862451195716857910e-01 9.466603398323059082e-01
9.735684990882873535e-01 3.495697975158691406e-01
3.510044813156127930e-01 8.388782739639282227e-01
6.944597363471984863e-01 1.777361780405044556e-01
2.677106261253356934e-01 5.159429311752319336e-01
7.961446046829223633e-01 8.486393690109252930e-01
8.093081116676330566e-01 4.479464516043663025e-02
2.116761356592178345e-01 8.814610242843627930e-01
4.856395721435546875e-01 3.510051071643829346e-01
9.735891819000244141e-01 9.533860683441162109e-01
1.662991940975189209e-01 9.653190970420837402e-01
8.543329834938049316e-01 6.607268452644348145e-01
5.717723965644836426e-01 8.569608926773071289e-01
2.985571920871734619e-01 8.224440813064575195e-01
9.827670454978942871e-01 6.188622117042541504e-01
5.624747872352600098e-01 7.264000177383422852e-01
4.529314041137695312e-01 6.340872049331665039e-01
4.592492580413818359e-01 5.200045704841613770e-01
4.781112670898437500e-01 2.631659209728240967e-01
2.113168537616729736e-01 4.954507946968078613e-01
7.628339529037475586e-01 8.803809285163879395e-01
5.107092857360839844e-01 5.830493569374084473e-01
6.673783659934997559e-01 3.865909278392791748e-01
6.786029934883117676e-01 6.900196075439453125e-01
1.636764705181121826e-01 5.437082145363092422e-03
4.931615293025970459e-01 7.904731035232543945e-01
2.198838740587234497e-01 7.742374539375305176e-01
8.635665774345397949e-01 1.168126389384269714e-01
6.297044754028320312e-01 2.434010803699493408e-01
1.733045578002929688e-01 4.723263382911682129e-01
8.617129921913146973e-01 6.808803677558898926e-01
4.382894188165664673e-02 8.872213363647460938e-01
6.957879662513732910e-01 5.680566653609275818e-02
7.127569913864135742e-01 4.688275158405303955e-01
8.206126093864440918e-01 8.484651446342468262e-01
6.060454845428466797e-01 6.175987720489501953e-01
1.779884099960327148e-01 8.920766115188598633e-01
4.044899940490722656e-01 9.756926298141479492e-01
4.236407577991485596e-01 7.034494280815124512e-01
4.621794819831848145e-01 7.410799860954284668e-01
4.590643048286437988e-01 8.071491122245788574e-01
9.831738471984863281e-01 1.682905405759811401e-01
4.381918907165527344e-01 8.758119344711303711e-01
9.693323373794555664e-01 3.163062930107116699e-01
6.153250336647033691e-01 3.934975564479827881e-01
7.655948400497436523e-01 9.638413041830062866e-02
2.733922302722930908e-01 7.635955214500427246e-01
5.474090576171875000e-01 5.434714555740356445e-01
2.879204154014587402e-01 3.362280130386352539e-01
2.887995243072509766e-01 2.671560645103454590e-01
1.920753121376037598e-01 8.889926075935363770e-01
3.456552326679229736e-01 1.474926620721817017e-01
6.192751526832580566e-01 6.934903562068939209e-02
8.396725058555603027e-01 1.837882548570632935e-01
7.545459270477294922e-01 3.400233015418052673e-02
7.540889382362365723e-01 9.313424825668334961e-01
2.092204988002777100e-01 7.040209770202636719e-01
3.963841125369071960e-02 6.170271635055541992e-01
7.694059610366821289e-01 9.735870361328125000e-01
5.129585266113281250e-01 7.553516030311584473e-01
9.914883375167846680e-01 3.258174657821655273e-01
5.418581962585449219e-01 3.824755251407623291e-01
4.262021780014038086e-01 5.807568430900573730e-01
8.521009087562561035e-01 4.473587572574615479e-01
5.697659850120544434e-01 9.928175806999206543e-01
1.938580870628356934e-01 4.440333321690559387e-02
2.003048658370971680e-01 8.408566713333129883e-01
8.944576382637023926e-01 8.434511423110961914e-01
7.384174466133117676e-01 8.552786707878112793e-01
8.630568385124206543e-01 8.335411548614501953e-01
6.613973975181579590e-01 7.274192571640014648e-01
8.457149565219879150e-02 9.591162800788879395e-01
5.284970998764038086e-01 7.701472640037536621e-01
6.687960624694824219e-01 9.897705912590026855e-01
7.130799293518066406e-01 6.964130997657775879e-01
4.947144985198974609e-01 6.494826674461364746e-01
6.299939751625061035e-01 8.522574305534362793e-01
6.115995049476623535e-01 8.836492896080017090e-01
1.622329950332641602e-01 5.528314709663391113e-01
3.162996470928192139e-01 2.047036886215209961e-01
4.002901911735534668e-02 3.671860396862030029e-01
2.309331297874450684e-01 6.424858570098876953e-01
1.237761229276657104e-01 1.273098289966583252e-01
3.436582088470458984e-01 5.554154515266418457e-01
6.031576395034790039e-01 1.602760702371597290e-01
6.109790205955505371e-01 2.604262828826904297e-01
3.776720464229583740e-01 5.078759789466857910e-01
6.758382320404052734e-01 3.514887392520904541e-01
6.902813911437988281e-01 8.584669232368469238e-01
2.344855964183807373e-01 5.935664772987365723e-01
1.206400617957115173e-01 9.611541628837585449e-01
2.621851563453674316e-01 1.075783520936965942e-01
5.268220305442810059e-01 7.008343338966369629e-01
7.755813002586364746e-02 5.878573060035705566e-01
3.012766838073730469e-01 4.953631460666656494e-01
5.290387868881225586e-01 9.921379089355468750e-01
7.021957039833068848e-01 6.840626597404479980e-01
5.594073534011840820e-01 6.868392825126647949e-01
3.060367703437805176e-01 5.468894243240356445e-01
4.309512674808502197e-01 4.398668408393859863e-01
8.847193121910095215e-01 9.167295694351196289e-01
2.922051846981048584e-01 3.961910605430603027e-01
2.615527212619781494e-01 2.933281064033508301e-01
5.761706829071044922e-01 9.254857897758483887e-01
4.760344326496124268e-01 8.581096529960632324e-01
9.578260034322738647e-02 4.331790208816528320e-01
3.219813108444213867e-01 6.344482302665710449e-01
6.016832590103149414e-01 6.234859824180603027e-01
4.937802255153656006e-01 6.927936077117919922e-01
5.747578665614128113e-02 1.910363882780075073e-02
1.448261588811874390e-01 5.159123539924621582e-01
1.224769577383995056e-01 1.894375234842300415e-01
6.012012958526611328e-01 2.740467786788940430e-01
6.786872148513793945e-01 9.156528115272521973e-01
3.568798899650573730e-01 2.800923883914947510e-01
6.567261815071105957e-01 7.048993110656738281e-01
3.021290302276611328e-01 7.298055291175842285e-01
2.741861939430236816e-01 8.860701918601989746e-01
5.165882706642150879e-01 8.157122135162353516e-01
9.528788924217224121e-01 1.082329601049423218e-01
4.388434290885925293e-01 5.243023633956909180e-01
9.291062951087951660e-01 3.121776878833770752e-01
5.450331568717956543e-01 7.522585988044738770e-02
3.119201585650444031e-02 3.738836646080017090e-01
3.002227470278739929e-02 6.979076862335205078e-01
6.017554998397827148e-01 9.197710752487182617e-01
5.092431902885437012e-01 9.527415037155151367e-01
5.740753412246704102e-01 6.950814723968505859e-01
7.062629461288452148e-01 9.590928554534912109e-01
5.239727497100830078e-01 9.091150760650634766e-02
8.809841275215148926e-01 4.806316792964935303e-01
3.529212251305580139e-02 4.419965445995330811e-01
2.038194537162780762e-01 7.461177706718444824e-01
9.019307494163513184e-01 5.152317285537719727e-01
8.142625093460083008e-01 5.467744469642639160e-01
9.333300590515136719e-01 9.462980628013610840e-01
5.853306055068969727e-01 5.197538733482360840e-01
1.603248268365859985e-01 5.790213346481323242e-01
5.727273821830749512e-01 3.064731657505035400e-01
2.404646128416061401e-01 3.917782604694366455e-01
4.930222779512405396e-02 1.537941992282867432e-01
5.381358861923217773e-01 3.503770828247070312e-01
4.973543584346771240e-01 4.320569634437561035e-01
8.907461166381835938e-01 3.000817000865936279e-01
8.871776610612869263e-02 4.273522496223449707e-01
3.878604173660278320e-01 9.872165918350219727e-01
2.102445065975189209e-01 7.495575398206710815e-02
4.146906435489654541e-01 7.891786694526672363e-01
1.747764647006988525e-01 1.987209469079971313e-01
9.643544554710388184e-01 7.481718063354492188e-01
8.347754478454589844e-01 6.914799660444259644e-02
8.445646166801452637e-01 9.682779908180236816e-01
4.673655033111572266e-01 5.975545048713684082e-01
4.616493582725524902e-01 7.240038514137268066e-01
9.465116858482360840e-01 6.473401188850402832e-01
6.919753551483154297e-01 9.407774209976196289e-01
6.165997385978698730e-01 9.706842303276062012e-01
3.010309338569641113e-01 8.007773160934448242e-01
2.886268198490142822e-01 6.966170072555541992e-01
9.578189253807067871e-01 4.832576513290405273e-01
3.496844172477722168e-01 6.412750482559204102e-01
5.620890259742736816e-01 9.684315919876098633e-01
1.525263339281082153e-01 3.362294733524322510e-01
6.186195611953735352e-01 9.651877880096435547e-01
6.519353389739990234e-01 6.151203513145446777e-01
9.896604418754577637e-01 2.536424398422241211e-01
9.332340955734252930e-01 9.836563467979431152e-01
1.502199470996856689e-01 7.018026113510131836e-01
3.417333588004112244e-02 6.725524365901947021e-02
7.085783481597900391e-01 1.772371679544448853e-01
8.727052211761474609e-01 1.579569876194000244e-01
2.724165916442871094e-01 8.559498190879821777e-01
7.072862386703491211e-01 7.551797628402709961e-01
1.025688573718070984e-01 7.022876739501953125e-01
2.897259593009948730e-01 7.919157743453979492e-01
9.334902167320251465e-01 1.830153316259384155e-01
1.877318620681762695e-01 3.723264634609222412e-01
6.779029965400695801e-01 6.058413982391357422e-01
1.876559555530548096e-01 6.968525648117065430e-01
3.262230157852172852e-01 5.739983320236206055e-01
1.076872125267982483e-01 8.117151856422424316e-01
1.912172883749008179e-01 7.597393393516540527e-01
2.575328946113586426e-01 8.729876279830932617e-01
1.067749783396720886e-01 8.317903280258178711e-01
7.757363915443420410e-01 9.891948699951171875e-01
2.919991016387939453e-01 9.382604360580444336e-01
3.652533590793609619e-01 6.136624813079833984e-01
1.555949598550796509e-01 7.761457562446594238e-01
9.861432313919067383e-01 6.318494677543640137e-02
6.401264071464538574e-01 7.329225540161132812e-01
3.088394105434417725e-01 1.644171178340911865e-01
1.894872188568115234e-01 9.995188713073730469e-01
1.100272908806800842e-01 5.757647156715393066e-01
6.275829076766967773e-01 8.463336825370788574e-01
2.404419779777526855e-01 6.239413619041442871e-01
7.309342026710510254e-01 9.936310648918151855e-01
6.720313429832458496e-01 6.754590272903442383e-01
2.661720514297485352e-01 7.059416174888610840e-01
5.439065694808959961e-01 2.369675785303115845e-01
4.604933261871337891e-01 2.564245760440826416e-01
4.391654729843139648e-01 3.156530857086181641e-01
5.730204582214355469e-01 2.098269760608673096e-01
2.220918238162994385e-02 7.855694890022277832e-01
9.207221865653991699e-01 8.865209221839904785e-01
9.191920980811119080e-04 9.382580518722534180e-01
7.960288524627685547e-01 7.750251293182373047e-01
8.356944322586059570e-01 2.863781452178955078e-01
7.122809290885925293e-01 1.956429630517959595e-01
7.673435807228088379e-01 7.933971285820007324e-01
4.874809384346008301e-01 8.494349718093872070e-01
4.870083332061767578e-01 3.017754554748535156e-01
5.209957957267761230e-01 4.115785658359527588e-01
4.147524535655975342e-01 9.297676682472229004e-01
7.497531175613403320e-01 5.077303051948547363e-01
7.930777668952941895e-01 4.388585686683654785e-01
2.327466309070587158e-01 4.455390274524688721e-01
6.111913323402404785e-01 5.358703136444091797e-01
9.665942192077636719e-01 1.050674729049205780e-02
8.424116373062133789e-01 7.530019879341125488e-01
7.279669046401977539e-01 2.526319026947021484e-01
2.449981272220611572e-01 5.496075153350830078e-01
1.077209636569023132e-01 6.042534708976745605e-01
5.707500129938125610e-02 6.020680069923400879e-01
7.017067074775695801e-01 7.391594648361206055e-01
4.133575260639190674e-01 4.670408368110656738e-01
7.397016882896423340e-01 9.366781711578369141e-01
2.079749256372451782e-01 1.385929286479949951e-01
1.904215514659881592e-01 4.489871859550476074e-01
3.077335953712463379e-01 5.333357304334640503e-02
1.887330114841461182e-01 5.248683094978332520e-01
3.157084286212921143e-01 7.179326415061950684e-01
4.294229447841644287e-01 1.497940123081207275e-01
6.838817000389099121e-01 3.109983503818511963e-01
6.673978567123413086e-01 3.619700372219085693e-01
4.427640438079833984e-01 7.802205085754394531e-01
5.322090387344360352e-01 2.423257194459438324e-02
3.870588541030883789e-01 4.247730672359466553e-01
2.972521781921386719e-01 3.904117941856384277e-01
8.995386362075805664e-01 8.635709285736083984e-01
9.584700465202331543e-01 8.423416614532470703e-01
9.218077659606933594e-01 2.175674960017204285e-02
5.593443512916564941e-01 3.200017511844635010e-01
7.970076203346252441e-01 4.998949170112609863e-01
3.844970762729644775e-01 2.082813233137130737e-01
1.223802790045738220e-01 6.237201690673828125e-01
5.131535530090332031e-01 5.971931815147399902e-01
6.012628078460693359e-01 5.611683726310729980e-01
5.314369201660156250e-01 4.983702301979064941e-01
1.845924258232116699e-01 4.728983938694000244e-01
5.515637993812561035e-01 8.923945426940917969e-01
5.331350564956665039e-01 7.899544835090637207e-01
6.820767521858215332e-01 7.424274682998657227e-01
7.129962444305419922e-01 8.184690475463867188e-01
3.657346069812774658e-01 9.209269285202026367e-01
2.434002161026000977e-01 5.326590538024902344e-01
8.089419007301330566e-01 9.735647439956665039e-01
6.798603385686874390e-02 5.254817605018615723e-01
1.229942515492439270e-01 3.199854791164398193e-01
9.557018280029296875e-01 9.929285049438476562e-01
1.760240793228149414e-01 8.643539547920227051e-01
7.102447748184204102e-01 6.633765697479248047e-01
4.447516798973083496e-01 9.066357016563415527e-01
8.617506623268127441e-01 7.232021689414978027e-01
6.108499765396118164e-01 5.376718193292617798e-02
1.178543493151664734e-01 5.234847068786621094e-01
3.923292756080627441e-01 5.382544398307800293e-01
7.665418386459350586e-01 9.212702512741088867e-01
6.451572775840759277e-01 2.923884391784667969e-01
3.967189788818359375e-02 2.219222635030746460e-01
1.776979565620422363e-01 1.057261973619461060e-01
9.232652783393859863e-01 5.788277387619018555e-01
6.537573337554931641e-01 6.183820962905883789e-01
7.817520499229431152e-01 8.408536314964294434e-01
9.372661709785461426e-01 8.448808789253234863e-01
2.567420303821563721e-01 7.143057584762573242e-01
2.819275856018066406e-01 8.975694179534912109e-01
6.592196822166442871e-01 8.631162643432617188e-01
8.584231138229370117e-01 5.469534397125244141e-01
5.080521702766418457e-01 3.568002283573150635e-01
4.292216598987579346e-01 4.890181720256805420e-01
5.176699161529541016e-01 5.715642571449279785e-01
2.960143387317657471e-01 1.599464565515518188e-01
2.058352380990982056e-01 8.568164110183715820e-01
6.087379455566406250e-01 8.956271409988403320e-01
8.766238093376159668e-01 9.591473937034606934e-01
7.413702011108398438e-01 3.955734968185424805e-01
6.662901639938354492e-01 7.870616912841796875e-01
7.333308458328247070e-02 5.073863267898559570e-01
3.664735853672027588e-01 4.769310355186462402e-01
2.962441444396972656e-01 5.233733057975769043e-01
7.661450654268264771e-02 6.480559110641479492e-01
5.626950860023498535e-01 7.701232433319091797e-01
6.764637678861618042e-02 4.860052764415740967e-01
6.226174831390380859e-01 9.027566909790039062e-01
7.470510005950927734e-01 4.459382891654968262e-01
6.959408521652221680e-01 6.731954216957092285e-01
1.102210674434900284e-02 7.637422084808349609e-01
3.678813576698303223e-01 6.323719024658203125e-01
2.579282820224761963e-01 8.586045503616333008e-01
8.060693144798278809e-01 1.100492179393768311e-01
4.400497376918792725e-01 8.002502918243408203e-01
2.720683068037033081e-02 5.872382521629333496e-01
4.569179937243461609e-02 5.350756049156188965e-01
6.998276114463806152e-01 8.810325264930725098e-01
3.508680462837219238e-01 3.737940788269042969e-01
3.470819890499114990e-01 1.365863829851150513e-01
3.670167028903961182e-01 3.598007857799530029e-01
6.366072893142700195e-01 9.574867486953735352e-01
2.799214720726013184e-01 3.229795694351196289e-01
6.250858902931213379e-01 2.860397398471832275e-01
5.278690531849861145e-02 8.841847181320190430e-01
5.520654320716857910e-01 5.414089933037757874e-02
5.753536224365234375e-01 7.540964335203170776e-02
6.158229708671569824e-01 2.692515552043914795e-01
2.598928809165954590e-01 7.367907762527465820e-01
2.851777076721191406e-01 8.047733902931213379e-01
5.226182937622070312e-01 7.072877287864685059e-01
7.530943751335144043e-01 6.464347839355468750e-01
7.977596521377563477e-01 6.497873067855834961e-01
5.505349636077880859e-01 8.715537190437316895e-01
