6.974497437477111816e-01 9.452134370803833008e-01
7.649108767509460449e-01 8.345708847045898438e-01
1.261516660451889038e-01 9.163160324096679688e-01
6.234287619590759277e-01 4.890041053295135498e-02
6.586154103279113770e-01 8.629708290100097656e-01
1.888999491930007935e-01 7.518612146377563477e-01
8.984932303428649902e-01 6.930564343929290771e-02
4.157499372959136963e-01 9.594649672508239746e-01
8.916295766830444336e-01 8.126413822174072266e-01
9.918123483657836914e-01 7.661984562873840332e-01
2.275194823741912842e-01 9.611399769783020020e-01
5.484789013862609863e-01 5.395746827125549316e-01
3.910836279392242432e-01 9.375340938568115234e-01
7.336421012878417969e-01 1.712322980165481567e-01
9.195388555526733398e-01 2.417359501123428345e-01
8.638110756874084473e-01 7.409753203392028809e-01
1.037969961762428284e-01 9.283910691738128662e-02
1.540631949901580811e-01 2.453100234270095825e-01
3.872368931770324707e-01 2.133441418409347534e-01
8.267873525619506836e-01 5.661483407020568848e-01
6.550977230072021484e-01 8.173014521598815918e-01
6.005305051803588867e-01 4.328574538230895996e-01
7.420300245285034180e-01 5.391171574592590332e-01
6.153447628021240234e-01 9.247644543647766113e-01
3.768285512924194336e-01 6.040093898773193359e-01
3.384609818458557129e-01 1.591449975967407227e-01
1.209903359413146973e-01 7.075136899948120117e-02
9.792693853378295898e-01 5.728397965431213379e-01
6.221577525138854980e-01 6.484910845756530762e-01
9.127689599990844727e-01 1.579015702009201050e-01
6.209318637847900391e-01 5.554094314575195312e-01
7.010129094123840332e-01 3.482849895954132080e-01
8.165696859359741211e-01 5.033617615699768066e-01
5.784394145011901855e-01 2.523554563522338867e-01
1.005636528134346008e-02 1.515234112739562988e-01
9.739683866500854492e-01 2.275700122117996216e-01
6.093292832374572754e-01 6.824978590011596680e-01
4.405459463596343994e-01 4.760700762271881104e-01
7.554918527603149414e-01 6.073055863380432129e-01
8.528451919555664062e-01 3.845680877566337585e-02
8.974373340606689453e-01 4.381635785102844238e-01
7.756339311599731445e-01 6.755074262619018555e-01
6.279566884040832520e-01 2.268095463514328003e-01
1.966463774442672729e-01 4.191621243953704834e-01
2.524302005767822266e-01 4.737282395362854004e-01
1.594731807708740234e-01 9.843521118164062500e-01
7.491239309310913086e-01 4.307684302330017090e-01
8.780941963195800781e-01 5.956526994705200195e-01
6.747119426727294922e-01 4.583816528320312500e-01
4.785642623901367188e-01 6.816628575325012207e-02
4.922956228256225586e-02 2.364943474531173706e-01
5.190238952636718750e-01 2.375830560922622681e-01
1.347267180681228638e-01 1.722559779882431030e-01
4.776481091976165771e-01 3.928312063217163086e-01
7.992967367172241211e-01 9.850747585296630859e-01
9.218100905418395996e-01 6.611880660057067871e-01
3.807326555252075195e-01 7.814928293228149414e-01
4.368156194686889648e-01 2.502274811267852783e-01
1.814386546611785889e-01 8.706070184707641602e-01
4.930002391338348389e-01 8.792895078659057617e-01
8.123474121093750000e-01 4.980510473251342773e-01
8.389868736267089844e-01 1.399473398923873901e-01
7.792929410934448242e-01 8.422585129737854004e-01
5.537577271461486816e-01 8.086627721786499023e-01
4.582783579826354980e-01 2.815370857715606689e-01
1.834488064050674438e-01 4.894347190856933594e-01
6.539373993873596191e-01 4.701386392116546631e-01
9.228812456130981445e-01 6.047775386832654476e-04
5.329647660255432129e-01 5.517718382179737091e-03
5.269108414649963379e-01 7.011817693710327148e-01
5.622881054878234863e-01 2.594265937805175781e-01
7.956748604774475098e-01 7.158632576465606689e-02
2.536836266517639160e-01 6.138229966163635254e-01
2.783081233501434326e-01 1.228592395782470703e-01
4.448086917400360107e-01 6.573266983032226562e-01
9.076648354530334473e-01 2.548509836196899414e-01
3.434066176414489746e-01 7.575813531875610352e-01
7.445250153541564941e-01 9.070492982864379883e-01
4.888128638267517090e-01 8.116865158081054688e-01
8.810873627662658691e-01 9.939954280853271484e-01
3.876413702964782715e-01 2.185909897089004517e-01
6.874544024467468262e-01 8.400335907936096191e-01
3.786030411720275879e-01 9.026292562484741211e-01
6.257213354110717773e-01 3.069930970668792725e-01
8.768985271453857422e-01 4.548519551753997803e-01
9.244672060012817383e-01 2.280777394771575928e-01
4.263294488191604614e-02 6.044867634773254395e-01
5.901671051979064941e-01 9.028354883193969727e-01
6.530004739761352539e-02 3.862904012203216553e-01
1.227734237909317017e-01 6.038461327552795410e-01
4.681656956672668457e-01 9.569578766822814941e-01
3.053633272647857666e-01 6.408432722091674805e-01
5.335206389427185059e-01 6.465969681739807129e-01
6.753616929054260254e-01 9.899454712867736816e-01
7.237651348114013672e-01 1.634263843297958374e-01
1.851621270179748535e-02 6.049708127975463867e-01
3.307414948940277100e-01 7.308349013328552246e-02
6.378234028816223145e-01 7.309487462043762207e-01
4.947226941585540771e-01 4.284830987453460693e-01
3.706606924533843994e-01 6.114824414253234863e-01
8.016007542610168457e-01 3.685182631015777588e-01
8.196740150451660156e-01 1.037980392575263977e-01
7.234827280044555664e-01 2.944106794893741608e-02
9.228194355964660645e-01 7.467526793479919434e-01
9.800506234169006348e-01 1.597836427390575409e-02
9.831255674362182617e-01 7.164818048477172852e-01
4.852679073810577393e-01 7.229253053665161133e-01
2.798269391059875488e-01 4.567633271217346191e-01
4.446966350078582764e-01 7.325722277164459229e-02
8.565446138381958008e-01 4.655202031135559082e-01
5.122743248939514160e-01 1.541027873754501343e-01
9.929483532905578613e-01 3.453893363475799561e-01
5.608189105987548828e-01 1.199286803603172302e-01
6.953794956207275391e-01 7.134073972702026367e-01
7.428246140480041504e-01 8.379796743392944336e-01
8.329140543937683105e-01 6.168000102043151855e-01
9.102672338485717773e-01 1.427469998598098755e-01
1.694646328687667847e-01 6.423611640930175781e-01
2.742212712764739990e-01 8.676097989082336426e-01
1.296602785587310791e-01 6.561542749404907227e-01
2.378752082586288452e-01 1.504143923521041870e-01
3.067363798618316650e-01 4.717634618282318115e-01
9.130926728248596191e-01 8.293861746788024902e-01
7.819203138351440430e-01 7.032387256622314453e-01
4.421301484107971191e-01 2.159707099199295044e-01
7.575212121009826660e-01 7.926988601684570312e-01
1.159180849790573120e-01 5.625223368406295776e-02
7.341807484626770020e-01 2.344105988740921021e-01
5.718151926994323730e-01 9.700009226799011230e-01
6.900147795677185059e-01 7.532695531845092773e-01
8.801819682121276855e-01 6.925430893898010254e-01
6.867357492446899414e-01 4.423455893993377686e-01
7.150015234947204590e-01 7.566753625869750977e-01
5.487639829516410828e-02 1.735257953405380249e-01
8.384627699851989746e-01 8.024730086326599121e-01
1.340866461396217346e-02 9.392194747924804688e-01
6.595911979675292969e-01 9.185109734535217285e-01
9.594794511795043945e-01 7.456709742546081543e-01
5.973095893859863281e-01 2.275839447975158691e-02
2.199674993753433228e-01 3.931897506117820740e-02
1.111193466931581497e-02 9.700946211814880371e-01
1.297893822193145752e-01 4.478419721126556396e-01
5.369269847869873047e-01 7.907483577728271484e-01
4.368735253810882568e-01 3.802777528762817383e-01
2.386439889669418335e-01 6.123940348625183105e-01
7.633284926414489746e-01 5.140198469161987305e-01
9.181920289993286133e-01 5.703573822975158691e-01
2.416754215955734253e-01 7.544333934783935547e-01
8.023368716239929199e-01 1.290915906429290771e-01
6.335406750440597534e-02 1.233144626021385193e-01
5.164267867803573608e-02 5.116688013076782227e-01
6.401398181915283203e-01 8.705951571464538574e-01
1.269717216491699219e-01 2.382026463747024536e-01
2.715819776058197021e-01 2.484911382198333740e-01
4.822361171245574951e-01 1.458298712968826294e-01
2.684949636459350586e-01 1.683137118816375732e-01
5.723842978477478027e-01 7.879866361618041992e-01
2.891004644334316254e-02 4.857077896595001221e-01
5.030346512794494629e-01 2.739599645137786865e-01
5.175142884254455566e-01 3.641094863414764404e-01
6.237347722053527832e-01 1.145175546407699585e-01
4.203975498676300049e-01 3.265492990612983704e-02
9.138262867927551270e-01 1.883672922849655151e-02
6.252474784851074219e-01 6.833703815937042236e-02
2.411425262689590454e-01 8.727812170982360840e-01
3.382256925106048584e-01 8.036313056945800781e-01
7.788963317871093750e-01 3.393935859203338623e-01
7.296470403671264648e-01 8.106918334960937500e-01
8.723840713500976562e-01 1.295923739671707153e-01
7.877109646797180176e-01 3.247093856334686279e-01
4.589005112648010254e-01 2.173402905464172363e-01
2.841054797172546387e-01 6.017758250236511230e-01
4.710640013217926025e-01 8.269202709197998047e-01
6.132125854492187500e-01 8.305869698524475098e-01
6.048704385757446289e-01 5.631830096244812012e-01
6.035188436508178711e-01 2.458934783935546875e-01
6.041349172592163086e-01 1.391744762659072876e-01
8.527521789073944092e-02 5.791307687759399414e-01
8.363891839981079102e-01 3.954678177833557129e-01
5.172756910324096680e-01 8.998790383338928223e-01
8.037677407264709473e-02 5.454587191343307495e-02
6.042606234550476074e-01 8.837394714355468750e-01
6.885050535202026367e-01 8.751961588859558105e-02
5.467044711112976074e-01 1.049802675843238831e-01
3.770317435264587402e-01 3.437988758087158203e-01
5.488833189010620117e-01 8.406295776367187500e-01
7.665575742721557617e-01 1.543686091899871826e-01
7.502117753028869629e-01 2.472248822450637817e-01
9.362149238586425781e-01 6.646401286125183105e-01
4.906035959720611572e-02 2.926602214574813843e-02
1.011323742568492889e-02 4.033670723438262939e-01
4.010564684867858887e-01 9.376554936170578003e-02
1.335016041994094849e-01 2.659311890602111816e-01
6.078858375549316406e-01 5.914419293403625488e-01
9.432426095008850098e-01 3.705609738826751709e-01
5.544845014810562134e-02 3.895300030708312988e-01
1.063127666711807251e-01 3.655901551246643066e-01
1.004965826869010925e-01 7.832989096641540527e-01
3.788264095783233643e-01 3.513877689838409424e-01
3.934901356697082520e-01 3.831869363784790039e-01
1.549967676401138306e-01 7.784987688064575195e-01
8.048931360244750977e-01 2.866233289241790771e-01
3.833579644560813904e-02 2.444092929363250732e-01
2.053626440465450287e-02 1.259777396917343140e-01
8.467301726341247559e-01 9.174930453300476074e-01
4.834054708480834961e-01 8.999211192131042480e-01
9.353138804435729980e-01 7.041438817977905273e-01
6.999301314353942871e-01 7.705526947975158691e-01
9.726235270500183105e-01 2.610859572887420654e-01
9.075942039489746094e-01 8.279082775115966797e-01
1.113298460841178894e-01 3.220621347427368164e-01
1.691363006830215454e-01 9.209240078926086426e-01
9.391244053840637207e-01 1.152550578117370605e-01
6.214742064476013184e-01 6.250072717666625977e-01
5.114235281944274902e-01 8.113212585449218750e-01
7.023291587829589844e-01 8.033030033111572266e-01
3.773182034492492676e-01 6.625114381313323975e-02
7.195785641670227051e-01 4.450056254863739014e-01
9.127596616744995117e-01 6.628275513648986816e-01
8.569170832633972168e-01 3.589965105056762695e-01
4.549683332443237305e-01 3.385384678840637207e-01
9.811898469924926758e-01 8.399810791015625000e-01
5.133385062217712402e-01 9.826158285140991211e-01
3.016861081123352051e-01 4.010458588600158691e-01
8.357927799224853516e-01 6.183904409408569336e-01
4.317004680633544922e-01 6.358205676078796387e-01
7.798260450363159180e-02 4.389001429080963135e-01
5.534755438566207886e-02 3.301284611225128174e-01
3.005047440528869629e-01 6.745380759239196777e-01
5.446073412895202637e-01 4.621713757514953613e-01
5.127744674682617188e-01 8.915023803710937500e-01
5.551486015319824219e-01 8.959134817123413086e-01
6.384218335151672363e-01 6.021725535392761230e-01
4.721684753894805908e-01 3.043169379234313965e-01
9.280920624732971191e-01 1.611942052841186523e-01
6.927404999732971191e-01 5.949720144271850586e-01
6.290317177772521973e-01 3.702083602547645569e-02
9.705762267112731934e-01 1.427763104438781738e-01
1.999815404415130615e-01 4.699465036392211914e-01
8.385826349258422852e-01 3.715745359659194946e-02
4.013034999370574951e-01 3.824035227298736572e-01
3.296718895435333252e-01 2.771274745464324951e-01
4.448750317096710205e-01 5.762044191360473633e-01
6.212974786758422852e-01 7.448673844337463379e-01
5.687382817268371582e-01 6.797646880149841309e-01
9.969964623451232910e-02 2.279753610491752625e-02
3.234707415103912354e-01 6.010802835226058960e-02
1.497657895088195801e-01 3.155761957168579102e-01
7.663987278938293457e-01 8.246465325355529785e-01
7.043173313140869141e-01 5.339568853378295898e-01
8.782514929771423340e-01 7.033120393753051758e-01
8.446817994117736816e-01 3.111530840396881104e-01
2.767289876937866211e-01 8.666372299194335938e-01
3.220943510532379150e-01 7.046855986118316650e-02
7.401646375656127930e-01 2.013132870197296143e-01
6.829236745834350586e-01 8.011115193367004395e-01
8.809617757797241211e-01 2.766610682010650635e-01
8.750765323638916016e-01 9.136496186256408691e-01
5.883695185184478760e-02 9.305264353752136230e-01
1.484137028455734253e-01 4.690293669700622559e-01
9.612944722175598145e-01 1.090492755174636841e-01
9.202194213867187500e-01 4.432203173637390137e-01
7.572423815727233887e-01 6.529587507247924805e-01
6.580901741981506348e-01 6.949197649955749512e-01
7.159595489501953125e-01 1.819646209478378296e-01
1.975029557943344116e-01 1.295643895864486694e-01
5.263174176216125488e-01 5.804232358932495117e-01
5.369820594787597656e-01 6.045409291982650757e-02
9.716470837593078613e-01 5.002393126487731934e-01
6.152691841125488281e-01 1.634419523179531097e-02
6.709444522857666016e-01 9.377977848052978516e-01
8.561955094337463379e-01 6.173980832099914551e-01
6.899142265319824219e-01 9.890662431716918945e-01
2.325186878442764282e-01 3.752201199531555176e-01
9.955090880393981934e-01 2.588256001472473145e-01
5.853455662727355957e-01 6.864753961563110352e-01
4.498943388462066650e-01 4.575182199478149414e-01
9.103827923536300659e-02 3.705531954765319824e-01
6.244791746139526367e-01 3.908766210079193115e-01
8.561278134584426880e-02 5.805753469467163086e-01
2.692716121673583984e-01 5.380127429962158203e-01
2.770735621452331543e-01 3.474442958831787109e-01
8.659862279891967773e-01 9.228225946426391602e-01
2.498865723609924316e-01 4.773876816034317017e-02
5.838512182235717773e-01 1.280843913555145264e-01
3.033951818943023682e-01 7.910123467445373535e-01
2.892917990684509277e-01 4.797169268131256104e-01
7.158035039901733398e-01 9.082040190696716309e-01
1.750723272562026978e-01 6.283442974090576172e-01
3.923475444316864014e-01 2.990434318780899048e-02
6.182316690683364868e-02 3.280703425407409668e-01
2.011311650276184082e-01 1.405138969421386719e-01
7.536891102790832520e-01 6.498311161994934082e-01
4.917257130146026611e-01 6.084746494889259338e-02
5.122593641281127930e-01 5.852766633033752441e-01
7.453595995903015137e-01 3.836871683597564697e-01
1.465106606483459473e-01 5.686569213867187500e-01
2.531029284000396729e-01 3.113804161548614502e-01
1.983233168721199036e-02 2.870237529277801514e-01
6.456402540206909180e-01 7.527737617492675781e-01
1.675604581832885742e-01 8.768156766891479492e-01
3.726483881473541260e-01 4.165563285350799561e-01
1.237698178738355637e-02 3.313135802745819092e-01
7.738303393125534058e-02 7.263619303703308105e-01
7.003355026245117188e-01 9.401534684002399445e-03
4.295544326305389404e-01 9.012009501457214355e-01
3.067623078823089600e-01 1.743701845407485962e-01
2.148802578449249268e-02 7.405794262886047363e-01
1.118353158235549927e-01 2.329981699585914612e-02
7.829765090718865395e-04 7.364435791969299316e-01
5.965726450085639954e-03 6.427965760231018066e-01
8.702865839004516602e-01 7.670902013778686523e-01
6.961831450462341309e-02 7.282945513725280762e-01
4.825133383274078369e-01 7.140642404556274414e-01
6.314733624458312988e-01 9.242064356803894043e-01
6.942924577742815018e-03 7.818610072135925293e-01
1.602097600698471069e-01 1.628172546625137329e-01
2.866663932800292969e-01 9.300155639648437500e-01
8.986849784851074219e-01 8.043814301490783691e-01
2.892570011317729950e-02 9.722565412521362305e-01
1.519053727388381958e-01 3.973013162612915039e-01
8.058097958564758301e-01 3.461104035377502441e-01
8.479896783828735352e-01 4.742167294025421143e-01
3.693790435791015625e-01 1.126045733690261841e-01
9.948526620864868164e-01 3.834980726242065430e-01
8.041031360626220703e-01 4.453439265489578247e-02
4.409819841384887695e-01 2.908088564872741699e-01
9.876598119735717773e-01 5.122376680374145508e-01
6.755645871162414551e-01 2.139226943254470825e-01
3.525896072387695312e-01 8.517249822616577148e-01
3.530597686767578125e-01 1.574668735265731812e-01
6.622422933578491211e-01 8.671044111251831055e-01
2.945964932441711426e-01 4.984815716743469238e-01
7.146422266960144043e-01 8.221495151519775391e-01
2.059835493564605713e-01 7.291921377182006836e-01
4.369810819625854492e-01 4.764965474605560303e-01
6.501783132553100586e-01 2.576175630092620850e-01
6.895253658294677734e-01 4.475836157798767090e-01
8.888677954673767090e-01 1.166393235325813293e-01
9.739111661911010742e-01 3.600047230720520020e-01
9.933599829673767090e-02 1.564191430807113647e-01
3.220019340515136719e-01 1.785753667354583740e-01
3.130716383457183838e-01 8.590015769004821777e-01
9.480143785476684570e-01 5.736901164054870605e-01
3.059501945972442627e-01 7.152291536331176758e-01
5.153040289878845215e-01 2.694140970706939697e-01
1.298122704029083252e-01 6.768556237220764160e-01
4.355469048023223877e-01 4.990678727626800537e-01
1.559445858001708984e-01 5.388186126947402954e-02
8.902082443237304688e-01 5.564242601394653320e-01
1.133992150425910950e-02 8.704805970191955566e-01
1.585045754909515381e-01 5.235244631767272949e-01
9.806144237518310547e-01 6.621543169021606445e-01
3.072938621044158936e-01 3.856106400489807129e-01
7.941344976425170898e-01 1.844909787178039551e-01
3.464945554733276367e-01 4.658557176589965820e-01
4.610378146171569824e-01 7.067568600177764893e-02
3.705403208732604980e-01 3.927089646458625793e-02
2.230630218982696533e-01 5.127334594726562500e-01
7.095655202865600586e-01 9.436075687408447266e-01
8.403818607330322266e-01 2.736254632472991943e-01
7.574350833892822266e-01 1.302372515201568604e-01
2.723452150821685791e-01 3.500250577926635742e-01
7.491499781608581543e-01 8.418233394622802734e-01
5.606253445148468018e-02 7.719975113868713379e-01
8.326919078826904297e-01 7.266243696212768555e-01
9.385319352149963379e-01 3.329227268695831299e-01
1.093390583992004395e-02 7.378824949264526367e-01
5.449868440628051758e-01 3.282163143157958984e-01
3.182567954063415527e-01 6.326602697372436523e-01
1.163739413022994995e-01 2.049656957387924194e-01
9.643865823745727539e-01 8.036817312240600586e-01
8.842258453369140625e-01 1.812412142753601074e-01
3.822040259838104248e-01 7.780204415321350098e-01
9.058783054351806641e-01 6.580641120672225952e-02
2.805290222167968750e-01 4.750272259116172791e-02
9.303661584854125977e-01 5.277672410011291504e-02
8.387855887413024902e-01 9.474050402641296387e-01
4.204238057136535645e-01 4.922085702419281006e-01
6.102894544601440430e-01 5.915477871894836426e-01
1.998759806156158447e-01 1.249976232647895813e-01
3.284917026758193970e-02 9.834347367286682129e-01
4.956450313329696655e-02 2.281717807054519653e-01
1.726506054401397705e-01 5.078166723251342773e-03
3.542971014976501465e-01 7.390121463686227798e-03
1.290079802274703979e-01 8.571209907531738281e-01
9.512498974800109863e-01 3.891006410121917725e-01
8.486415259540081024e-03 6.338855624198913574e-01
4.227783381938934326e-01 6.527368426322937012e-01
4.288732260465621948e-02 6.550080776214599609e-01
2.104556262493133545e-01 3.040979206562042236e-01
1.659990102052688599e-01 2.904698550701141357e-01
6.950901150703430176e-01 2.400082200765609741e-01
4.612514078617095947e-01 5.972787737846374512e-01
1.191001161932945251e-01 4.297421872615814209e-01
7.468812465667724609e-01 4.402534365653991699e-01
6.839783191680908203e-01 8.759896159172058105e-01
7.355306744575500488e-01 5.977569222450256348e-01
9.729508757591247559e-01 5.621699094772338867e-01
3.628200292587280273e-01 7.471845746040344238e-01
9.403296560049057007e-02 3.973836302757263184e-01
5.902031064033508301e-01 5.881129503250122070e-01
7.166346311569213867e-01 7.396786212921142578e-01
5.742518901824951172e-01 7.974710464477539062e-01
1.578850597143173218e-01 3.393674194812774658e-01
2.659749388694763184e-01 7.321819067001342773e-01
8.428100347518920898e-01 5.617967247962951660e-01
5.170044302940368652e-01 1.954769492149353027e-01
9.356908202171325684e-01 2.903742194175720215e-01
7.762110829353332520e-01 3.350843489170074463e-01
3.714291155338287354e-01 1.562029570341110229e-01
5.316929221153259277e-01 8.811435699462890625e-01
5.527667999267578125e-01 3.296505510807037354e-01
2.420448362827301025e-01 9.071926474571228027e-01
4.931399822235107422e-01 3.111332356929779053e-01
2.577539086341857910e-01 9.962269067764282227e-01
8.026382327079772949e-01 5.426080226898193359e-01
4.120654463768005371e-01 4.155587553977966309e-01
8.273188471794128418e-01 6.751001477241516113e-01
1.961907297372817993e-01 9.134966731071472168e-01
8.889883756637573242e-01 8.336426615715026855e-01
4.528151750564575195e-01 3.846192732453346252e-02
2.570784389972686768e-01 3.065555095672607422e-01
8.003755807876586914e-01 4.514107108116149902e-01
3.353772461414337158e-01 9.368185400962829590e-01
8.575066924095153809e-01 1.599809974431991577e-01
6.170499920845031738e-01 2.941162884235382080e-01
5.260102152824401855e-01 2.955798506736755371e-01
2.922911345958709717e-01 5.492620170116424561e-02
1.494146436452865601e-01 4.352870881557464600e-01
8.029333949089050293e-01 2.974235117435455322e-01
9.026384949684143066e-01 9.717128276824951172e-01
8.150744438171386719e-01 1.738708019256591797e-01
2.470997720956802368e-01 4.399350285530090332e-01
2.428767681121826172e-01 6.189969778060913086e-01
9.464323520660400391e-01 3.210872644558548927e-03
7.423295378684997559e-01 2.438185364007949829e-01
8.059322834014892578e-01 8.664211630821228027e-01
4.576673507690429688e-01 5.594335198402404785e-01
5.301815867424011230e-01 8.186885714530944824e-01
4.202444106340408325e-02 4.803640246391296387e-01
1.221716031432151794e-01 2.246514260768890381e-01
7.376036792993545532e-02 9.543710350990295410e-01
5.605729818344116211e-01 2.159236669540405273e-01
6.975964903831481934e-01 2.297766059637069702e-01
9.288827776908874512e-01 5.447177290916442871e-01
8.532585501670837402e-01 5.735571384429931641e-01
1.691295206546783447e-01 1.647021323442459106e-01
9.647334814071655273e-01 7.481535077095031738e-01
6.121846437454223633e-01 1.973959207534790039e-01
7.674722671508789062e-01 3.276712028309702873e-03
1.775983124971389771e-01 3.603689372539520264e-01
6.310358643531799316e-02 2.245989739894866943e-01
4.419343546032905579e-02 3.171606361865997314e-01
1.058181896805763245e-01 9.345360398292541504e-01
9.144209027290344238e-01 1.482361704111099243e-01
2.808079719543457031e-01 1.707228571176528931e-01
2.396261841058731079e-01 9.661509841680526733e-02
6.957901120185852051e-01 4.887584149837493896e-01
6.748612523078918457e-01 1.577425003051757812e-01
2.465084940195083618e-01 2.611649930477142334e-01
2.874959707260131836e-01 6.921293735504150391e-01
6.458815336227416992e-01 1.781801879405975342e-01
3.482630103826522827e-02 8.889102935791015625e-01
5.383754372596740723e-01 7.991388440132141113e-01
2.075099572539329529e-02 9.629056453704833984e-01
9.034896492958068848e-01 4.799062311649322510e-01
3.776096105575561523e-01 8.078805804252624512e-01
6.078477948904037476e-02 1.662890166044235229e-01
9.546588659286499023e-01 2.214160114526748657e-01
1.965855807065963745e-01 2.588880434632301331e-02
5.206871032714843750e-01 4.805892407894134521e-01
6.770650744438171387e-01 3.024731874465942383e-01
1.836115270853042603e-01 4.334891140460968018e-01
7.643836736679077148e-01 9.596036672592163086e-01
5.765611678361892700e-02 4.462137520313262939e-01
7.333506345748901367e-01 6.999002695083618164e-01
4.006495475769042969e-01 8.695030212402343750e-01
2.390074729919433594e-02 1.361041963100433350e-01
9.516606926918029785e-01 3.580956459045410156e-01
9.403675794601440430e-01 9.417655467987060547e-01
5.852760672569274902e-01 5.290194749832153320e-01
5.402942299842834473e-01 1.483085155487060547e-01
7.279639840126037598e-01 8.755968213081359863e-01
8.749617934226989746e-01 1.096882745623588562e-01
1.661627441644668579e-01 4.761621654033660889e-01
8.150353431701660156e-01 8.206139802932739258e-01
9.886192679405212402e-01 7.551150321960449219e-01
9.356821179389953613e-01 7.245430350303649902e-01
5.839138627052307129e-01 6.018263697624206543e-01
4.078310132026672363e-01 1.809238791465759277e-01
1.251131892204284668e-01 8.249096870422363281e-01
4.858312606811523438e-01 6.727431416511535645e-01
5.333988666534423828e-01 2.804784178733825684e-01
7.517199516296386719e-01 2.363377660512924194e-01
5.996405482292175293e-01 1.175079271197319031e-01
9.888393282890319824e-01 6.584547227248549461e-04
7.156364917755126953e-01 5.871390700340270996e-01
4.318810105323791504e-01 6.618072986602783203e-01
7.133594155311584473e-01 5.182019248604774475e-02
2.048771083354949951e-01 6.971802711486816406e-01
5.335348844528198242e-01 6.316570043563842773e-01
9.880910515785217285e-01 7.838183641433715820e-01
1.140882447361946106e-02 1.274314373731613159e-01
7.522432804107666016e-01 6.787421703338623047e-01
9.342525005340576172e-01 4.431293904781341553e-01
4.797687530517578125e-01 7.071509212255477905e-02
2.468655854463577271e-01 6.753434985876083374e-02
7.567402720451354980e-01 9.132502079010009766e-01
3.006290197372436523e-01 3.752684891223907471e-01
6.249254345893859863e-01 2.067904174327850342e-01
3.190075457096099854e-01 1.266027092933654785e-01
6.136692166328430176e-01 9.131077527999877930e-01
8.671361804008483887e-01 4.464142918586730957e-01
8.800116777420043945e-01 6.722485423088073730e-01
3.111631572246551514e-01 2.290891706943511963e-01
6.779721379280090332e-01 7.828836888074874878e-02
1.107693240046501160e-01 5.577862262725830078e-01
7.856534123420715332e-01 1.167820580303668976e-02
5.824660658836364746e-01 8.275004625320434570e-01
5.952770113945007324e-01 9.340046048164367676e-01
8.341135978698730469e-01 4.888291954994201660e-01
1.773716323077678680e-02 1.553610060364007950e-02
9.924823641777038574e-01 3.527399152517318726e-02
9.925232529640197754e-01 3.948276042938232422e-01
4.855257570743560791e-01 5.712594985961914062e-01
6.223179697990417480e-01 5.510084033012390137e-01
8.966657519340515137e-01 1.986888796091079712e-01
2.883011400699615479e-01 8.312883377075195312e-01
6.180611252784729004e-01 1.371597945690155029e-01
4.660115242004394531e-01 7.993397116661071777e-01
4.329995512962341309e-01 4.279940426349639893e-01
5.825684666633605957e-01 9.761866927146911621e-01
3.573404848575592041e-01 6.529185175895690918e-01
1.069488301873207092e-01 1.697049289941787720e-01
7.409843206405639648e-01 7.657214403152465820e-01
7.918071746826171875e-01 5.309104919433593750e-01
6.542449593544006348e-01 3.939613401889801025e-01
6.399577260017395020e-01 6.132050752639770508e-01
9.593143463134765625e-01 2.451141625642776489e-01
6.787368655204772949e-01 7.877146005630493164e-01
3.796671032905578613e-01 2.904074788093566895e-01
2.419827133417129517e-01 5.538778901100158691e-01
9.726985692977905273e-01 3.153809309005737305e-01
2.339286953210830688e-01 2.692677974700927734e-01
1.705943942070007324e-01 3.629868328571319580e-01
6.062589883804321289e-01 1.731256544589996338e-01
5.669938921928405762e-01 1.965600401163101196e-01
4.206468164920806885e-01 7.988089323043823242e-02
6.658314466476440430e-01 8.510200381278991699e-01
5.482155084609985352e-01 6.866775155067443848e-01
6.569993495941162109e-01 8.051475286483764648e-01
8.099482655525207520e-01 4.512738287448883057e-01
9.816635251045227051e-01 7.690353393554687500e-01
2.697325646877288818e-01 1.175861284136772156e-01
3.857686817646026611e-01 3.441754579544067383e-01
7.842562794685363770e-01 4.171045422554016113e-01
7.863937020301818848e-01 7.666020095348358154e-02
6.413790583610534668e-01 6.585233211517333984e-01
2.614516913890838623e-01 4.386191070079803467e-01
4.162844121456146240e-01 3.111091554164886475e-01
1.184107065200805664e-01 7.104793190956115723e-02
2.392652928829193115e-01 6.326290369033813477e-01
3.328630328178405762e-01 2.633953467011451721e-02
7.818226814270019531e-01 1.090641245245933533e-01
2.288694083690643311e-01 1.122255474328994751e-01
1.198113858699798584e-01 3.049623966217041016e-01
7.934304475784301758e-01 6.791944503784179688e-01
9.033007025718688965e-01 6.111124753952026367e-01
1.964259445667266846e-01 2.387356013059616089e-01
4.144411385059356689e-01 9.275884032249450684e-01
2.854133546352386475e-01 7.208359837532043457e-01
9.454810023307800293e-01 9.580295532941818237e-02
1.999726444482803345e-01 2.389377951622009277e-01
7.469819784164428711e-01 4.294395148754119873e-01
8.764680027961730957e-01 6.186793446540832520e-01
3.749296963214874268e-01 5.968319717794656754e-03
5.156081318855285645e-01 1.376953125000000000e-01
9.144088625907897949e-01 2.772872745990753174e-01
3.636935949325561523e-01 2.456071078777313232e-01
8.910542130470275879e-01 6.986507773399353027e-01
6.726936101913452148e-01 9.959428906440734863e-01
1.702726781368255615e-01 1.311122328042984009e-01
1.430363953113555908e-01 6.921647489070892334e-02
7.627771496772766113e-01 3.766431510448455811e-01
3.690957129001617432e-01 7.322546839714050293e-01
4.200693219900131226e-02 1.746681183576583862e-01
3.542455434799194336e-01 8.667631745338439941e-01
4.252290725708007812e-01 5.054519772529602051e-01
8.680811524391174316e-01 9.124053716659545898e-01
3.837155699729919434e-01 1.585297733545303345e-01
7.790501713752746582e-01 9.116138815879821777e-01
8.966349363327026367e-01 1.481584161520004272e-01
3.048302531242370605e-01 7.252659797668457031e-01
2.592228055000305176e-01 6.130818724632263184e-01
6.485509872436523438e-01 6.504787206649780273e-01
5.165026783943176270e-01 8.410831689834594727e-01
6.510314941406250000e-01 3.341910839080810547e-01
4.025213718414306641e-01 7.489051222801208496e-01
1.938630789518356323e-01 2.425768785178661346e-02
8.886867165565490723e-01 1.399425417184829712e-01
5.815373659133911133e-01 5.442911386489868164e-01
6.142706871032714844e-01 1.959104239940643311e-01
4.576092660427093506e-01 5.828419327735900879e-01
8.812192827463150024e-02 8.057622313499450684e-01
9.534129500389099121e-02 6.736840605735778809e-01
7.193259000778198242e-01 3.656119406223297119e-01
9.322387576103210449e-01 5.650799274444580078e-01
8.367738723754882812e-01 2.036052048206329346e-01
6.906712055206298828e-01 1.551714837551116943e-01
5.031307935714721680e-01 1.457684300839900970e-02
7.124567627906799316e-01 5.045229792594909668e-01
4.535943567752838135e-01 4.759105145931243896e-01
1.371140629053115845e-01 7.146794199943542480e-01
9.911133646965026855e-01 8.826166391372680664e-01
8.834371566772460938e-01 3.645996153354644775e-01
2.323466241359710693e-01 1.261624395847320557e-01
7.546786665916442871e-01 5.041392445564270020e-01
2.151497155427932739e-01 2.154531627893447876e-01
8.057705163955688477e-01 2.773804068565368652e-01
5.254227519035339355e-01 1.197917163372039795e-01
8.413247466087341309e-01 4.126190543174743652e-01
8.002196550369262695e-01 5.421604588627815247e-02
5.496723651885986328e-01 2.128319293260574341e-01
7.606629133224487305e-01 1.775476187467575073e-01
5.643100738525390625e-01 1.719565875828266144e-02
6.070656180381774902e-01 9.294171929359436035e-01
4.757884740829467773e-01 3.676232993602752686e-01
5.482869148254394531e-01 1.285093277692794800e-01
6.842025518417358398e-01 9.299156665802001953e-01
3.182746767997741699e-01 8.793716430664062500e-01
3.746016621589660645e-01 8.543431162834167480e-01
4.480513930320739746e-01 1.792317479848861694e-01
1.063617989420890808e-01 4.651027023792266846e-01
5.129417181015014648e-01 8.049206733703613281e-01
9.366046190261840820e-01 1.521951109170913696e-01
8.522008657455444336e-01 5.412727594375610352e-01
1.283688098192214966e-02 4.504616260528564453e-01
3.084526956081390381e-01 6.341350674629211426e-01
2.239530384540557861e-01 6.388099193572998047e-01
7.559867501258850098e-01 4.193052053451538086e-01
4.549365043640136719e-01 3.805116713047027588e-01
8.267210125923156738e-01 9.822210669517517090e-01
7.252231836318969727e-01 2.870673537254333496e-01
4.563035070896148682e-01 2.924953401088714600e-01
2.257291972637176514e-01 9.684842079877853394e-03
6.960590481758117676e-01 7.785221338272094727e-01
3.204044103622436523e-01 5.043041110038757324e-01
6.690919995307922363e-01 8.158383965492248535e-01
7.966837882995605469e-01 1.427944600582122803e-01
9.697182178497314453e-01 6.450712084770202637e-01
5.968471765518188477e-01 8.399136066436767578e-01
4.143628478050231934e-01 7.009027004241943359e-01
1.080861240625381470e-01 1.741252541542053223e-01
4.438232779502868652e-01 1.266651898622512817e-01
1.654493212699890137e-01 5.984370112419128418e-01
5.528047084808349609e-01 8.637403249740600586e-01
6.251329183578491211e-01 2.646379768848419189e-01
5.327787995338439941e-01 6.317631006240844727e-01
2.783616483211517334e-01 8.823232650756835938e-01
4.248758777976036072e-02 9.161415100097656250e-01
7.084842920303344727e-01 7.801327705383300781e-01
8.460408449172973633e-01 9.442588090896606445e-01
4.239996969699859619e-01 5.874704569578170776e-02
7.840328216552734375e-01 4.567731320858001709e-01
7.128600478172302246e-01 4.318683445453643799e-01
5.305849313735961914e-01 8.556979894638061523e-01
4.973093867301940918e-01 4.241171777248382568e-01
5.012171864509582520e-01 2.654837965965270996e-01
6.378144621849060059e-01 1.599323898553848267e-01
4.776505827903747559e-01 5.829029679298400879e-01
7.371822744607925415e-02 5.928794741630554199e-01
2.938728630542755127e-01 3.479340672492980957e-01
9.070932269096374512e-01 2.626949548721313477e-01
1.445495784282684326e-01 1.026939377188682556e-01
6.810086965560913086e-01 8.421105742454528809e-01
8.102821707725524902e-01 3.382001221179962158e-01
6.598133444786071777e-01 1.788322329521179199e-01
9.093292951583862305e-01 8.350611925125122070e-01
8.737894892692565918e-01 9.454302787780761719e-01
5.153801441192626953e-01 9.568371623754501343e-02
4.625770747661590576e-01 5.416914820671081543e-01
5.391187667846679688e-01 1.840557605028152466e-01
2.598745226860046387e-01 5.207314491271972656e-01
9.473223090171813965e-01 2.277318686246871948e-01
9.114257097244262695e-01 1.574946790933609009e-01
9.738752245903015137e-01 4.137993156909942627e-01
5.132903456687927246e-01 3.593642711639404297e-01
3.081763982772827148e-01 8.315662145614624023e-01
9.183827638626098633e-01 7.823979854583740234e-01
8.990828394889831543e-01 3.000363111495971680e-01
8.758819103240966797e-01 4.132492244243621826e-01
3.342937231063842773e-01 6.523086428642272949e-01
6.580497622489929199e-01 7.739283889532089233e-02
7.561427354812622070e-01 1.951383501291275024e-01
8.546837568283081055e-01 4.425489529967308044e-02
4.178935289382934570e-01 6.723236441612243652e-01
2.614455819129943848e-01 7.540657371282577515e-02
7.414097189903259277e-01 4.041737690567970276e-02
4.751472771167755127e-01 7.548978924751281738e-01
8.584231138229370117e-01 5.479404330253601074e-01
9.474211335182189941e-01 9.510506391525268555e-01
6.230783462524414062e-01 9.920774698257446289e-01
5.758401155471801758e-01 2.368696331977844238e-01
4.185953736305236816e-01 1.380764991044998169e-01
2.495258599519729614e-01 7.925204634666442871e-01
4.327256381511688232e-01 3.415210247039794922e-01
4.706250131130218506e-01 7.116822004318237305e-01
3.604118525981903076e-01 1.663126647472381592e-01
6.026600599288940430e-01 6.064338237047195435e-02
4.204731881618499756e-01 4.224211871623992920e-01
4.076289832592010498e-01 7.688505053520202637e-01
1.373964846134185791e-01 1.311572194099426270e-01
8.371872305870056152e-01 7.144435495138168335e-02
4.620111882686614990e-01 7.931634783744812012e-01
8.551275730133056641e-01 2.509424686431884766e-01
4.592260718345642090e-01 8.042387962341308594e-01
2.895419299602508545e-01 3.506243973970413208e-02
8.078473806381225586e-01 4.127551019191741943e-01
7.190029621124267578e-01 2.507351571694016457e-03
6.531146764755249023e-01 5.945580005645751953e-01
4.360280334949493408e-01 9.422308802604675293e-01
1.582132279872894287e-01 8.730659484863281250e-01
8.795440793037414551e-01 1.922917068004608154e-01
9.620360136032104492e-01 8.264647722244262695e-01
3.991909325122833252e-01 5.339740514755249023e-01
4.611179828643798828e-01 3.844683468341827393e-01
7.981539964675903320e-01 9.939359426498413086e-01
8.110747337341308594e-01 9.558292627334594727e-01
7.413693070411682129e-01 6.471943855285644531e-01
4.770612716674804688e-01 6.180871725082397461e-01
8.749981969594955444e-02 3.374893963336944580e-01
4.781342148780822754e-01 4.350488781929016113e-01
7.902150750160217285e-01 5.995919704437255859e-01
9.790189266204833984e-01 7.240154743194580078e-01
7.961231470108032227e-02 7.536821365356445312e-01
6.615432500839233398e-01 4.812057316303253174e-01
5.868274569511413574e-01 8.004261255264282227e-01
9.368886947631835938e-01 3.773616552352905273e-01
3.263208568096160889e-01 9.562273621559143066e-01
4.532732367515563965e-01 7.405948638916015625e-01
2.413817197084426880e-01 4.481420516967773438e-01
8.558585643768310547e-01 6.185321807861328125e-01
2.373518347740173340e-01 3.974848687648773193e-01
3.275288939476013184e-01 5.828753113746643066e-01
2.495782524347305298e-01 1.664211899042129517e-01
4.204642772674560547e-01 8.510501384735107422e-01
4.957390427589416504e-01 8.578498363494873047e-01
8.807255625724792480e-01 1.300398260354995728e-01
9.809299707412719727e-01 8.942823410034179688e-01
3.462714850902557373e-01 3.596881330013275146e-01
4.843663573265075684e-01 2.448851913213729858e-01
7.220034599304199219e-01 6.884639859199523926e-01
8.244424462318420410e-01 3.578281998634338379e-01
6.776266098022460938e-01 2.540570199489593506e-01
4.020821750164031982e-01 1.631272770464420319e-02
3.361167013645172119e-01 8.596260547637939453e-01
2.591470628976821899e-02 2.985205352306365967e-01
6.091860532760620117e-01 4.112649261951446533e-01
2.290750592947006226e-01 8.849836587905883789e-01
9.908431172370910645e-01 6.365068554878234863e-01
7.910028696060180664e-01 4.418631196022033691e-01
3.507104888558387756e-02 5.397751927375793457e-01
3.799991309642791748e-01 6.886711120605468750e-01
7.791059613227844238e-01 9.471094012260437012e-01
8.044075369834899902e-01 5.498823523521423340e-01
1.967682689428329468e-01 3.340854644775390625e-01
7.237336635589599609e-01 4.246037453413009644e-02
5.001744031906127930e-01 8.509733080863952637e-01
7.551565170288085938e-01 8.602601885795593262e-01
1.571109592914581299e-01 7.491072416305541992e-01
4.312612488865852356e-02 7.630661129951477051e-02
1.887341886758804321e-01 2.722141742706298828e-01
1.772179501131176949e-03 3.067250251770019531e-01
1.705187410116195679e-01 4.361947774887084961e-01
2.283540219068527222e-01 7.323989272117614746e-01
2.553976178169250488e-01 8.420228362083435059e-01
9.629679322242736816e-01 1.812556236982345581e-01
3.706456422805786133e-01 2.240789122879505157e-03
9.513659477233886719e-01 4.551638960838317871e-01
5.393397212028503418e-01 5.438509583473205566e-01
4.299167394638061523e-01 3.515547886490821838e-02
2.418114095926284790e-01 4.931058287620544434e-01
8.236472606658935547e-01 3.311904072761535645e-01
4.783386588096618652e-01 8.703629374504089355e-01
5.809902548789978027e-01 6.030744910240173340e-01
5.396940112113952637e-01 6.353484988212585449e-01
6.676825881004333496e-01 3.215807303786277771e-02
3.001334965229034424e-01 4.564577341079711914e-01
1.944608390331268311e-01 6.084452867507934570e-01
9.767394661903381348e-01 3.295208215713500977e-01
6.448518633842468262e-01 2.848694920539855957e-01
7.903212308883666992e-01 5.434783697128295898e-01
5.576837658882141113e-01 3.397746384143829346e-01
6.972756981849670410e-01 4.497116804122924805e-02
8.749984502792358398e-01 2.150082439184188843e-01
1.565173715353012085e-01 8.791506290435791016e-01
6.782721877098083496e-01 4.338530004024505615e-01
9.369341731071472168e-01 3.678390383720397949e-01
1.089850068092346191e-01 2.414816170930862427e-01
2.717378139495849609e-01 5.135344862937927246e-01
6.028401255607604980e-01 3.906306624412536621e-01
4.450515508651733398e-01 2.435372918844223022e-01
7.503862380981445312e-01 1.884978413581848145e-01
6.917614340782165527e-01 2.993214130401611328e-01
4.759317338466644287e-01 9.582509398460388184e-01
3.478628396987915039e-01 8.183282613754272461e-01
1.519807726144790649e-01 6.299597024917602539e-01
2.694786190986633301e-01 4.414034187793731689e-01
5.632738471031188965e-01 6.565704345703125000e-01
2.663285434246063232e-01 9.899801015853881836e-01
7.156358361244201660e-01 1.209238022565841675e-01
7.264429926872253418e-01 4.959842860698699951e-01
2.150381058454513550e-01 1.586764752864837646e-01
2.239973247051239014e-01 9.811622500419616699e-01
6.149623394012451172e-01 4.845608174800872803e-01
3.277993798255920410e-01 5.701392889022827148e-01
7.907596826553344727e-01 3.881371915340423584e-01
9.326049685478210449e-01 3.049556910991668701e-01
6.814160346984863281e-01 3.120723068714141846e-01
1.548508852720260620e-01 2.294358611106872559e-01
5.507910251617431641e-01 7.500016689300537109e-01
2.294518053531646729e-01 4.271072521805763245e-02
4.652646929025650024e-02 7.363541424274444580e-02
4.785146117210388184e-01 5.696612000465393066e-01
2.124742120504379272e-01 9.539427161216735840e-01
6.788152456283569336e-02 8.000371605157852173e-02
7.386548072099685669e-02 2.119627147912979126e-01
8.126125931739807129e-01 3.441371917724609375e-01
3.124395906925201416e-01 8.896387368440628052e-02
1.163591593503952026e-01 1.030189245939254761e-01
2.884925007820129395e-01 6.298370361328125000e-01
4.052644073963165283e-01 7.117415964603424072e-02
7.399646639823913574e-01 9.866770505905151367e-01
2.814522087574005127e-01 2.494761645793914795e-01
2.273881435394287109e-01 7.534654140472412109e-01
5.264806374907493591e-02 7.082445025444030762e-01
6.893082857131958008e-01 1.844288855791091919e-01
4.630771279335021973e-01 4.257433712482452393e-01
3.589845895767211914e-01 8.048458695411682129e-01
5.240133404731750488e-01 6.420276761054992676e-01
9.779444932937622070e-01 8.613659143447875977e-01
3.308996260166168213e-01 8.414618968963623047e-01
5.210807323455810547e-01 6.975151896476745605e-01
9.728959202766418457e-01 2.836382687091827393e-01
2.654295265674591064e-01 3.241091072559356689e-01
1.388825029134750366e-01 1.692668497562408447e-01
4.931293129920959473e-01 8.832738399505615234e-01
5.954505205154418945e-01 3.489681780338287354e-01
4.807086288928985596e-01 2.323468178510665894e-01
3.716944158077239990e-01 3.158923983573913574e-02
1.961838454008102417e-01 1.069808825850486755e-01
7.024165987968444824e-01 1.713210344314575195e-01
1.193460449576377869e-01 2.257707267999649048e-01
5.653336048126220703e-01 8.896995782852172852e-01
7.563457638025283813e-02 4.637008309364318848e-01
5.735731124877929688e-01 1.372110545635223389e-01
5.680932998657226562e-01 9.057322144508361816e-01
8.522685170173645020e-01 5.401821136474609375e-01
4.514415562152862549e-01 1.838900595903396606e-01
2.526626288890838623e-01 6.128585338592529297e-01
2.544735968112945557e-01 3.693858385086059570e-01
1.908522397279739380e-01 9.782408475875854492e-01
1.959224045276641846e-01 2.411452084779739380e-01
7.262900471687316895e-02 4.801587760448455811e-02
5.884229540824890137e-01 2.154903858900070190e-01
8.140232563018798828e-01 8.603751063346862793e-01
1.102577969431877136e-01 7.355082035064697266e-01
9.475476145744323730e-01 4.475529491901397705e-01
5.136437416076660156e-01 4.719098806381225586e-01
6.218666434288024902e-01 5.194809436798095703e-01
7.768145203590393066e-01 6.663298010826110840e-01
8.878263235092163086e-01 3.919674456119537354e-01
7.180001735687255859e-01 3.039367496967315674e-01
8.643817305564880371e-01 2.645187377929687500e-01
2.780781388282775879e-01 1.964148879051208496e-01
3.790779411792755127e-01 7.536676526069641113e-01
5.215747356414794922e-01 3.446145653724670410e-01
2.669727206230163574e-01 5.958355665206909180e-01
7.300519943237304688e-01 2.193501442670822144e-01
3.700219467282295227e-02 7.592363953590393066e-01
3.853595852851867676e-01 7.896717786788940430e-01
9.211580455303192139e-02 1.114733070135116577e-01
8.036730885505676270e-01 9.562611579895019531e-01
5.781710147857666016e-01 4.178541600704193115e-01
9.476443529129028320e-01 9.339491277933120728e-02
8.453660607337951660e-01 9.384117722511291504e-01
2.214955389499664307e-01 2.327340245246887207e-01
5.938520431518554688e-01 1.216930970549583435e-01
1.652729362249374390e-01 3.233466148376464844e-01
2.070413716137409210e-02 8.932645916938781738e-01
3.753929734230041504e-01 8.267896622419357300e-02
3.765998482704162598e-01 8.493253588676452637e-01
3.796970844268798828e-01 8.751072287559509277e-01
5.610250681638717651e-02 3.515188694000244141e-01
2.716643810272216797e-01 1.689541339874267578e-01
6.822056174278259277e-01 1.855416297912597656e-01
7.865493297576904297e-01 4.772231280803680420e-01
1.783926784992218018e-01 6.314452886581420898e-01
9.200468659400939941e-01 4.762015342712402344e-01
5.892762541770935059e-02 6.984206438064575195e-01
8.356192111968994141e-01 1.732338219881057739e-01
9.618650674819946289e-01 6.537440419197082520e-01
4.695831611752510071e-02 6.348533034324645996e-01
9.799495935440063477e-01 4.048031866550445557e-01
3.731672763824462891e-01 1.785154342651367188e-01
7.576127052307128906e-01 5.072520375251770020e-01
5.649764537811279297e-01 7.639471292495727539e-01
9.374607205390930176e-01 7.705947756767272949e-02
2.539293766021728516e-01 8.866129517555236816e-01
7.024764418601989746e-01 6.601908802986145020e-01
2.075826078653335571e-01 7.940153479576110840e-01
7.589109539985656738e-01 6.881382465362548828e-01
8.605613708496093750e-01 9.154809713363647461e-01
5.048934817314147949e-01 6.612820029258728027e-01
3.879706263542175293e-01 5.405296683311462402e-01
4.785637557506561279e-01 4.218479692935943604e-01
8.197401165962219238e-01 8.375486135482788086e-01
7.743389010429382324e-01 8.884875178337097168e-01
5.402271747589111328e-01 5.088664293289184570e-01
5.940351486206054688e-01 3.538149595260620117e-01
9.513383358716964722e-02 4.940525293350219727e-01
6.327782869338989258e-01 6.255766004323959351e-02
2.506982684135437012e-01 4.092570245265960693e-01
5.984481573104858398e-01 6.086243391036987305e-01
2.690677344799041748e-01 9.409285187721252441e-01
4.653269052505493164e-01 8.804275393486022949e-01
7.449558973312377930e-01 4.207027554512023926e-01
3.128073513507843018e-01 6.605535149574279785e-01
8.193913698196411133e-01 4.076457023620605469e-02
1.532447189092636108e-01 2.157575823366641998e-02
3.435808420181274414e-01 6.946911811828613281e-01
8.945016860961914062e-01 4.927783310413360596e-01
7.506359219551086426e-01 5.393609404563903809e-01
5.469056367874145508e-01 5.130592733621597290e-02
3.313825130462646484e-01 1.717640608549118042e-01
1.765442788600921631e-01 9.274110198020935059e-01
1.543756127357482910e-01 5.045347213745117188e-01
1.348083466291427612e-01 9.599606990814208984e-01
7.304366230964660645e-01 3.430653512477874756e-01
3.908053785562515259e-02 9.509155154228210449e-01
9.258312582969665527e-01 5.198188424110412598e-01
4.216883480548858643e-01 9.121759533882141113e-01
7.200601100921630859e-01 6.287235021591186523e-01
7.338241338729858398e-01 3.188009560108184814e-01
5.396301150321960449e-01 8.317596316337585449e-01
5.226211547851562500e-01 4.615700244903564453e-01
3.474098443984985352e-01 1.256883115274831653e-04
5.043958425521850586e-01 4.421081244945526123e-01
3.726980090141296387e-01 7.906964421272277832e-01
6.631395816802978516e-01 9.541627764701843262e-01
5.902381613850593567e-03 3.942511677742004395e-01
4.571419954299926758e-01 8.091748952865600586e-01
6.616849899291992188e-01 9.959174990653991699e-01
8.233327269554138184e-01 3.609328866004943848e-01
9.381093084812164307e-02 9.273601174354553223e-01
1.265199780464172363e-01 5.722761154174804688e-01
3.827531933784484863e-01 6.114559769630432129e-01
8.336288332939147949e-01 6.413894295692443848e-01
3.844394683837890625e-01 6.005442738533020020e-01
3.383868336677551270e-01 2.342831529676914215e-02
6.682404279708862305e-01 2.306443452835083008e-01
7.547832280397415161e-02 3.894502222537994385e-01
1.993385255336761475e-01 2.853138148784637451e-01
8.194515705108642578e-01 3.694980144500732422e-01
4.180808067321777344e-01 8.827070593833923340e-01
8.728991746902465820e-01 1.802924647927284241e-02
7.011837325990200043e-03 2.388698011636734009e-01
1.622922271490097046e-01 6.724223494529724121e-01
6.690785884857177734e-01 6.838396191596984863e-01
5.935291647911071777e-01 1.568304002285003662e-02
7.843294739723205566e-01 8.886101245880126953e-01
2.085528373718261719e-01 4.008502960205078125e-01
8.102440834045410156e-01 8.844079375267028809e-01
5.472485423088073730e-01 5.300005674362182617e-01
7.401415705680847168e-01 4.037804901599884033e-01
9.786083698272705078e-01 1.693613380193710327e-01
3.914596140384674072e-02 7.477253675460815430e-01
6.321364641189575195e-02 4.143714010715484619e-01
5.799425840377807617e-01 7.913175821304321289e-01
7.653850913047790527e-01 3.109654784202575684e-01
6.800245046615600586e-01 1.097271591424942017e-02
5.708320736885070801e-01 9.152508378028869629e-01
8.038614988327026367e-01 9.431362748146057129e-01
9.765592813491821289e-01 1.329400017857551575e-02
8.100336790084838867e-01 5.432704836130142212e-02
8.928852677345275879e-01 8.440308570861816406e-01
7.418203353881835938e-01 3.798896074295043945e-01
6.683046221733093262e-01 2.743097841739654541e-01
5.539534687995910645e-01 7.854764461517333984e-01
8.343283534049987793e-01 6.024829149246215820e-01
7.728440165519714355e-01 8.108850717544555664e-01
9.090614318847656250e-01 5.251340270042419434e-01
6.034818291664123535e-01 4.855351150035858154e-01
3.849946260452270508e-01 6.291877031326293945e-01
9.955171346664428711e-01 5.653173923492431641e-01
1.466733366250991821e-01 5.694949030876159668e-01
7.263684868812561035e-01 8.142276406288146973e-01
2.224256284534931183e-03 9.169456548988819122e-03
4.557796418666839600e-01 4.825736582279205322e-01
9.055187702178955078e-01 7.423708438873291016e-01
5.449602007865905762e-01 2.082765661180019379e-02
7.646916508674621582e-01 1.073119044303894043e-02
8.059297800064086914e-01 2.377418875694274902e-01
5.527186989784240723e-01 9.338220357894897461e-01
4.554647207260131836e-01 2.892214655876159668e-01
1.598049402236938477e-01 8.464627265930175781e-01
1.758558303117752075e-01 5.599688887596130371e-01
7.642703652381896973e-01 6.611465811729431152e-01
3.822776973247528076e-01 6.191171407699584961e-01
3.311078622937202454e-02 9.984670281410217285e-01
6.967233419418334961e-01 2.380801588296890259e-01
1.681320369243621826e-02 6.690742969512939453e-01
2.650278210639953613e-01 7.822771668434143066e-01
7.193871736526489258e-01 5.357927083969116211e-01
2.427246123552322388e-01 9.409568309783935547e-01
4.485776424407958984e-01 3.554438799619674683e-02
5.543775558471679688e-01 1.470553874969482422e-01
7.127868533134460449e-01 2.726110517978668213e-01
3.171859085559844971e-01 6.654946804046630859e-01
2.935897372663021088e-02 2.011202871799468994e-01
2.881684303283691406e-01 3.930662572383880615e-02
8.835800290107727051e-01 9.581160545349121094e-01
2.261214107275009155e-01 3.205552697181701660e-01
