5.332166552543640137e-01 1.227190196514129639e-01
9.833368062973022461e-01 7.253900766372680664e-01
2.708182036876678467e-01 3.153467178344726562e-01
1.786110103130340576e-01 8.714731931686401367e-01
3.735643923282623291e-01 3.502440750598907471e-01
1.047277450561523438e-01 1.660887300968170166e-01
6.084603667259216309e-01 2.617634534835815430e-01
3.626330792903900146e-01 9.193742871284484863e-01
5.561839342117309570e-01 2.477667927742004395e-01
4.779670853167772293e-03 9.587116837501525879e-01
9.602056145668029785e-01 7.351925969123840332e-01
9.140034914016723633e-01 5.169239044189453125e-01
6.720524430274963379e-01 8.429745435714721680e-01
6.131945252418518066e-01 4.860667139291763306e-02
6.646095514297485352e-01 7.493245601654052734e-01
5.340223312377929688e-01 2.507265806198120117e-01
3.001089394092559814e-01 5.464221835136413574e-01
6.957354545593261719e-01 2.740600705146789551e-01
3.204842805862426758e-01 4.763558506965637207e-01
7.206993699073791504e-01 3.333050012588500977e-01
7.147987484931945801e-01 3.772751688957214355e-01
4.186066389083862305e-01 2.519364468753337860e-03
6.477657556533813477e-01 9.678088128566741943e-02
3.311342597007751465e-01 8.544093966484069824e-01
5.402191877365112305e-01 6.280549764633178711e-01
6.884634494781494141e-01 8.557472229003906250e-01
3.658417761325836182e-01 5.212311744689941406e-01
1.443396955728530884e-01 2.686056680977344513e-02
5.896500349044799805e-01 5.943929553031921387e-01
2.969142496585845947e-01 9.532312750816345215e-01
7.510879039764404297e-01 7.844271063804626465e-01
5.220939405262470245e-03 9.763260483741760254e-01
6.433981657028198242e-01 1.718915700912475586e-01
1.078788656741380692e-02 8.857647776603698730e-01
7.967340946197509766e-01 3.580617904663085938e-01
2.785599827766418457e-01 9.961276054382324219e-01
5.656926035881042480e-01 7.017877697944641113e-01
6.159374117851257324e-01 2.193643152713775635e-02
6.919813901185989380e-02 2.203491032123565674e-01
7.613816857337951660e-01 8.411644101142883301e-01
6.474306583404541016e-01 5.149013996124267578e-01
3.107936382293701172e-01 3.083287775516510010e-01
5.022162795066833496e-01 9.159448146820068359e-01
3.516970947384834290e-02 4.876261651515960693e-01
1.776502877473831177e-01 8.712080121040344238e-01
1.463302671909332275e-01 4.095292687416076660e-01
3.454991281032562256e-01 9.741027355194091797e-01
3.802829086780548096e-01 4.099973142147064209e-01
5.536686778068542480e-01 1.930293738842010498e-01
6.985538601875305176e-01 7.854073494672775269e-02
5.420820713043212891e-01 3.749503195285797119e-01
4.775382280349731445e-01 7.809538245201110840e-01
9.758128523826599121e-01 2.693224251270294189e-01
6.285265088081359863e-01 1.739985048770904541e-01
8.766710758209228516e-01 7.267122268676757812e-01
8.838700652122497559e-01 8.941496014595031738e-01
4.723897278308868408e-01 1.126771345734596252e-01
3.429194688796997070e-01 8.950015902519226074e-02
2.807090282440185547e-01 9.578929543495178223e-01
3.656659126281738281e-01 2.039275914430618286e-01
5.494539737701416016e-01 6.720157265663146973e-01
7.924752831459045410e-01 6.046082973480224609e-01
9.742132425308227539e-01 2.137979120016098022e-01
9.650248289108276367e-01 1.979618966579437256e-01
8.865694999694824219e-01 6.300543993711471558e-02
8.364779949188232422e-01 7.906993031501770020e-01
8.584651947021484375e-01 5.138302445411682129e-01
3.396857976913452148e-01 3.702909648418426514e-01
3.729321807622909546e-02 5.727128982543945312e-01
1.485988199710845947e-01 8.458005785942077637e-01
2.556190192699432373e-01 7.887250185012817383e-01
5.627849698066711426e-01 6.475474238395690918e-01
2.113780677318572998e-01 8.590533733367919922e-01
4.256985187530517578e-01 7.617087662220001221e-02
2.168887406587600708e-01 5.387909412384033203e-01
1.521547734737396240e-01 9.330247640609741211e-01
2.849261760711669922e-01 9.480547308921813965e-01
7.770030200481414795e-02 6.768186092376708984e-01
4.598061740398406982e-01 4.651286005973815918e-01
4.274820983409881592e-01 6.895041465759277344e-01
7.420378327369689941e-01 4.955784082412719727e-01
6.831778883934020996e-01 9.500707685947418213e-02
7.661021500825881958e-02 3.579583764076232910e-02
2.856677472591400146e-01 8.985263109207153320e-02
8.752339482307434082e-01 7.218236327171325684e-01
8.769702911376953125e-02 4.900443553924560547e-02
8.155848383903503418e-01 1.508992761373519897e-01
7.357214093208312988e-01 3.597696870565414429e-02
5.259420871734619141e-01 3.706140518188476562e-01
8.162066340446472168e-01 9.088330268859863281e-01
5.474665760993957520e-01 8.925520777702331543e-01
2.639749944210052490e-01 3.962104618549346924e-01
2.582118511199951172e-01 7.888956665992736816e-01
6.109898090362548828e-01 5.274574756622314453e-01
2.382824420928955078e-01 8.245939612388610840e-01
6.830622553825378418e-01 7.342097759246826172e-01
9.392352104187011719e-01 6.170579195022583008e-01
2.764575779438018799e-01 8.581541776657104492e-01
3.260169923305511475e-01 4.023470282554626465e-01
1.322570890188217163e-01 5.096590518951416016e-01
6.745207905769348145e-01 2.967703640460968018e-01
9.080538749694824219e-01 8.183091878890991211e-01
5.399990081787109375e-01 3.890370130538940430e-01
3.780126273632049561e-01 3.376284241676330566e-01
5.872671008110046387e-01 4.660725593566894531e-01
1.871348023414611816e-01 4.916162788867950439e-01
3.487646579742431641e-01 3.390813469886779785e-01
7.123519182205200195e-01 7.405784130096435547e-01
7.318243384361267090e-02 4.474654495716094971e-01
9.363485574722290039e-01 4.844900220632553101e-02
6.374056935310363770e-01 3.838507533073425293e-01
6.813196539878845215e-01 2.392089068889617920e-01
1.286672055721282959e-01 4.946078956127166748e-01
9.807923436164855957e-01 2.455329708755016327e-02
4.001022577285766602e-01 2.832861803472042084e-02
8.697970956563949585e-02 2.279693782329559326e-01
8.939368724822998047e-01 9.276964664459228516e-01
4.689909815788269043e-01 7.277470827102661133e-01
5.413625836372375488e-01 1.716594099998474121e-01
5.921077132225036621e-01 7.914796471595764160e-02
1.881596446037292480e-01 8.680748939514160156e-01
1.534227430820465088e-01 5.237953662872314453e-01
3.239608407020568848e-01 1.438210457563400269e-01
4.748564958572387695e-01 4.435211718082427979e-01
3.970245420932769775e-01 7.609957456588745117e-01
4.532752037048339844e-01 3.800207376480102539e-01
9.995052814483642578e-01 9.416476488113403320e-01
4.894195199012756348e-01 6.082451343536376953e-01
2.735430598258972168e-01 3.577196002006530762e-01
7.204070687294006348e-01 2.543193399906158447e-01
3.975562751293182373e-02 3.938060998916625977e-01
8.154909610748291016e-01 6.758944988250732422e-01
1.197516992688179016e-01 9.939922094345092773e-01
1.110238656401634216e-01 6.923855543136596680e-01
9.483680129051208496e-01 9.402620792388916016e-01
4.130449146032333374e-02 8.168836683034896851e-02
7.237938642501831055e-01 3.289553523063659668e-01
2.834759652614593506e-01 2.957540564239025116e-02
2.707584798336029053e-01 5.129035711288452148e-01
8.583677411079406738e-01 1.684984713792800903e-01
1.082132086157798767e-01 5.154550671577453613e-01
1.994262635707855225e-02 1.266309916973114014e-01
7.724020481109619141e-01 3.496360033750534058e-02
3.640813231468200684e-01 3.410322666168212891e-01
4.594629406929016113e-01 6.909416913986206055e-01
3.682826459407806396e-01 4.241044223308563232e-01
7.529742717742919922e-01 7.871323823928833008e-02
3.412318825721740723e-01 5.048319101333618164e-01
3.194102048873901367e-01 5.509766340255737305e-01
2.389525473117828369e-01 1.737776547670364380e-01
4.351931437849998474e-02 2.755370363593101501e-02
2.629771595820784569e-03 3.405119776725769043e-01
6.864775419235229492e-01 4.701085686683654785e-01
3.512150645256042480e-01 5.445690825581550598e-02
1.138534545898437500e-01 9.080958366394042969e-01
6.863700151443481445e-01 9.941052198410034180e-01
9.141420722007751465e-01 7.648634314537048340e-01
7.094134688377380371e-01 1.105873361229896545e-01
6.184422969818115234e-01 6.927019953727722168e-01
2.223428189754486084e-01 3.836230337619781494e-01
3.271172046661376953e-01 1.497056633234024048e-01
4.167367219924926758e-01 7.372294068336486816e-01
2.607326805591583252e-01 2.476851828396320343e-02
6.716835498809814453e-01 4.861348122358322144e-02
1.770823746919631958e-01 2.916903793811798096e-01
9.441761374473571777e-01 1.708079129457473755e-01
3.421951234340667725e-01 5.724434256553649902e-01
6.917114853858947754e-01 7.289098501205444336e-01
9.554228782653808594e-01 4.927295744419097900e-01
5.554702877998352051e-01 7.814993858337402344e-01
2.686240673065185547e-01 5.064086914062500000e-01
7.315303087234497070e-01 3.550878167152404785e-01
7.741195559501647949e-01 3.210071623325347900e-01
3.456718325614929199e-01 1.908199340105056763e-01
7.206711769104003906e-01 9.907597303390502930e-02
4.097892343997955322e-01 5.069030523300170898e-01
2.675706148147583008e-02 6.585206389427185059e-01
3.254546821117401123e-01 9.241537749767303467e-02
3.134577870368957520e-01 5.511894822120666504e-01
7.910790443420410156e-01 5.941490530967712402e-01
5.411225557327270508e-01 6.366453766822814941e-01
1.931728422641754150e-01 2.584609389305114746e-01
7.134652733802795410e-01 2.795086205005645752e-01
5.440486073493957520e-01 1.920967847108840942e-01
8.000573515892028809e-01 6.149780377745628357e-02
1.016473174095153809e-01 5.541925430297851562e-01
4.904710352420806885e-01 9.182968735694885254e-01
6.918401122093200684e-01 8.185362219810485840e-01
7.621099352836608887e-01 8.422419428825378418e-01
5.185437202453613281e-01 6.448009610176086426e-01
6.531230807304382324e-01 8.388252258300781250e-01
1.808409392833709717e-01 8.901439309120178223e-01
5.768245458602905273e-02 9.111748933792114258e-01
1.091984733939170837e-01 7.731096148490905762e-01
7.578343152999877930e-01 5.145714282989501953e-01
8.192735910415649414e-02 5.686940550804138184e-01
2.154089212417602539e-01 6.810900568962097168e-01
6.658433675765991211e-01 9.782279133796691895e-01
5.476403832435607910e-01 9.456342458724975586e-01
7.059755921363830566e-01 6.968174576759338379e-01
6.022742390632629395e-01 6.227104663848876953e-01
5.364301204681396484e-01 9.312041401863098145e-01
8.960600495338439941e-01 3.866401016712188721e-01
6.842510700225830078e-01 1.582313627004623413e-01
8.598466515541076660e-01 7.255186438560485840e-01
6.863586306571960449e-01 4.280915260314941406e-01
5.438007116317749023e-01 2.084187418222427368e-01
7.984202504158020020e-01 5.237371921539306641e-01
7.347717285156250000e-01 9.669121354818344116e-02
7.466707229614257812e-01 8.178605437278747559e-01
2.246401906013488770e-01 5.252285003662109375e-01
3.726224601268768311e-02 2.380419671535491943e-01
4.513480067253112793e-01 1.034477204084396362e-01
8.329151868820190430e-01 5.103749632835388184e-01
8.552074432373046875e-01 1.182679682970046997e-01
4.530897140502929688e-01 8.312625288963317871e-01
1.220386177301406860e-01 7.431150078773498535e-01
7.939392328262329102e-01 6.511160731315612793e-01
3.135598003864288330e-01 7.233551144599914551e-01
2.448427528142929077e-01 5.230875015258789062e-01
9.950616359710693359e-01 7.297231554985046387e-01
2.206831574440002441e-01 8.881905078887939453e-01
3.529639244079589844e-01 9.657008051872253418e-01
4.461828991770744324e-02 7.803338170051574707e-01
7.935659289360046387e-01 2.904083393514156342e-02
3.237349987030029297e-01 1.593506783246994019e-01
7.838704586029052734e-01 6.328698247671127319e-02
3.397663831710815430e-01 8.881478905677795410e-01
3.023345172405242920e-01 4.437779486179351807e-01
4.260421693325042725e-01 9.836044311523437500e-01
7.637757062911987305e-01 8.665426820516586304e-02
2.052580416202545166e-01 9.396606683731079102e-02
7.895215153694152832e-01 4.736495912075042725e-01
6.056625843048095703e-01 6.757859587669372559e-01
1.477972953580319881e-03 9.156484603881835938e-01
7.907336950302124023e-01 3.442311882972717285e-01
2.129966020584106445e-01 6.309670805931091309e-01
1.042900532484054565e-01 8.737479448318481445e-01
7.171161472797393799e-02 3.944991528987884521e-02
2.123685032129287720e-01 3.109503090381622314e-01
2.700372040271759033e-01 3.662730455398559570e-01
5.245455354452133179e-02 3.696625307202339172e-02
3.314382135868072510e-01 7.754024863243103027e-01
7.411594390869140625e-01 2.974236309528350830e-01
2.975577712059020996e-01 6.729422807693481445e-01
8.688961863517761230e-01 5.249000191688537598e-01
7.037269473075866699e-01 4.180963337421417236e-01
8.912529796361923218e-02 6.575050950050354004e-01
9.842276573181152344e-01 7.988994121551513672e-01
9.809159040451049805e-01 7.037621140480041504e-01
5.589218139648437500e-01 6.986017823219299316e-01
3.665555417537689209e-01 2.481888085603713989e-01
2.766056060791015625e-01 2.667990624904632568e-01
9.212620556354522705e-02 9.387623667716979980e-01
6.598681807518005371e-01 3.014398515224456787e-01
4.855670034885406494e-01 9.906379878520965576e-02
3.899571895599365234e-01 1.553640663623809814e-01
4.595121741294860840e-01 5.059998631477355957e-01
5.731084346771240234e-01 6.358526349067687988e-01
8.716818690299987793e-01 8.791231513023376465e-01
1.309070736169815063e-01 9.175713658332824707e-01
2.480217516422271729e-01 6.118381619453430176e-01
6.111269593238830566e-01 5.990111827850341797e-01
2.391643524169921875e-01 2.298482358455657959e-01
3.717177212238311768e-01 4.234451651573181152e-01
3.863073885440826416e-01 2.109595388174057007e-01
1.444833911955356598e-02 3.279598057270050049e-01
8.078658580780029297e-01 1.177476868033409119e-01
6.549916416406631470e-02 5.437567830085754395e-01
6.658256649971008301e-01 9.966701269149780273e-01
7.193651050329208374e-02 5.523462295532226562e-01
9.908699989318847656e-01 6.794156432151794434e-01
8.075134754180908203e-01 9.556398391723632812e-01
6.327009797096252441e-01 9.652092456817626953e-01
6.599742174148559570e-01 5.418232679367065430e-01
4.654235541820526123e-01 6.145589351654052734e-01
8.758801221847534180e-01 4.841543734073638916e-01
1.537236124277114868e-01 1.242316141724586487e-01
7.906248569488525391e-01 7.086248993873596191e-01
6.125791072845458984e-01 2.499930113554000854e-01
9.503402709960937500e-01 2.531760931015014648e-01
6.792016029357910156e-01 8.178203105926513672e-01
5.128808021545410156e-01 8.977338075637817383e-01
3.803898096084594727e-01 2.275610566139221191e-01
8.424661159515380859e-01 1.163328066468238831e-01
3.405761718750000000e-01 9.383371472358703613e-01
5.340482592582702637e-01 5.772127509117126465e-01
8.564221858978271484e-01 1.408196240663528442e-01
5.739433690905570984e-02 1.893264204263687134e-01
7.782860994338989258e-01 7.952395081520080566e-01
1.809687018394470215e-01 7.892273366451263428e-02
5.440331101417541504e-01 6.709988117218017578e-01
1.249335035681724548e-01 1.261644214391708374e-01
1.422779560089111328e-01 9.219736456871032715e-01
3.747766017913818359e-01 1.811968535184860229e-01
1.173252537846565247e-01 7.631775736808776855e-01
5.335581302642822266e-01 7.009065151214599609e-01
1.526385843753814697e-01 8.946666717529296875e-01
5.467998385429382324e-01 1.165286675095558167e-01
3.161592781543731689e-01 9.549381732940673828e-01
7.279876470565795898e-01 3.674997389316558838e-01
4.840500950813293457e-01 4.013339281082153320e-01
3.357971012592315674e-01 2.534309625625610352e-01
8.392086625099182129e-01 7.264565825462341309e-01
2.982696294784545898e-01 5.799697041511535645e-01
6.409130096435546875e-01 3.305564820766448975e-01
8.980767726898193359e-01 8.610221147537231445e-01
8.219176530838012695e-01 4.700437188148498535e-01
8.788820505142211914e-01 6.921359300613403320e-01
2.373872697353363037e-01 7.546166777610778809e-01
4.989001154899597168e-01 6.347550749778747559e-01
7.533377408981323242e-01 4.744840562343597412e-01
6.354251503944396973e-01 2.233048677444458008e-01
3.074011802673339844e-01 7.945494651794433594e-01
6.427546739578247070e-01 4.529844969511032104e-02
1.750437915325164795e-01 3.795135319232940674e-01
1.023756340146064758e-01 4.143577516078948975e-01
8.734259009361267090e-01 2.310207784175872803e-01
3.985925018787384033e-02 2.369656264781951904e-01
4.521446526050567627e-01 3.445406258106231689e-01
4.594210684299468994e-01 1.257621645927429199e-01
1.659391969442367554e-01 5.736919045448303223e-01
5.507273674011230469e-01 4.723844826221466064e-01
7.851217389106750488e-01 3.994371294975280762e-01
7.437361478805541992e-01 5.981002449989318848e-01
9.269750714302062988e-01 2.886493206024169922e-01
3.199349343776702881e-01 2.609230875968933105e-01
6.327999830245971680e-01 3.156688809394836426e-01
5.319171547889709473e-01 8.244211077690124512e-01
6.376446485519409180e-01 8.126616477966308594e-01
3.281156122684478760e-01 1.660301238298416138e-01
6.390381455421447754e-01 8.691130280494689941e-01
5.299925804138183594e-01 6.813391447067260742e-01
2.386138141155242920e-01 7.887923717498779297e-01
7.949606776237487793e-01 3.841948509216308594e-01
9.289085865020751953e-01 4.899565875530242920e-01
6.631839275360107422e-01 6.205452680587768555e-01
5.887157917022705078e-01 8.590778112411499023e-01
1.393664181232452393e-01 9.510058909654617310e-02
7.669834494590759277e-01 6.877166628837585449e-01
4.324713051319122314e-01 2.582931518554687500e-01
5.475444197654724121e-01 9.992289543151855469e-01
5.358476042747497559e-01 1.176441162824630737e-01
6.316951513290405273e-01 4.743479192256927490e-02
7.287714481353759766e-01 2.682191729545593262e-01
4.658490419387817383e-01 2.093697190284729004e-01
3.549679517745971680e-01 5.776110887527465820e-01
7.935925722122192383e-01 5.970172286033630371e-01
4.905921220779418945e-02 7.928557395935058594e-01
1.608036756515502930e-01 8.144087195396423340e-01
2.083957791328430176e-01 8.763312697410583496e-01
2.955775260925292969e-01 8.077223300933837891e-01
2.073618620634078979e-01 6.708765029907226562e-01
6.932111978530883789e-01 2.534422837197780609e-02
2.848698496818542480e-01 1.148277148604393005e-01
7.320406436920166016e-01 1.924234181642532349e-01
1.633404195308685303e-01 4.972893297672271729e-01
5.280860662460327148e-01 2.771477401256561279e-01
1.242018863558769226e-01 9.553526043891906738e-01
2.865196205675601959e-02 6.971872448921203613e-01
5.209602713584899902e-01 8.512507677078247070e-01
9.305702447891235352e-01 1.940975524485111237e-02
9.190095663070678711e-01 3.182736933231353760e-01
3.775716526433825493e-03 5.460274219512939453e-01
6.925008893013000488e-01 3.186032772064208984e-01
3.423205018043518066e-01 5.812703967094421387e-01
4.320943951606750488e-01 9.309996962547302246e-01
3.205996155738830566e-01 4.770064055919647217e-01
9.271739125251770020e-01 3.847695291042327881e-01
4.788292348384857178e-01 6.390869617462158203e-01
8.746706843376159668e-01 9.745240211486816406e-02
9.110546708106994629e-01 9.443227946758270264e-02
7.144265174865722656e-01 8.006728887557983398e-01
5.969325900077819824e-01 9.855080842971801758e-01
1.286907494068145752e-01 5.953869819641113281e-01
9.624074399471282959e-02 9.066717624664306641e-01
7.073079943656921387e-01 3.569244742393493652e-01
4.400124549865722656e-01 5.741055011749267578e-01
6.837258934974670410e-01 4.725539684295654297e-01
8.687815666198730469e-01 6.010662317276000977e-01
7.421112656593322754e-01 8.111287355422973633e-01
6.095672845840454102e-01 5.540816187858581543e-01
2.067394787445664406e-03 8.453993201255798340e-01
3.126245439052581787e-01 4.816111028194427490e-01
2.583729922771453857e-01 5.334450602531433105e-01
6.789049506187438965e-01 4.205906987190246582e-01
8.376918435096740723e-01 6.875549554824829102e-01
4.484643340110778809e-01 6.420243382453918457e-01
5.320105701684951782e-02 3.586384057998657227e-01
2.011806964874267578e-01 6.247643232345581055e-01
5.655139088630676270e-01 2.554264664649963379e-01
4.596864581108093262e-01 1.359730064868927002e-01
6.067233085632324219e-01 1.052892580628395081e-01
3.056164979934692383e-01 9.622598290443420410e-01
6.688892245292663574e-01 3.347257375717163086e-01
8.712402582168579102e-01 8.144576102495193481e-02
3.079734742641448975e-01 3.516014814376831055e-01
3.621359765529632568e-01 3.470930159091949463e-01
2.771334946155548096e-01 1.418165583163499832e-02
3.174169361591339111e-02 2.961337566375732422e-01
9.993714690208435059e-01 7.911368608474731445e-01
3.954410925507545471e-02 3.013764023780822754e-01
1.510860621929168701e-01 1.867388188838958740e-01
9.371442198753356934e-01 3.130832612514495850e-01
9.160209298133850098e-01 6.219927668571472168e-01
8.270902633666992188e-01 4.454115331172943115e-01
4.328826963901519775e-01 8.691234588623046875e-01
1.300320029258728027e-01 7.881927490234375000e-01
6.153526306152343750e-01 4.282351136207580566e-01
5.363665223121643066e-01 9.095496535301208496e-01
3.679409027099609375e-01 8.340344429016113281e-01
4.829018115997314453e-01 8.146807551383972168e-01
7.126972195692360401e-05 9.656521677970886230e-01
2.463172674179077148e-01 8.871885538101196289e-01
8.483294844627380371e-01 1.607677713036537170e-02
2.852317690849304199e-01 2.100707143545150757e-01
6.338073611259460449e-01 2.819336056709289551e-01
8.114619255065917969e-01 1.192109882831573486e-01
4.526944458484649658e-01 7.873021364212036133e-01
7.851147651672363281e-01 1.542704552412033081e-01
3.017145693302154541e-01 4.024333879351615906e-02
3.526356220245361328e-01 6.076134443283081055e-01
4.698441177606582642e-02 3.635859489440917969e-01
6.694032549858093262e-01 5.877122282981872559e-01
2.463555634021759033e-01 2.729936242103576660e-01
1.652362495660781860e-01 6.869785487651824951e-03
6.090758442878723145e-01 2.729283571243286133e-01
8.546841740608215332e-01 2.792598605155944824e-01
1.313610821962356567e-01 1.054282337427139282e-01
1.087085381150245667e-01 5.986875891685485840e-01
1.670183539390563965e-01 7.470558881759643555e-01
7.331994771957397461e-01 7.157925367355346680e-01
1.250575631856918335e-01 9.845710396766662598e-01
5.401705391705036163e-03 1.025888696312904358e-01
1.731316149234771729e-01 6.217510104179382324e-01
4.445900022983551025e-01 5.922957658767700195e-01
9.487040042877197266e-01 6.573503613471984863e-01
2.252948880195617676e-01 2.941102385520935059e-01
1.990434527397155762e-01 5.020997524261474609e-01
6.241855025291442871e-01 8.083425164222717285e-01
1.284043043851852417e-01 3.165705800056457520e-01
6.599762439727783203e-01 4.633077383041381836e-01
2.304575741291046143e-01 1.878047436475753784e-01
9.695085287094116211e-01 2.837678194046020508e-01
3.378660082817077637e-01 3.336165100336074829e-02
4.729716479778289795e-01 1.993241161108016968e-01
2.345481142401695251e-02 3.628407120704650879e-01
2.812797427177429199e-01 3.365409970283508301e-01
5.812515616416931152e-01 3.491956889629364014e-01
8.788456916809082031e-01 5.302528291940689087e-02
7.924843430519104004e-01 8.361433148384094238e-01
4.793577492237091064e-01 3.419267833232879639e-01
9.293962717056274414e-01 9.994103908538818359e-01
8.731430172920227051e-01 9.333344697952270508e-01
7.837414145469665527e-01 6.838922500610351562e-01
7.047163844108581543e-01 7.784602046012878418e-01
4.730381667613983154e-01 5.019862651824951172e-01
2.249526828527450562e-01 1.448864787817001343e-01
2.110170945525169373e-02 9.241126179695129395e-01
4.424672424793243408e-01 6.033436059951782227e-01
9.171698093414306641e-01 7.976443767547607422e-01
2.939662039279937744e-01 2.203444242477416992e-01
3.992204964160919189e-01 2.629693150520324707e-01
2.629727423191070557e-01 1.530234068632125854e-01
1.724204123020172119e-01 4.879058599472045898e-01
1.047980338335037231e-01 7.270441055297851562e-01
4.576168358325958252e-01 9.020262360572814941e-01
6.714922189712524414e-01 5.060284733772277832e-01
7.280786037445068359e-01 4.030976295471191406e-01
8.753158450126647949e-01 2.449502795934677124e-02
8.531052470207214355e-01 7.797939777374267578e-01
1.434672810137271881e-02 6.460682749748229980e-01
9.816825389862060547e-01 9.955425858497619629e-01
2.618239521980285645e-01 8.058425039052963257e-02
7.781224846839904785e-01 4.748614728450775146e-01
2.225243300199508667e-01 1.360709667205810547e-01
5.691335797309875488e-01 4.982702061533927917e-02
7.341041564941406250e-01 4.868209660053253174e-01
1.257354766130447388e-01 1.315715070813894272e-02
9.965922832489013672e-01 2.737412452697753906e-01
1.919187009334564209e-01 2.603991627693176270e-01
3.712328076362609863e-01 1.070715487003326416e-03
3.357911705970764160e-01 7.914083600044250488e-01
2.961865067481994629e-01 9.460363388061523438e-01
2.821515798568725586e-01 5.658091306686401367e-01
8.996655941009521484e-01 9.150663614273071289e-01
6.578760594129562378e-02 1.904963850975036621e-01
7.470786571502685547e-01 2.813040912151336670e-01
4.461974799633026123e-01 2.785993814468383789e-01
8.989730477333068848e-02 6.312409043312072754e-01
8.738440871238708496e-01 7.300589084625244141e-01
9.727432131767272949e-01 3.089063167572021484e-01
6.680666804313659668e-01 8.781657814979553223e-01
5.039817690849304199e-01 6.513887047767639160e-01
3.588866591453552246e-01 9.786707758903503418e-01
1.451244056224822998e-01 2.768098115921020508e-01
5.443200469017028809e-01 4.498230516910552979e-01
4.495818018913269043e-01 5.618759989738464355e-01
6.729314327239990234e-01 5.669997930526733398e-01
1.530657261610031128e-01 8.604235202074050903e-02
5.419409275054931641e-01 2.309903800487518311e-01
7.327559590339660645e-02 6.885938644409179688e-01
2.185152024030685425e-01 5.976896882057189941e-01
8.296444416046142578e-01 7.905037999153137207e-01
3.035547137260437012e-01 4.170455336570739746e-01
1.533239930868148804e-01 1.132669225335121155e-01
1.606379747390747070e-01 2.494067549705505371e-01
8.063450455665588379e-01 3.972463309764862061e-02
3.610852956771850586e-01 3.956639170646667480e-01
1.060428842902183533e-01 7.774189710617065430e-01
2.793591916561126709e-01 8.120279908180236816e-01
4.578047990798950195e-02 2.503259181976318359e-01
2.091669887304306030e-01 4.846689105033874512e-01
6.131291389465332031e-01 6.593832373619079590e-01
7.304644584655761719e-02 3.584352135658264160e-01
5.967570543289184570e-01 9.839013814926147461e-01
6.971348524093627930e-01 6.134893894195556641e-01
8.890051245689392090e-01 9.648582339286804199e-02
2.635320723056793213e-01 2.061143219470977783e-01
5.600228905677795410e-01 5.242926478385925293e-01
5.903426408767700195e-01 2.167642861604690552e-01
7.727609872817993164e-01 3.995374739170074463e-01
1.153882443904876709e-01 3.503455221652984619e-01
5.205061435699462891e-01 2.010015696287155151e-01
6.576185226440429688e-01 9.911393523216247559e-01
1.923982053995132446e-01 1.615499407052993774e-01
9.659794569015502930e-01 2.763046920299530029e-01
3.335341513156890869e-01 8.099568486213684082e-01
3.201522827148437500e-01 8.836902379989624023e-01
4.764135181903839111e-01 2.308267802000045776e-01
1.869861930608749390e-01 6.569759249687194824e-01
2.017998844385147095e-01 1.224302798509597778e-01
9.426800608634948730e-01 3.478222489356994629e-01
6.879150867462158203e-01 7.033033967018127441e-01
3.401196599006652832e-01 7.490893006324768066e-01
1.289069056510925293e-01 8.388035893440246582e-01
8.799132108688354492e-01 1.592372357845306396e-01
7.195005565881729126e-02 6.912287473678588867e-01
4.684497714042663574e-01 6.323935091495513916e-02
4.501293599605560303e-01 6.622675061225891113e-01
1.863978952169418335e-01 2.196625769138336182e-01
4.091098904609680176e-01 3.727467656135559082e-01
1.995701789855957031e-01 8.676271438598632812e-01
4.071814473718404770e-03 6.598175168037414551e-01
6.643345355987548828e-01 2.165937423706054688e-01
6.181658506393432617e-01 9.903297424316406250e-01
3.398395776748657227e-01 8.962867856025695801e-01
9.627660736441612244e-03 9.214859455823898315e-02
6.555102467536926270e-01 1.621709465980529785e-01
8.324698805809020996e-01 9.476147890090942383e-01
7.774422168731689453e-01 4.955146908760070801e-01
9.699506759643554688e-01 3.125305771827697754e-01
3.084806203842163086e-01 8.374039530754089355e-01
5.099906325340270996e-01 4.254303276538848877e-01
3.914440050721168518e-02 2.583425045013427734e-01
8.468793332576751709e-02 2.472341656684875488e-01
6.950347423553466797e-01 2.822849750518798828e-01
5.546236634254455566e-01 9.602507352828979492e-01
4.009341597557067871e-01 5.873671174049377441e-01
6.860554218292236328e-01 9.355556368827819824e-01
5.805851817131042480e-01 2.084358483552932739e-01
5.868049263954162598e-01 6.399717926979064941e-01
3.412712216377258301e-01 8.169432282447814941e-01
4.240622818470001221e-01 2.643440067768096924e-01
9.534709155559539795e-02 8.593407273292541504e-01
5.637049674987792969e-01 7.987495660781860352e-01
3.459138572216033936e-01 2.497230172157287598e-01
1.241643577814102173e-01 1.225869208574295044e-01
5.049459338188171387e-01 5.292526483535766602e-01
5.007713437080383301e-01 7.709944844245910645e-01
2.435245066881179810e-01 5.670132637023925781e-01
5.609304308891296387e-01 9.234269261360168457e-01
8.814476728439331055e-01 3.694247901439666748e-01
5.186127424240112305e-01 7.014203071594238281e-01
1.941068917512893677e-01 4.078775048255920410e-01
7.632001042366027832e-01 8.227771520614624023e-01
5.297260284423828125e-01 6.645489335060119629e-01
8.597754836082458496e-01 6.375887393951416016e-01
4.828265011310577393e-01 3.005629479885101318e-01
6.299513578414916992e-01 5.705862641334533691e-01
4.037770628929138184e-01 3.743322789669036865e-01
7.510859966278076172e-01 7.285743206739425659e-02
9.375442862510681152e-01 3.081485331058502197e-01
5.413898825645446777e-01 4.093183279037475586e-01
1.216142028570175171e-01 8.502061367034912109e-01
4.525531828403472900e-01 9.611575007438659668e-01
7.035086154937744141e-01 2.260663211345672607e-01
7.961733937263488770e-01 7.331398129463195801e-01
1.284535527229309082e-01 5.949258804321289062e-01
5.124558806419372559e-01 6.491890549659729004e-01
5.094482898712158203e-01 3.155317902565002441e-01
2.049093246459960938e-01 8.273657560348510742e-01
2.342788875102996826e-02 8.313282132148742676e-01
6.562247872352600098e-01 2.185132950544357300e-01
1.366025507450103760e-01 4.785777628421783447e-01
1.257980316877365112e-01 3.126159608364105225e-01
4.227763116359710693e-01 6.381821632385253906e-01
7.914900779724121094e-02 3.977315127849578857e-01
8.056384921073913574e-01 3.273366391658782959e-01
2.931171655654907227e-01 3.049136102199554443e-01
7.225003838539123535e-01 6.166551262140274048e-02
6.631541848182678223e-01 2.122910320758819580e-01
9.109446406364440918e-01 9.591904282569885254e-01
4.358830451965332031e-01 8.826630711555480957e-01
6.758301854133605957e-01 2.920313477516174316e-01
7.620052695274353027e-01 6.937170028686523438e-01
5.008758902549743652e-01 4.987030327320098877e-01
8.598393946886062622e-02 2.556187808513641357e-01
7.666799426078796387e-01 1.976006478071212769e-01
5.141008496284484863e-01 8.917594552040100098e-01
3.482514917850494385e-01 8.130917549133300781e-01
2.387833744287490845e-01 9.471123814582824707e-01
1.191137433052062988e-01 7.030803561210632324e-01
4.345522262156009674e-03 1.066841632127761841e-01
8.903599381446838379e-01 5.538111329078674316e-01
5.258974432945251465e-01 4.848371744155883789e-01
8.789663910865783691e-01 5.369456857442855835e-02
9.906314015388488770e-01 9.455007314682006836e-02
5.698960423469543457e-01 7.108238339424133301e-01
7.760995626449584961e-01 4.744463264942169189e-01
5.975720882415771484e-01 3.707505464553833008e-01
5.318554118275642395e-02 7.151494026184082031e-01
8.004659414291381836e-01 2.574329674243927002e-01
1.219323799014091492e-01 9.627158641815185547e-01
7.779353857040405273e-01 5.524284839630126953e-01
2.975426018238067627e-01 8.711108565330505371e-01
6.465786695480346680e-01 8.364837169647216797e-01
5.651195049285888672e-01 4.516199827194213867e-01
6.141945719718933105e-01 7.903373837471008301e-01
3.539915084838867188e-01 1.261549741029739380e-01
8.067893981933593750e-01 8.883031010627746582e-01
2.087992727756500244e-01 9.104304909706115723e-01
5.098778605461120605e-01 2.910293042659759521e-01
8.415348529815673828e-01 9.663978219032287598e-01
1.797838658094406128e-01 9.465653300285339355e-01
3.493139147758483887e-01 6.746091246604919434e-01
9.623986482620239258e-01 8.034596443176269531e-01
1.463051587343215942e-01 6.552226543426513672e-01
9.678931236267089844e-01 7.753649353981018066e-01
4.185824394226074219e-01 2.300754189491271973e-01
7.889464497566223145e-01 1.764743030071258545e-01
5.389853715896606445e-01 3.082145154476165771e-01
3.173238411545753479e-02 8.864654302597045898e-01
3.577220439910888672e-01 9.873920083045959473e-01
7.864689826965332031e-01 2.524325549602508545e-01
1.235525384545326233e-01 3.840485513210296631e-01
7.131543755531311035e-01 6.016545891761779785e-01
2.241283059120178223e-01 9.298597574234008789e-01
2.537325322628021240e-01 5.167421698570251465e-01
2.827486395835876465e-01 5.000294446945190430e-01
5.864381194114685059e-01 9.939517378807067871e-01
6.649031639099121094e-01 2.120318114757537842e-01
7.912455201148986816e-01 8.059874773025512695e-01
9.147514700889587402e-01 4.496484696865081787e-01
1.998296529054641724e-01 2.129117697477340698e-01
2.646322846412658691e-01 8.921682834625244141e-01
6.315669417381286621e-02 2.657288014888763428e-01
2.497847825288772583e-01 1.129061579704284668e-01
4.892052114009857178e-01 5.454085469245910645e-01
6.023711562156677246e-01 3.116728179156780243e-02
5.883756875991821289e-01 9.309402108192443848e-01
2.623437941074371338e-01 5.790252685546875000e-01
2.309536188840866089e-01 9.239974617958068848e-01
3.825451135635375977e-01 8.403649926185607910e-01
2.089456766843795776e-01 2.634896636009216309e-01
8.203363418579101562e-01 5.150642991065979004e-01
9.258329868316650391e-01 1.310144811868667603e-01
3.331482708454132080e-01 6.146814227104187012e-01
8.768920302391052246e-01 3.416151702404022217e-01
1.630342006683349609e-01 9.001302123069763184e-01
7.656458020210266113e-01 3.987082280218601227e-03
4.442163407802581787e-01 3.794727148488163948e-03
4.516667872667312622e-02 9.273038506507873535e-01
4.198744297027587891e-01 7.838896512985229492e-01
1.848594695329666138e-01 7.940307259559631348e-01
6.441943049430847168e-01 5.056414604187011719e-01
4.702289402484893799e-01 9.454599022865295410e-01
9.355679154396057129e-01 7.678276300430297852e-01
7.380665540695190430e-01 1.577934622764587402e-01
4.032882153987884521e-01 5.561991333961486816e-01
9.985585212707519531e-01 5.486620664596557617e-01
7.357769608497619629e-01 1.805539876222610474e-01
4.895448684692382812e-01 6.792250871658325195e-01
8.731229901313781738e-01 9.127225875854492188e-01
8.831067085266113281e-01 6.001689434051513672e-01
1.918562501668930054e-01 4.884399939328432083e-03
1.379598379135131836e-01 8.925542235374450684e-01
6.460382938385009766e-01 7.480237483978271484e-01
4.759072661399841309e-01 7.668647766113281250e-01
8.521767854690551758e-01 2.976235449314117432e-01
8.311955332756042480e-01 1.515146531164646149e-02
6.590821743011474609e-01 8.914510607719421387e-01
2.041235268115997314e-01 1.199813857674598694e-01
5.032935738563537598e-01 5.237518548965454102e-01
2.373143881559371948e-01 3.245280385017395020e-01
7.693142294883728027e-01 3.378367424011230469e-01
3.049809634685516357e-01 8.443503975868225098e-01
9.151845574378967285e-01 3.207652568817138672e-01
4.727689623832702637e-01 7.416031956672668457e-01
5.001233145594596863e-02 6.357200443744659424e-02
2.220420390367507935e-01 8.639084100723266602e-01
3.083574771881103516e-01 5.886573195457458496e-01
6.246833801269531250e-01 4.909716248512268066e-01
4.938858151435852051e-01 6.625932455062866211e-01
6.078611612319946289e-01 1.770135015249252319e-01
4.166934490203857422e-01 8.502951860427856445e-01
2.425620406866073608e-01 6.088315844535827637e-01
5.289869904518127441e-01 4.822632074356079102e-01
2.159501612186431885e-01 6.002459526062011719e-01
6.680476665496826172e-01 3.132544159889221191e-01
4.455815553665161133e-01 5.182257890701293945e-01
3.257406353950500488e-01 3.639577329158782959e-01
3.279489278793334961e-01 6.175568699836730957e-01
2.224242985248565674e-01 8.856128454208374023e-01
6.102522015571594238e-01 7.777637839317321777e-01
5.080885291099548340e-01 9.307668805122375488e-01
1.431955397129058838e-01 2.043701261281967163e-01
8.582795262336730957e-01 6.571593284606933594e-01
1.071921288967132568e-01 9.009919166564941406e-01
1.380901783704757690e-01 5.681098103523254395e-01
5.575724244117736816e-01 2.731723338365554810e-02
4.160503745079040527e-01 4.625121355056762695e-01
4.381416738033294678e-01 4.345988929271697998e-01
5.729384422302246094e-01 4.551607370376586914e-01
4.829085171222686768e-01 7.687611877918243408e-02
9.914381504058837891e-01 5.824484825134277344e-01
3.454405814409255981e-02 7.041204571723937988e-01
7.467024326324462891e-01 4.592879861593246460e-02
4.827422797679901123e-01 5.965648293495178223e-01
1.708208024501800537e-01 7.368972897529602051e-01
7.779049873352050781e-01 2.809150815010070801e-01
5.452823042869567871e-01 6.338483691215515137e-01
1.550565659999847412e-01 6.961702704429626465e-01
3.945811986923217773e-01 5.518869757652282715e-01
2.436628341674804688e-01 4.683000445365905762e-01
4.316590726375579834e-01 8.115237355232238770e-01
2.009348571300506592e-01 6.352196335792541504e-01
8.920096755027770996e-01 5.568952560424804688e-01
5.269972085952758789e-01 2.261583060026168823e-01
1.644369512796401978e-01 6.890756487846374512e-01
5.683174729347229004e-01 3.574258834123611450e-02
1.446665078401565552e-01 8.366221785545349121e-01
1.489958167076110840e-01 1.786108464002609253e-01
6.367219090461730957e-01 8.081491589546203613e-01
8.884145021438598633e-01 5.253669619560241699e-01
6.247736811637878418e-01 3.935879096388816833e-02
7.259055376052856445e-01 6.820885539054870605e-01
1.068359464406967163e-01 3.281943798065185547e-01
7.416051030158996582e-01 5.441071465611457825e-02
4.315956830978393555e-01 8.490698337554931641e-01
8.843144774436950684e-01 4.776139259338378906e-01
1.677488237619400024e-01 3.031535446643829346e-01
5.790486335754394531e-01 2.251279503107070923e-01
2.100634276866912842e-01 6.981102824211120605e-01
8.954491019248962402e-01 3.241432085633277893e-02
1.879265531897544861e-02 2.492431551218032837e-01
6.982501745223999023e-01 6.058298945426940918e-01
2.340052574872970581e-01 5.294680595397949219e-01
5.244698524475097656e-01 1.429202854633331299e-01
5.118090510368347168e-01 4.393379986286163330e-01
6.812586188316345215e-01 9.370617270469665527e-01
2.151588350534439087e-01 2.306358963251113892e-01
1.274252980947494507e-01 1.125647127628326416e-01
3.838926553726196289e-01 1.335170716047286987e-01
4.654912948608398438e-01 3.982801735401153564e-01
2.243851870298385620e-01 1.036175042390823364e-01
8.416357040405273438e-01 6.622370332479476929e-02
8.884805440902709961e-01 8.788888454437255859e-01
7.386667728424072266e-01 6.089792847633361816e-01
9.115934371948242188e-01 7.246059179306030273e-01
5.404436588287353516e-01 5.483824610710144043e-01
6.359923481941223145e-01 5.070165991783142090e-01
6.691724658012390137e-01 5.173359513282775879e-01
7.717278599739074707e-01 2.964472770690917969e-01
5.417797565460205078e-01 1.437535881996154785e-01
6.805620193481445312e-01 1.250036209821701050e-01
2.885144054889678955e-01 2.985814772546291351e-02
2.232898212969303131e-02 7.405909895896911621e-02
4.887457937002182007e-02 7.780833244323730469e-01
1.544088274240493774e-01 2.158576399087905884e-01
6.443679928779602051e-01 7.869161367416381836e-01
6.372785568237304688e-01 2.531964778900146484e-01
5.197600126266479492e-01 8.223617672920227051e-01
3.981200754642486572e-01 8.791697025299072266e-01
8.685047030448913574e-01 5.183275341987609863e-01
7.344225049018859863e-01 9.690169095993041992e-01
8.273181915283203125e-01 7.484969496726989746e-02
7.669193148612976074e-01 8.489580452442169189e-02
3.144797682762145996e-01 1.125410050153732300e-01
2.371137440204620361e-01 5.782062560319900513e-02
7.503613829612731934e-01 2.466782927513122559e-01
7.179375886917114258e-01 5.173577810637652874e-04
5.850368738174438477e-02 3.045834600925445557e-01
7.907398790121078491e-02 4.856749773025512695e-01
9.365584850311279297e-01 6.739555001258850098e-01
3.350367844104766846e-01 3.292349278926849365e-01
9.184499830007553101e-02 9.421789050102233887e-01
6.287209987640380859e-01 2.181997299194335938e-01
2.228647172451019287e-01 4.738276079297065735e-02
8.782108426094055176e-01 5.697087645530700684e-01
3.085025548934936523e-01 5.776501893997192383e-01
4.311710000038146973e-01 5.630415081977844238e-01
7.763206362724304199e-01 6.785914897918701172e-01
2.933782041072845459e-01 2.093993872404098511e-01
3.364040553569793701e-01 4.658443033695220947e-01
7.595360279083251953e-01 4.939613342285156250e-01
3.284678757190704346e-01 9.518009424209594727e-01
1.995388418436050415e-01 2.558480203151702881e-01
8.359414935111999512e-01 8.739028573036193848e-01
2.247108519077301025e-01 9.907113909721374512e-01
8.586471676826477051e-01 3.916895687580108643e-01
1.830347478389739990e-01 3.371087610721588135e-01
9.075952768325805664e-01 1.091150939464569092e-01
5.233788490295410156e-01 5.449892282485961914e-01
4.097667634487152100e-01 4.410942792892456055e-01
8.851842284202575684e-01 3.845528364181518555e-01
4.024226367473602295e-01 2.724180221557617188e-01
2.947853803634643555e-01 4.439603909850120544e-02
9.929735213518142700e-02 2.703407108783721924e-01
6.762226223945617676e-01 1.380690634250640869e-01
2.499449700117111206e-01 9.515046477317810059e-01
5.210400819778442383e-01 2.000239938497543335e-01
8.551437854766845703e-01 8.994098901748657227e-01
9.558708667755126953e-01 1.140296608209609985e-01
8.465836048126220703e-01 3.395132124423980713e-01
6.260926127433776855e-01 2.103852033615112305e-01
2.022982537746429443e-01 6.900638341903686523e-01
7.939192056655883789e-01 2.480117082595825195e-01
6.259875893592834473e-01 2.274572849273681641e-01
5.735520720481872559e-01 9.855621457099914551e-01
1.053382605314254761e-01 6.431920081377029419e-02
3.651784062385559082e-01 9.108486175537109375e-01
1.594339907169342041e-01 8.565438389778137207e-01
9.345005750656127930e-01 2.249930202960968018e-01
4.510120451450347900e-01 1.422819048166275024e-01
6.999619007110595703e-01 7.397537827491760254e-01
5.717115402221679688e-01 7.738441824913024902e-01
9.082741141319274902e-01 3.329461207613348961e-03
7.297874093055725098e-01 5.232421159744262695e-01
4.142338633537292480e-01 5.534657239913940430e-01
4.564564526081085205e-01 6.731067597866058350e-02
7.039545178413391113e-01 3.904263973236083984e-01
2.238894850015640259e-01 6.410925984382629395e-01
1.791245862841606140e-02 1.579753011465072632e-01
7.261102199554443359e-01 2.623959816992282867e-02
3.993666917085647583e-02 7.233777642250061035e-01
1.614941656589508057e-01 2.356040179729461670e-01
5.844659805297851562e-01 2.854420058429241180e-02
7.548935711383819580e-02 4.225688427686691284e-02
6.330883502960205078e-01 2.549764811992645264e-01
1.791471838951110840e-01 8.137773722410202026e-02
1.366762965917587280e-01 3.502359688282012939e-01
2.280699163675308228e-01 7.767235040664672852e-01
1.501982063055038452e-01 8.750812411308288574e-01
7.506973147392272949e-01 4.545233249664306641e-01
6.823903918266296387e-01 4.390227198600769043e-01
1.298462599515914917e-02 1.465347111225128174e-01
4.054110050201416016e-01 1.547750532627105713e-01
5.179611444473266602e-01 8.696949481964111328e-01
3.694444149732589722e-02 8.527169823646545410e-01
8.276520371437072754e-01 9.069641828536987305e-01
1.952422223985195160e-02 9.574843049049377441e-01
4.003485739231109619e-01 7.749855518341064453e-01
4.481371343135833740e-01 5.979301929473876953e-01
4.657669365406036377e-01 6.128455400466918945e-01
5.529622435569763184e-01 7.245970964431762695e-01
6.170696020126342773e-01 6.006132960319519043e-01
3.389157950878143311e-01 2.477181842550635338e-03
1.180780455470085144e-01 7.080265879631042480e-01
5.099664330482482910e-01 6.878366470336914062e-01
6.166803836822509766e-01 8.629956841468811035e-01
6.523854732513427734e-01 3.788370490074157715e-01
7.784163951873779297e-01 7.275146842002868652e-01
4.209997057914733887e-01 5.343512892723083496e-01
1.301084756851196289e-01 7.469717860221862793e-01
1.416997015476226807e-01 9.918689727783203125e-01
7.812017202377319336e-01 4.260993003845214844e-01
1.616851836442947388e-01 9.502198696136474609e-01
1.008934527635574341e-02 5.763894319534301758e-01
4.303669631481170654e-01 6.191411018371582031e-01
5.953418612480163574e-01 1.564819663763046265e-01
3.947184085845947266e-01 4.083353579044342041e-01
6.191616058349609375e-01 3.853098154067993164e-01
1.026036813855171204e-01 8.956826925277709961e-01
9.225246310234069824e-01 9.437655806541442871e-01
4.170131683349609375e-01 2.335879504680633545e-01
9.382895827293395996e-01 6.815983653068542480e-01
9.213709831237792969e-01 2.743225097656250000e-01
5.294025540351867676e-01 8.166104555130004883e-01
3.031348586082458496e-01 7.151469588279724121e-01
5.256470441818237305e-01 6.059554219245910645e-01
6.727226972579956055e-01 6.075788140296936035e-01
8.119976520538330078e-01 4.710074365139007568e-01
5.910692214965820312e-01 2.086067348718643188e-01
8.952016830444335938e-01 1.815429031848907471e-01
9.986515641212463379e-01 7.852609157562255859e-01
2.412241250276565552e-01 8.284007906913757324e-01
4.609064459800720215e-01 4.889762103557586670e-01
5.316522121429443359e-01 9.557965993881225586e-01
8.294232487678527832e-01 2.696513533592224121e-01
8.111155629158020020e-01 2.213426083326339722e-01
2.764071226119995117e-01 8.336564898490905762e-02
4.762965440750122070e-02 9.166566729545593262e-01
9.367607831954956055e-01 2.992855012416839600e-01
4.393642246723175049e-01 6.974519491195678711e-01
9.790323972702026367e-01 3.157632052898406982e-01
7.035390138626098633e-01 1.850739866495132446e-01
1.237714663147926331e-01 5.079862475395202637e-01
8.666602373123168945e-01 5.292218923568725586e-01
6.207807660102844238e-01 6.957669854164123535e-01
9.676168560981750488e-01 6.495793461799621582e-01
7.610738277435302734e-01 2.809800207614898682e-01
8.596231937408447266e-01 2.532421946525573730e-01
6.313507258892059326e-02 2.987930178642272949e-01
9.660957455635070801e-01 8.467836380004882812e-01
7.104707956314086914e-01 2.656517028808593750e-01
1.606972068548202515e-01 1.913234442472457886e-01
3.877046704292297363e-01 3.864013850688934326e-01
9.439118504524230957e-01 9.994385838508605957e-01
9.410104751586914062e-01 3.099792897701263428e-01
4.807653725147247314e-01 4.644228816032409668e-01
2.915673255920410156e-01 9.114894866943359375e-01
6.141089200973510742e-01 9.580410718917846680e-01
6.613783836364746094e-01 9.095432162284851074e-01
4.883226752281188965e-01 9.775920510292053223e-01
4.178867340087890625e-01 6.729416251182556152e-01
4.108195900917053223e-01 2.877842485904693604e-01
3.708812296390533447e-01 3.619481921195983887e-01
6.631424427032470703e-01 5.424104928970336914e-01
8.769665956497192383e-01 3.268689811229705811e-01
4.341275990009307861e-01 4.266381561756134033e-01
1.356509327888488770e-01 9.176717996597290039e-01
7.926108837127685547e-01 1.690774112939834595e-01
8.706643432378768921e-02 1.033515036106109619e-01
5.327467322349548340e-01 8.973200917243957520e-01
2.625915706157684326e-01 1.070683375000953674e-01
5.737524032592773438e-01 6.821562647819519043e-01
4.465560019016265869e-01 6.520558595657348633e-01
1.673467457294464111e-01 7.788838744163513184e-01
8.422522544860839844e-01 5.756408572196960449e-01
8.728500604629516602e-01 3.894624859094619751e-02
6.737625598907470703e-01 3.216655552387237549e-02
4.515245258808135986e-01 8.291306495666503906e-01
8.934670686721801758e-02 7.922585010528564453e-01
2.921447455883026123e-01 7.280486226081848145e-01
8.348063379526138306e-02 1.894300431013107300e-01
9.834286570549011230e-01 9.156276583671569824e-01
3.909432291984558105e-01 3.871043026447296143e-01
3.638266623020172119e-01 6.081106662750244141e-01
4.261276721954345703e-01 4.109957814216613770e-01
5.543981194496154785e-01 4.625187516212463379e-01
7.534646391868591309e-01 9.155900478363037109e-01
6.045783758163452148e-01 3.250862285494804382e-02
6.057715415954589844e-01 5.454925298690795898e-01
8.170907497406005859e-01 5.002112984657287598e-01
5.674679279327392578e-01 3.771306276321411133e-01
3.734748363494873047e-01 7.671244442462921143e-02
1.047120392322540283e-01 2.469126880168914795e-01
1.656776480376720428e-02 6.699391603469848633e-01
9.756399989128112793e-01 5.760483145713806152e-01
6.065203547477722168e-01 5.164897441864013672e-01
5.957691669464111328e-01 1.629468053579330444e-02
5.980644822120666504e-01 8.582946658134460449e-01
3.069958984851837158e-01 7.586114406585693359e-01
7.492752075195312500e-01 6.718140840530395508e-01
1.958481669425964355e-01 1.602512747049331665e-01
7.997500896453857422e-01 2.940919697284698486e-01
7.193429768085479736e-02 7.120168805122375488e-01
9.483534693717956543e-01 4.420000910758972168e-01
8.271440267562866211e-01 4.972008168697357178e-01
8.605331182479858398e-01 7.303487062454223633e-01
7.885950058698654175e-02 6.271552294492721558e-02
4.393751323223114014e-01 3.684322237968444824e-01
9.362052679061889648e-01 5.254459977149963379e-01
3.451209962368011475e-01 9.833260178565979004e-01
1.144025698304176331e-01 6.494137644767761230e-01
5.827915668487548828e-01 7.208758592605590820e-01
9.439246058464050293e-01 5.445989966392517090e-01
4.237421229481697083e-02 3.534753024578094482e-01
8.337959647178649902e-01 5.544003248214721680e-01
4.648573398590087891e-01 3.511506021022796631e-01
5.367625355720520020e-01 2.864136993885040283e-01
1.851938664913177490e-01 9.321593642234802246e-01
6.883795559406280518e-02 3.062507808208465576e-01
1.353467553853988647e-01 8.018460273742675781e-01
7.188451886177062988e-01 6.317285895347595215e-01
6.857925653457641602e-01 5.661438107490539551e-01
6.758109331130981445e-01 1.257068961858749390e-01
1.433982253074645996e-01 1.227948740124702454e-01
3.215755820274353027e-01 1.697532981634140015e-01
3.648621737957000732e-01 5.000769495964050293e-01
6.821956634521484375e-01 3.172395825386047363e-01
5.954670906066894531e-01 4.813473522663116455e-01
8.285109400749206543e-01 6.322467327117919922e-01
5.522622466087341309e-01 6.585425734519958496e-01
7.327234148979187012e-01 9.565255045890808105e-02
5.495205521583557129e-01 2.240852266550064087e-01
5.176362395286560059e-01 3.906713724136352539e-01
3.119879364967346191e-01 8.111640810966491699e-01
9.230743050575256348e-01 9.546396732330322266e-01
6.621153354644775391e-01 5.414358377456665039e-01
5.173235535621643066e-01 4.482080042362213135e-01
7.341491580009460449e-01 9.433904886245727539e-01
3.127084812149405479e-03 4.528882503509521484e-01
3.376933038234710693e-01 1.992986947298049927e-01
9.942448139190673828e-01 1.836324185132980347e-01
7.423704862594604492e-01 8.910107612609863281e-01
2.878286838531494141e-01 3.867472708225250244e-01
5.245526432991027832e-01 6.104211807250976562e-01
7.387199997901916504e-01 5.327673554420471191e-01
1.215923279523849487e-01 8.249006867408752441e-01
1.446136832237243652e-01 8.854984045028686523e-01
1.607716782018542290e-03 7.151762843132019043e-01
6.203061938285827637e-01 6.529442071914672852e-01
8.556693196296691895e-01 1.208451911807060242e-01
1.270292550325393677e-01 7.358788847923278809e-01
8.120623826980590820e-01 4.990866780281066895e-01
9.302304387092590332e-01 6.613055467605590820e-01
3.480610251426696777e-01 1.643844181671738625e-03
1.520214974880218506e-01 9.786801338195800781e-01
2.471752315759658813e-01 6.179794669151306152e-02
9.438169598579406738e-01 4.923517107963562012e-01
2.766201496124267578e-01 1.129094064235687256e-01
6.589245796203613281e-01 5.502301454544067383e-01
