9.954432249069213867e-01 8.730137348175048828e-01
6.817501187324523926e-01 4.463530182838439941e-01
9.421848058700561523e-01 8.002386093139648438e-01
3.305960595607757568e-01 8.082795143127441406e-01
6.763509511947631836e-01 8.433641195297241211e-01
9.325304031372070312e-01 6.419175863265991211e-01
4.877521693706512451e-01 1.844484359025955200e-01
4.201944172382354736e-01 9.511126279830932617e-01
2.787046693265438080e-02 3.988537490367889404e-01
1.995192319154739380e-01 6.696049589663743973e-03
4.873494803905487061e-01 2.679749131202697754e-01
7.638057470321655273e-01 1.583277583122253418e-01
1.545184850692749023e-01 8.314126729965209961e-01
6.838959455490112305e-01 5.096104145050048828e-01
9.677835106849670410e-01 7.842356562614440918e-01
9.205187112092971802e-02 6.656225025653839111e-02
6.518694162368774414e-01 4.750390350818634033e-01
9.539659321308135986e-02 2.659555375576019287e-01
2.731280028820037842e-02 6.642951369285583496e-01
3.149905502796173096e-01 3.482256829738616943e-01
5.018079280853271484e-01 8.713436126708984375e-01
4.437207281589508057e-01 4.171586930751800537e-01
1.528998613357543945e-01 5.176431536674499512e-01
3.561513125896453857e-01 5.019639134407043457e-01
6.647058129310607910e-01 2.683049142360687256e-01
7.872269153594970703e-01 1.245579496026039124e-01
6.476117968559265137e-01 3.967788815498352051e-01
1.384489983320236206e-01 6.863585710525512695e-01
5.562949180603027344e-01 8.445198535919189453e-01
1.070828810334205627e-01 8.688740432262420654e-02
1.587420701980590820e-01 4.106694087386131287e-02
3.295182585716247559e-01 6.988024115562438965e-01
5.086625814437866211e-01 6.699503064155578613e-01
5.233407020568847656e-01 8.643999695777893066e-01
9.282003045082092285e-01 4.735345542430877686e-01
1.893032789230346680e-01 4.476000964641571045e-01
6.584367752075195312e-01 5.508685708045959473e-01
8.898940086364746094e-01 4.853081405162811279e-01
2.685739398002624512e-01 1.014384254813194275e-01
9.342530369758605957e-01 9.616727828979492188e-01
5.352295041084289551e-01 3.169128298759460449e-01
1.440660953521728516e-01 7.867560982704162598e-01
7.467058897018432617e-01 4.184056520462036133e-01
7.060216069221496582e-01 1.798523366451263428e-01
2.755400240421295166e-01 7.550210505723953247e-02
8.900098800659179688e-01 5.335348844528198242e-01
3.805574178695678711e-01 1.260197907686233521e-01
1.282648649066686630e-02 7.368307113647460938e-01
2.707439959049224854e-01 3.178139626979827881e-01
5.972635746002197266e-01 7.765539884567260742e-01
5.088067650794982910e-01 3.785156011581420898e-01
4.780791997909545898e-01 2.751720845699310303e-01
7.367283701896667480e-01 3.508653938770294189e-01
4.715083539485931396e-01 3.792505264282226562e-01
7.150681614875793457e-01 6.590113043785095215e-01
4.533157348632812500e-01 1.423971205949783325e-01
7.100384831428527832e-01 2.901627123355865479e-01
2.433944493532180786e-01 8.447040319442749023e-01
7.693331241607666016e-01 4.571422040462493896e-01
1.744435280561447144e-01 1.072286516427993774e-01
3.615415394306182861e-01 3.306461498141288757e-02
9.573255181312561035e-01 6.375002861022949219e-01
5.031780004501342773e-01 9.698250293731689453e-01
8.513375520706176758e-01 1.121856272220611572e-01
9.254672527313232422e-01 3.893515467643737793e-01
4.728814959526062012e-01 7.370415329933166504e-01
4.545141756534576416e-01 6.616080403327941895e-01
6.367342472076416016e-01 4.509933292865753174e-01
9.182065725326538086e-01 4.225558936595916748e-01
7.076358795166015625e-01 7.354234457015991211e-01
8.301058411598205566e-01 1.235054433345794678e-01
1.756020486354827881e-01 5.901487469673156738e-01
6.009337306022644043e-01 2.644299566745758057e-01
4.738958477973937988e-01 5.491378307342529297e-01
2.018740326166152954e-01 7.334686517715454102e-01
3.264482617378234863e-01 7.472564578056335449e-01
2.952744066715240479e-01 1.953890472650527954e-01
4.587868154048919678e-01 4.027797579765319824e-01
2.817736268043518066e-01 9.578161686658859253e-02
8.510725498199462891e-01 9.635112285614013672e-01
9.497331976890563965e-01 4.210593700408935547e-01
5.579130724072456360e-02 2.192185223102569580e-01
9.586176276206970215e-01 9.085128307342529297e-01
3.071798682212829590e-01 4.090906083583831787e-01
1.897746622562408447e-01 6.398783326148986816e-01
4.920863732695579529e-02 6.092924475669860840e-01
4.475629925727844238e-01 8.749492168426513672e-01
3.501339554786682129e-01 4.621677100658416748e-01
2.453984022140502930e-01 3.225370869040489197e-02
5.909526348114013672e-01 1.871951110661029816e-02
8.275072574615478516e-01 1.531403809785842896e-01
9.982089400291442871e-01 9.453238248825073242e-01
2.108839899301528931e-01 6.121065616607666016e-01
1.385167799890041351e-02 2.459947913885116577e-01
9.941704869270324707e-01 6.684309244155883789e-01
3.874794840812683105e-01 3.632817566394805908e-01
7.962093949317932129e-01 7.507175803184509277e-01
9.851996898651123047e-01 8.345525860786437988e-01
2.174718528985977173e-01 7.547048926353454590e-01
9.633771181106567383e-01 2.140066027641296387e-01
2.605102770030498505e-02 4.834393560886383057e-01
4.729138612747192383e-01 2.556992769241333008e-01
6.125495433807373047e-01 4.817438125610351562e-01
1.905656605958938599e-01 4.866476655006408691e-01
3.714206516742706299e-01 5.473268628120422363e-01
7.780568599700927734e-01 6.031093001365661621e-01
3.491459488868713379e-01 4.050287306308746338e-01
4.096776545047760010e-01 8.525463938713073730e-01
5.841450691223144531e-01 4.575152993202209473e-01
6.101667508482933044e-02 9.225939512252807617e-01
8.316987752914428711e-01 5.538928508758544922e-01
5.805241316556930542e-02 8.440371751785278320e-01
9.512053132057189941e-01 4.934551417827606201e-01
1.800901442766189575e-01 2.013783007860183716e-01
5.061216950416564941e-01 3.562878668308258057e-01
9.294729828834533691e-01 7.898082733154296875e-01
1.814832240343093872e-01 4.690710008144378662e-01
5.677743554115295410e-01 3.658426702022552490e-01
3.823545277118682861e-01 5.094258189201354980e-01
7.448025941848754883e-01 9.906664490699768066e-01
5.559705495834350586e-01 9.884246438741683960e-02
4.112400412559509277e-01 7.755634188652038574e-01
1.521736383438110352e-01 7.138274908065795898e-01
2.404664009809494019e-01 3.753066062927246094e-01
8.549932837486267090e-01 4.063084423542022705e-01
3.919060528278350830e-01 4.694041013717651367e-01
7.151906490325927734e-01 7.326154708862304688e-01
6.683284640312194824e-01 8.100253343582153320e-01
4.020895063877105713e-01 2.319627553224563599e-01
9.502980113029479980e-01 5.350635647773742676e-01
2.176689803600311279e-01 1.860008090734481812e-01
7.804439067840576172e-01 3.200665116310119629e-01
5.505968928337097168e-01 9.591032266616821289e-01
5.853314995765686035e-01 5.439229607582092285e-01
6.304462254047393799e-02 6.807004213333129883e-01
4.318766891956329346e-01 7.281137108802795410e-01
2.576358020305633545e-01 9.038614630699157715e-01
7.701513767242431641e-01 2.275925278663635254e-01
8.569649457931518555e-01 7.654566764831542969e-01
7.842112779617309570e-01 6.813288927078247070e-01
3.488885462284088135e-01 8.920875787734985352e-01
5.283381938934326172e-01 8.192162513732910156e-01
3.768452405929565430e-01 9.180588126182556152e-01
3.819698393344879150e-01 1.890241652727127075e-01
1.309767961502075195e-01 6.779369711875915527e-01
2.418230026960372925e-01 3.599652275443077087e-02
9.367378354072570801e-01 6.344783902168273926e-01
6.918369531631469727e-01 6.262961626052856445e-01
6.495712995529174805e-01 6.922926306724548340e-01
7.453382015228271484e-01 6.116427779197692871e-01
7.768214344978332520e-01 4.513219892978668213e-01
7.144890427589416504e-01 7.948291897773742676e-01
6.416901946067810059e-02 9.029076099395751953e-01
9.252492189407348633e-01 6.396859288215637207e-01
7.951088547706604004e-01 7.515957951545715332e-01
5.554472208023071289e-01 6.978121399879455566e-01
2.559269964694976807e-01 5.479018017649650574e-02
5.847567915916442871e-01 4.495485126972198486e-01
6.210161447525024414e-01 7.814672589302062988e-02
6.285097599029541016e-01 4.155568480491638184e-01
9.635892510414123535e-01 7.772054076194763184e-01
5.845103859901428223e-01 2.574139535427093506e-01
1.758032292127609253e-01 6.999755501747131348e-01
2.211114466190338135e-01 4.407921135425567627e-01
4.480599164962768555e-01 1.453530043363571167e-01
8.468734025955200195e-01 7.132451534271240234e-01
7.461550235748291016e-01 6.727085709571838379e-01
9.301945567131042480e-01 1.893973648548126221e-01
9.089151620864868164e-01 6.468489170074462891e-01
6.351402401924133301e-01 8.707887530326843262e-01
3.296918049454689026e-02 9.023361206054687500e-01
4.894899725914001465e-01 1.832334399223327637e-01
9.398816227912902832e-01 6.409674286842346191e-01
2.936755418777465820e-01 8.011432290077209473e-01
1.490536332130432129e-01 1.323192566633224487e-01
7.838434576988220215e-01 3.640279471874237061e-01
9.090576171875000000e-01 2.525124251842498779e-01
3.655947446823120117e-01 2.345754653215408325e-01
1.863174140453338623e-01 9.106900691986083984e-01
3.047065436840057373e-01 8.619605898857116699e-01
7.653791904449462891e-01 2.266453504562377930e-01
6.455152630805969238e-01 1.149227321147918701e-01
8.646587729454040527e-01 9.423753023147583008e-01
6.198614835739135742e-01 6.963241696357727051e-01
7.702807784080505371e-01 6.331838369369506836e-01
9.755819439888000488e-01 6.630737781524658203e-01
4.894923567771911621e-01 5.130617022514343262e-01
7.657858729362487793e-01 8.441404700279235840e-01
6.223903968930244446e-02 8.078526854515075684e-01
3.971899151802062988e-01 4.475436806678771973e-01
8.876981735229492188e-01 6.420898437500000000e-01
5.203785896301269531e-01 2.828481197357177734e-01
3.939658999443054199e-01 4.981639683246612549e-01
5.744391679763793945e-01 9.004684537649154663e-02
7.753975391387939453e-01 5.705089569091796875e-01
9.178526401519775391e-01 5.984989404678344727e-01
9.962938427925109863e-01 3.304204344749450684e-02
9.311262369155883789e-01 6.289448738098144531e-01
8.950951695442199707e-01 7.303278446197509766e-01
8.685984611511230469e-01 6.835961937904357910e-01
4.984976649284362793e-01 2.332061380147933960e-01
1.217152252793312073e-01 7.382277250289916992e-01
3.315488100051879883e-01 2.049229592084884644e-01
3.615099564194679260e-02 6.399250030517578125e-01
9.853966236114501953e-01 4.244756102561950684e-01
7.415577769279479980e-01 6.072898507118225098e-01
4.995805025100708008e-01 6.946383118629455566e-01
6.526583433151245117e-02 7.470573186874389648e-01
7.895784378051757812e-01 5.801050662994384766e-01
9.630270004272460938e-01 4.795072376728057861e-01
8.925314545631408691e-01 4.469775259494781494e-01
9.292597770690917969e-01 2.463067173957824707e-01
2.685133218765258789e-01 2.029602825641632080e-01
7.855108939111232758e-03 8.772817850112915039e-01
9.710662811994552612e-02 1.739869117736816406e-01
2.741867601871490479e-01 1.176653280854225159e-01
7.166233658790588379e-01 1.776727735996246338e-01
9.418801069259643555e-01 1.205648928880691528e-01
9.673793315887451172e-01 9.067358970642089844e-01
9.602454900741577148e-01 5.711531639099121094e-01
1.665978878736495972e-01 2.222697436809539795e-01
5.932375043630599976e-02 4.693181812763214111e-01
7.927213311195373535e-01 6.104530692100524902e-01
2.553495392203330994e-02 8.806354403495788574e-01
7.584536671638488770e-01 1.504279375076293945e-01
8.374466560781002045e-03 7.525394558906555176e-01
5.603106021881103516e-01 7.827275991439819336e-01
4.615081474184989929e-02 7.843548059463500977e-01
3.944512456655502319e-02 9.180967807769775391e-01
2.250154465436935425e-01 8.372509479522705078e-01
2.715214788913726807e-01 1.579954922199249268e-01
7.366672754287719727e-01 5.877996683120727539e-01
8.968357443809509277e-01 2.000415921211242676e-01
6.837385892868041992e-01 5.057538747787475586e-01
1.297502815723419189e-01 6.560087800025939941e-01
5.095381736755371094e-01 6.630824208259582520e-01
8.587332963943481445e-01 6.561084389686584473e-01
3.978610634803771973e-01 2.785283606499433517e-03
8.356114625930786133e-01 5.158129930496215820e-01
3.498354256153106689e-01 6.144110560417175293e-01
8.254185318946838379e-01 7.980673313140869141e-01
9.349631071090698242e-01 7.673829197883605957e-01
3.225252330303192139e-01 8.310054540634155273e-01
2.940232455730438232e-01 5.406100749969482422e-01
1.609649807214736938e-01 9.666870534420013428e-02
4.780947566032409668e-01 5.520701780915260315e-02
1.334806084632873535e-01 6.600912809371948242e-01
4.077538251876831055e-01 3.636142015457153320e-01
8.272390365600585938e-01 2.745217680931091309e-01
2.196464091539382935e-01 5.128780007362365723e-01
8.347844332456588745e-02 1.927481889724731445e-01
2.763130366802215576e-01 9.998765587806701660e-01
9.907651543617248535e-01 1.247700862586498260e-02
2.693960368633270264e-01 8.230999112129211426e-01
5.135628581047058105e-01 3.945005238056182861e-01
8.306624889373779297e-01 5.164014101028442383e-01
4.988063871860504150e-01 4.704467654228210449e-01
5.593810081481933594e-01 7.393241394311189651e-03
3.354894816875457764e-01 1.793707460165023804e-01
2.952237129211425781e-01 3.049997985363006592e-01
4.315079152584075928e-01 3.897824287414550781e-01
4.841434359550476074e-01 4.791364669799804688e-01
9.088904261589050293e-01 4.425861239433288574e-01
7.267369627952575684e-01 6.331287026405334473e-01
9.838988780975341797e-01 7.449685931205749512e-01
4.660234749317169189e-01 8.154935836791992188e-01
4.349340200424194336e-01 1.538971215486526489e-01
8.890945911407470703e-01 8.892163634300231934e-01
7.305700778961181641e-01 1.362082213163375854e-01
4.503158032894134521e-01 9.655670523643493652e-01
5.627592206001281738e-01 2.761753201484680176e-01
3.537738919258117676e-01 7.785382866859436035e-01
6.969990134239196777e-01 7.886642217636108398e-01
1.244731619954109192e-01 6.699237227439880371e-01
6.243967413902282715e-01 7.959440350532531738e-01
4.310060441493988037e-01 3.012189567089080811e-01
8.223056048154830933e-02 3.596498863771557808e-03
8.309834003448486328e-01 6.259791254997253418e-01
8.242889642715454102e-01 4.900114536285400391e-01
6.408067345619201660e-01 5.299070477485656738e-01
1.264401972293853760e-01 1.465970128774642944e-01
1.746734380722045898e-01 2.898685634136199951e-01
6.237643957138061523e-01 7.152683734893798828e-01
2.161833643913269043e-01 4.979369044303894043e-02
9.184859395027160645e-01 4.550188183784484863e-01
4.008831083774566650e-01 7.464468479156494141e-01
8.982315063476562500e-01 1.450452506542205811e-01
7.542169690132141113e-01 8.941236734390258789e-01
1.236845925450325012e-01 3.598620295524597168e-01
4.310995340347290039e-01 3.754477798938751221e-01
4.716683328151702881e-01 7.340885400772094727e-01
3.345887362957000732e-01 7.129328250885009766e-01
4.647932648658752441e-01 5.487109422683715820e-01
5.071972683072090149e-02 7.063885331153869629e-01
6.604512929916381836e-01 2.754479944705963135e-01
3.202012777328491211e-01 2.069633454084396362e-01
4.354644417762756348e-01 3.618808090686798096e-01
8.636633306741714478e-02 9.660309553146362305e-01
2.790353298187255859e-01 8.560984134674072266e-01
8.711614608764648438e-01 5.341170430183410645e-01
9.091693162918090820e-01 9.328471422195434570e-01
7.501387596130371094e-01 6.345852613449096680e-01
4.335252940654754639e-01 7.679286003112792969e-01
8.852614164352416992e-01 3.214717805385589600e-01
8.887709975242614746e-01 4.426418840885162354e-01
8.352578282356262207e-01 3.416773378849029541e-01
3.351132273674011230e-01 5.595159530639648438e-01
6.736591458320617676e-01 3.740608692169189453e-01
9.926450848579406738e-01 3.349471390247344971e-01
6.461341381072998047e-01 3.241014480590820312e-02
3.808872401714324951e-01 1.872126162052154541e-01
4.202336966991424561e-01 9.346967339515686035e-01
8.709142804145812988e-01 3.821738958358764648e-01
1.686986684799194336e-01 9.152158498764038086e-01
6.873074173927307129e-01 3.655570745468139648e-01
4.333450794219970703e-01 8.142486214637756348e-01
2.607983648777008057e-01 7.544879317283630371e-01
4.366783797740936279e-02 2.190378606319427490e-01
5.568651556968688965e-01 6.785532236099243164e-01
8.050231337547302246e-01 6.917436122894287109e-01
8.992337584495544434e-01 2.746922373771667480e-01
6.632468849420547485e-02 3.302742838859558105e-01
6.492359042167663574e-01 7.852938175201416016e-01
7.550516724586486816e-01 3.763327598571777344e-01
5.584416389465332031e-01 5.189586877822875977e-01
4.029661118984222412e-01 5.122927427291870117e-01
1.232756525278091431e-01 3.601781129837036133e-01
2.912364602088928223e-01 9.902873039245605469e-01
3.603653311729431152e-01 8.493749499320983887e-01
8.984152674674987793e-01 5.138071775436401367e-01
7.353468537330627441e-01 8.890690803527832031e-01
7.687408328056335449e-01 5.661832094192504883e-01
3.209781050682067871e-01 8.843418955802917480e-01
2.918667793273925781e-01 1.472221314907073975e-01
1.667369753122329712e-01 6.906298995018005371e-01
5.648183822631835938e-01 6.454588174819946289e-01
5.683058500289916992e-01 4.733950495719909668e-01
6.868702769279479980e-01 6.122448444366455078e-01
5.201964378356933594e-01 5.933241844177246094e-01
9.204222559928894043e-01 2.270967364311218262e-01
2.091636806726455688e-01 7.076817154884338379e-01
1.256139427423477173e-01 8.807027712464332581e-03
6.466252356767654419e-02 6.811771392822265625e-01
7.024257183074951172e-01 8.617223501205444336e-01
7.906959652900695801e-01 2.644585967063903809e-01
6.819021105766296387e-01 3.604975342750549316e-01
4.304547607898712158e-01 6.645175069570541382e-02
9.648044593632221222e-03 3.110613226890563965e-01
6.894093751907348633e-01 5.642201900482177734e-01
2.245548665523529053e-01 9.415490627288818359e-01
8.889122009277343750e-01 1.206012815237045288e-01
3.065914809703826904e-01 2.914855442941188812e-02
1.945988386869430542e-01 4.623938798904418945e-01
7.345600128173828125e-01 1.146761402487754822e-01
9.076651930809020996e-01 3.340061306953430176e-01
9.153211712837219238e-01 9.995933175086975098e-01
4.439595043659210205e-01 1.516897045075893402e-02
3.402014076709747314e-01 4.980186820030212402e-01
6.263028979301452637e-01 7.415354847908020020e-01
1.520504206418991089e-01 5.096977353096008301e-01
8.859669566154479980e-01 8.069556206464767456e-02
1.529281884431838989e-01 2.374786138534545898e-01
1.892111003398895264e-01 8.605828285217285156e-01
6.997486352920532227e-01 6.697426438331604004e-01
2.069977819919586182e-01 1.032421141862869263e-01
3.564293682575225830e-02 2.863219082355499268e-01
6.504548192024230957e-01 7.022260427474975586e-01
6.559866666793823242e-01 1.930767856538295746e-02
1.275397688150405884e-01 5.763562917709350586e-01
5.710244774818420410e-01 5.018737316131591797e-01
9.539882093667984009e-02 1.442504376173019409e-01
9.963859915733337402e-01 8.575792908668518066e-01
3.452773764729499817e-02 7.278044223785400391e-01
7.536912560462951660e-01 7.189601063728332520e-01
1.339209824800491333e-01 8.806498050689697266e-01
1.255209445953369141e-01 7.933372259140014648e-01
8.625635504722595215e-01 6.127797961235046387e-01
4.316958785057067871e-01 1.894237995147705078e-01
2.782861888408660889e-01 3.211112320423126221e-02
8.754557371139526367e-01 6.128529310226440430e-01
5.778746306896209717e-02 9.421063661575317383e-01
8.931911587715148926e-01 2.009759992361068726e-01
6.416759639978408813e-02 8.798183202743530273e-01
7.917799353599548340e-01 3.558720350265502930e-01
6.232178807258605957e-01 9.016219377517700195e-01
1.747420281171798706e-01 7.641527056694030762e-01
4.284939169883728027e-01 3.182245790958404541e-01
6.418061256408691406e-01 4.369529187679290771e-01
5.107941031455993652e-01 2.057572305202484131e-01
1.741001754999160767e-02 1.746594309806823730e-01
2.890236675739288330e-01 3.953067660331726074e-01
2.791577577590942383e-01 1.354814171791076660e-01
4.304597973823547363e-01 2.102848142385482788e-01
9.349870085716247559e-01 6.826455593109130859e-01
4.905294179916381836e-01 5.319358706474304199e-01
2.579807639122009277e-01 1.166946440935134888e-01
6.772078871726989746e-01 7.731246352195739746e-01
1.896059364080429077e-01 5.115268230438232422e-01
1.429813802242279053e-01 8.366311788558959961e-01
6.741406321525573730e-01 7.422214746475219727e-01
9.241490960121154785e-01 2.665362060070037842e-01
3.364860415458679199e-01 8.778113126754760742e-01
1.127460375428199768e-01 8.378860354423522949e-01
7.177110761404037476e-02 9.120724201202392578e-01
2.528509683907032013e-02 7.396631240844726562e-01
3.708106931298971176e-03 2.343993037939071655e-01
6.790070533752441406e-01 5.988612771034240723e-01
3.267026543617248535e-01 3.173408210277557373e-01
8.940564393997192383e-01 8.695499300956726074e-01
7.087634205818176270e-01 3.365378975868225098e-01
2.729257345199584961e-01 1.013889461755752563e-01
9.969370961189270020e-01 8.062751889228820801e-01
2.982976436614990234e-01 3.556715548038482666e-01
7.173150181770324707e-01 2.022888660430908203e-01
8.902928829193115234e-01 7.253153324127197266e-01
4.185966253280639648e-01 3.105458915233612061e-01
9.248862862586975098e-01 7.184756994247436523e-01
8.414204120635986328e-01 2.791033685207366943e-01
9.611840248107910156e-01 9.963288903236389160e-01
6.450020074844360352e-01 8.304368853569030762e-01
2.967282235622406006e-01 1.398932188749313354e-01
4.237635135650634766e-01 7.602437138557434082e-01
1.762791574001312256e-01 4.636236131191253662e-01
8.147660493850708008e-01 8.685154914855957031e-01
3.939612507820129395e-01 2.224630266427993774e-01
8.306456208229064941e-01 4.591704905033111572e-01
4.841084182262420654e-01 5.255426168441772461e-01
2.137270569801330566e-01 3.488825559616088867e-01
3.272034227848052979e-01 5.337077975273132324e-01
4.625009596347808838e-01 1.312365829944610596e-01
4.966770112514495850e-01 5.033568143844604492e-01
9.921150654554367065e-02 6.430495977401733398e-01
1.859091669321060181e-01 3.736117482185363770e-01
8.515730500221252441e-01 4.133226871490478516e-01
4.221489429473876953e-01 7.527664899826049805e-01
5.416333675384521484e-01 6.506463047116994858e-03
6.321172714233398438e-01 4.090228676795959473e-01
2.140187025070190430e-01 7.291654944419860840e-01
9.618546366691589355e-01 4.514549672603607178e-01
6.546504497528076172e-01 7.325078248977661133e-01
5.419412851333618164e-01 7.827754616737365723e-01
4.410842955112457275e-01 5.085943937301635742e-01
9.948632121086120605e-02 2.316301017999649048e-01
9.921852350234985352e-01 7.085669636726379395e-01
3.406999409198760986e-01 9.785761833190917969e-01
1.150660663843154907e-01 7.962386608123779297e-01
2.530049085617065430e-01 6.250940561294555664e-01
4.338974058628082275e-01 1.528236269950866699e-01
6.889259219169616699e-01 5.014792084693908691e-01
5.448397994041442871e-01 7.324869036674499512e-01
4.757732152938842773e-01 7.068550586700439453e-01
6.059579253196716309e-01 1.138093248009681702e-01
9.727512598037719727e-01 5.292840600013732910e-01
9.716398715972900391e-01 4.926836490631103516e-01
3.531429469585418701e-01 6.131711415946483612e-03
9.669401049613952637e-01 9.872125387191772461e-01
3.105400800704956055e-01 9.740189909934997559e-01
1.784962862730026245e-01 6.722475886344909668e-01
1.142951622605323792e-01 9.177390933036804199e-01
3.225611150264739990e-01 5.928813219070434570e-01
1.664966940879821777e-01 7.190514206886291504e-01
4.485199153423309326e-01 3.318621218204498291e-01
9.753252863883972168e-01 1.891115903854370117e-01
3.056685030460357666e-01 3.379774391651153564e-01
4.970943927764892578e-01 6.893472075462341309e-01
6.323366761207580566e-01 1.851973980665206909e-01
1.327411234378814697e-01 5.185250043869018555e-01
6.680091843008995056e-03 3.590274155139923096e-01
1.787019520998001099e-01 7.824452221393585205e-02
6.772536039352416992e-01 5.854926537722349167e-03
7.699623107910156250e-01 5.862821936607360840e-01
2.314729541540145874e-01 9.641249775886535645e-01
9.502141177654266357e-02 4.120312929153442383e-01
8.400363922119140625e-01 3.813659027218818665e-02
7.673943042755126953e-01 1.897677183151245117e-01
7.217598557472229004e-01 9.554191231727600098e-01
5.092895030975341797e-01 2.351677268743515015e-01
6.853332519531250000e-01 6.132131218910217285e-01
5.661992356181144714e-02 8.645361661911010742e-01
6.695093512535095215e-01 2.383961826562881470e-01
4.553964138031005859e-01 3.211299180984497070e-01
7.674838900566101074e-01 1.229467391967773438e-01
1.174524649977684021e-01 6.572635769844055176e-01
9.008908271789550781e-01 5.352410674095153809e-01
7.888900637626647949e-01 4.765680432319641113e-01
5.951163768768310547e-01 2.259991317987442017e-01
7.302832603454589844e-01 6.791705489158630371e-01
7.300013899803161621e-01 1.058844849467277527e-01
1.752218231558799744e-02 9.950453042984008789e-01
9.740633964538574219e-01 9.396835565567016602e-01
3.469784259796142578e-01 4.635578393936157227e-01
7.009311318397521973e-01 5.322384834289550781e-01
3.796667754650115967e-01 7.937901616096496582e-01
4.390957355499267578e-01 3.039279878139495850e-01
2.081119222566485405e-03 7.127661108970642090e-01
8.853362202644348145e-01 8.096207976341247559e-01
5.791662931442260742e-01 4.227235317230224609e-01
8.345344662666320801e-01 7.010032534599304199e-01
7.868103981018066406e-01 1.044081244617700577e-02
9.142203330993652344e-01 6.441956013441085815e-02
9.717464447021484375e-01 4.725047647953033447e-01
4.624491184949874878e-02 2.371158450841903687e-01
4.677239060401916504e-01 1.520065218210220337e-01
7.995736002922058105e-01 9.342055320739746094e-01
7.401922941207885742e-01 3.689532876014709473e-01
6.296045780181884766e-01 6.038139462471008301e-01
6.849728226661682129e-01 8.140912652015686035e-01
9.139334559440612793e-01 4.505705833435058594e-01
3.123477995395660400e-01 7.011999487876892090e-01
5.191122293472290039e-01 7.496904730796813965e-01
3.920441269874572754e-01 7.996762394905090332e-01
9.861142635345458984e-01 1.785394549369812012e-01
4.533359110355377197e-01 1.170534174889326096e-02
6.423190832138061523e-01 6.999307870864868164e-01
2.933080121874809265e-02 9.505702257156372070e-01
6.361510157585144043e-01 6.066803336143493652e-01
9.825559854507446289e-01 6.095649674534797668e-02
4.047219157218933105e-01 1.922178417444229126e-01
4.092512652277946472e-02 1.939635723829269409e-01
5.838987231254577637e-01 1.819255501031875610e-01
6.900977492332458496e-01 4.599219858646392822e-01
4.994121491909027100e-01 5.618745088577270508e-01
6.072087883949279785e-01 3.724355250597000122e-02
4.522382020950317383e-01 9.112260937690734863e-01
9.263823032379150391e-01 5.841076001524925232e-02
7.902749776840209961e-01 7.845952510833740234e-01
3.423039913177490234e-01 8.672580122947692871e-02
7.933603525161743164e-01 1.949044317007064819e-01
9.434179067611694336e-01 3.136625289916992188e-01
4.538551867008209229e-01 1.897449642419815063e-01
6.988282799720764160e-01 5.886553525924682617e-01
6.942152380943298340e-01 7.548635005950927734e-01
9.121552705764770508e-01 5.384332537651062012e-01
2.451036125421524048e-01 7.291749715805053711e-01
7.023986577987670898e-01 2.355188280344009399e-01
3.568427562713623047e-01 4.807391464710235596e-01
7.463355064392089844e-01 1.081673577427864075e-01
7.551571130752563477e-01 4.410942494869232178e-01
2.495451085269451141e-02 1.496239006519317627e-01
4.475574493408203125e-01 6.869462132453918457e-01
8.289661407470703125e-01 1.176614090800285339e-01
5.844615697860717773e-01 4.174845218658447266e-01
1.479391604661941528e-01 5.518364310264587402e-01
5.577139258384704590e-01 4.598249793052673340e-01
2.700783610343933105e-01 8.982391357421875000e-01
1.765593290328979492e-01 7.824105620384216309e-01
3.850890994071960449e-01 6.451910734176635742e-01
6.967284083366394043e-01 9.608175605535507202e-02
2.855017483234405518e-01 9.355919361114501953e-01
9.622457623481750488e-01 6.163949370384216309e-01
2.002951651811599731e-01 1.096984520554542542e-01
8.301695585250854492e-01 4.861637353897094727e-01
8.068119287490844727e-01 3.723643720149993896e-01
5.897263288497924805e-01 9.608081579208374023e-01
5.942435264587402344e-01 8.439238667488098145e-01
8.349450230598449707e-01 5.332868099212646484e-01
2.691389322280883789e-01 8.417302966117858887e-01
9.801957607269287109e-01 8.599343895912170410e-01
5.725644826889038086e-01 7.664201259613037109e-01
1.321667879819869995e-01 1.230542361736297607e-01
9.458333849906921387e-01 5.008628368377685547e-01
8.406507968902587891e-02 3.707939982414245605e-01
2.620667815208435059e-01 3.947621881961822510e-01
8.573619127273559570e-01 6.827943921089172363e-01
4.430965483188629150e-01 5.770329833030700684e-01
2.890332937240600586e-01 5.736361742019653320e-01
5.337882637977600098e-01 2.542142570018768311e-01
4.656758010387420654e-01 8.838695287704467773e-01
8.771108984947204590e-01 9.552587866783142090e-01
1.463184207677841187e-01 9.771730899810791016e-01
3.523253500461578369e-01 1.939292848110198975e-01
4.438264966011047363e-01 4.659202098846435547e-01
7.159882783889770508e-01 6.103487014770507812e-01
1.785783320665359497e-01 9.494643658399581909e-02
4.119392633438110352e-01 3.584636449813842773e-01
9.500619769096374512e-01 4.878070354461669922e-01
1.916175633668899536e-01 9.209075570106506348e-01
5.321571826934814453e-01 7.838385105133056641e-01
8.297007679939270020e-01 6.571994423866271973e-01
2.273166477680206299e-01 3.081052303314208984e-01
9.771704673767089844e-01 3.666416108608245850e-01
9.597696065902709961e-01 2.026911824941635132e-02
4.304752647876739502e-01 9.156215190887451172e-01
2.423314154148101807e-01 9.545968770980834961e-01
6.204207539558410645e-01 3.631712198257446289e-01
6.202327609062194824e-01 7.583565711975097656e-01
8.068827986717224121e-01 7.622407674789428711e-01
2.125071883201599121e-01 1.944744735956192017e-01
1.088589429855346680e-01 3.773869574069976807e-01
2.139612734317779541e-01 7.102883458137512207e-01
2.522007524967193604e-01 3.643292188644409180e-01
8.368687629699707031e-01 6.170830726623535156e-01
9.733389616012573242e-01 3.211115896701812744e-01
6.209365129470825195e-01 3.260756433010101318e-01
5.804705619812011719e-02 2.765198945999145508e-01
3.259542584419250488e-01 5.739969015121459961e-01
9.891466498374938965e-01 5.675508379936218262e-01
7.314412593841552734e-01 5.722827315330505371e-01
7.354226708412170410e-01 2.553565800189971924e-01
4.629330635070800781e-01 1.890823841094970703e-01
2.746660821139812469e-02 9.250710606575012207e-01
2.212350070476531982e-01 9.254980087280273438e-01
1.674250811338424683e-01 4.155907928943634033e-01
5.403701215982437134e-02 7.414286732673645020e-01
1.256285458803176880e-01 1.355900317430496216e-01
7.522829174995422363e-01 6.457962989807128906e-01
4.744930863380432129e-01 3.317401409149169922e-01
4.223663508892059326e-01 5.856960415840148926e-01
3.840311989188194275e-02 6.964812874794006348e-01
6.113349199295043945e-01 3.694756329059600830e-01
1.774750500917434692e-01 8.583089709281921387e-01
4.833743274211883545e-01 3.943212926387786865e-01
7.089906930923461914e-01 6.822671294212341309e-01
9.540882110595703125e-01 9.727367162704467773e-01
9.012036323547363281e-01 2.180547267198562622e-01
7.830973267555236816e-01 5.843800902366638184e-01
5.120787620544433594e-01 2.302226722240447998e-01
2.880389094352722168e-01 1.724294424057006836e-01
1.706932336091995239e-01 7.943560481071472168e-01
2.584576904773712158e-01 4.970297217369079590e-01
4.069705605506896973e-01 7.402965426445007324e-01
8.499630093574523926e-01 6.566664576530456543e-01
5.407600663602352142e-03 5.462332963943481445e-01
7.760716229677200317e-02 3.029757551848888397e-02
3.776077032089233398e-01 8.853935599327087402e-01
8.921662569046020508e-01 7.142192721366882324e-01
1.831745058298110962e-01 3.293792158365249634e-02
9.372323155403137207e-01 8.876733183860778809e-01
9.454094171524047852e-01 2.800175547599792480e-01
5.649351477622985840e-01 3.965442180633544922e-01
2.666564881801605225e-01 7.604315280914306641e-01
4.204747378826141357e-01 6.075757741928100586e-01
7.006974220275878906e-01 3.264012634754180908e-01
5.975557565689086914e-01 4.788196384906768799e-01
8.577707409858703613e-01 2.082046121358871460e-01
8.957815766334533691e-01 3.248670995235443115e-01
5.035944283008575439e-03 6.176207065582275391e-01
2.872083783149719238e-01 6.703581809997558594e-01
4.855616986751556396e-01 9.145543575286865234e-01
3.483945429325103760e-01 3.333497047424316406e-01
3.813555538654327393e-01 8.452485799789428711e-01
2.311686575412750244e-01 8.593677282333374023e-01
6.989801526069641113e-01 8.044018149375915527e-01
6.775918006896972656e-01 2.836643457412719727e-01
1.957677751779556274e-01 9.951263070106506348e-01
3.619205579161643982e-02 5.521529316902160645e-01
9.993261098861694336e-01 2.207572609186172485e-01
2.802721858024597168e-01 6.734967827796936035e-01
8.513666391372680664e-01 4.883856475353240967e-01
2.858790755271911621e-01 5.557599663734436035e-01
3.830781579017639160e-01 4.549316316843032837e-02
3.787273168563842773e-01 1.563899815082550049e-01
5.781320929527282715e-01 2.803640663623809814e-01
7.524654269218444824e-01 9.985101819038391113e-01
3.456526696681976318e-01 3.847376406192779541e-01
1.031361222267150879e-01 6.042800843715667725e-02
1.548428237438201904e-01 7.241674661636352539e-01
5.553169846534729004e-01 9.152988791465759277e-01
3.075948059558868408e-01 6.945530325174331665e-02
2.938989698886871338e-01 3.537593483924865723e-01
5.355852246284484863e-01 4.437569975852966309e-01
4.047264158725738525e-02 7.550953030586242676e-01
3.824689090251922607e-01 9.075886011123657227e-02
1.609707921743392944e-01 8.236777186393737793e-01
6.486057639122009277e-01 9.371020197868347168e-01
6.119991540908813477e-01 7.369575500488281250e-01
9.310197234153747559e-01 3.750469535589218140e-02
3.046019673347473145e-01 8.905473351478576660e-01
5.854854583740234375e-01 4.329495429992675781e-01
9.453552961349487305e-01 2.988248877227306366e-02
2.944425307214260101e-02 2.093521505594253540e-01
7.039179205894470215e-01 2.739303112030029297e-01
5.628189444541931152e-01 5.749241709709167480e-01
9.151479005813598633e-01 6.000205874443054199e-01
6.317258477210998535e-01 6.828116178512573242e-01
5.478934198617935181e-02 8.960182666778564453e-01
4.580223560333251953e-01 9.074789881706237793e-01
3.472908437252044678e-01 5.816491246223449707e-01
7.739521861076354980e-01 6.666679382324218750e-01
3.454235848039388657e-03 3.143017888069152832e-01
5.499530956149101257e-02 8.191166073083877563e-02
4.812932908535003662e-01 9.087411165237426758e-01
4.624479115009307861e-01 8.216902017593383789e-01
6.007937788963317871e-01 7.462438941001892090e-01
3.088884651660919189e-01 2.722150385379791260e-01
8.356236815452575684e-01 5.022901892662048340e-01
4.561268091201782227e-01 3.114491403102874756e-01
9.570621848106384277e-01 3.111419081687927246e-01
5.097692012786865234e-01 1.786795109510421753e-01
6.934142708778381348e-01 6.691999435424804688e-01
3.796977996826171875e-01 7.907162904739379883e-01
9.210364818572998047e-01 7.411538958549499512e-01
2.066647410392761230e-01 8.230242133140563965e-01
3.195644319057464600e-01 3.401439785957336426e-01
3.425775468349456787e-01 9.775311350822448730e-01
6.864686012268066406e-01 9.193736314773559570e-02
9.832899570465087891e-01 5.324487090110778809e-01
4.589844048023223877e-01 6.857366561889648438e-01
2.929341793060302734e-01 1.071216017007827759e-01
7.560348510742187500e-02 6.429895758628845215e-01
3.777143955230712891e-01 5.006505250930786133e-01
9.658058881759643555e-01 1.352649033069610596e-01
6.455875635147094727e-01 9.173638224601745605e-01
8.946529626846313477e-01 6.361596584320068359e-01
3.617330491542816162e-01 6.826384663581848145e-01
2.032450735569000244e-01 8.591616749763488770e-01
6.959069967269897461e-01 8.141534328460693359e-01
9.398186206817626953e-01 7.271274328231811523e-01
1.431412547826766968e-01 9.383253455162048340e-01
9.374449253082275391e-01 8.179111778736114502e-02
6.761092543601989746e-01 5.789136290550231934e-01
8.826306462287902832e-01 8.970624804496765137e-01
6.282078623771667480e-01 7.339252829551696777e-01
1.150767877697944641e-02 8.265402317047119141e-01
2.479770779609680176e-01 1.815372705459594727e-01
7.884837388992309570e-01 7.356315255165100098e-01
1.867838203907012939e-01 5.235948562622070312e-01
3.028832674026489258e-01 5.761610269546508789e-01
2.221300303936004639e-01 9.680464863777160645e-01
2.556370012462139130e-02 1.308379173278808594e-01
2.509798109531402588e-01 5.746843218803405762e-01
1.056795120239257812e-01 6.011605262756347656e-01
3.945296108722686768e-01 6.221153736114501953e-01
6.145319342613220215e-01 2.107780873775482178e-01
2.386813014745712280e-01 6.383420228958129883e-01
2.993261814117431641e-01 1.383592933416366577e-01
4.825443923473358154e-01 9.210442304611206055e-01
4.516831040382385254e-02 8.787623643875122070e-01
1.644426137208938599e-01 9.108042716979980469e-01
8.381127119064331055e-01 7.727891206741333008e-03
7.923906445503234863e-01 1.200403645634651184e-01
7.913814187049865723e-01 5.484429597854614258e-01
3.603794872760772705e-01 1.541388183832168579e-01
5.017847418785095215e-01 4.099488556385040283e-01
9.925259947776794434e-01 5.779287219047546387e-01
1.350969672203063965e-01 6.763235330581665039e-01
7.266335189342498779e-02 9.015731215476989746e-01
9.597750008106231689e-02 8.111251592636108398e-01
3.426884412765502930e-01 9.531145691871643066e-01
7.873594015836715698e-02 7.584646940231323242e-01
1.547264009714126587e-01 4.850569963455200195e-01
8.481669425964355469e-01 4.039994478225708008e-01
2.503511607646942139e-01 1.025455892086029053e-01
3.891460299491882324e-01 4.777241647243499756e-01
3.915070593357086182e-01 3.926380574703216553e-01
9.830028414726257324e-01 5.295441746711730957e-01
5.436859279870986938e-02 7.957068681716918945e-01
9.174783825874328613e-01 1.897688508033752441e-01
4.555383920669555664e-01 7.572194933891296387e-01
5.337996482849121094e-01 7.547000646591186523e-01
4.922604560852050781e-01 6.798415910452604294e-03
7.754824757575988770e-01 9.606415778398513794e-02
9.304773807525634766e-01 6.916910409927368164e-01
7.168164849281311035e-01 5.663766264915466309e-01
4.371095001697540283e-01 5.689133405685424805e-01
5.102615803480148315e-03 7.431313991546630859e-01
8.034720420837402344e-01 8.783826828002929688e-01
9.023314714431762695e-01 7.159053683280944824e-01
9.590889811515808105e-01 5.130940675735473633e-01
7.997137904167175293e-01 4.748594462871551514e-01
6.132073998451232910e-01 8.548638224601745605e-01
1.702934354543685913e-01 1.981660574674606323e-01
2.594239115715026855e-01 6.351622939109802246e-01
8.355582952499389648e-01 5.046297311782836914e-01
9.160554409027099609e-01 5.025258064270019531e-01
4.710307717323303223e-01 9.265711307525634766e-01
1.896771639585494995e-01 1.133048012852668762e-01
4.014817774295806885e-01 5.470828413963317871e-01
4.980430603027343750e-01 5.531130433082580566e-01
4.434424638748168945e-01 9.963167905807495117e-01
1.862537562847137451e-01 8.897620439529418945e-01
2.022531181573867798e-01 9.187347888946533203e-01
3.292876780033111572e-01 7.435622215270996094e-01
7.704471945762634277e-01 2.007234096527099609e-01
6.174381375312805176e-01 5.640708804130554199e-01
1.064614653587341309e-01 2.380870580673217773e-01
2.959979772567749023e-01 4.803671538829803467e-01
8.994305133819580078e-01 6.116157770156860352e-01
8.166830241680145264e-02 2.796926796436309814e-01
1.190352290868759155e-01 6.957139372825622559e-01
2.551603317260742188e-01 6.956399083137512207e-01
5.969111919403076172e-01 2.174805700778961182e-01
4.291990101337432861e-01 9.439036250114440918e-02
9.408567547798156738e-01 7.960981130599975586e-01
2.976814508438110352e-01 7.379039525985717773e-01
1.196741238236427307e-01 6.912227869033813477e-01
7.225673198699951172e-01 4.630388915538787842e-01
7.895250320434570312e-01 1.275877803564071655e-01
9.473174810409545898e-01 8.485122919082641602e-01
9.326834082603454590e-01 6.134095191955566406e-01
6.483010947704315186e-02 4.206769168376922607e-01
7.966699600219726562e-01 7.620886564254760742e-01
1.811418086290359497e-01 4.683151245117187500e-01
9.652826189994812012e-01 7.631913572549819946e-02
3.392424881458282471e-01 1.118077933788299561e-01
7.572081685066223145e-01 2.893263697624206543e-01
9.132328629493713379e-01 3.672037720680236816e-01
1.106207370758056641e-01 3.347392678260803223e-01
5.974962115287780762e-01 7.412472963333129883e-01
4.592595398426055908e-01 1.419629901647567749e-03
9.059901833534240723e-01 8.933858275413513184e-01
6.465028524398803711e-01 6.201059222221374512e-01
2.548291385173797607e-01 2.301872149109840393e-02
9.255555868148803711e-01 3.502124175429344177e-02
9.979854822158813477e-01 3.508851230144500732e-01
2.205119878053665161e-01 5.453323721885681152e-01
9.896799176931381226e-02 8.234082907438278198e-02
3.912118077278137207e-01 2.688134610652923584e-01
8.000476360321044922e-01 8.665045499801635742e-01
1.069332957267761230e-01 1.388110499829053879e-02
9.234433621168136597e-02 3.486766219139099121e-01
9.169165492057800293e-01 6.167571544647216797e-01
9.011625647544860840e-01 6.523142009973526001e-02
3.451046645641326904e-01 5.845173001289367676e-01
1.579475849866867065e-01 3.114897012710571289e-01
1.659290343523025513e-01 4.634483158588409424e-01
5.409127473831176758e-01 6.138139367103576660e-01
4.901654273271560669e-02 1.864915788173675537e-01
2.138458043336868286e-01 9.539896249771118164e-01
2.801124751567840576e-01 4.077633321285247803e-01
4.292900264263153076e-01 9.313403367996215820e-01
5.953638553619384766e-01 4.866348505020141602e-01
4.760910570621490479e-01 3.083415329456329346e-01
3.805163204669952393e-01 2.034398317337036133e-01
6.691538095474243164e-01 9.777004122734069824e-01
8.778421282768249512e-01 5.917761325836181641e-01
5.671724081039428711e-01 2.893232107162475586e-01
4.467810988426208496e-01 8.680402040481567383e-01
4.971065223217010498e-01 9.220325350761413574e-01
5.696969628334045410e-01 6.128510460257530212e-02
2.896260023117065430e-01 7.763890624046325684e-01
1.285302937030792236e-01 1.350268274545669556e-01
1.600079834461212158e-01 5.205688476562500000e-01
2.977014482021331787e-01 4.891923964023590088e-01
9.855065345764160156e-01 7.952496409416198730e-01
8.332087397575378418e-01 9.340570569038391113e-01
8.364738821983337402e-01 4.052005410194396973e-01
3.679411113262176514e-01 8.069404363632202148e-01
1.034194678068161011e-01 2.993804514408111572e-01
8.640863895416259766e-01 3.259707391262054443e-01
5.587415099143981934e-01 7.853529602289199829e-02
8.270254135131835938e-01 3.761761486530303955e-01
3.797651529312133789e-01 9.543126225471496582e-01
7.353814244270324707e-01 8.983201384544372559e-01
9.451780915260314941e-01 3.699589073657989502e-01
9.534825086593627930e-01 9.011448025703430176e-01
2.127760201692581177e-01 2.202622443437576294e-01
9.326526522636413574e-02 2.601349651813507080e-01
3.597337007522583008e-01 3.810975253582000732e-01
9.070537090301513672e-01 7.884846329689025879e-01
5.037300661206245422e-02 9.527612924575805664e-01
8.433200120925903320e-01 3.320255875587463379e-01
7.983739972114562988e-01 5.566797256469726562e-01
5.405648946762084961e-01 3.815697133541107178e-01
6.043651700019836426e-01 2.342824786901473999e-01
2.438278198242187500e-01 1.653322130441665649e-01
9.365042448043823242e-01 8.076779842376708984e-01
8.959783315658569336e-01 9.756753444671630859e-01
6.843873262405395508e-01 6.004792451858520508e-01
4.453912973403930664e-01 2.557311356067657471e-01
1.064805909991264343e-01 4.819543659687042236e-01
8.130232095718383789e-01 8.110067844390869141e-01
8.682561665773391724e-02 2.950570583343505859e-01
4.750549048185348511e-02 8.866885900497436523e-01
6.312299966812133789e-01 5.185961127281188965e-01
2.088170498609542847e-01 6.922700405120849609e-01
5.928051471710205078e-01 4.309280812740325928e-01
2.444919347763061523e-01 2.055654115974903107e-02
4.317446351051330566e-01 4.896119236946105957e-01
9.764157980680465698e-02 3.576894998550415039e-01
2.021511346101760864e-01 5.709315538406372070e-01
5.522106289863586426e-01 3.491028547286987305e-01
2.701053619384765625e-01 4.557962715625762939e-01
1.878935545682907104e-01 4.199680984020233154e-01
6.460422277450561523e-01 3.697333037853240967e-01
8.414598703384399414e-01 1.484642922878265381e-01
3.922612369060516357e-01 7.163354754447937012e-02
2.084631770849227905e-01 7.431822419166564941e-01
6.862413287162780762e-01 2.940699458122253418e-02
5.540034770965576172e-01 8.029677867889404297e-01
2.699490785598754883e-01 6.107546016573905945e-02
5.691956877708435059e-01 1.357296854257583618e-01
9.701059758663177490e-02 7.987391948699951172e-01
1.883429139852523804e-01 7.215282917022705078e-01
9.944217801094055176e-01 1.451673805713653564e-01
5.320229530334472656e-01 6.583472490310668945e-01
5.396046042442321777e-01 3.764147758483886719e-01
6.099281311035156250e-01 9.642789363861083984e-01
2.283286899328231812e-01 7.521735429763793945e-01
7.976285219192504883e-01 5.123346447944641113e-01
4.965905845165252686e-01 4.976699948310852051e-01
9.403514862060546875e-01 9.039473533630371094e-01
5.488812923431396484e-01 4.214350581169128418e-01
9.467251300811767578e-01 6.162789463996887207e-01
8.259149193763732910e-01 8.544169664382934570e-01
2.836333811283111572e-01 6.398468017578125000e-01
9.971419572830200195e-01 6.750031113624572754e-01
2.839356362819671631e-01 3.273845314979553223e-01
8.930609822273254395e-01 1.184062361717224121e-01
1.982270032167434692e-01 4.417108595371246338e-01
6.792096495628356934e-01 2.460735440254211426e-01
8.190847635269165039e-01 7.645667195320129395e-01
5.343009233474731445e-01 4.226684272289276123e-01
9.846869707107543945e-01 2.475540637969970703e-01
6.387755274772644043e-01 7.662247419357299805e-01
4.434470534324645996e-01 8.010882735252380371e-01
5.013373494148254395e-01 7.993080019950866699e-01
6.031412482261657715e-01 6.698666512966156006e-02
5.461335778236389160e-01 7.811508774757385254e-01
9.065264463424682617e-01 5.915323738008737564e-03
5.916916728019714355e-01 3.018148429691791534e-02
1.200773492455482483e-01 4.498675763607025146e-01
2.643635869026184082e-02 8.546199798583984375e-01
3.394971787929534912e-01 8.791406154632568359e-01
5.542156100273132324e-01 7.875516414642333984e-01
1.995766721665859222e-02 4.668014645576477051e-01
6.617462635040283203e-01 7.539713382720947266e-01
8.261646032333374023e-01 4.274905920028686523e-01
9.914200752973556519e-02 3.462601602077484131e-01
3.850974142551422119e-01 8.997340798377990723e-01
6.773488521575927734e-01 6.877777576446533203e-01
8.121495246887207031e-01 9.357387423515319824e-01
2.312242835760116577e-01 2.624537050724029541e-01
9.633048623800277710e-02 1.348750740289688110e-01
8.606823086738586426e-01 5.844284296035766602e-01
2.541496157646179199e-01 6.534339785575866699e-01
7.358934283256530762e-01 1.320582777261734009e-01
6.397222280502319336e-01 1.029769256711006165e-01
4.815040826797485352e-01 4.261290132999420166e-01
6.502761244773864746e-01 8.485338091850280762e-01
1.845810711383819580e-01 3.742779791355133057e-01
1.098334323614835739e-02 1.634385734796524048e-01
4.695354700088500977e-01 7.237219810485839844e-01
7.850063592195510864e-02 4.837107062339782715e-01
2.756177783012390137e-01 6.568728089332580566e-01
3.662213981151580811e-01 7.398204803466796875e-01
4.466400668025016785e-02 4.403814673423767090e-01
7.046971917152404785e-01 3.920663595199584961e-01
7.452544569969177246e-01 6.904391050338745117e-01
2.324433922767639160e-01 9.760726690292358398e-01
7.937046885490417480e-01 5.697729587554931641e-01
8.324491381645202637e-01 8.053268194198608398e-01
6.893356442451477051e-01 5.460368990898132324e-01
1.231867745518684387e-01 9.376351237297058105e-01
6.081927418708801270e-01 5.938306450843811035e-01
7.205640077590942383e-01 2.685389481484889984e-02
2.624653279781341553e-01 9.703084826469421387e-01
2.866103053092956543e-01 8.040992021560668945e-01
1.513678580522537231e-01 4.595610797405242920e-01
1.476725786924362183e-01 7.664685249328613281e-01
2.829726934432983398e-01 9.007431268692016602e-01
2.603510320186614990e-01 4.760235548019409180e-01
3.515080809593200684e-01 4.790387153625488281e-01
1.064611151814460754e-01 8.361468464136123657e-02
3.060457296669483185e-03 8.929686546325683594e-01
8.490175008773803711e-01 5.754328370094299316e-01
5.979398488998413086e-01 4.393190443515777588e-01
7.191861271858215332e-01 5.898070335388183594e-01
4.573088586330413818e-01 5.099427700042724609e-01
6.583707928657531738e-01 5.161693692207336426e-01
7.060837745666503906e-01 9.724863767623901367e-01
9.468740224838256836e-01 7.627878189086914062e-01
6.981751322746276855e-01 9.042447209358215332e-01
6.664599776268005371e-01 7.845541834831237793e-01
9.773573279380798340e-01 7.003082036972045898e-01
2.306260615587234497e-01 2.786747515201568604e-01
4.483753144741058350e-01 6.731277108192443848e-01
9.162162542343139648e-01 3.544230461120605469e-01
9.829884767532348633e-01 8.412477374076843262e-01
5.028726458549499512e-01 1.993799656629562378e-01
8.951017260551452637e-01 3.287597000598907471e-01
7.554154992103576660e-01 2.095315754413604736e-01
9.249175190925598145e-01 5.837535858154296875e-01
4.059225618839263916e-01 9.338330030441284180e-01
8.645409941673278809e-01 2.322726994752883911e-01
7.940742969512939453e-01 2.076151072978973389e-01
7.045970559120178223e-01 6.227334737777709961e-01
5.070743560791015625e-01 4.256625771522521973e-01
3.114563226699829102e-01 3.172799348831176758e-01
1.982173770666122437e-01 3.907905220985412598e-01
2.451468259096145630e-01 2.186157405376434326e-01
3.239134550094604492e-01 3.140245378017425537e-01
3.720215559005737305e-01 8.440352082252502441e-01
5.738504528999328613e-01 4.811836481094360352e-01
7.053098678588867188e-01 4.416447281837463379e-01
3.154220283031463623e-01 5.855457186698913574e-01
3.670188188552856445e-01 3.210518062114715576e-01
3.537035733461380005e-02 5.838024616241455078e-01
1.813412904739379883e-01 5.224415063858032227e-01
2.685877382755279541e-01 2.735857069492340088e-01
5.141187086701393127e-02 4.326259791851043701e-01
5.571572184562683105e-01 4.097549915313720703e-01
6.704033613204956055e-01 4.605933725833892822e-01
4.595850110054016113e-01 3.795910775661468506e-01
6.843831539154052734e-01 6.211265921592712402e-01
3.283338248729705811e-01 2.022415697574615479e-01
8.713774681091308594e-01 9.304931759834289551e-01
5.895310044288635254e-01 2.887451946735382080e-01
3.316695615649223328e-02 6.688900291919708252e-02
3.953534364700317383e-01 5.072640180587768555e-01
1.317544579505920410e-01 3.010220527648925781e-01
3.263088762760162354e-01 4.737804830074310303e-01
4.375242292881011963e-01 7.882610559463500977e-01
4.857620298862457275e-01 2.727106809616088867e-01
6.745614409446716309e-01 6.491328477859497070e-01
3.414789438247680664e-01 8.838657140731811523e-01
3.878702521324157715e-01 1.475592553615570068e-01
1.089037731289863586e-01 3.212947770953178406e-02
3.574264347553253174e-01 8.538268804550170898e-01
1.565640717744827271e-01 8.733652830123901367e-01
1.642285287380218506e-01 7.609539031982421875e-01
1.757700890302658081e-01 4.825008213520050049e-01
2.484377771615982056e-01 6.788790822029113770e-01
5.168110132217407227e-01 2.166446298360824585e-01
3.383923172950744629e-01 6.201899051666259766e-01
7.565950155258178711e-01 1.155388802289962769e-01
1.555400788784027100e-01 8.168213963508605957e-01
8.276185393333435059e-01 5.804334282875061035e-01
3.009759485721588135e-01 8.947250247001647949e-01
4.048456996679306030e-02 4.849599301815032959e-01
2.140019536018371582e-01 5.536232590675354004e-01
8.241045475006103516e-02 1.434528734534978867e-02
1.261619031429290771e-01 4.540010094642639160e-01
4.093234539031982422e-01 2.507361769676208496e-01
