5.927061438560485840e-01 4.787410497665405273e-01
4.729583859443664551e-01 3.667850792407989502e-01
3.342217206954956055e-01 8.692821264266967773e-01
4.268612563610076904e-01 7.170943617820739746e-01
4.738094210624694824e-01 2.930946648120880127e-01
3.545173406600952148e-01 2.804007828235626221e-01
9.523975849151611328e-01 2.570788860321044922e-01
1.565226018428802490e-01 1.388644427061080933e-01
7.865752577781677246e-01 9.532635807991027832e-01
8.398663401603698730e-01 2.706673741340637207e-01
6.834672391414642334e-02 4.302794635295867920e-01
2.686587572097778320e-01 1.816240847110748291e-01
5.488420128822326660e-01 1.174256801605224609e-01
7.744674086570739746e-01 4.254412055015563965e-01
1.968520730733871460e-01 6.719859838485717773e-01
5.637191534042358398e-01 8.813382983207702637e-01
2.860541343688964844e-01 4.038252532482147217e-01
2.152625769376754761e-01 2.565699219703674316e-01
5.276279449462890625e-01 4.849632978439331055e-01
6.837071180343627930e-01 2.869710922241210938e-01
6.215113401412963867e-01 3.523073196411132812e-01
5.020589232444763184e-01 1.914040744304656982e-01
3.601277172565460205e-01 2.887642197310924530e-02
4.514573216438293457e-01 3.049088716506958008e-01
4.869798570871353149e-02 4.974222183227539062e-01
3.801246359944343567e-02 4.430145323276519775e-01
1.034379824995994568e-01 7.388817071914672852e-01
5.183610692620277405e-02 1.147999763488769531e-01
8.340286016464233398e-01 5.445142388343811035e-01
1.225570216774940491e-02 5.079760029911994934e-02
3.916947841644287109e-01 5.933078527450561523e-01
8.331652283668518066e-01 1.913939118385314941e-01
2.553077042102813721e-01 9.325906634330749512e-01
8.233757019042968750e-01 4.226242005825042725e-01
3.763711452484130859e-01 9.912305474281311035e-01
8.686476349830627441e-01 1.610829681158065796e-01
6.624282598495483398e-01 5.753028392791748047e-01
3.392478227615356445e-01 6.325001120567321777e-01
7.751213386654853821e-03 1.339915245771408081e-01
7.737385034561157227e-01 3.493684828281402588e-01
2.435649633407592773e-01 6.556380987167358398e-01
7.794612050056457520e-01 8.877080678939819336e-01
2.776014208793640137e-01 1.750610023736953735e-01
1.285730004310607910e-01 9.656888842582702637e-01
1.165867373347282410e-01 9.972627460956573486e-02
4.043367505073547363e-01 7.840827107429504395e-01
3.820165097713470459e-01 8.308710902929306030e-02
8.139953017234802246e-01 3.090151846408843994e-01
4.866046607494354248e-01 5.016272068023681641e-01
6.433998346328735352e-01 4.943481385707855225e-01
2.861714065074920654e-01 5.872533842921257019e-02
6.884502172470092773e-01 4.885924756526947021e-01
4.008883237838745117e-01 7.761607170104980469e-01
7.637928128242492676e-01 9.054164290428161621e-01
7.264539599418640137e-01 1.716562658548355103e-01
4.866433739662170410e-01 5.572275519371032715e-01
4.959507659077644348e-02 6.243408918380737305e-01
9.083142876625061035e-01 8.910916447639465332e-01
9.659789204597473145e-01 5.157313346862792969e-01
5.489376783370971680e-01 5.995594859123229980e-01
3.498142063617706299e-01 7.582663744688034058e-02
9.215759634971618652e-01 4.789626896381378174e-01
8.776437491178512573e-02 4.544417560100555420e-01
1.352300792932510376e-01 3.263931348919868469e-02
6.329413056373596191e-01 7.474923133850097656e-01
1.198808029294013977e-01 6.693184971809387207e-01
2.284072786569595337e-01 6.942309141159057617e-01
6.711614131927490234e-02 1.963356137275695801e-01
3.850986361503601074e-01 5.221893787384033203e-01
2.857733070850372314e-01 5.573874115943908691e-01
4.670256376266479492e-01 4.147885143756866455e-01
5.444824099540710449e-01 2.604934275150299072e-01
1.244615390896797180e-01 5.869904756546020508e-01
5.097771883010864258e-01 4.098798334598541260e-01
8.512164354324340820e-01 6.433382630348205566e-01
6.431458145380020142e-02 2.177750617265701294e-01
1.860127449035644531e-01 3.834056258201599121e-01
3.905599415302276611e-01 8.400925993919372559e-01
1.708820164203643799e-01 8.532966673374176025e-02
3.766807019710540771e-01 4.688639640808105469e-01
3.247640430927276611e-01 5.666189193725585938e-01
3.433815836906433105e-01 6.297335624694824219e-01
9.621748328208923340e-01 3.638511002063751221e-01
9.113000035285949707e-01 6.582987904548645020e-01
1.241117995232343674e-02 1.597351208329200745e-02
2.884259819984436035e-01 9.208552241325378418e-01
1.285060197114944458e-01 1.754717826843261719e-01
6.950660943984985352e-01 6.961882859468460083e-02
2.821279764175415039e-01 4.050608575344085693e-01
9.237102270126342773e-01 9.671167135238647461e-01
5.375831127166748047e-01 4.599640667438507080e-01
7.432836294174194336e-01 6.254977583885192871e-01
5.717874765396118164e-01 1.750918924808502197e-01
5.874545574188232422e-01 2.395940124988555908e-01
8.335796594619750977e-01 2.725745141506195068e-01
6.011186838150024414e-01 5.150249600410461426e-01
6.435590982437133789e-01 2.126022614538669586e-02
9.719597101211547852e-01 9.977785944938659668e-01
5.208743736147880554e-03 3.953348100185394287e-01
4.030907154083251953e-01 2.374410331249237061e-01
3.413313329219818115e-01 1.506702303886413574e-01
5.029841065406799316e-01 2.730594575405120850e-01
5.332418084144592285e-01 4.577265381813049316e-01
5.740473866462707520e-01 2.338634617626667023e-02
4.084695577621459961e-01 8.038747906684875488e-01
1.601769030094146729e-01 3.274815678596496582e-01
2.146201431751251221e-01 8.195299655199050903e-03
1.847070604562759399e-01 9.728436172008514404e-02
6.745967864990234375e-01 8.604000806808471680e-01
5.860378742218017578e-01 5.845347642898559570e-01
7.004385590553283691e-01 5.445007085800170898e-01
2.144869714975357056e-01 6.877830028533935547e-01
3.954546526074409485e-02 5.205193534493446350e-02
8.120062947273254395e-02 8.410811424255371094e-01
5.186149477958679199e-01 4.230955541133880615e-01
1.894067078828811646e-01 6.453417539596557617e-01
6.470967829227447510e-02 4.850090146064758301e-01
3.655034005641937256e-01 4.418158233165740967e-01
5.881756544113159180e-01 4.305861890316009521e-02
6.571678519248962402e-01 1.466744393110275269e-01
8.252776861190795898e-01 7.523004710674285889e-02
3.224307596683502197e-01 5.431926846504211426e-01
4.803673923015594482e-01 9.523408412933349609e-01
6.230589151382446289e-01 5.552738308906555176e-01
7.392368912696838379e-01 8.297857642173767090e-01
7.758653163909912109e-01 2.924583256244659424e-01
5.468986034393310547e-01 5.718108415603637695e-01
1.008478477597236633e-01 7.454642057418823242e-01
7.369543910026550293e-01 8.814817667007446289e-01
6.774153113365173340e-01 5.637390017509460449e-01
7.875995635986328125e-01 2.158914655447006226e-01
1.046357974410057068e-01 6.652036309242248535e-01
8.382537961006164551e-02 9.633429050445556641e-01
9.815213829278945923e-02 6.283937096595764160e-01
7.469987273216247559e-01 5.782504677772521973e-01
6.920575499534606934e-01 5.982086062431335449e-02
3.168827295303344727e-01 3.268952667713165283e-01
7.266638875007629395e-01 9.823348522186279297e-01
1.206027418375015259e-01 5.261402204632759094e-02
6.606085300445556641e-01 3.541478216648101807e-01
5.481613874435424805e-01 4.829438775777816772e-02
2.331651747226715088e-01 6.481263041496276855e-01
5.821250081062316895e-01 1.686113029718399048e-01
4.992093443870544434e-01 3.762504458427429199e-01
1.377259939908981323e-01 8.947295546531677246e-01
9.636320471763610840e-01 4.726481437683105469e-01
6.796059012413024902e-01 6.217669248580932617e-01
7.502917647361755371e-01 3.201154991984367371e-02
4.440620243549346924e-01 9.083316475152969360e-02
4.413868486881256104e-02 9.788228273391723633e-01
9.233499765396118164e-01 7.259090542793273926e-01
3.504032641649246216e-02 9.362188167870044708e-03
2.697217464447021484e-01 3.988039195537567139e-01
1.686559021472930908e-01 6.808670759201049805e-01
5.470595359802246094e-01 3.422694979235529900e-03
4.447388947010040283e-01 5.314814448356628418e-01
4.119998812675476074e-01 3.028491735458374023e-01
5.196554064750671387e-01 9.509926438331604004e-01
7.756312489509582520e-01 6.313250660896301270e-01
1.597358286380767822e-02 8.390917181968688965e-01
9.963941574096679688e-01 9.603141546249389648e-01
2.943882346153259277e-01 7.102407515048980713e-02
3.862517178058624268e-01 8.696727752685546875e-01
6.262118816375732422e-01 8.658552169799804688e-01
8.286564350128173828e-01 1.548220366239547729e-01
6.624984741210937500e-01 7.415962815284729004e-01
5.582898259162902832e-01 8.387256264686584473e-01
4.430317506194114685e-02 8.799208998680114746e-01
3.955956399440765381e-01 3.427220880985260010e-01
6.985534429550170898e-01 9.654262661933898926e-01
1.759882085025310516e-02 6.038130521774291992e-01
1.814588904380798340e-01 2.471767365932464600e-01
6.835248321294784546e-02 3.161836862564086914e-01
8.305020332336425781e-01 6.303293108940124512e-01
1.040684282779693604e-01 1.071193218231201172e-01
4.922322630882263184e-01 5.442331433296203613e-01
1.479564458131790161e-01 7.695283889770507812e-01
2.718722224235534668e-01 3.224330246448516846e-01
6.646769642829895020e-01 9.417493343353271484e-01
7.631019949913024902e-01 9.433553814888000488e-01
4.625882506370544434e-01 2.383553683757781982e-01
9.594047069549560547e-01 5.237966775894165039e-01
6.392518877983093262e-01 8.114709854125976562e-01
4.932795464992523193e-01 9.198060035705566406e-01
9.411784410476684570e-01 7.995966076850891113e-01
7.190982699394226074e-01 1.210843324661254883e-01
4.034245610237121582e-01 1.619312763214111328e-01
2.769445776939392090e-01 5.737794190645217896e-02
6.405543088912963867e-01 4.589692056179046631e-01
9.477261900901794434e-01 2.852292358875274658e-01
4.213713109493255615e-01 4.235565066337585449e-01
3.795871138572692871e-01 9.969055056571960449e-01
2.848754823207855225e-01 2.845899462699890137e-01
2.198417037725448608e-01 2.350651025772094727e-01
9.293991923332214355e-01 5.827313065528869629e-01
8.488917350769042969e-01 6.964414119720458984e-01
3.686469495296478271e-01 9.304991960525512695e-01
5.022827386856079102e-01 4.856354594230651855e-01
3.216930627822875977e-01 4.409916400909423828e-01
5.001647472381591797e-01 4.352004826068878174e-01
7.834938764572143555e-01 8.692472577095031738e-01
6.991196870803833008e-01 3.556691408157348633e-01
2.452639192342758179e-01 6.593562364578247070e-01
2.407025843858718872e-01 1.959323734045028687e-01
4.086836576461791992e-01 5.404050350189208984e-01
3.032959699630737305e-01 1.785426884889602661e-01
5.121548771858215332e-01 9.495972394943237305e-01
4.609710276126861572e-01 2.443441599607467651e-01
2.326808571815490723e-01 1.290516108274459839e-01
7.354890108108520508e-01 7.431481778621673584e-02
8.688143491744995117e-01 2.588402628898620605e-01
4.276559054851531982e-01 7.610577940940856934e-01
6.172354519367218018e-02 9.789854288101196289e-01
5.309793949127197266e-01 9.176163077354431152e-01
1.040937751531600952e-01 9.567146301269531250e-01
7.780815660953521729e-02 6.897238492965698242e-01
3.059215247631072998e-01 2.082601189613342285e-02
9.150435924530029297e-01 6.711942553520202637e-01
6.089578270912170410e-01 8.265607357025146484e-01
7.255531549453735352e-01 3.094567060470581055e-01
9.031605720520019531e-01 8.454907536506652832e-01
7.123931646347045898e-01 8.230216503143310547e-01
7.820786833763122559e-01 1.733869016170501709e-01
1.302956640720367432e-01 7.235587239265441895e-01
1.306360363960266113e-01 7.724908590316772461e-01
5.716124773025512695e-01 9.744625091552734375e-01
1.798390746116638184e-01 1.345868110656738281e-01
7.360720038414001465e-01 1.544581446796655655e-02
9.745303988456726074e-01 1.039952412247657776e-01
4.490736424922943115e-01 2.287888824939727783e-01
1.485182195901870728e-01 3.401946425437927246e-01
3.504683077335357666e-01 4.881462752819061279e-01
5.172036886215209961e-01 4.564433693885803223e-01
5.127117633819580078e-01 5.537900328636169434e-01
2.006226480007171631e-01 6.471579074859619141e-01
7.522749304771423340e-01 5.608835220336914062e-01
1.755273193120956421e-01 3.613106310367584229e-01
1.255216896533966064e-01 8.690462112426757812e-01
6.590231657028198242e-01 9.157484173774719238e-01
6.814429759979248047e-01 2.621622681617736816e-01
2.690862165763974190e-03 4.683638736605644226e-02
9.617622494697570801e-01 6.279422342777252197e-02
1.365353465080261230e-01 2.679988145828247070e-01
2.265049815177917480e-01 9.240053296089172363e-01
3.620643317699432373e-01 4.442487657070159912e-01
7.749307155609130859e-02 7.842431068420410156e-01
1.679748445749282837e-01 9.072553515434265137e-01
4.540288448333740234e-01 1.939527988433837891e-01
5.730207562446594238e-01 1.721186935901641846e-01
6.445903778076171875e-01 6.469026207923889160e-01
9.972636699676513672e-01 7.587298750877380371e-01
6.421764492988586426e-01 2.623990774154663086e-01
4.116906225681304932e-02 4.001384377479553223e-01
5.873712897300720215e-01 4.796532690525054932e-01
1.399139165878295898e-01 8.775019645690917969e-01
4.960413873195648193e-01 8.360708355903625488e-01
9.357546567916870117e-01 8.396183252334594727e-01
3.748457431793212891e-01 6.736675500869750977e-01
2.689824402332305908e-01 3.384978324174880981e-02
7.764332294464111328e-01 6.467958092689514160e-01
9.326075315475463867e-01 7.290538549423217773e-01
2.710621058940887451e-01 6.681271195411682129e-01
4.560833275318145752e-01 9.714296460151672363e-02
1.331557929515838623e-01 7.763918042182922363e-01
8.770611286163330078e-01 6.258676648139953613e-01
5.183110833168029785e-01 1.808284372091293335e-01
1.948248744010925293e-01 9.447100758552551270e-01
9.144558906555175781e-01 3.473463952541351318e-01
1.468638628721237183e-01 9.885015487670898438e-01
9.904583692550659180e-01 7.503744959831237793e-01
7.757661342620849609e-01 4.801585376262664795e-01
1.266333162784576416e-01 7.136816978454589844e-01
5.749475359916687012e-01 9.606456756591796875e-01
3.206175565719604492e-01 6.954907774925231934e-01
6.580535173416137695e-01 7.771685719490051270e-01
5.973168611526489258e-01 3.429527878761291504e-01
9.692070484161376953e-01 7.337295264005661011e-02
3.980496823787689209e-01 8.168931007385253906e-01
6.863599419593811035e-01 9.607458114624023438e-01
4.186241030693054199e-01 9.603589177131652832e-01
9.995234757661819458e-02 9.853997826576232910e-01
7.213045358657836914e-01 7.865442037582397461e-01
2.869028449058532715e-01 4.549460709095001221e-01
4.213606417179107666e-01 7.282632589340209961e-01
7.788739204406738281e-01 7.782012224197387695e-02
9.139856100082397461e-01 2.149303555488586426e-01
7.519468665122985840e-02 7.268752455711364746e-01
1.177031770348548889e-01 8.808136582374572754e-01
4.184189140796661377e-01 6.625110507011413574e-01
2.476404011249542236e-01 9.959503412246704102e-01
2.818678319454193115e-01 7.505578398704528809e-01
6.717129349708557129e-01 9.743075966835021973e-01
9.705026634037494659e-03 1.034583747386932373e-01
2.043499946594238281e-01 1.909851431846618652e-01
4.430924654006958008e-01 3.274371623992919922e-01
7.724261283874511719e-01 6.843197345733642578e-01
1.602918952703475952e-01 1.870546638965606689e-01
2.421123981475830078e-01 7.366626709699630737e-02
7.348359227180480957e-01 9.898148775100708008e-01
2.871722579002380371e-01 7.448469102382659912e-02
5.237967371940612793e-01 2.079838961362838745e-01
7.788851857185363770e-01 8.443114161491394043e-01
6.185005903244018555e-01 5.965076088905334473e-01
5.897489190101623535e-01 1.201966330409049988e-01
6.909756660461425781e-01 3.856180608272552490e-01
8.121770024299621582e-01 5.560420751571655273e-01
7.155241966247558594e-01 2.450302094221115112e-01
6.457865238189697266e-02 7.726454138755798340e-01
1.351514458656311035e-01 3.735956549644470215e-01
3.559089601039886475e-01 3.644875586032867432e-01
3.418626189231872559e-01 1.963946521282196045e-01
5.667354464530944824e-01 4.525714814662933350e-01
7.634032964706420898e-01 7.631548047065734863e-01
4.853909015655517578e-01 6.366197466850280762e-01
3.800817728042602539e-01 1.050186678767204285e-01
2.425345331430435181e-01 2.410238385200500488e-01
8.358095288276672363e-01 8.803147077560424805e-01
8.628398776054382324e-01 9.879392385482788086e-01
4.470324218273162842e-01 8.330926299095153809e-01
9.544019699096679688e-01 7.759388089179992676e-01
7.861667871475219727e-01 2.697761058807373047e-01
2.891634106636047363e-01 6.259984970092773438e-01
1.805484592914581299e-01 5.903983116149902344e-01
4.998970031738281250e-01 2.026452571153640747e-01
8.525807261466979980e-01 1.899239718914031982e-01
3.242927789688110352e-01 1.060211509466171265e-01
9.047600030899047852e-01 4.026186168193817139e-01
8.037713766098022461e-01 6.005609035491943359e-01
5.175120830535888672e-01 5.392369031906127930e-01
7.272491604089736938e-02 5.901864767074584961e-01
4.067484736442565918e-01 9.092025756835937500e-01
1.113621965050697327e-01 4.793069064617156982e-01
5.967040657997131348e-01 7.057970762252807617e-01
6.691050529479980469e-01 4.204420149326324463e-01
4.490742087364196777e-01 4.508715867996215820e-01
9.339483380317687988e-01 5.147584676742553711e-01
3.091874122619628906e-01 1.112124100327491760e-01
5.975702404975891113e-01 8.087682723999023438e-01
2.929490245878696442e-02 8.892316818237304688e-01
6.338081359863281250e-01 2.293439209461212158e-02
5.722639560699462891e-01 1.982987821102142334e-01
5.948910713195800781e-01 3.209208250045776367e-01
2.218610048294067383e-01 2.510177791118621826e-01
1.526640355587005615e-01 6.383095681667327881e-02
8.341735005378723145e-01 1.237958967685699463e-01
9.472458362579345703e-01 3.697776794433593750e-01
5.901509523391723633e-01 2.692686617374420166e-01
7.270224094390869141e-01 6.086667180061340332e-01
6.812736988067626953e-01 6.289626359939575195e-01
6.651062518358230591e-02 9.164881706237792969e-02
1.631531268358230591e-01 8.434162139892578125e-01
1.191717162728309631e-01 5.724865198135375977e-01
2.699609696865081787e-01 7.078512907028198242e-01
6.071274280548095703e-01 9.642981290817260742e-01
2.101799845695495605e-01 1.276956056244671345e-03
6.085750460624694824e-01 6.569898724555969238e-01
9.876992106437683105e-01 8.842674493789672852e-01
2.070799022912979126e-01 2.467579245567321777e-01
7.935559749603271484e-01 1.446712017059326172e-02
9.749821424484252930e-01 5.990670919418334961e-01
1.858255565166473389e-01 4.495405852794647217e-01
3.498863577842712402e-01 7.639877796173095703e-01
5.432222485542297363e-01 3.012623786926269531e-01
3.602081537246704102e-01 2.832445204257965088e-01
5.145388841629028320e-01 6.422834396362304688e-01
3.984382376074790955e-02 8.538013100624084473e-01
2.716670036315917969e-01 8.470929265022277832e-01
9.966411590576171875e-01 1.264451891183853149e-01
7.984772920608520508e-01 2.270796298980712891e-01
5.239498615264892578e-01 1.046002879738807678e-01
8.337240815162658691e-01 8.883119225502014160e-01
3.035786151885986328e-01 4.226965606212615967e-01
3.718482851982116699e-01 7.354426383972167969e-01
1.733427047729492188e-01 7.221112251281738281e-01
3.420043289661407471e-01 6.091668605804443359e-01
1.367664933204650879e-01 3.293291479349136353e-02
3.173354566097259521e-01 1.110634505748748779e-01
6.945784687995910645e-01 8.154500722885131836e-01
9.737813472747802734e-02 4.090949892997741699e-01
5.358985066413879395e-01 2.165867090225219727e-01
1.568088978528976440e-01 7.510576248168945312e-01
6.615130305290222168e-01 3.782450556755065918e-01
3.806788027286529541e-01 8.528791069984436035e-01
9.827629923820495605e-01 8.448106050491333008e-01
4.232578575611114502e-01 4.762684404850006104e-01
8.952203392982482910e-01 3.953012824058532715e-01
3.332253694534301758e-01 4.984476566314697266e-01
7.421973347663879395e-01 9.220216274261474609e-01
9.430544972419738770e-01 4.255257546901702881e-02
5.132186412811279297e-01 8.252583742141723633e-01
9.215884208679199219e-01 9.321107268333435059e-01
2.857998907566070557e-01 7.723612189292907715e-01
6.787602901458740234e-01 9.340591430664062500e-01
2.112218141555786133e-01 4.047677516937255859e-01
6.234332323074340820e-01 8.129114508628845215e-01
3.936216235160827637e-01 2.573958039283752441e-01
9.159350395202636719e-01 6.053089499473571777e-01
4.530262053012847900e-01 5.907109975814819336e-01
2.650868296623229980e-01 5.210741162300109863e-01
1.536545157432556152e-01 7.453693747520446777e-01
6.497008800506591797e-01 9.065267443656921387e-01
5.533662065863609314e-02 4.397784173488616943e-01
8.975633978843688965e-01 1.035941950976848602e-02
2.152282446622848511e-01 9.186832904815673828e-01
1.696179658174514771e-01 6.811504811048507690e-02
4.176225066184997559e-01 9.380902349948883057e-02
2.070367783308029175e-01 6.429052352905273438e-01
7.873088121414184570e-01 4.075070321559906006e-01
2.530319392681121826e-01 3.269028365612030029e-01
4.963068068027496338e-01 2.289180606603622437e-01
1.026422064751386642e-02 2.261054962873458862e-01
9.513475000858306885e-02 7.767229080200195312e-01
2.310312837362289429e-01 5.712965503334999084e-02
1.930482983589172363e-01 6.189848780632019043e-01
5.438526868820190430e-01 9.003736376762390137e-01
3.224332034587860107e-01 1.512888818979263306e-01
7.966179251670837402e-01 3.825683593750000000e-01
2.024182975292205811e-01 8.222608268260955811e-02
8.729121088981628418e-01 8.059211373329162598e-01
2.739221751689910889e-01 6.271041929721832275e-02
7.350779175758361816e-01 8.428308367729187012e-02
9.672820568084716797e-01 7.693169116973876953e-01
2.096262276172637939e-01 6.881701350212097168e-01
7.542960345745086670e-02 6.114107966423034668e-01
6.686230897903442383e-01 9.592370986938476562e-01
2.337463945150375366e-01 9.367198944091796875e-01
1.403019130229949951e-01 9.001076221466064453e-01
4.886949956417083740e-01 1.996496319770812988e-01
1.125365048646926880e-01 1.074410453438758850e-01
6.360361576080322266e-01 9.084899425506591797e-01
6.251083612442016602e-01 8.770701885223388672e-01
6.989719271659851074e-01 6.941411495208740234e-01
8.545093536376953125e-01 1.025039330124855042e-01
5.696102380752563477e-01 1.019132789224386215e-02
1.508765220642089844e-01 1.318171173334121704e-01
4.059672951698303223e-01 9.171736836433410645e-01
5.468451380729675293e-01 3.767961561679840088e-01
3.680491149425506592e-01 4.165078401565551758e-01
7.883406877517700195e-01 9.262589812278747559e-01
5.123025774955749512e-01 2.687164545059204102e-01
6.957933902740478516e-01 7.768666148185729980e-01
5.145455598831176758e-01 6.435861587524414062e-01
3.816325366497039795e-01 8.240635991096496582e-01
6.221202015876770020e-01 5.882771015167236328e-01
2.517478764057159424e-01 7.618963122367858887e-01
3.756816387176513672e-01 5.888526439666748047e-01
9.650637507438659668e-01 6.822595000267028809e-01
5.386703610420227051e-01 7.800471782684326172e-01
3.157936036586761475e-01 4.116588830947875977e-01
7.371020913124084473e-01 8.408384323120117188e-01
9.403396844863891602e-01 5.720606446266174316e-02
5.695528164505958557e-02 3.874508440494537354e-01
6.230750307440757751e-02 2.961533069610595703e-01
8.269662261009216309e-01 5.797947645187377930e-01
6.225069761276245117e-01 9.083222150802612305e-01
7.808436751365661621e-01 8.144186735153198242e-01
1.857266277074813843e-01 7.063981294631958008e-01
9.679655432701110840e-01 9.656367301940917969e-01
6.639061570167541504e-01 3.985147476196289062e-01
4.902678132057189941e-01 5.778143405914306641e-01
4.702560901641845703e-01 6.876120716333389282e-02
8.662351965904235840e-01 3.213547766208648682e-01
2.428074479103088379e-01 6.768878698348999023e-01
4.868439435958862305e-01 8.433854579925537109e-01
5.102615356445312500e-01 2.043501883745193481e-01
4.542953968048095703e-01 4.677028656005859375e-01
9.668012708425521851e-02 4.111362695693969727e-01
3.163896501064300537e-01 7.597057819366455078e-01
6.854665875434875488e-01 9.600839018821716309e-01
2.240044772624969482e-01 8.779883384704589844e-01
8.935011029243469238e-01 7.107078433036804199e-01
3.454879522323608398e-01 7.213291525840759277e-01
2.941274344921112061e-01 7.679571509361267090e-01
2.674178183078765869e-01 9.543814659118652344e-01
2.174264639616012573e-01 7.045544385910034180e-01
2.206084579229354858e-01 2.082909457385540009e-03
3.611896336078643799e-01 8.607347011566162109e-01
1.734531968832015991e-01 3.126496970653533936e-01
4.080487880855798721e-03 3.494022488594055176e-01
7.800461351871490479e-02 2.815611474215984344e-02
4.413689970970153809e-01 3.121819198131561279e-01
4.692282676696777344e-01 6.989696025848388672e-01
8.791887760162353516e-01 8.410204648971557617e-01
6.039935350418090820e-01 7.990681380033493042e-02
6.073873043060302734e-01 1.011215597391128540e-01
2.673552334308624268e-01 9.565940499305725098e-01
3.577663600444793701e-01 7.758943438529968262e-01
6.842563152313232422e-01 2.046456784009933472e-01
2.564428746700286865e-01 8.315575718879699707e-01
2.878557443618774414e-01 3.190132081508636475e-01
8.870333433151245117e-01 9.964703321456909180e-01
2.564488351345062256e-01 8.465657234191894531e-01
6.305193305015563965e-01 1.989941149950027466e-01
3.671275675296783447e-01 6.622309684753417969e-01
1.163305528461933136e-02 3.088256418704986572e-01
1.936713159084320068e-01 1.281508654356002808e-01
3.774980828166007996e-02 9.506713747978210449e-01
3.101406395435333252e-01 8.971873521804809570e-01
2.224919945001602173e-01 4.420321285724639893e-01
1.722901314496994019e-01 2.229720056056976318e-01
3.012428283691406250e-01 8.449266552925109863e-01
3.250907957553863525e-01 5.258610844612121582e-01
6.666348874568939209e-02 6.151853799819946289e-01
8.591175079345703125e-02 1.544865369796752930e-01
4.426707923412322998e-01 5.534022450447082520e-01
7.562625408172607422e-01 2.425633668899536133e-01
5.908443927764892578e-01 4.449549317359924316e-01
4.345492422580718994e-01 8.325100541114807129e-01
2.730866372585296631e-01 1.646182090044021606e-01
2.041716575622558594e-01 7.526873946189880371e-01
1.300037652254104614e-01 2.153749763965606689e-01
1.863184124231338501e-01 7.377693057060241699e-01
5.717077851295471191e-01 4.516373276710510254e-01
9.186315536499023438e-01 7.941150069236755371e-01
1.849128901958465576e-01 2.915811240673065186e-01
2.288097441196441650e-01 7.223640084266662598e-01
9.390872716903686523e-01 4.570481553673744202e-02
6.344382464885711670e-02 1.428892910480499268e-01
1.815649569034576416e-01 2.992089390754699707e-01
2.351276725530624390e-01 5.077283978462219238e-01
2.936911582946777344e-01 9.439411163330078125e-01
7.639898061752319336e-01 2.494268268346786499e-01
4.703548252582550049e-01 5.644145607948303223e-01
6.605914235115051270e-01 2.246049493551254272e-01
6.967829465866088867e-01 7.474085688591003418e-01
4.472990036010742188e-01 8.449909090995788574e-01
8.137264251708984375e-01 3.040805086493492126e-02
6.586725711822509766e-01 5.802029371261596680e-01
4.019523561000823975e-01 5.045821070671081543e-01
9.739120602607727051e-01 7.429809570312500000e-01
8.593581318855285645e-01 9.736530780792236328e-01
4.647283554077148438e-01 2.100476771593093872e-01
9.044851660728454590e-01 8.657116889953613281e-01
4.686687141656875610e-02 6.601432561874389648e-01
5.481788516044616699e-01 6.398617625236511230e-01
3.096325397491455078e-01 8.441936969757080078e-01
8.654605150222778320e-01 8.433024883270263672e-01
8.843292593955993652e-01 3.417876958847045898e-01
7.718278765678405762e-01 5.721964836120605469e-01
2.857065498828887939e-01 1.111105978488922119e-01
4.545617997646331787e-01 6.737444996833801270e-01
6.579121947288513184e-01 6.684398651123046875e-01
3.120647072792053223e-01 5.587929487228393555e-02
9.205994009971618652e-01 2.321441620588302612e-01
4.625829756259918213e-01 1.298362910747528076e-01
7.297844886779785156e-01 9.809387922286987305e-01
4.421448335051536560e-02 9.690909981727600098e-01
9.765549302101135254e-01 1.433642674237489700e-02
8.248907923698425293e-01 2.081808298826217651e-01
4.825266599655151367e-01 6.988825798034667969e-01
8.763622641563415527e-01 8.317967653274536133e-01
9.976392984390258789e-01 9.320071935653686523e-01
7.078255414962768555e-01 2.283834517002105713e-01
4.686014950275421143e-01 5.660313367843627930e-01
5.280916690826416016e-01 8.180196285247802734e-01
6.116507649421691895e-01 7.814068198204040527e-01
2.737396359443664551e-01 6.999277323484420776e-02
9.006263017654418945e-01 3.330608904361724854e-01
5.411927700042724609e-01 3.987764120101928711e-01
1.215177495032548904e-02 4.799132347106933594e-01
3.838326334953308105e-01 1.052538026124238968e-02
9.529805779457092285e-01 1.086260378360748291e-01
3.826831579208374023e-01 3.941437602043151855e-01
3.951386213302612305e-01 2.720520794391632080e-01
8.208356052637100220e-02 9.279035329818725586e-01
4.209111332893371582e-01 5.328436493873596191e-01
9.487433433532714844e-01 6.703723073005676270e-01
9.476270675659179688e-01 4.639281630516052246e-01
3.621892929077148438e-01 4.040209352970123291e-01
7.047418355941772461e-01 8.445630073547363281e-01
4.591364860534667969e-01 1.780054867267608643e-01
5.375670790672302246e-01 3.691292703151702881e-01
8.535919338464736938e-02 7.187204360961914062e-01
6.916225552558898926e-01 3.078584074974060059e-01
9.508904814720153809e-01 8.630248904228210449e-01
3.224157094955444336e-01 7.856319546699523926e-01
4.953626096248626709e-01 7.028545737266540527e-01
4.107473492622375488e-01 7.674018144607543945e-01
9.446904659271240234e-01 9.024487733840942383e-01
9.283391833305358887e-01 3.627671599388122559e-01
4.052768945693969727e-01 8.347186446189880371e-01
2.138332128524780273e-01 9.993982911109924316e-01
8.151226043701171875e-01 9.628766179084777832e-01
6.213354468345642090e-01 2.358132898807525635e-01
3.285457491874694824e-01 9.323232769966125488e-01
7.400354743003845215e-01 5.917130112648010254e-01
8.959898948669433594e-01 9.542495012283325195e-01
9.919639825820922852e-01 6.076085567474365234e-01
8.481778204441070557e-02 1.296089738607406616e-01
9.212450683116912842e-02 6.175133585929870605e-01
3.570745885372161865e-01 1.146611049771308899e-01
2.008985728025436401e-01 6.467908024787902832e-01
9.266937971115112305e-01 9.232126921415328979e-02
1.916377097368240356e-01 8.863885402679443359e-01
9.842343628406524658e-02 9.121198654174804688e-01
5.258821249008178711e-01 9.364514946937561035e-01
1.096861585974693298e-01 9.654961824417114258e-01
4.171165227890014648e-01 8.256204724311828613e-01
8.503204584121704102e-01 7.140837609767913818e-02
1.641076952219009399e-01 5.107269287109375000e-01
3.307752907276153564e-01 9.919993877410888672e-01
9.111518859863281250e-01 7.930164337158203125e-01
3.638994693756103516e-02 2.332548424601554871e-02
1.869545578956604004e-01 1.094601303339004517e-01
5.912222862243652344e-01 5.728009939193725586e-01
2.490319013595581055e-01 8.582073450088500977e-02
6.612988710403442383e-01 3.724069595336914062e-01
7.117964625358581543e-01 9.623289108276367188e-01
4.411690533161163330e-01 6.860464811325073242e-02
1.193595603108406067e-01 8.195403218269348145e-01
3.448808491230010986e-01 2.616910636425018311e-01
3.931579887866973877e-01 3.256092667579650879e-01
5.218576192855834961e-01 4.472502470016479492e-01
2.346146702766418457e-01 1.953628510236740112e-01
8.701711297035217285e-01 3.303780257701873779e-01
3.961055576801300049e-01 6.862436234951019287e-02
5.281706899404525757e-02 1.135952845215797424e-01
3.089601099491119385e-01 2.405534237623214722e-01
3.759927153587341309e-01 1.476723849773406982e-01
6.817597746849060059e-01 6.741795539855957031e-01
1.323411166667938232e-01 2.946096360683441162e-01
3.751980662345886230e-01 7.357830405235290527e-01
4.057747721672058105e-01 4.873431622982025146e-01
3.882625102996826172e-01 7.983672618865966797e-01
7.191247344017028809e-01 7.953432798385620117e-01
4.105992019176483154e-01 8.408396840095520020e-01
3.591482937335968018e-01 9.968343377113342285e-01
1.655061380006372929e-03 2.498131990432739258e-01
9.535846114158630371e-01 2.483225315809249878e-01
7.847784161567687988e-01 8.546144366264343262e-01
9.521979689598083496e-01 6.309171915054321289e-01
3.543082773685455322e-01 9.670688509941101074e-01
4.888460934162139893e-01 7.173061370849609375e-01
1.834802515804767609e-02 2.194913476705551147e-02
5.525767803192138672e-02 9.604148268699645996e-01
9.922720789909362793e-01 9.609426856040954590e-01
1.650377362966537476e-01 4.737887904047966003e-02
6.509906649589538574e-01 8.922192454338073730e-01
7.295196503400802612e-02 3.434197008609771729e-01
9.755495190620422363e-01 6.066778302192687988e-01
2.220660001039505005e-01 8.328962326049804688e-01
2.562046945095062256e-01 6.742511391639709473e-01
5.990303754806518555e-01 1.222492158412933350e-01
5.357240438461303711e-01 8.770741820335388184e-01
9.626414179801940918e-01 9.419552683830261230e-01
9.578754305839538574e-01 8.010950684547424316e-01
1.390688419342041016e-01 6.390914320945739746e-01
9.656196236610412598e-01 8.715234398841857910e-01
8.268159031867980957e-01 1.540517956018447876e-01
7.534732222557067871e-01 7.370253801345825195e-01
7.054986357688903809e-01 5.155392885208129883e-01
1.723999828100204468e-01 7.995617389678955078e-01
6.896679401397705078e-01 6.506971269845962524e-02
1.721127927303314209e-01 9.109481424093246460e-02
2.498744726181030273e-01 1.784180551767349243e-01
2.169483900070190430e-01 3.742883801460266113e-01
6.334361433982849121e-02 8.449456095695495605e-01
5.924665927886962891e-01 7.953492999076843262e-01
3.686491847038269043e-01 5.814874172210693359e-02
8.781142830848693848e-01 9.704874157905578613e-01
5.997911095619201660e-02 6.596188545227050781e-01
8.465347886085510254e-01 9.191339015960693359e-01
5.679821968078613281e-01 6.916459798812866211e-01
1.036413758993148804e-01 1.065831482410430908e-01
3.760470449924468994e-01 6.593042612075805664e-01
3.913145661354064941e-01 9.204908609390258789e-01
8.128241300582885742e-01 6.000356078147888184e-01
1.341330707073211670e-01 5.521263927221298218e-02
6.082777380943298340e-01 9.244191050529479980e-01
7.873294502496719360e-02 7.561268210411071777e-01
5.753296613693237305e-01 1.273990273475646973e-01
2.102039754390716553e-01 7.761477828025817871e-01
7.602401375770568848e-01 6.123907864093780518e-02
6.847506165504455566e-01 7.468338608741760254e-01
6.413888335227966309e-01 2.774643301963806152e-01
1.308611184358596802e-01 8.045935034751892090e-01
7.486461400985717773e-01 7.481725811958312988e-01
2.999159395694732666e-01 3.156127035617828369e-01
9.403296113014221191e-01 8.474881649017333984e-01
5.959110260009765625e-01 2.458001375198364258e-01
2.033983021974563599e-01 3.821838796138763428e-01
1.741526275873184204e-01 6.526990532875061035e-01
4.225324392318725586e-01 9.006918072700500488e-01
2.366630584001541138e-01 6.025137007236480713e-02
9.475633502006530762e-01 1.060403659939765930e-01
4.845412969589233398e-01 8.247410655021667480e-01
9.122495055198669434e-01 6.534798741340637207e-01
9.739352464675903320e-01 7.853532433509826660e-01
5.618641972541809082e-01 1.055805683135986328e-01
7.140753269195556641e-01 7.184579372406005859e-01
3.623621761798858643e-01 7.777466773986816406e-01
1.402600556612014771e-01 6.133446097373962402e-01
2.936198562383651733e-02 2.476160600781440735e-02
1.652336716651916504e-01 1.415853947401046753e-01
4.515424370765686035e-01 9.673883318901062012e-01
6.444052457809448242e-01 6.059675216674804688e-01
3.450745642185211182e-01 3.143764734268188477e-01
7.769098877906799316e-01 3.343598842620849609e-01
8.215767741203308105e-01 1.053542941808700562e-01
6.266665458679199219e-01 7.150443792343139648e-01
9.328233599662780762e-01 1.688912883400917053e-02
6.941244602203369141e-01 9.656311273574829102e-01
9.549258947372436523e-01 3.444005548954010010e-01
2.725209593772888184e-01 1.933257132768630981e-01
2.330676466226577759e-01 8.701365590095520020e-01
3.061791695654392242e-02 2.393953502178192139e-01
7.294299006462097168e-01 6.384584307670593262e-01
4.871248602867126465e-01 6.707150340080261230e-01
2.294123917818069458e-01 2.403541952371597290e-01
4.001934826374053955e-01 9.504553079605102539e-01
4.469219446182250977e-01 5.023292079567909241e-02
2.179371118545532227e-01 2.862302064895629883e-01
4.548467397689819336e-01 5.836743712425231934e-01
9.327643513679504395e-01 5.519208908081054688e-01
4.719967544078826904e-01 6.788863241672515869e-02
3.760136067867279053e-01 6.871514320373535156e-01
4.892922937870025635e-01 6.108645796775817871e-01
1.256268322467803955e-01 7.331587076187133789e-01
2.375497967004776001e-01 8.820020593702793121e-03
4.337439313530921936e-02 7.425994873046875000e-01
5.870747566223144531e-02 9.262919425964355469e-02
7.034478783607482910e-01 7.010751366615295410e-01
4.790236353874206543e-01 1.250293105840682983e-01
3.277630805969238281e-01 3.140108585357666016e-01
6.447840332984924316e-01 6.704984307289123535e-01
3.368544578552246094e-01 6.250280141830444336e-01
7.400521039962768555e-01 8.349070549011230469e-01
9.676895141601562500e-01 7.416840791702270508e-01
5.908371806144714355e-01 7.448731064796447754e-01
9.869543910026550293e-01 5.397202372550964355e-01
1.357399821281433105e-01 3.367102444171905518e-01
5.759128332138061523e-01 5.861163139343261719e-01
9.038501977920532227e-01 7.266288995742797852e-01
4.486293494701385498e-01 9.001399278640747070e-01
3.170439004898071289e-01 6.019316911697387695e-01
2.235393524169921875e-01 8.518763184547424316e-01
7.584769129753112793e-01 4.216386377811431885e-02
8.589330911636352539e-01 2.418236285448074341e-01
9.505012035369873047e-01 1.697937697172164917e-01
4.747770130634307861e-01 1.557725369930267334e-01
2.408379912376403809e-01 2.500270679593086243e-02
9.927937388420104980e-01 9.525799751281738281e-01
5.723299980163574219e-01 5.192003846168518066e-01
7.435000538825988770e-01 8.258064389228820801e-01
4.653202295303344727e-01 9.038349986076354980e-01
2.754082344472408295e-02 6.312725543975830078e-01
6.685444116592407227e-01 4.772807359695434570e-01
5.633759498596191406e-01 4.805166423320770264e-01
6.672555804252624512e-01 8.238258361816406250e-01
7.976429462432861328e-01 2.009736746549606323e-01
7.211925387382507324e-01 4.838111400604248047e-01
5.635732412338256836e-01 1.093491613864898682e-01
3.934038877487182617e-01 9.657249450683593750e-01
1.486086696386337280e-01 1.121893227100372314e-01
7.361492514610290527e-01 5.492354631423950195e-01
3.442465662956237793e-01 6.419267654418945312e-01
2.954376339912414551e-01 9.419298768043518066e-01
2.193999439477920532e-01 5.271251872181892395e-02
9.191826581954956055e-01 8.814820051193237305e-01
6.644133925437927246e-01 2.460348457098007202e-01
5.160984992980957031e-01 8.587938547134399414e-01
8.815929293632507324e-02 6.283453106880187988e-01
2.805151343345642090e-01 1.959304362535476685e-01
3.134838342666625977e-01 1.535500735044479370e-01
4.576896727085113525e-01 7.102378606796264648e-01
6.391955614089965820e-01 8.910914510488510132e-02
4.383759200572967529e-01 7.195610404014587402e-01
2.104099243879318237e-01 7.419187426567077637e-01
2.459065169095993042e-01 9.024705886840820312e-01
3.910358846187591553e-01 3.801664710044860840e-01
6.222450733184814453e-01 2.172705978155136108e-01
7.233927249908447266e-01 5.689055323600769043e-01
9.041294455528259277e-01 6.862369775772094727e-01
7.874487638473510742e-01 6.928416341543197632e-02
1.883755773305892944e-01 1.178807243704795837e-01
5.145126581192016602e-01 8.266794681549072266e-01
9.472823739051818848e-01 9.312621355056762695e-01
3.285942971706390381e-01 7.611064314842224121e-01
9.131029248237609863e-01 9.056647419929504395e-01
6.074498891830444336e-01 9.552589058876037598e-01
4.500647485256195068e-01 4.214061796665191650e-01
4.145076274871826172e-01 4.067578017711639404e-01
6.594348549842834473e-01 9.805157780647277832e-01
4.618965387344360352e-01 8.927863836288452148e-01
8.161200284957885742e-01 7.574541568756103516e-01
1.849897205829620361e-01 5.228995680809020996e-01
2.031766325235366821e-01 5.664488673210144043e-01
4.300610721111297607e-01 8.003617525100708008e-01
6.700168848037719727e-01 7.128214836120605469e-01
8.310801982879638672e-01 3.158169090747833252e-01
8.632651716470718384e-02 1.484708636999130249e-01
6.615507602691650391e-01 7.346929311752319336e-01
6.785430908203125000e-01 6.535158306360244751e-02
4.978298246860504150e-01 2.104222178459167480e-01
8.131745457649230957e-01 4.309723079204559326e-01
2.833926081657409668e-01 3.824626505374908447e-01
1.925851702690124512e-01 4.921382069587707520e-01
2.635118365287780762e-01 7.184118032455444336e-01
9.146894812583923340e-01 9.289743900299072266e-01
9.038637280464172363e-01 6.134994029998779297e-01
3.464753329753875732e-01 1.036045104265213013e-01
9.108462333679199219e-01 7.571194767951965332e-01
6.373213529586791992e-01 7.662500739097595215e-01
3.648319542407989502e-01 3.541714251041412354e-01
7.092685103416442871e-01 7.514667510986328125e-01
3.862722516059875488e-01 8.921387791633605957e-01
9.075713157653808594e-01 8.917743563652038574e-01
8.680629134178161621e-01 9.216366410255432129e-01
9.677817225456237793e-01 8.726484179496765137e-01
6.574540864676237106e-03 7.108577340841293335e-02
6.673373579978942871e-01 6.443864852190017700e-02
2.316864430904388428e-01 3.467147052288055420e-01
7.602351307868957520e-01 8.308174014091491699e-01
2.570925951004028320e-01 7.143681645393371582e-01
2.450793683528900146e-01 9.540526270866394043e-01
6.596712470054626465e-01 8.055027574300765991e-02
3.219134509563446045e-01 4.560191631317138672e-01
2.479885518550872803e-01 8.724285364151000977e-01
8.059384226799011230e-01 9.046124219894409180e-01
6.548987030982971191e-01 9.536051154136657715e-01
3.448178768157958984e-01 8.768561482429504395e-01
2.920951545238494873e-01 2.146007120609283447e-01
5.444534420967102051e-01 4.811954200267791748e-01
9.784008860588073730e-01 2.409580945968627930e-01
4.533321559429168701e-01 1.557783484458923340e-01
2.689616680145263672e-01 3.107880949974060059e-01
2.005588263273239136e-01 6.206650137901306152e-01
7.111812233924865723e-01 7.489398121833801270e-01
8.019320368766784668e-01 5.848635435104370117e-01
7.951674461364746094e-01 9.599878191947937012e-01
2.073509693145751953e-01 6.903035044670104980e-01
1.435222178697586060e-01 2.473061382770538330e-01
5.651794075965881348e-01 7.463045120239257812e-01
3.390240967273712158e-01 9.771109223365783691e-01
6.365509629249572754e-01 3.106930553913116455e-01
7.671449780464172363e-01 1.268457174301147461e-01
5.310450196266174316e-01 8.123499155044555664e-01
6.291438937187194824e-01 1.545901298522949219e-01
4.520924016833305359e-02 1.182718276977539062e-01
3.403427079319953918e-02 8.631134629249572754e-01
2.859381437301635742e-01 7.759725451469421387e-01
2.752849757671356201e-01 4.710841178894042969e-02
9.926361441612243652e-01 4.859647154808044434e-01
2.025312781333923340e-01 2.167242467403411865e-01
9.314411878585815430e-01 7.172926664352416992e-01
8.883246183395385742e-01 8.186936378479003906e-01
5.092003345489501953e-01 1.137659847736358643e-01
2.279153466224670410e-01 6.156436204910278320e-01
9.706133008003234863e-01 9.791201949119567871e-01
7.476022839546203613e-01 7.757722139358520508e-01
1.747235953807830811e-01 3.669166266918182373e-01
8.574270009994506836e-01 8.889307379722595215e-01
9.505228400230407715e-01 3.039166331291198730e-01
5.969531536102294922e-01 7.895689606666564941e-01
4.422286450862884521e-01 7.111890316009521484e-01
8.297614008188247681e-02 6.306946277618408203e-01
6.658346652984619141e-01 3.149207830429077148e-01
2.290613204240798950e-01 9.397618472576141357e-02
7.929413318634033203e-01 8.519207239151000977e-01
5.343985557556152344e-01 1.510079652070999146e-01
6.959590315818786621e-01 9.704990386962890625e-01
9.005554914474487305e-01 8.625313043594360352e-01
6.759988069534301758e-01 7.697787880897521973e-01
1.134424880146980286e-01 8.136363029479980469e-01
3.843818604946136475e-01 8.911708593368530273e-01
3.978791534900665283e-01 1.836945116519927979e-01
8.898723721504211426e-01 9.206256866455078125e-01
5.024953484535217285e-01 4.250790476799011230e-01
2.693855464458465576e-01 5.467927455902099609e-01
8.403210639953613281e-01 3.798106908798217773e-01
4.457879364490509033e-01 9.843483567237854004e-01
3.848654627799987793e-01 3.769665360450744629e-01
5.858945250511169434e-01 5.717921257019042969e-01
7.232020050287246704e-02 7.585946321487426758e-01
7.081021070480346680e-01 2.780796587467193604e-01
8.381052613258361816e-01 1.989037096500396729e-01
4.632212519645690918e-01 3.008361756801605225e-01
8.479305505752563477e-01 7.217440009117126465e-01
6.125172376632690430e-01 9.247351288795471191e-01
4.243781268596649170e-01 1.948788575828075409e-02
5.754393935203552246e-01 3.418481647968292236e-01
8.299303650856018066e-01 6.935325264930725098e-02
3.647841215133666992e-01 3.385170400142669678e-01
8.063222169876098633e-01 1.191857159137725830e-01
9.616268873214721680e-01 8.883758187294006348e-01
9.048484563827514648e-01 9.118768572807312012e-01
3.612745702266693115e-01 8.065345883369445801e-01
2.529778480529785156e-01 4.333187937736511230e-01
8.005328178405761719e-01 8.015089035034179688e-01
6.848884820938110352e-01 7.794946432113647461e-01
9.423303604125976562e-02 1.231901347637176514e-02
3.357807397842407227e-01 3.732160627841949463e-01
4.108948260545730591e-02 7.322142124176025391e-01
2.401355095207691193e-02 6.739920973777770996e-01
9.998511075973510742e-01 8.734776973724365234e-01
4.031599499285221100e-03 4.407274536788463593e-03
3.868453204631805420e-01 9.134399294853210449e-01
7.854843861423432827e-04 7.686081528663635254e-01
3.276548981666564941e-01 8.611550331115722656e-01
4.141488969326019287e-01 8.300632238388061523e-01
6.418014764785766602e-01 6.899811029434204102e-01
7.687500715255737305e-01 9.199727177619934082e-01
1.955269575119018555e-01 3.998595476150512695e-01
4.198074638843536377e-01 9.130661487579345703e-01
2.531010508537292480e-01 3.782041072845458984e-01
5.038272142410278320e-01 3.433224856853485107e-01
3.100371658802032471e-01 9.410064220428466797e-01
9.947500824928283691e-01 3.885488510131835938e-01
5.215616822242736816e-01 4.526991546154022217e-01
4.126263558864593506e-01 9.192316532135009766e-01
4.152415096759796143e-01 4.371449947357177734e-01
8.306972980499267578e-01 9.495706558227539062e-01
4.651989042758941650e-01 7.066919468343257904e-03
1.519156899303197861e-02 1.010285131633281708e-02
3.278207182884216309e-01 7.981491088867187500e-01
8.312038779258728027e-01 7.031322717666625977e-01
5.033515691757202148e-01 4.077374637126922607e-01
9.538682699203491211e-01 8.610486388206481934e-01
2.287053912878036499e-01 8.647018074989318848e-01
3.011056482791900635e-01 4.389018118381500244e-01
9.739466309547424316e-01 7.583646774291992188e-01
2.355524301528930664e-01 1.758458316326141357e-01
3.312391638755798340e-01 7.529861927032470703e-01
2.280813008546829224e-01 7.602521181106567383e-01
6.516444683074951172e-01 9.099527597427368164e-01
8.758073300123214722e-02 6.099768877029418945e-01
4.343139231204986572e-01 4.869023710489273071e-02
3.701102733612060547e-01 4.302465822547674179e-03
7.174485921859741211e-01 9.898034334182739258e-01
5.713371038436889648e-01 7.949350476264953613e-01
3.184753954410552979e-01 2.824706137180328369e-01
1.551404595375061035e-01 2.885042428970336914e-01
4.636839330196380615e-01 5.084494873881340027e-02
3.533617556095123291e-01 5.227088928222656250e-01
2.180910259485244751e-01 1.356016099452972412e-01
3.935292661190032959e-01 3.502923622727394104e-02
7.355905175209045410e-01 9.245960116386413574e-01
5.368828177452087402e-01 1.277579963207244873e-01
8.476657867431640625e-01 6.965809464454650879e-01
2.311946898698806763e-01 8.845145106315612793e-01
2.894145250320434570e-01 1.353709846735000610e-01
9.469202756881713867e-01 2.955517768859863281e-01
6.347624212503433228e-02 1.081008836627006531e-02
5.641271471977233887e-01 6.319285631179809570e-01
7.211129069328308105e-01 5.221092104911804199e-01
6.570038795471191406e-01 6.869616508483886719e-01
6.819612979888916016e-01 6.993876695632934570e-01
3.891431391239166260e-01 6.402664780616760254e-01
7.185363769531250000e-01 2.243307679891586304e-01
2.669914662837982178e-01 6.558993458747863770e-01
7.988547086715698242e-01 1.017419397830963135e-01
8.348152637481689453e-01 5.465705394744873047e-01
4.134550094604492188e-01 2.108790874481201172e-01
5.270446091890335083e-02 1.169342081993818283e-02
4.952888488769531250e-01 8.192171454429626465e-01
6.543645262718200684e-02 1.311234291642904282e-02
3.414551019668579102e-01 5.667008757591247559e-01
3.894794583320617676e-01 8.730041384696960449e-01
5.204483866691589355e-01 4.635645747184753418e-01
2.417594194412231445e-01 7.778074145317077637e-01
1.126547008752822876e-01 4.076526092831045389e-04
3.625724613666534424e-01 9.090574085712432861e-02
3.862959146499633789e-01 6.645797491073608398e-01
2.356798574328422546e-02 2.351143193664029241e-04
2.065496295690536499e-01 7.352848649024963379e-01
5.276576876640319824e-01 9.109973907470703125e-01
6.840875744819641113e-01 2.467399984598159790e-01
7.971084713935852051e-01 1.153861731290817261e-01
5.544816255569458008e-01 6.440036743879318237e-02
4.328433871269226074e-01 8.307315707206726074e-01
6.871756166219711304e-02 8.839382529258728027e-01
1.978461593389511108e-01 3.258129358291625977e-01
7.492952048778533936e-02 5.316076874732971191e-01
1.916947029531002045e-02 4.210674762725830078e-01
3.214290738105773926e-01 5.459941625595092773e-01
2.323780357837677002e-01 3.546259701251983643e-01
1.115133762359619141e-01 8.602774143218994141e-01
6.557218432426452637e-01 5.992936342954635620e-02
2.844693064689636230e-01 1.085992828011512756e-01
5.194892287254333496e-01 3.854755759239196777e-01
4.796152412891387939e-01 5.029339194297790527e-01
1.410534381866455078e-01 5.998661518096923828e-01
4.460821151733398438e-01 2.866947650909423828e-01
9.097799062728881836e-01 2.173127233982086182e-01
3.779186010360717773e-01 1.156289801001548767e-01
4.051322340965270996e-01 4.634352028369903564e-01
2.263239473104476929e-01 3.358085080981254578e-02
3.257990777492523193e-01 2.825135588645935059e-01
9.878882765769958496e-01 8.900102376937866211e-01
1.918811947107315063e-01 4.515762627124786377e-01
7.743871808052062988e-01 6.165738105773925781e-01
3.873718976974487305e-01 8.076527118682861328e-01
1.684388145804405212e-02 1.479281634092330933e-01
2.160284817218780518e-01 5.701569318771362305e-01
6.157458424568176270e-01 6.410143971443176270e-01
4.038023650646209717e-01 1.848217099905014038e-01
3.129980862140655518e-01 3.230978501960635185e-03
4.109349846839904785e-01 5.350334644317626953e-01
1.103113754652440548e-03 8.687462806701660156e-01
6.483797430992126465e-01 1.675201505422592163e-01
8.273612260818481445e-01 7.782492637634277344e-01
4.895816147327423096e-01 2.866770625114440918e-01
3.605987727642059326e-01 2.181135863065719604e-02
4.775297641754150391e-01 5.437167882919311523e-01
5.848338007926940918e-01 8.600505590438842773e-01
7.850400209426879883e-01 2.767751514911651611e-01
8.230248093605041504e-01 2.776758968830108643e-01
2.024684250354766846e-01 9.018476605415344238e-01
4.217455163598060608e-02 1.186264529824256897e-01
5.323342084884643555e-01 5.916371345520019531e-01
3.094913959503173828e-01 3.315654098987579346e-01
3.262274563312530518e-01 9.168058633804321289e-01
8.065934181213378906e-01 8.983415961265563965e-01
5.877720713615417480e-01 3.275682330131530762e-01
6.203017756342887878e-02 6.516160368919372559e-01
9.273478388786315918e-01 6.337897777557373047e-01
7.303993701934814453e-01 8.696935772895812988e-01
6.853395700454711914e-01 9.917896986007690430e-01
3.924143910408020020e-01 4.747396707534790039e-01
2.220387905836105347e-01 4.052210748195648193e-01
3.065770268440246582e-01 7.883393168449401855e-01
1.027838662266731262e-01 1.369405537843704224e-01
1.440864801406860352e-01 8.856469988822937012e-01
1.338530518114566803e-02 8.169420361518859863e-01
