8.233529925346374512e-01 3.006172478199005127e-01
3.577637076377868652e-01 2.155259251594543457e-01
5.544759631156921387e-01 9.841883927583694458e-02
8.057827949523925781e-01 7.292519509792327881e-02
3.781288564205169678e-01 4.779704809188842773e-01
4.289744794368743896e-01 1.447577327489852905e-01
6.944546103477478027e-01 1.413894444704055786e-01
6.545668244361877441e-01 6.805046647787094116e-02
4.899020306766033173e-03 8.730130791664123535e-01
2.191803157329559326e-01 2.600335478782653809e-01
8.178753256797790527e-01 1.519001126289367676e-01
4.396821260452270508e-01 5.385707616806030273e-01
2.082782089710235596e-01 7.048484683036804199e-01
2.360852062702178955e-01 3.849270343780517578e-01
2.934010028839111328e-01 3.044096231460571289e-01
4.017494618892669678e-01 6.861706972122192383e-01
5.947633981704711914e-01 5.662856698036193848e-01
2.744331657886505127e-01 3.404559493064880371e-01
3.983984887599945068e-01 6.247062683105468750e-01
4.884501695632934570e-01 5.690356492996215820e-01
7.673152089118957520e-01 2.539969235658645630e-02
6.316424012184143066e-01 2.366377562284469604e-01
4.950455129146575928e-01 8.188239932060241699e-01
3.989256918430328369e-01 1.368867754936218262e-01
5.534322261810302734e-01 8.704784512519836426e-01
2.224235683679580688e-01 4.459900856018066406e-01
5.201297346502542496e-03 2.222068235278129578e-02
6.625444889068603516e-01 3.200221955776214600e-01
4.777178466320037842e-01 6.396551728248596191e-01
2.041508704423904419e-01 5.289246439933776855e-01
8.953680992126464844e-01 3.834082186222076416e-01
2.342967391014099121e-01 4.118654727935791016e-01
1.871628612279891968e-01 7.668559551239013672e-01
9.344995021820068359e-01 5.084162354469299316e-01
7.748482823371887207e-01 2.123080380260944366e-02
8.247673511505126953e-01 8.695355802774429321e-02
4.513848721981048584e-01 3.983424231410026550e-02
2.871792204678058624e-02 8.506931066513061523e-01
8.435105085372924805e-01 4.001032710075378418e-01
1.163609623908996582e-01 3.568506836891174316e-01
4.791919291019439697e-01 2.044235914945602417e-01
1.955770850181579590e-01 7.719081640243530273e-01
8.554251194000244141e-01 3.452013188507407904e-04
5.490824580192565918e-01 9.982605576515197754e-01
2.702711820602416992e-01 4.766686856746673584e-01
6.945433020591735840e-01 6.965293884277343750e-01
3.511144518852233887e-01 3.432128131389617920e-01
1.000849902629852295e-01 2.808750271797180176e-01
4.463178217411041260e-01 3.237685263156890869e-01
6.329523324966430664e-01 5.327803492546081543e-01
8.806378245353698730e-01 7.626713514328002930e-01
8.503798246383666992e-01 1.556523442268371582e-01
6.836231946945190430e-01 2.036552727222442627e-01
1.015501767396926880e-01 4.455154836177825928e-01
8.470885753631591797e-01 5.147156119346618652e-01
2.829906344413757324e-01 1.890051662921905518e-01
9.476739168167114258e-01 1.577327400445938110e-01
9.059679508209228516e-01 4.104793071746826172e-01
9.210089445114135742e-01 1.794729381799697876e-01
3.336219489574432373e-01 5.221958756446838379e-01
6.849426031112670898e-01 1.674385964870452881e-01
3.226777315139770508e-01 7.727031707763671875e-01
6.348715424537658691e-01 3.157726824283599854e-01
6.785745024681091309e-01 7.991011738777160645e-01
2.714029550552368164e-01 4.124429821968078613e-01
2.723140120506286621e-01 9.010569453239440918e-01
5.507404804229736328e-01 7.881917953491210938e-01
7.311697602272033691e-01 7.282415870577096939e-03
2.856585681438446045e-01 4.669109880924224854e-01
2.074142247438430786e-01 8.941136002540588379e-01
1.700651645660400391e-01 1.087191328406333923e-01
4.364086985588073730e-01 2.566407620906829834e-01
6.804551184177398682e-02 8.369420766830444336e-01
2.035255879163742065e-01 4.555271863937377930e-01
1.613510102033615112e-01 9.212265610694885254e-01
2.803692221641540527e-01 7.006367444992065430e-01
5.661251544952392578e-01 7.715705037117004395e-01
8.683346509933471680e-01 1.079633533954620361e-01
1.589880138635635376e-01 7.406545877456665039e-01
7.509911656379699707e-01 3.179552406072616577e-02
6.494179368019104004e-01 5.920764207839965820e-01
8.013177514076232910e-01 8.199160099029541016e-01
1.798218637704849243e-01 3.330816328525543213e-01
7.907148101367056370e-04 1.751103252172470093e-01
6.773091554641723633e-01 3.741916120052337646e-01
4.156582951545715332e-01 1.312738656997680664e-01
3.329576253890991211e-01 2.829903662204742432e-01
7.778493165969848633e-01 1.959440410137176514e-01
5.292619466781616211e-01 3.343956470489501953e-01
7.864508032798767090e-01 7.372746467590332031e-01
7.640663981437683105e-01 3.510141968727111816e-01
5.724295377731323242e-01 7.655533552169799805e-01
8.480411767959594727e-01 2.344868481159210205e-01
6.058862209320068359e-01 2.562820613384246826e-01
7.581489682197570801e-01 4.705470800399780273e-02
8.721643686294555664e-01 1.911907643079757690e-02
4.437554180622100830e-01 5.900456309318542480e-01
9.872959256172180176e-01 2.301459573209285736e-02
8.568664789199829102e-01 1.302960813045501709e-01
7.555040717124938965e-01 7.439758181571960449e-01
6.799819469451904297e-01 7.839178293943405151e-02
9.156948924064636230e-01 1.399676352739334106e-01
6.286369264125823975e-02 1.605034917593002319e-01
2.539052367210388184e-01 9.176399707794189453e-01
8.531280755996704102e-01 5.651760101318359375e-01
6.613974273204803467e-02 5.242995619773864746e-01
9.672590345144271851e-02 9.071899652481079102e-01
8.667201995849609375e-01 2.030630111694335938e-01
9.365501999855041504e-01 4.780485033988952637e-01
6.578792333602905273e-01 7.943498492240905762e-01
3.607872426509857178e-01 6.602543592453002930e-01
6.934995055198669434e-01 1.758057624101638794e-01
6.320633888244628906e-01 1.951204612851142883e-02
2.065609954297542572e-02 7.592455148696899414e-01
3.785218596458435059e-01 7.091863155364990234e-01
8.896697312593460083e-02 5.033661127090454102e-01
1.824501715600490570e-02 3.094178438186645508e-01
4.809780418872833252e-01 6.586438417434692383e-01
3.231233656406402588e-01 3.399180471897125244e-01
4.647223353385925293e-01 2.799876928329467773e-01
8.732163906097412109e-01 8.965440094470977783e-02
7.402940392494201660e-01 9.808950424194335938e-01
9.781836867332458496e-01 8.331250548362731934e-01
7.769285142421722412e-02 7.974697947502136230e-01
5.493639707565307617e-01 5.968754887580871582e-01
1.780413091182708740e-01 6.541664600372314453e-01
9.144546091556549072e-02 6.656885147094726562e-01
1.272001862525939941e-01 9.481595754623413086e-01
1.128463596105575562e-01 4.585692286491394043e-01
5.995469689369201660e-01 8.278975486755371094e-01
4.574595391750335693e-01 7.662671804428100586e-01
6.479652523994445801e-01 3.295748233795166016e-01
4.658147990703582764e-01 8.296677470207214355e-01
1.296848431229591370e-02 2.558073997497558594e-01
9.233462810516357422e-02 6.457832455635070801e-01
4.601041600108146667e-02 4.893488883972167969e-01
5.662979483604431152e-01 4.606326222419738770e-01
9.256072640419006348e-01 6.681079864501953125e-01
5.835049152374267578e-01 1.752070635557174683e-01
7.578819990158081055e-01 7.133373022079467773e-01
1.001896709203720093e-01 4.950279593467712402e-01
3.121365979313850403e-02 8.139964938163757324e-01
8.783590197563171387e-01 3.300785422325134277e-01
5.726011991500854492e-01 5.831751823425292969e-01
6.934772133827209473e-01 1.038525328040122986e-01
1.186054423451423645e-01 3.100359439849853516e-01
1.181458905339241028e-01 2.092373669147491455e-01
7.250241637229919434e-01 8.300095796585083008e-01
8.540254831314086914e-01 5.614382624626159668e-01
4.918205142021179199e-01 3.873327970504760742e-01
4.644973278045654297e-01 8.122317194938659668e-01
7.630490064620971680e-01 4.761655926704406738e-01
1.625306457281112671e-01 2.814855277538299561e-01
2.607333958148956299e-01 1.562171280384063721e-01
9.440835714340209961e-01 4.572337269783020020e-01
5.455105900764465332e-01 4.765926003456115723e-01
5.839484557509422302e-02 2.372413277626037598e-01
1.672873795032501221e-01 9.704393148422241211e-01
5.166531801223754883e-01 5.408425927162170410e-01
6.674462556838989258e-01 5.163355469703674316e-01
2.912360727787017822e-01 3.677463233470916748e-01
9.253017306327819824e-01 7.948038578033447266e-01
1.633969694375991821e-01 2.520270943641662598e-01
4.579297453165054321e-02 2.795857191085815430e-01
1.242164075374603271e-01 4.537492394447326660e-01
2.113844007253646851e-01 7.097407579421997070e-01
8.512026667594909668e-01 4.716617465019226074e-01
9.959859251976013184e-01 7.229079604148864746e-01
2.952604293823242188e-01 9.064571857452392578e-01
3.526175916194915771e-01 6.207668781280517578e-02
3.403481543064117432e-01 5.404347777366638184e-01
9.546436667442321777e-01 8.752449154853820801e-01
1.300159655511379242e-02 9.533255696296691895e-01
2.444806694984436035e-01 7.138731479644775391e-01
7.929958701133728027e-01 6.086360812187194824e-01
7.381414175033569336e-01 8.081967830657958984e-01
7.123116403818130493e-02 4.607603847980499268e-01
5.006132721900939941e-01 4.855763912200927734e-01
1.577706933021545410e-01 9.704078733921051025e-02
8.298698067665100098e-01 6.660457849502563477e-01
6.309307813644409180e-01 7.917349934577941895e-01
5.350309610366821289e-01 6.173371076583862305e-01
7.206558585166931152e-01 1.439284533262252808e-01
3.133489489555358887e-01 1.150010898709297180e-01
4.540361166000366211e-01 6.691397726535797119e-02
3.573754429817199707e-01 4.748484492301940918e-01
4.164376854896545410e-01 4.879827052354812622e-02
1.543949544429779053e-01 7.285163402557373047e-01
9.724375009536743164e-01 4.399452209472656250e-01
1.524578779935836792e-01 2.546374797821044922e-01
5.491923689842224121e-01 2.680348753929138184e-01
9.748446941375732422e-01 5.188561677932739258e-01
2.457966357469558716e-01 4.384975135326385498e-01
7.014415264129638672e-01 7.033330202102661133e-01
2.738413400948047638e-02 3.692625463008880615e-01
6.742269992828369141e-01 2.524063363671302795e-02
5.723254084587097168e-01 7.785333693027496338e-02
8.006140589714050293e-02 4.353059232234954834e-01
3.968547284603118896e-01 3.784527480602264404e-01
4.492250680923461914e-01 9.300177693367004395e-01
3.949329853057861328e-01 6.112935543060302734e-01
5.429556965827941895e-01 4.012745022773742676e-01
2.809782326221466064e-01 6.648764014244079590e-01
8.747666478157043457e-01 4.536174833774566650e-01
4.562377631664276123e-01 3.252839744091033936e-01
7.651645541191101074e-01 6.239606738090515137e-01
4.547628387808799744e-02 4.357010126113891602e-01
9.402881860733032227e-01 2.042789012193679810e-01
8.835518360137939453e-01 4.397298991680145264e-01
8.076497316360473633e-01 1.221613883972167969e-01
2.114981114864349365e-01 2.224503159523010254e-01
9.623480029404163361e-03 2.463158220052719116e-01
6.906355023384094238e-01 9.251843392848968506e-02
3.267640471458435059e-01 2.739468216896057129e-02
4.266996383666992188e-01 4.373932480812072754e-01
1.333599835634231567e-01 6.919647008180618286e-02
2.274586260318756104e-01 9.762013554573059082e-01
5.029671192169189453e-01 3.016790449619293213e-01
7.750256359577178955e-02 9.035915732383728027e-01
1.382461041212081909e-01 3.143463730812072754e-01
6.446339488029479980e-01 2.944069206714630127e-01
4.087839126586914062e-01 8.995257019996643066e-01
3.531650602817535400e-01 4.609109759330749512e-01
9.001895040273666382e-02 4.243297874927520752e-01
4.251801669597625732e-01 4.734876751899719238e-01
9.425396919250488281e-01 3.217972069978713989e-02
4.726284146308898926e-01 7.246981263160705566e-01
9.221443906426429749e-03 2.122891694307327271e-01
8.153169155120849609e-01 1.510019153356552124e-01
2.093548625707626343e-01 9.901108741760253906e-01
9.696653485298156738e-01 7.400090098381042480e-01
7.987465858459472656e-01 8.315999805927276611e-02
1.960791647434234619e-01 4.255838990211486816e-01
3.497837185859680176e-01 1.603667885065078735e-01
6.897273659706115723e-02 1.459517776966094971e-01
2.870253324508666992e-01 5.467970371246337891e-01
4.661187231540679932e-01 8.142418265342712402e-01
5.486275255680084229e-02 8.061149120330810547e-01
6.284977495670318604e-02 3.336946070194244385e-01
4.911063015460968018e-01 2.086501419544219971e-01
3.189713060855865479e-01 6.556834578514099121e-01
4.171670377254486084e-01 4.778550192713737488e-02
8.200647830963134766e-01 4.229346811771392822e-01
1.224674358963966370e-01 9.440697431564331055e-01
8.993601202964782715e-01 4.063823819160461426e-01
5.133637189865112305e-01 6.751545667648315430e-01
4.880411624908447266e-01 9.142629057168960571e-02
4.189576804637908936e-01 6.638339757919311523e-01
2.997741997241973877e-01 7.540184855461120605e-01
9.248487353324890137e-01 4.906058013439178467e-01
2.611251175403594971e-01 6.477391719818115234e-01
9.387661814689636230e-01 2.644344270229339600e-01
4.434470832347869873e-01 9.075553417205810547e-01
2.437802553176879883e-01 2.758155465126037598e-01
3.802047073841094971e-01 5.157222151756286621e-01
8.787431567907333374e-02 3.364579975605010986e-01
7.509402036666870117e-01 6.207472681999206543e-01
2.522377967834472656e-01 6.074112653732299805e-01
1.824229657649993896e-01 1.805021762847900391e-01
9.239301681518554688e-01 6.190010532736778259e-02
9.872004389762878418e-01 2.496646046638488770e-01
7.112485170364379883e-01 3.120072484016418457e-01
1.678300350904464722e-01 5.305880308151245117e-01
3.479122221469879150e-01 8.455668091773986816e-01
3.070172294974327087e-02 1.875854432582855225e-01
2.777367830276489258e-01 2.737663388252258301e-01
1.086894944310188293e-01 2.189656496047973633e-01
7.807001471519470215e-02 8.002215623855590820e-01
1.376355439424514771e-01 5.704438090324401855e-01
7.609345912933349609e-01 6.914290785789489746e-01
4.072850644588470459e-01 1.425447165966033936e-01
9.897528290748596191e-01 2.753288745880126953e-01
9.282467365264892578e-01 3.201815783977508545e-01
4.082548618316650391e-01 9.835356613621115685e-04
7.648810148239135742e-01 1.785855889320373535e-01
6.878925859928131104e-02 4.897623658180236816e-01
9.879773855209350586e-01 5.222916007041931152e-01
5.989748835563659668e-01 3.293043673038482666e-01
7.621738314628601074e-01 4.180539399385452271e-02
9.669628739356994629e-01 6.544955968856811523e-01
3.222073912620544434e-01 8.232585787773132324e-01
4.838906824588775635e-01 8.374848961830139160e-01
3.576596379280090332e-01 8.807335495948791504e-01
1.074613481760025024e-01 5.544781088829040527e-01
1.907335072755813599e-01 4.986265897750854492e-01
8.690789937973022461e-01 5.958474278450012207e-01
6.132161617279052734e-01 7.104157805442810059e-01
9.300989657640457153e-02 9.382675290107727051e-01
8.740484714508056641e-01 1.449984461069107056e-01
5.842364430427551270e-01 5.778253078460693359e-02
2.879809439182281494e-01 3.493024110794067383e-01
8.500396609306335449e-01 7.743969559669494629e-03
9.763644933700561523e-01 9.153033494949340820e-01
6.265598535537719727e-01 5.007447600364685059e-01
4.333648383617401123e-01 9.725738763809204102e-01
6.964039802551269531e-01 2.670430541038513184e-01
1.626151800155639648e-01 6.314544472843408585e-03
2.539662644267082214e-02 6.438453197479248047e-01
4.532374143600463867e-01 2.330858409404754639e-01
8.762229681015014648e-01 9.572371244430541992e-01
5.430279374122619629e-01 8.990145921707153320e-01
3.445034921169281006e-01 4.340782165527343750e-01
9.555107951164245605e-01 3.364006876945495605e-01
6.602489948272705078e-01 5.242725610733032227e-01
2.310137003660202026e-01 2.268067449331283569e-01
7.062880992889404297e-01 2.136987596750259399e-01
3.654210269451141357e-01 6.938105225563049316e-01
1.938498020172119141e-02 4.476425945758819580e-01
3.581338822841644287e-01 6.104264259338378906e-01
5.745834112167358398e-01 6.383011937141418457e-01
1.967048346996307373e-01 2.016861923038959503e-02
2.895816266536712646e-01 7.258124649524688721e-02
2.882882356643676758e-01 2.555551230907440186e-01
1.436942517757415771e-01 2.447321452200412750e-02
6.681482791900634766e-01 4.314033091068267822e-01
5.495362281799316406e-01 8.505180478096008301e-01
1.291146725416183472e-01 8.344666957855224609e-01
1.566757708787918091e-01 8.109576106071472168e-01
6.316132545471191406e-01 9.134973287582397461e-01
7.437527775764465332e-01 3.555580377578735352e-01
9.193386137485504150e-02 1.817581206560134888e-01
3.616255521774291992e-01 4.960942566394805908e-01
1.370616704225540161e-01 5.012652277946472168e-01
3.971229791641235352e-01 7.876980304718017578e-01
5.300502777099609375e-01 8.820285797119140625e-01
2.875248491764068604e-01 3.322397470474243164e-01
5.015658959746360779e-02 2.507187426090240479e-02
1.497723460197448730e-01 8.899901509284973145e-01
5.767463445663452148e-01 6.816067695617675781e-01
1.649878323078155518e-01 8.997373580932617188e-01
1.269331574440002441e-02 4.894468188285827637e-01
7.438344359397888184e-01 4.440617933869361877e-02
4.353148639202117920e-01 6.952309012413024902e-01
8.818805813789367676e-01 1.564447879791259766e-01
4.178352952003479004e-01 4.937599897384643555e-01
7.419629096984863281e-01 3.114961683750152588e-01
2.457748353481292725e-01 6.066721677780151367e-02
1.868178844451904297e-01 8.190878629684448242e-01
8.270602226257324219e-01 2.339363992214202881e-01
4.469950199127197266e-01 4.319826066493988037e-01
9.600993990898132324e-01 3.359449803829193115e-01
3.398821055889129639e-01 1.787850819528102875e-02
5.627220496535301208e-02 6.434506177902221680e-01
4.059022068977355957e-01 1.823274046182632446e-01
6.549714803695678711e-01 2.530622482299804688e-01
9.549275636672973633e-01 3.036005198955535889e-01
4.514464437961578369e-01 2.656997442245483398e-01
4.873916208744049072e-01 8.000044226646423340e-01
9.950740337371826172e-01 5.298154354095458984e-01
2.946995794773101807e-01 5.933824181556701660e-01
4.226523339748382568e-01 2.729232013225555420e-01
2.917841374874114990e-01 8.924359083175659180e-01
3.976652026176452637e-01 7.260441184043884277e-01
3.808438777923583984e-01 6.435123085975646973e-01
1.857877373695373535e-01 3.794562518596649170e-01
1.571415662765502930e-01 9.390974640846252441e-01
3.446795046329498291e-01 2.091600000858306885e-01
8.956583738327026367e-01 1.454295665025711060e-01
6.921900510787963867e-01 1.134207546710968018e-01
9.023550748825073242e-01 2.516956999897956848e-02
5.953173637390136719e-01 1.457777768373489380e-01
8.526399135589599609e-01 1.299270987510681152e-01
6.762376427650451660e-01 9.645585417747497559e-01
4.352115392684936523e-01 1.402490884065628052e-01
3.581100404262542725e-01 4.588497281074523926e-01
9.370167255401611328e-01 7.464652657508850098e-01
9.360326081514358521e-02 9.473047852516174316e-01
5.903043746948242188e-01 7.057427763938903809e-01
2.470387518405914307e-01 7.650658488273620605e-01
2.775567471981048584e-01 9.234864115715026855e-01
7.125665992498397827e-02 4.480084180831909180e-01
8.234722018241882324e-01 4.705034494400024414e-01
9.747209548950195312e-01 8.445992469787597656e-01
3.569326400756835938e-01 4.903866350650787354e-01
7.299003005027770996e-01 7.467459440231323242e-01
4.867267906665802002e-01 2.448081523180007935e-01
2.834178507328033447e-01 8.976458907127380371e-01
4.175492227077484131e-01 2.735661268234252930e-01
4.672630429267883301e-01 6.531573534011840820e-01
1.652217954397201538e-01 7.508227229118347168e-01
2.814955078065395355e-02 1.211635172367095947e-01
7.063372731208801270e-01 6.635361313819885254e-01
5.863011479377746582e-01 4.117790162563323975e-01
3.087379038333892822e-01 7.571713328361511230e-01
4.871997535228729248e-01 3.222612440586090088e-01
8.854311108589172363e-01 2.790305614471435547e-01
8.596101403236389160e-01 3.723519444465637207e-01
4.610441029071807861e-01 1.489176005125045776e-01
4.893493652343750000e-01 2.423693984746932983e-01
9.352800846099853516e-01 2.901292741298675537e-01
3.126558065414428711e-01 9.655029177665710449e-01
3.617467880249023438e-01 4.920646250247955322e-01
9.760026931762695312e-01 5.021060705184936523e-01
1.433320790529251099e-01 3.262260183691978455e-02
8.544110059738159180e-01 5.002187490463256836e-01
1.040381193161010742e-01 4.080787301063537598e-01
7.214696407318115234e-01 4.672579169273376465e-01
1.315078139305114746e-01 3.068684041500091553e-01
5.052588582038879395e-01 2.578532509505748749e-02
6.830201745033264160e-01 5.983998179435729980e-01
8.044524192810058594e-01 2.915142476558685303e-01
2.322700470685958862e-01 5.708084702491760254e-01
4.968392252922058105e-01 6.291353702545166016e-01
7.856410145759582520e-01 1.711045652627944946e-01
8.176523447036743164e-01 2.627308666706085205e-01
9.797894358634948730e-01 2.412867695093154907e-01
5.111753940582275391e-01 4.578317701816558838e-01
1.055436581373214722e-01 1.565116196870803833e-01
1.255791783332824707e-01 3.192878365516662598e-01
3.290821909904479980e-01 1.089499667286872864e-01
2.050896640866994858e-03 8.509362339973449707e-01
4.103830456733703613e-01 6.621225476264953613e-01
6.290874481201171875e-01 5.667579174041748047e-02
5.339567661285400391e-01 7.157269120216369629e-01
1.193471178412437439e-01 1.980300098657608032e-01
6.707004457712173462e-02 7.642228603363037109e-01
3.042752146720886230e-01 8.474547266960144043e-01
8.624080419540405273e-01 9.673126935958862305e-01
3.608315018936991692e-03 3.764094114303588867e-01
2.682430446147918701e-01 3.645738065242767334e-01
3.575248420238494873e-01 4.080246388912200928e-01
1.251209080219268799e-01 3.691484332084655762e-01
1.187977008521556854e-02 3.356564790010452271e-03
4.544697701930999756e-01 3.816627562046051025e-01
1.800731122493743896e-01 9.259010553359985352e-01
6.659757494926452637e-01 8.810853958129882812e-01
2.650860846042633057e-01 3.603840768337249756e-01
6.248735189437866211e-01 6.031829118728637695e-01
7.752902507781982422e-01 8.175414204597473145e-01
2.056824117898941040e-01 7.875174283981323242e-01
5.023241639137268066e-01 8.728519082069396973e-01
4.426947608590126038e-02 3.712997436523437500e-01
4.620666503906250000e-01 9.402045607566833496e-01
3.058260381221771240e-01 2.677038013935089111e-01
2.060717046260833740e-01 2.215730100870132446e-01
9.153519868850708008e-01 2.455399557948112488e-02
9.621566534042358398e-01 6.568977832794189453e-01
4.907066524028778076e-01 8.219798803329467773e-01
6.859976053237915039e-01 2.486473023891448975e-01
2.232182174921035767e-01 5.034150481224060059e-01
4.423607885837554932e-02 2.125003747642040253e-02
8.952494859695434570e-01 9.241967201232910156e-01
3.797224760055541992e-01 2.718096077442169189e-01
1.640813946723937988e-01 1.505269706249237061e-01
7.498136162757873535e-01 1.270899474620819092e-01
5.093218088150024414e-01 7.494228333234786987e-02
3.343608379364013672e-01 4.370058476924896240e-01
4.420492351055145264e-01 7.841963768005371094e-01
1.928361654281616211e-01 1.582328081130981445e-01
4.904305934906005859e-02 2.606504261493682861e-01
9.588114023208618164e-01 7.761093974113464355e-01
1.922934949398040771e-01 5.096256136894226074e-01
3.442700207233428955e-01 1.915039308369159698e-02
1.805074810981750488e-01 5.897075533866882324e-01
6.828114390373229980e-01 3.550824522972106934e-01
1.903373301029205322e-01 2.944163680076599121e-01
7.502304911613464355e-01 3.432877361774444580e-01
1.360451877117156982e-01 7.351659703999757767e-03
6.196513772010803223e-01 4.650002121925354004e-01
2.084622234106063843e-01 6.201055645942687988e-01
7.045359015464782715e-01 1.832355856895446777e-01
7.063563913106918335e-02 7.156460881233215332e-01
7.673123478889465332e-01 4.920647665858268738e-02
1.407288759946823120e-01 1.926250010728836060e-02
2.377507239580154419e-01 2.441460341215133667e-01
8.504494428634643555e-01 3.071763813495635986e-01
7.612769007682800293e-01 8.449090719223022461e-01
7.300269603729248047e-01 5.667393207550048828e-01
8.026046156883239746e-01 2.660671062767505646e-02
6.898251175880432129e-02 7.157155871391296387e-01
2.635036706924438477e-01 5.580426380038261414e-02
2.446648180484771729e-01 9.157760143280029297e-01
1.801877319812774658e-01 9.483070969581604004e-01
9.819688796997070312e-01 8.623129129409790039e-01
6.923681497573852539e-01 9.174619317054748535e-01
9.238268136978149414e-01 4.048595726490020752e-01
3.364828526973724365e-01 3.328609764575958252e-01
3.775276839733123779e-01 7.704561948776245117e-01
7.336189746856689453e-01 6.585326194763183594e-01
6.645709276199340820e-01 5.382311940193176270e-01
9.391558766365051270e-01 3.925609290599822998e-01
4.183699190616607666e-01 4.575953781604766846e-01
9.498267769813537598e-01 9.929841160774230957e-01
1.617612540721893311e-01 9.480167627334594727e-01
1.933188885450363159e-01 3.228898048400878906e-01
7.554279565811157227e-01 9.816221594810485840e-01
9.024711847305297852e-01 2.741946280002593994e-01
6.653368473052978516e-01 2.648659050464630127e-01
5.475215911865234375e-01 2.122778147459030151e-01
4.099592939019203186e-02 8.193796873092651367e-01
5.365068316459655762e-01 1.827712655067443848e-01
1.987742781639099121e-01 4.368189871311187744e-01
5.123656392097473145e-01 4.983880221843719482e-01
3.371056020259857178e-01 1.461018472909927368e-01
7.446074485778808594e-01 6.591627597808837891e-01
8.212918639183044434e-01 2.212657183408737183e-01
6.011910438537597656e-01 8.785447478294372559e-01
4.115234315395355225e-01 3.127438481897115707e-03
4.891325831413269043e-01 1.123978346586227417e-01
2.963052392005920410e-01 1.401976197957992554e-01
7.533603161573410034e-02 1.954488456249237061e-01
1.357427239418029785e-01 9.822028875350952148e-01
1.990298554301261902e-02 9.398313760757446289e-01
1.784327179193496704e-01 8.900379538536071777e-01
2.574842572212219238e-01 2.057318575680255890e-02
6.428884267807006836e-01 7.839601635932922363e-01
2.803839147090911865e-01 3.272379636764526367e-01
8.441632986068725586e-01 8.393353819847106934e-01
6.185320019721984863e-01 5.334358811378479004e-01
2.480795048177242279e-02 5.399709343910217285e-01
2.148391604423522949e-01 6.267091035842895508e-01
8.283991217613220215e-01 9.840887188911437988e-01
6.781548261642456055e-02 1.542313843965530396e-01
1.982046365737915039e-01 8.852649331092834473e-01
9.817438721656799316e-01 2.017785012722015381e-01
1.183132082223892212e-01 6.045631170272827148e-01
3.087910413742065430e-01 2.934342622756958008e-01
2.235293537378311157e-01 5.283191800117492676e-01
9.584021568298339844e-02 4.495129287242889404e-01
1.236723586916923523e-01 7.439503669738769531e-01
6.834085285663604736e-02 7.707114219665527344e-01
1.354166418313980103e-01 4.117242991924285889e-01
1.408445686101913452e-01 7.789102196693420410e-01
8.425869941711425781e-01 4.493633508682250977e-01
7.994267344474792480e-01 4.136888682842254639e-01
3.130455315113067627e-01 8.468356132507324219e-01
8.580101728439331055e-01 1.048195660114288330e-01
7.981274724006652832e-01 3.671422302722930908e-01
5.526220202445983887e-01 6.651591062545776367e-01
1.232467442750930786e-01 1.396298259496688843e-01
4.021455347537994385e-01 5.977632999420166016e-01
5.653867721557617188e-01 7.638577222824096680e-01
4.649660289287567139e-01 6.537622809410095215e-01
1.464527994394302368e-01 3.429408371448516846e-01
5.048397555947303772e-02 4.332107007503509521e-01
9.000964760780334473e-01 5.054436624050140381e-02
9.955139160156250000e-01 3.000602126121520996e-01
3.204397857189178467e-01 6.866853833198547363e-01
4.062033891677856445e-01 7.350308299064636230e-01
8.427706956863403320e-01 7.263393402099609375e-01
6.953181028366088867e-01 5.782312750816345215e-01
2.919404022395610809e-02 6.335371136665344238e-01
3.343830108642578125e-01 5.093961358070373535e-01
6.597013473510742188e-01 3.277305960655212402e-01
3.246626630425453186e-02 7.872292399406433105e-01
7.439816370606422424e-03 2.859447896480560303e-01
4.258271455764770508e-01 7.342764139175415039e-01
9.495154023170471191e-01 3.486683964729309082e-01
4.632630571722984314e-02 6.499113142490386963e-02
4.010125249624252319e-02 9.004818797111511230e-01
7.302684783935546875e-01 8.721904456615447998e-02
9.751271605491638184e-01 2.859365046024322510e-01
3.822623193264007568e-01 8.454016447067260742e-01
4.686857163906097412e-01 8.548990488052368164e-01
9.393859505653381348e-01 2.183604985475540161e-01
5.548694729804992676e-01 2.792161107063293457e-01
1.028218939900398254e-01 1.101343557238578796e-01
1.304796785116195679e-01 4.097586870193481445e-01
7.438079714775085449e-01 1.267947107553482056e-01
2.177496254444122314e-01 9.293040037155151367e-01
5.447711944580078125e-01 8.649794757366180420e-02
3.282929658889770508e-01 3.306575417518615723e-01
5.658925324678421021e-02 9.398758411407470703e-01
8.173407614231109619e-02 3.255538046360015869e-01
1.369229555130004883e-01 9.461990594863891602e-01
1.001695990562438965e-01 9.655658602714538574e-01
1.115571558475494385e-01 3.726653456687927246e-01
4.947953224182128906e-01 6.044017076492309570e-01
2.409133166074752808e-01 9.224386811256408691e-01
6.128435730934143066e-01 9.140227437019348145e-01
7.985841631889343262e-01 1.266660839319229126e-01
1.358091831207275391e-01 6.635658144950866699e-01
5.212363600730895996e-01 8.996297419071197510e-02
2.033496499061584473e-01 9.584152102470397949e-01
4.562492966651916504e-01 1.103926599025726318e-01
4.516502097249031067e-02 2.488696575164794922e-01
1.387170553207397461e-01 7.475228309631347656e-01
7.030825018882751465e-01 6.711115837097167969e-01
1.088186353445053101e-01 3.079319186508655548e-02
2.625302076339721680e-01 1.549525111913681030e-01
6.531725525856018066e-01 3.599395751953125000e-01
4.742956161499023438e-01 9.808808565139770508e-01
8.166882991790771484e-01 4.113306850194931030e-02
1.051451712846755981e-01 7.505715489387512207e-01
2.784400880336761475e-01 3.447626531124114990e-01
3.528001606464385986e-01 7.460600137710571289e-01
1.196708232164382935e-01 8.669584989547729492e-01
3.084230422973632812e-01 1.717457175254821777e-01
8.917071223258972168e-01 6.772409081459045410e-01
1.366077512502670288e-01 4.152973890304565430e-01
4.322698116302490234e-01 2.526675164699554443e-01
9.941826462745666504e-01 9.959335327148437500e-01
3.987187147140502930e-01 1.498567778617143631e-02
2.893427610397338867e-01 9.125021100044250488e-01
3.549089655280113220e-02 3.891445696353912354e-01
2.148135304450988770e-01 3.216970264911651611e-01
2.769787013530731201e-01 3.646693229675292969e-01
1.471375226974487305e-01 1.624642610549926758e-01
8.434971570968627930e-01 7.495453953742980957e-01
3.567579090595245361e-01 8.615667000412940979e-03
7.721506357192993164e-01 6.040014028549194336e-01
1.134506836533546448e-01 4.097604453563690186e-01
3.929507732391357422e-01 6.084337830543518066e-01
8.960041403770446777e-01 1.780191361904144287e-01
9.933211803436279297e-01 3.267314434051513672e-01
9.211990982294082642e-02 3.471700549125671387e-01
3.397119939327239990e-01 6.870476007461547852e-01
1.885987371206283569e-01 8.658652901649475098e-01
1.259836405515670776e-01 6.708672046661376953e-01
5.367070436477661133e-02 3.956104516983032227e-01
3.364671170711517334e-01 4.842458069324493408e-01
3.150414228439331055e-01 9.314374998211860657e-03
4.432757794857025146e-01 1.412318795919418335e-01
9.946241378784179688e-01 1.485574394464492798e-01
2.864246070384979248e-01 9.345811009407043457e-01
6.441121697425842285e-01 4.375703930854797363e-01
6.581242680549621582e-01 1.805239170789718628e-01
9.691967368125915527e-01 8.609818220138549805e-01
1.925347447395324707e-01 5.602214932441711426e-01
6.340304613113403320e-01 5.980772972106933594e-01
5.041253566741943359e-01 9.767276793718338013e-02
4.808171987533569336e-01 1.043298393487930298e-01
3.527987748384475708e-02 8.873714804649353027e-01
1.685849130153656006e-01 6.637155413627624512e-01
4.063225984573364258e-01 6.105839014053344727e-01
2.202411741018295288e-01 4.948341846466064453e-02
5.761709213256835938e-01 2.568919956684112549e-01
7.302603125572204590e-01 7.384851574897766113e-01
3.063855767250061035e-01 3.950123488903045654e-01
2.428874187171459198e-02 1.982132345438003540e-01
2.199433296918869019e-01 2.014071494340896606e-01
5.530485510826110840e-01 1.196125745773315430e-01
9.238889813423156738e-01 3.227684646844863892e-02
8.360369205474853516e-01 1.855257451534271240e-01
6.620151400566101074e-01 6.119612455368041992e-01
7.419748306274414062e-01 2.571378648281097412e-01
5.073482990264892578e-01 9.584143161773681641e-01
7.949469685554504395e-01 8.632753491401672363e-01
7.032352685928344727e-01 3.316347599029541016e-01
4.601453840732574463e-01 6.313176155090332031e-01
9.521732330322265625e-01 3.280664086341857910e-01
1.693371832370758057e-01 2.612878680229187012e-01
6.468623876571655273e-01 4.125578999519348145e-01
6.222576498985290527e-01 8.699877560138702393e-02
9.126038551330566406e-01 5.342534184455871582e-01
7.358648777008056641e-01 2.055317312479019165e-01
1.884647160768508911e-01 7.966569066047668457e-01
1.132569760084152222e-01 5.482962131500244141e-01
2.596690952777862549e-01 5.800762772560119629e-01
2.084411531686782837e-01 8.629991412162780762e-01
3.673765063285827637e-01 6.238900423049926758e-01
4.970027506351470947e-01 2.877248525619506836e-01
7.540931701660156250e-01 8.467856645584106445e-01
5.377057790756225586e-01 3.463919758796691895e-01
5.854407325387001038e-02 9.615310430526733398e-01
5.145110487937927246e-01 8.108569979667663574e-01
3.381933271884918213e-01 8.064697384834289551e-01
2.983766198158264160e-01 9.953696131706237793e-01
8.943964242935180664e-01 3.002317845821380615e-01
4.347642362117767334e-01 6.718366742134094238e-01
7.937340736389160156e-01 7.086606621742248535e-01
4.352613985538482666e-01 3.097803592681884766e-01
9.910915493965148926e-01 7.177229225635528564e-02
6.323986649513244629e-01 3.937423229217529297e-01
4.945495724678039551e-01 3.540659546852111816e-01
6.174455881118774414e-01 5.500900745391845703e-01
6.335690617561340332e-01 8.926350474357604980e-01
4.100055694580078125e-01 4.569722414016723633e-01
7.323107123374938965e-01 6.684993505477905273e-01
8.968845009803771973e-01 5.250297188758850098e-01
8.060808181762695312e-01 5.960449576377868652e-01
4.115281403064727783e-01 7.715256810188293457e-01
2.198032587766647339e-01 3.931038081645965576e-01
4.358021616935729980e-01 1.945544779300689697e-01
3.311787247657775879e-01 5.094064474105834961e-01
5.827341079711914062e-01 3.454797267913818359e-01
8.501179218292236328e-01 1.478497833013534546e-01
8.188180327415466309e-01 5.570563301444053650e-02
9.918118715286254883e-01 1.068067103624343872e-01
9.552801251411437988e-01 9.645659327507019043e-01
1.238122209906578064e-01 9.636378288269042969e-01
9.870315194129943848e-01 8.998462557792663574e-01
7.914457917213439941e-01 4.636728763580322266e-02
1.213714033365249634e-01 1.875616461038589478e-01
9.141414761543273926e-01 4.349496364593505859e-01
7.800657153129577637e-01 3.014912903308868408e-01
9.302400350570678711e-01 4.324853718280792236e-01
7.755331993103027344e-01 8.304542899131774902e-01
3.323444426059722900e-01 3.306480944156646729e-01
1.448086183518171310e-02 8.633299469947814941e-01
6.022253036499023438e-01 8.196951150894165039e-01
6.682515740394592285e-01 6.229775547981262207e-01
5.392825603485107422e-01 8.158791661262512207e-01
5.119066238403320312e-01 7.177340984344482422e-01
9.184470176696777344e-01 9.913200139999389648e-01
6.942232251167297363e-01 3.847902715206146240e-01
3.669680655002593994e-01 7.770321965217590332e-01
9.277166426181793213e-02 9.019219875335693359e-01
9.931156039237976074e-01 8.880560100078582764e-02
2.718105614185333252e-01 1.321298927068710327e-01
7.841936349868774414e-01 3.420211374759674072e-01
6.999821662902832031e-01 5.955210924148559570e-01
3.899343013763427734e-01 4.800272583961486816e-01
8.477547764778137207e-01 3.996316194534301758e-01
8.282463550567626953e-01 2.821694016456604004e-01
9.540069699287414551e-01 3.365826904773712158e-01
9.455848336219787598e-01 3.222956359386444092e-01
7.366467714309692383e-01 9.977177381515502930e-01
8.111961185932159424e-02 1.374557018280029297e-01
4.587463438510894775e-01 8.696089684963226318e-02
7.219167351722717285e-01 2.535389065742492676e-01
5.238673090934753418e-01 5.932481884956359863e-01
1.777181215584278107e-02 5.374174118041992188e-01
8.184345364570617676e-01 5.087273120880126953e-01
7.954794913530349731e-02 5.804943442344665527e-01
2.871480286121368408e-01 5.712155103683471680e-01
3.522086441516876221e-01 2.916616797447204590e-01
5.558119416236877441e-01 8.164803981781005859e-01
2.537232339382171631e-01 7.675512433052062988e-01
2.394860386848449707e-01 6.760824918746948242e-01
7.690830230712890625e-01 4.754346609115600586e-02
9.443168640136718750e-01 3.834071159362792969e-01
1.081195753067731857e-02 8.770801424980163574e-01
5.944631695747375488e-01 6.469888687133789062e-01
6.391620039939880371e-01 9.193643331527709961e-01
2.161832153797149658e-01 5.930158495903015137e-01
3.230472207069396973e-01 9.838458895683288574e-01
7.477712631225585938e-01 2.629996240139007568e-01
5.499152541160583496e-01 2.493383437395095825e-01
3.412076830863952637e-01 7.636055946350097656e-01
6.734654307365417480e-02 2.371346354484558105e-01
4.553986489772796631e-01 9.217776656150817871e-01
8.189240097999572754e-01 8.667772412300109863e-01
9.005005359649658203e-01 3.695945441722869873e-01
6.023716330528259277e-01 1.925750374794006348e-01
8.413237929344177246e-01 4.612638428807258606e-02
4.181886911392211914e-01 7.006464004516601562e-01
6.995320320129394531e-01 4.297087192535400391e-01
4.986566007137298584e-01 9.531046152114868164e-01
8.105987906455993652e-01 9.817306995391845703e-01
7.556672692298889160e-01 3.728511035442352295e-01
1.804657578468322754e-01 3.547710478305816650e-01
2.396451532840728760e-01 2.153979539871215820e-01
7.952960729598999023e-01 4.840082824230194092e-01
3.153077363967895508e-01 1.512195914983749390e-03
2.594997584819793701e-01 4.382951259613037109e-01
3.102915883064270020e-01 1.376428604125976562e-01
9.765758514404296875e-01 3.044178783893585205e-01
3.363340795040130615e-01 2.040596604347229004e-01
7.169156670570373535e-01 2.947570979595184326e-01
6.638404130935668945e-01 3.223448693752288818e-01
8.834221363067626953e-01 2.728643417358398438e-01
7.280779480934143066e-01 2.801702916622161865e-01
8.454762101173400879e-01 2.850520908832550049e-01
8.178668618202209473e-01 5.202037692070007324e-01
6.703757047653198242e-01 4.384890198707580566e-01
5.701558589935302734e-01 5.515654087066650391e-01
6.624280810356140137e-01 2.932105958461761475e-02
8.787000775337219238e-01 4.812680184841156006e-01
1.808682531118392944e-01 3.957905173301696777e-01
5.260077714920043945e-01 5.894719958305358887e-01
6.589860320091247559e-01 6.488810181617736816e-01
7.184275984764099121e-01 5.374909043312072754e-01
5.629495382308959961e-01 6.970862746238708496e-01
3.908765017986297607e-01 8.746964335441589355e-01
2.410245239734649658e-01 6.487880945205688477e-01
3.334668874740600586e-01 9.397091865539550781e-01
8.788369297981262207e-01 8.278101682662963867e-01
7.025669813156127930e-01 9.816910624504089355e-01
7.441018819808959961e-01 3.960041701793670654e-01
6.630697250366210938e-01 6.568967103958129883e-01
9.810545295476913452e-02 1.824904829263687134e-01
9.881332516670227051e-01 4.311596751213073730e-01
4.776953160762786865e-01 7.004165053367614746e-01
6.477813720703125000e-01 3.381244242191314697e-01
9.840900301933288574e-01 8.246449828147888184e-01
3.083884716033935547e-01 4.784775376319885254e-01
2.157943993806838989e-01 2.393128871917724609e-01
1.618892699480056763e-01 6.696714162826538086e-01
4.947738647460937500e-01 9.192630648612976074e-01
9.205074906349182129e-01 7.144315838813781738e-01
3.595596253871917725e-01 6.359072327613830566e-01
7.027690410614013672e-01 3.506559431552886963e-01
6.943064928054809570e-01 4.232501387596130371e-01
9.258694052696228027e-01 1.085102632641792297e-01
6.923853158950805664e-01 6.430327892303466797e-01
7.011002898216247559e-01 7.722846865653991699e-01
2.233052849769592285e-01 7.160987854003906250e-01
6.012421250343322754e-01 7.449189424514770508e-01
5.409811735153198242e-01 6.530522108078002930e-01
3.340272605419158936e-01 8.197355270385742188e-01
7.359919548034667969e-01 4.177803397178649902e-01
4.808078408241271973e-01 3.853976130485534668e-01
3.671323060989379883e-01 2.324242144823074341e-01
1.122354939579963684e-01 7.070112228393554688e-01
4.219148755073547363e-01 3.406240344047546387e-01
2.779915332794189453e-01 5.406724214553833008e-01
6.258390545845031738e-01 9.317899942398071289e-01
1.645150184631347656e-01 5.347269773483276367e-01
3.229351043701171875e-01 1.283637732267379761e-01
6.911853551864624023e-01 7.542891502380371094e-01
4.872651696205139160e-01 6.841456983238458633e-03
1.150387153029441833e-01 5.119526386260986328e-01
4.254091978073120117e-01 3.469537794589996338e-01
9.283449649810791016e-01 6.679412722587585449e-01
5.583677291870117188e-01 4.197710752487182617e-01
5.859115123748779297e-01 9.964313507080078125e-01
2.217524051666259766e-01 4.836831390857696533e-01
2.553968429565429688e-01 8.737189769744873047e-01
9.709138870239257812e-01 6.669546961784362793e-01
3.101246654987335205e-01 6.849316358566284180e-01
7.274075150489807129e-01 4.032834470272064209e-01
5.421060919761657715e-01 2.271251752972602844e-02
8.938251435756683350e-02 9.171729087829589844e-01
6.778329014778137207e-01 8.215686678886413574e-01
4.274542331695556641e-01 2.275785207748413086e-01
2.618229985237121582e-01 6.900143027305603027e-01
6.529418826103210449e-01 8.358624577522277832e-01
8.485521674156188965e-01 1.951903402805328369e-01
3.827761113643646240e-01 9.927341341972351074e-01
5.203602313995361328e-01 5.723603814840316772e-02
2.575582861900329590e-01 4.827002882957458496e-01
4.339381703175604343e-04 8.599409461021423340e-01
9.782001972198486328e-01 5.486667752265930176e-01
1.143799442797899246e-02 1.009338442236185074e-02
1.856165975332260132e-01 7.987611889839172363e-01
4.869387745857238770e-01 8.904462456703186035e-01
9.522034525871276855e-01 2.498839050531387329e-01
2.652364075183868408e-01 4.726787805557250977e-01
9.897594451904296875e-01 5.743393301963806152e-02
4.531347751617431641e-01 2.507424056529998779e-01
5.393633842468261719e-01 2.554974853992462158e-01
3.997012078762054443e-01 2.470815479755401611e-01
1.574361920356750488e-01 9.640774130821228027e-01
7.713472843170166016e-01 9.758340120315551758e-01
3.676393330097198486e-01 2.878676056861877441e-01
3.029975891113281250e-01 6.896470189094543457e-01
5.687364339828491211e-01 8.087527006864547729e-02
3.582305014133453369e-01 4.596365094184875488e-01
6.582931876182556152e-01 4.561849310994148254e-02
4.130350351333618164e-01 4.284585118293762207e-01
5.360692739486694336e-01 8.244264125823974609e-01
3.677277266979217529e-01 2.196763306856155396e-01
3.545885682106018066e-01 2.896882891654968262e-01
8.828455209732055664e-01 1.331326067447662354e-01
1.499967426061630249e-01 3.650957942008972168e-01
9.044235348701477051e-01 4.812883213162422180e-02
2.009274512529373169e-01 5.009752511978149414e-01
6.975138783454895020e-01 1.109857782721519470e-01
4.769161343574523926e-02 9.505733102560043335e-02
3.018761798739433289e-02 7.923209667205810547e-01
7.047339081764221191e-01 2.409085780382156372e-01
2.554897367954254150e-01 2.095070779323577881e-01
2.328691184520721436e-01 7.521151304244995117e-01
5.453557372093200684e-01 4.403680264949798584e-01
3.002465963363647461e-01 1.506818979978561401e-01
9.914597868919372559e-01 4.080950915813446045e-01
8.951385021209716797e-01 2.580237388610839844e-01
9.441072940826416016e-01 2.822440266609191895e-01
4.390594065189361572e-01 8.135485649108886719e-01
2.011974304914474487e-01 3.977947831153869629e-01
4.681942760944366455e-01 5.539203062653541565e-02
5.460588335990905762e-01 2.097719609737396240e-01
7.202879190444946289e-01 1.505733281373977661e-01
6.725860834121704102e-01 2.194066345691680908e-01
5.649836063385009766e-01 7.455594539642333984e-01
7.434605956077575684e-01 5.927855372428894043e-01
9.402250051498413086e-01 8.956397771835327148e-01
5.579547882080078125e-01 4.696156382560729980e-01
8.789470046758651733e-02 7.728032469749450684e-01
5.310969948768615723e-01 8.323600292205810547e-01
4.895243942737579346e-01 5.367017984390258789e-01
2.442451864480972290e-01 5.824732184410095215e-01
5.432122945785522461e-01 9.170446991920471191e-01
7.657269835472106934e-01 8.696129173040390015e-02
5.254216790199279785e-01 4.882763698697090149e-02
7.237966656684875488e-01 5.798547267913818359e-01
8.404961228370666504e-01 2.198047041893005371e-01
3.977673947811126709e-01 7.375261783599853516e-01
1.277191657572984695e-02 3.619150221347808838e-01
4.413508772850036621e-01 1.965389549732208252e-01
4.861845821142196655e-02 2.600634992122650146e-01
8.422054052352905273e-01 6.606298089027404785e-01
5.063340663909912109e-01 1.955888271331787109e-01
2.394551932811737061e-01 5.763007998466491699e-01
9.221017360687255859e-01 6.804054379463195801e-01
4.887572824954986572e-01 8.085205554962158203e-01
3.177140653133392334e-01 4.400314018130302429e-02
7.845238447189331055e-01 2.349056005477905273e-01
3.978425562381744385e-01 4.547635316848754883e-01
5.085092782974243164e-01 2.337280958890914917e-01
8.996491432189941406e-01 7.097511887550354004e-01
9.287384152412414551e-01 4.209126234054565430e-01
7.485536485910415649e-02 5.356169939041137695e-01
8.556895852088928223e-01 3.521302342414855957e-01
6.086249351501464844e-01 2.333717346191406250e-01
3.713958859443664551e-01 2.532727420330047607e-01
5.966588854789733887e-01 5.333629846572875977e-01
3.930856287479400635e-01 1.474796831607818604e-01
2.785532176494598389e-01 5.673040747642517090e-01
4.258310794830322266e-01 2.427117526531219482e-01
3.520954847335815430e-01 1.153888553380966187e-01
3.402244746685028076e-01 3.926639556884765625e-01
6.727352738380432129e-01 6.242682337760925293e-01
6.110768020153045654e-02 2.825331389904022217e-01
9.210478663444519043e-01 9.051606059074401855e-01
6.651921272277832031e-01 4.219313263893127441e-01
2.784977257251739502e-01 4.800215065479278564e-01
5.374165177345275879e-01 1.479748785495758057e-01
3.034889400005340576e-01 1.126916334033012390e-01
3.380646705627441406e-01 7.898971438407897949e-01
6.848068833351135254e-01 8.173540830612182617e-01
5.355744957923889160e-01 6.075555682182312012e-01
4.456157982349395752e-01 5.642622113227844238e-01
1.300371885299682617e-01 6.860831379890441895e-01
2.634097337722778320e-01 9.438622593879699707e-01
2.954321540892124176e-02 2.197755128145217896e-01
4.086957275867462158e-01 1.649941653013229370e-01
5.111669898033142090e-01 3.618560731410980225e-01
9.128637909889221191e-01 4.894626140594482422e-01
5.056790709495544434e-01 1.392148584127426147e-01
3.863164484500885010e-01 1.194194331765174866e-01
1.035996899008750916e-01 4.190268516540527344e-01
6.205015778541564941e-01 9.667877554893493652e-01
9.509473294019699097e-02 8.395081758499145508e-01
6.553807109594345093e-02 3.456437289714813232e-01
1.019659787416458130e-01 4.858581721782684326e-01
7.521294951438903809e-01 6.750549674034118652e-01
3.909812495112419128e-02 9.955697655677795410e-01
2.295179814100265503e-01 3.124586343765258789e-01
9.147690534591674805e-01 5.068108811974525452e-02
8.861795067787170410e-01 1.214552894234657288e-01
2.929070731624960899e-03 9.266575574874877930e-01
4.665098488330841064e-01 8.385429382324218750e-01
9.712704420089721680e-01 5.462648868560791016e-01
5.925267934799194336e-01 8.320088386535644531e-01
2.438838593661785126e-02 9.722903966903686523e-01
1.915876418352127075e-01 3.826341032981872559e-01
4.993913173675537109e-01 5.029307007789611816e-01
3.109225817024707794e-02 1.896832138299942017e-01
8.619566559791564941e-01 3.753446638584136963e-01
8.652439117431640625e-01 1.043558865785598755e-01
5.975926518440246582e-01 3.936797082424163818e-01
3.564373850822448730e-01 7.373404502868652344e-01
8.214651346206665039e-01 3.134683072566986084e-01
8.387950062751770020e-01 7.672213315963745117e-01
2.849974855780601501e-02 4.914636611938476562e-01
2.544007599353790283e-01 4.216736555099487305e-01
1.028427705168724060e-01 3.004148043692111969e-02
2.861523628234863281e-02 9.047663807868957520e-01
8.578207492828369141e-01 2.139362394809722900e-01
2.283742725849151611e-01 5.527787208557128906e-01
4.041275382041931152e-02 6.987107396125793457e-01
1.524442285299301147e-01 5.083363056182861328e-01
9.333841800689697266e-01 8.902249932289123535e-01
9.308379292488098145e-01 5.343556404113769531e-01
1.459173019975423813e-02 1.070580855011940002e-01
5.184012651443481445e-02 2.071673125028610229e-01
2.794778048992156982e-01 5.064408183097839355e-01
4.752025604248046875e-01 6.129806637763977051e-01
1.681542992591857910e-01 4.182032942771911621e-01
8.600906282663345337e-02 1.327461749315261841e-01
6.642788052558898926e-01 5.910149216651916504e-01
3.598914146423339844e-01 7.829256057739257812e-01
8.180465698242187500e-01 1.957496404647827148e-01
7.514279484748840332e-01 9.101821780204772949e-01
9.846870303153991699e-01 7.523797750473022461e-01
1.925067603588104248e-02 8.794539570808410645e-01
5.066505074501037598e-01 7.882496118545532227e-01
8.499708771705627441e-01 5.269922781735658646e-03
6.747118830680847168e-01 7.347896695137023926e-02
2.281244695186614990e-01 3.725290298461914062e-01
2.894833385944366455e-01 1.548868119716644287e-01
1.019463762640953064e-01 1.858798861503601074e-01
4.242021739482879639e-01 5.494701862335205078e-01
9.281944632530212402e-01 3.871848583221435547e-01
8.089113980531692505e-02 5.114289522171020508e-01
1.344429403543472290e-01 7.135750055313110352e-01
4.075031876564025879e-01 2.658890783786773682e-01
5.972968041896820068e-02 3.328470289707183838e-01
7.485602498054504395e-01 4.990870952606201172e-01
6.254428625106811523e-01 4.399199485778808594e-01
7.182994484901428223e-01 6.843817830085754395e-01
5.798519253730773926e-01 4.461497068405151367e-01
6.862614154815673828e-01 3.718423545360565186e-01
9.479578137397766113e-01 3.832585215568542480e-01
8.831123113632202148e-01 6.840286850929260254e-01
4.712301194667816162e-01 7.418991923332214355e-01
1.853250712156295776e-01 8.566402196884155273e-01
5.614475011825561523e-01 1.447012424468994141e-01
5.667296648025512695e-01 4.595257937908172607e-01
1.365059800446033478e-02 3.963604867458343506e-01
2.493980973958969116e-01 2.377509921789169312e-01
8.036231994628906250e-01 2.642442882061004639e-01
5.869152545928955078e-01 9.346172809600830078e-01
7.098118662834167480e-01 2.902070581912994385e-01
1.170178875327110291e-01 4.963459074497222900e-01
7.516342401504516602e-01 3.441044390201568604e-01
9.527856111526489258e-01 4.292044043540954590e-01
3.664130270481109619e-01 6.125656962394714355e-01
3.736439645290374756e-01 6.587186455726623535e-01
6.439305096864700317e-02 3.584226965904235840e-01
7.432999014854431152e-01 9.283125996589660645e-01
6.513646841049194336e-01 8.007032275199890137e-01
4.933386445045471191e-01 5.706155300140380859e-01
8.621219992637634277e-01 1.438851654529571533e-01
1.717490404844284058e-01 8.496703505516052246e-01
6.593846678733825684e-01 3.050187528133392334e-01
9.445533156394958496e-01 4.756655693054199219e-01
1.547737978398799896e-02 9.118500351905822754e-01
7.532985210418701172e-01 6.040021777153015137e-01
7.733039259910583496e-01 1.460649520158767700e-01
8.969359397888183594e-01 2.303448468446731567e-01
3.679305911064147949e-01 4.328456819057464600e-01
9.391607642173767090e-01 1.180143654346466064e-01
5.164218544960021973e-01 1.110677421092987061e-01
3.294985890388488770e-01 2.249774038791656494e-01
8.806908726692199707e-01 4.434057772159576416e-01
6.453482508659362793e-01 8.648283481597900391e-01
4.047993123531341553e-01 1.179691404104232788e-01
6.291912794113159180e-01 4.547621905803680420e-01
9.491851925849914551e-01 3.009589314460754395e-01
1.836716234683990479e-01 7.577650547027587891e-01
7.484912276268005371e-01 4.641040563583374023e-01
