5.069471001625061035e-01 4.649456143379211426e-01
5.418959259986877441e-01 3.279439210891723633e-01
1.488369256258010864e-01 6.369566917419433594e-01
3.726694881916046143e-01 4.336338937282562256e-01
6.304961442947387695e-01 6.782389879226684570e-01
7.324265837669372559e-01 3.639504313468933105e-01
7.264062166213989258e-01 8.381726741790771484e-01
8.051620721817016602e-01 1.936746388673782349e-01
8.845807909965515137e-01 5.655449032783508301e-01
2.922078669071197510e-01 4.453536868095397949e-01
9.815286397933959961e-01 9.220679849386215210e-02
8.202464580535888672e-01 7.957752346992492676e-01
5.750792622566223145e-01 6.708704233169555664e-01
4.921872615814208984e-01 4.707332849502563477e-01
1.672594100236892700e-01 3.765529096126556396e-01
2.823303639888763428e-01 3.758960366249084473e-01
9.433069229125976562e-01 6.212884783744812012e-01
3.474076688289642334e-01 6.006414294242858887e-01
9.503682851791381836e-01 9.462087154388427734e-01
5.581030845642089844e-01 5.655799508094787598e-01
1.866256073117256165e-02 8.658295869827270508e-01
6.816170215606689453e-01 1.216892600059509277e-01
5.127942562103271484e-01 1.931003779172897339e-01
6.524398922920227051e-01 8.908363431692123413e-02
6.717173457145690918e-01 5.689303278923034668e-01
9.943108260631561279e-02 7.524842023849487305e-01
2.767910063266754150e-01 6.167505383491516113e-01
4.671954214572906494e-01 4.566081464290618896e-01
4.958199262619018555e-01 5.713576078414916992e-01
5.982738733291625977e-01 1.811207085847854614e-01
4.615047276020050049e-01 1.127614453434944153e-01
8.580999374389648438e-01 4.266001284122467041e-01
3.257971107959747314e-01 1.631702929735183716e-01
2.578824162483215332e-01 2.842042148113250732e-01
6.914029717445373535e-01 4.058230221271514893e-01
4.810459613800048828e-01 4.846101999282836914e-01
2.617933154106140137e-01 8.422877788543701172e-01
7.063286900520324707e-01 8.932334780693054199e-01
4.988883435726165771e-01 7.021638154983520508e-01
8.689783513545989990e-02 4.256805479526519775e-01
3.623578250408172607e-01 2.403543293476104736e-01
8.439231514930725098e-01 8.886752724647521973e-01
2.551086246967315674e-01 5.296573638916015625e-01
2.817928194999694824e-01 4.550365209579467773e-01
8.333400487899780273e-01 8.249663710594177246e-01
6.741977930068969727e-01 2.316791415214538574e-01
9.974376112222671509e-02 5.789589881896972656e-01
6.334836483001708984e-01 1.070012226700782776e-01
3.562137484550476074e-01 3.958375751972198486e-01
9.278604388236999512e-01 6.059326529502868652e-01
5.074120759963989258e-01 5.001751184463500977e-01
4.204536974430084229e-01 2.452740222215652466e-01
6.605147123336791992e-01 8.666031360626220703e-01
1.120545668527483940e-03 2.790690362453460693e-01
8.116793632507324219e-01 9.977227449417114258e-01
3.947696089744567871e-01 5.538606643676757812e-01
5.936599969863891602e-01 4.835567474365234375e-01
6.574587225914001465e-01 2.013657987117767334e-01
8.104233145713806152e-01 7.408945560455322266e-01
7.017408609390258789e-01 1.847179979085922241e-01
2.652436792850494385e-01 5.729255676269531250e-01
4.568971693515777588e-01 2.271916866302490234e-01
4.333550631999969482e-01 1.260495483875274658e-01
7.315572500228881836e-01 1.099276095628738403e-01
4.407877102494239807e-02 3.290616571903228760e-01
9.222456812858581543e-01 3.670152127742767334e-01
8.526929020881652832e-01 6.433781385421752930e-01
1.400474458932876587e-01 6.323726177215576172e-01
3.301257491111755371e-01 1.068685855716466904e-02
8.473720550537109375e-01 4.514664709568023682e-01
9.089103937149047852e-01 6.028253436088562012e-01
5.286379456520080566e-01 1.763160154223442078e-02
6.628387570381164551e-01 4.302001297473907471e-01
3.136565685272216797e-01 3.465530574321746826e-01
8.920943737030029297e-01 3.991341888904571533e-01
8.717723935842514038e-02 8.421551585197448730e-01
1.812708824872970581e-01 4.446023404598236084e-01
5.854960680007934570e-01 2.735052406787872314e-01
8.706777691841125488e-01 9.514760971069335938e-02
8.241537809371948242e-01 9.939472079277038574e-01
2.587033808231353760e-01 3.193887174129486084e-01
7.755088806152343750e-01 6.976388096809387207e-01
5.544884800910949707e-01 7.849917747080326080e-03
9.637965559959411621e-01 1.777040809392929077e-01
7.831597328186035156e-01 1.373945474624633789e-01
4.529018104076385498e-01 5.632376670837402344e-01
6.944203972816467285e-01 8.499913215637207031e-01
4.912600293755531311e-02 2.418201267719268799e-01
4.454609751701354980e-01 5.286757946014404297e-01
6.486659646034240723e-01 6.538368463516235352e-01
4.904207885265350342e-01 2.842352986335754395e-01
1.027889251708984375e-01 4.332015663385391235e-02
1.297683268785476685e-01 9.295924305915832520e-01
2.114943973720073700e-02 4.720573127269744873e-01
6.322489380836486816e-01 2.060960084199905396e-01
6.864687800407409668e-01 7.000303864479064941e-01
2.956008315086364746e-01 2.543350160121917725e-01
1.701898127794265747e-01 6.274612545967102051e-01
5.639930367469787598e-01 3.638761043548583984e-01
6.469701528549194336e-01 1.916120648384094238e-01
2.095001041889190674e-01 6.206901669502258301e-01
4.290810525417327881e-01 9.458242058753967285e-01
1.696443185210227966e-02 8.532282710075378418e-01
2.970085740089416504e-01 2.734580338001251221e-01
8.742850422859191895e-01 3.840359449386596680e-01
3.956555724143981934e-01 1.422296911478042603e-01
7.911832332611083984e-01 6.906497478485107422e-01
7.155164480209350586e-01 3.502861782908439636e-02
1.015243157744407654e-01 4.480312168598175049e-01
7.941771149635314941e-01 3.102349117398262024e-02
1.778464913368225098e-01 7.293947339057922363e-01
9.101991057395935059e-01 3.582928478717803955e-01
6.513450145721435547e-01 4.091674685478210449e-01
8.715983033180236816e-01 8.700740337371826172e-01
6.879901289939880371e-01 6.045230627059936523e-01
3.086456060409545898e-01 7.181923389434814453e-01
5.870120525360107422e-01 2.631379067897796631e-01
5.521535277366638184e-01 8.691930025815963745e-02
6.284621953964233398e-01 9.854252338409423828e-01
2.286426424980163574e-01 4.001505672931671143e-01
4.446942806243896484e-01 6.826702356338500977e-01
3.262925446033477783e-01 4.207172691822052002e-01
2.826893925666809082e-01 5.123022198677062988e-01
2.751781344413757324e-01 5.213610529899597168e-01
7.303634881973266602e-01 9.057745933532714844e-01
4.013939797878265381e-01 6.248156428337097168e-01
3.571418523788452148e-01 2.144033759832382202e-01
4.506691992282867432e-01 7.304329872131347656e-01
6.127221584320068359e-01 9.565030932426452637e-01
3.737280378118157387e-03 5.832472443580627441e-01
9.859978556632995605e-01 4.151825606822967529e-01
4.745724797248840332e-01 5.676137208938598633e-01
9.681684970855712891e-01 7.863976061344146729e-02
7.784899473190307617e-01 5.169002413749694824e-01
8.889877200126647949e-01 7.697347998619079590e-01
7.909914255142211914e-01 4.352847933769226074e-01
7.073920369148254395e-01 4.257764518260955811e-01
5.905194878578186035e-01 9.494272470474243164e-01
8.110444545745849609e-01 1.670559942722320557e-01
3.362406417727470398e-02 7.548055648803710938e-01
3.411341011524200439e-01 6.889870017766952515e-02
1.378941386938095093e-01 5.987079739570617676e-01
6.890444159507751465e-01 4.476162791252136230e-01
5.891285538673400879e-01 2.614593505859375000e-01
8.291491866111755371e-01 4.187194705009460449e-01
9.207186698913574219e-01 3.227559849619865417e-02
4.629648625850677490e-01 9.069755077362060547e-01
5.967096686363220215e-01 4.581728875637054443e-01
7.150142192840576172e-01 2.813232541084289551e-01
8.865935206413269043e-01 2.345496118068695068e-01
2.064594477415084839e-01 1.785999350249767303e-02
9.889881014823913574e-01 1.416235044598579407e-02
5.676712393760681152e-01 7.794601470232009888e-02
2.584818899631500244e-01 6.534323692321777344e-01
8.411040306091308594e-01 6.988893151283264160e-01
6.723821163177490234e-01 7.502221465110778809e-01
1.901470939628779888e-03 3.693982064723968506e-01
4.459718167781829834e-01 5.616103410720825195e-01
2.076973170042037964e-01 2.283934950828552246e-01
1.215587109327316284e-01 4.819650352001190186e-01
1.026604473590850830e-01 5.427407450042665005e-04
8.050643205642700195e-01 6.163555383682250977e-02
2.334245741367340088e-01 3.042388856410980225e-01
1.522454470396041870e-01 6.115543246269226074e-01
9.701234698295593262e-01 4.792132973670959473e-01
3.359524309635162354e-01 2.398306578397750854e-01
2.070574462413787842e-01 3.768370747566223145e-01
8.265549540519714355e-01 5.206393599510192871e-01
8.829587101936340332e-01 6.772197782993316650e-02
4.282246902585029602e-02 7.448771595954895020e-01
1.680975258350372314e-01 7.630346417427062988e-01
8.371838927268981934e-01 3.865341246128082275e-01
9.525657892227172852e-01 5.155498385429382324e-01
2.550653815269470215e-01 3.727506995201110840e-01
8.476760983467102051e-01 6.302921772003173828e-01
6.700487732887268066e-01 8.167310953140258789e-01
3.565797805786132812e-01 3.186147809028625488e-01
9.044825434684753418e-01 9.608861207962036133e-01
2.479347735643386841e-01 9.697524905204772949e-01
7.928998470306396484e-01 5.045025348663330078e-01
5.843887329101562500e-01 9.873498082160949707e-01
9.932190924882888794e-02 1.685808785259723663e-02
5.692236423492431641e-01 4.925825297832489014e-01
7.942001819610595703e-01 8.624600172042846680e-01
4.080325067043304443e-01 4.603423178195953369e-01
4.090375304222106934e-01 1.015976294875144958e-01
5.804525017738342285e-01 1.210703998804092407e-01
8.148549795150756836e-01 7.707580924034118652e-01
8.205042481422424316e-01 4.169784113764762878e-02
9.425748586654663086e-01 4.514065682888031006e-01
5.759102702140808105e-01 3.177252411842346191e-01
8.193520307540893555e-01 5.961341857910156250e-01
1.281969845294952393e-01 9.333343505859375000e-01
6.689277887344360352e-01 4.176476597785949707e-01
2.432896196842193604e-01 5.008998513221740723e-01
2.893283963203430176e-01 6.162794306874275208e-02
1.895374655723571777e-01 5.095140337944030762e-01
3.411206975579261780e-02 2.140277326107025146e-01
7.897547483444213867e-01 9.686126112937927246e-01
3.411839902400970459e-01 1.932674050331115723e-01
5.620230436325073242e-01 7.191335558891296387e-01
9.809814095497131348e-01 5.095478296279907227e-01
9.235717058181762695e-01 6.441789865493774414e-01
7.106115818023681641e-01 5.375745296478271484e-01
7.651208043098449707e-01 3.944717347621917725e-01
7.729150056838989258e-01 7.479021698236465454e-02
6.267746090888977051e-01 6.412869691848754883e-02
7.894909381866455078e-01 5.681878924369812012e-01
1.838939189910888672e-01 7.823243737220764160e-01
9.414967894554138184e-01 4.042320549488067627e-01
8.171508312225341797e-01 8.547897338867187500e-01
8.627333045005798340e-01 9.281667470932006836e-01
3.792385756969451904e-01 3.078387379646301270e-01
1.192309521138668060e-02 5.182194709777832031e-01
5.280103683471679688e-01 3.447509929537773132e-02
7.430093288421630859e-01 6.231070756912231445e-01
1.445599198341369629e-01 3.872191905975341797e-01
2.609003484249114990e-01 3.677639365196228027e-01
3.778959810733795166e-01 7.011697888374328613e-01
2.553273439407348633e-01 2.203035056591033936e-01
5.904552340507507324e-01 6.261077523231506348e-01
9.143135547637939453e-01 2.668340690433979034e-03
5.367306470870971680e-01 6.464755535125732422e-01
1.846728026866912842e-01 5.576176047325134277e-01
7.545214295387268066e-01 7.799540758132934570e-01
9.532352685928344727e-01 4.268011152744293213e-01
1.986756771802902222e-01 8.162922263145446777e-01
9.451827406883239746e-01 3.219574689865112305e-01
7.870958447456359863e-01 2.681564688682556152e-01
7.374568581581115723e-01 2.402199245989322662e-02
3.419918417930603027e-01 3.863283991813659668e-01
7.782567739486694336e-01 6.245575547218322754e-01
6.299055814743041992e-01 6.660583615303039551e-01
9.729126691818237305e-01 6.495203077793121338e-02
1.452143788337707520e-01 3.139666616916656494e-01
5.090340971946716309e-01 1.937476359307765961e-02
1.117282807826995850e-01 2.220922410488128662e-01
8.135458827018737793e-01 5.574057698249816895e-01
4.614740014076232910e-01 2.859817147254943848e-01
7.250607013702392578e-01 6.921663880348205566e-01
7.067596316337585449e-01 2.992709279060363770e-01
3.923486452549695969e-03 7.765592336654663086e-01
1.915226876735687256e-01 4.378123283386230469e-01
5.613136291503906250e-01 4.931569099426269531e-01
5.009583830833435059e-01 6.494756340980529785e-01
3.576203584671020508e-01 6.835796833038330078e-01
2.034082412719726562e-01 7.723466157913208008e-01
4.126361608505249023e-01 2.325846552848815918e-01
1.733836829662322998e-01 3.006706237792968750e-01
5.565779209136962891e-01 9.467757940292358398e-01
4.910434186458587646e-01 3.032702207565307617e-01
4.448120892047882080e-01 1.950666159391403198e-01
3.562869131565093994e-01 9.941610693931579590e-01
3.213678598403930664e-01 8.674946427345275879e-01
2.510383725166320801e-01 3.915738686919212341e-02
1.346415467560291290e-02 2.741106152534484863e-01
1.963962614536285400e-01 2.604929506778717041e-01
1.249560862779617310e-01 2.154997587203979492e-01
2.670136690139770508e-01 5.261933207511901855e-01
4.930147230625152588e-01 7.722011208534240723e-01
8.837982416152954102e-01 6.204593181610107422e-01
2.149422317743301392e-01 6.429232358932495117e-01
7.937395572662353516e-01 3.173660114407539368e-02
3.384710848331451416e-01 9.520229101181030273e-01
4.101374745368957520e-01 7.203219532966613770e-01
5.140356421470642090e-01 2.809296548366546631e-01
3.161481320858001709e-01 4.298938512802124023e-01
5.447505116462707520e-01 9.758881926536560059e-01
4.677411317825317383e-01 8.067159652709960938e-01
6.964749097824096680e-01 3.842427730560302734e-01
6.100068688392639160e-01 2.133925408124923706e-01
6.957327723503112793e-01 2.940792739391326904e-01
5.086580514907836914e-01 2.947239577770233154e-01
1.000391319394111633e-01 1.999469846487045288e-01
4.505024850368499756e-01 6.950410604476928711e-01
9.675254821777343750e-01 9.367374330759048462e-02
1.966828107833862305e-01 2.282722294330596924e-01
9.196335077285766602e-01 6.575656533241271973e-01
5.976181030273437500e-01 1.659480184316635132e-01
1.146837398409843445e-01 3.712627589702606201e-01
2.780381441116333008e-01 9.998451471328735352e-01
8.921421766281127930e-01 1.110050380229949951e-01
3.512615561485290527e-01 1.688131690025329590e-01
7.103163599967956543e-01 6.021108478307723999e-02
1.602772437036037445e-02 9.125562906265258789e-01
8.777951598167419434e-01 2.685672640800476074e-01
9.599401354789733887e-01 2.791339159011840820e-01
6.296190023422241211e-01 3.854310214519500732e-01
9.022682309150695801e-01 9.188127517700195312e-01
2.607435584068298340e-01 7.639869451522827148e-01
4.307648539543151855e-01 2.357921898365020752e-01
3.591743707656860352e-01 3.638264536857604980e-02
6.218839287757873535e-01 2.330692410469055176e-01
1.990849673748016357e-01 7.341886758804321289e-01
8.500178456306457520e-01 3.311833739280700684e-01
8.258682489395141602e-02 4.121812582015991211e-01
8.498101234436035156e-01 8.654780387878417969e-01
3.334757685661315918e-01 7.853719592094421387e-01
2.109378576278686523e-01 1.499304473400115967e-01
7.772922515869140625e-01 5.079505220055580139e-02
2.721573114395141602e-01 3.385405838489532471e-01
3.620779216289520264e-01 4.391554743051528931e-02
2.329003065824508667e-01 3.609319031238555908e-01
4.131717681884765625e-01 1.426959875971078873e-02
5.416290163993835449e-01 1.738198250532150269e-01
9.616248607635498047e-01 1.822503954172134399e-01
2.340933680534362793e-01 2.049479484558105469e-01
8.308901637792587280e-02 9.866307675838470459e-02
9.303130507469177246e-01 3.187523484230041504e-01
7.639386057853698730e-01 2.202968299388885498e-01
8.659187555313110352e-01 3.673131465911865234e-01
4.843349158763885498e-01 9.704833030700683594e-01
7.236323356628417969e-01 6.952770948410034180e-01
4.400902688503265381e-01 5.077823996543884277e-01
9.881568551063537598e-01 9.003800749778747559e-01
8.328372836112976074e-01 2.609863579273223877e-01
2.876625359058380127e-01 5.694634839892387390e-02
4.968901574611663818e-01 3.921884000301361084e-01
9.703410863876342773e-01 2.940103113651275635e-01
6.976128816604614258e-01 3.939296305179595947e-01
1.879994869232177734e-01 2.565176486968994141e-01
7.966196537017822266e-01 8.273344635963439941e-01
9.931586682796478271e-02 9.081410169601440430e-01
3.508274555206298828e-01 1.775986403226852417e-01
7.241876721382141113e-01 5.826319381594657898e-02
3.547055125236511230e-01 9.792519807815551758e-01
5.822188854217529297e-01 3.817528486251831055e-01
2.228286564350128174e-01 9.171451441943645477e-03
1.774678081274032593e-01 7.289033532142639160e-01
3.946946859359741211e-01 1.174892708659172058e-01
7.086941003799438477e-01 9.378055334091186523e-01
5.697907209396362305e-01 1.346318870782852173e-01
1.742284744977951050e-01 5.863598585128784180e-01
6.722360849380493164e-01 3.530279397964477539e-01
3.483284264802932739e-02 3.624980151653289795e-01
5.471517890691757202e-02 6.183501482009887695e-01
8.512657880783081055e-01 2.815334796905517578e-01
9.038571119308471680e-01 2.822026312351226807e-01
8.138899803161621094e-01 2.736942172050476074e-01
7.428170442581176758e-01 2.596826553344726562e-01
7.328420281410217285e-01 9.240745902061462402e-01
1.211401671171188354e-01 4.054067134857177734e-01
3.320688307285308838e-01 5.908482074737548828e-01
5.696478486061096191e-01 3.115565180778503418e-01
7.060482501983642578e-01 1.346919089555740356e-01
5.825314521789550781e-01 1.800229102373123169e-01
3.509270548820495605e-01 3.775390982627868652e-01
6.726366877555847168e-01 6.650486588478088379e-01
7.776840925216674805e-01 8.510398268699645996e-01
9.640285372734069824e-01 8.556967973709106445e-02
1.805672645568847656e-01 3.381306231021881104e-01
3.875000476837158203e-01 8.053632974624633789e-01
8.172546029090881348e-01 6.559423208236694336e-01
4.290576577186584473e-01 6.742200851440429688e-01
7.020883560180664062e-01 1.725274622440338135e-01
4.230236262083053589e-02 8.358563184738159180e-01
5.423638224601745605e-01 2.828743755817413330e-01
5.738747715950012207e-01 8.503295183181762695e-01
1.454873979091644287e-01 1.825470328330993652e-01
8.162245750427246094e-01 2.792258858680725098e-01
8.215452730655670166e-02 9.075548648834228516e-01
1.789103299379348755e-01 6.517450213432312012e-01
6.560742855072021484e-01 6.333142518997192383e-01
8.332934975624084473e-01 5.617988705635070801e-01
6.277421116828918457e-01 1.322912424802780151e-01
5.527541041374206543e-01 7.130358219146728516e-01
2.560932636260986328e-01 1.297942101955413818e-01
7.484552264213562012e-01 5.219558477401733398e-01
5.031043291091918945e-01 6.942678093910217285e-01
2.734808623790740967e-01 6.587323546409606934e-01
8.173543214797973633e-01 5.502570271492004395e-01
4.847799539566040039e-01 6.541907787322998047e-01
2.282764911651611328e-01 4.284932017326354980e-01
3.612487316131591797e-01 3.716877102851867676e-01
8.624081611633300781e-01 4.717279672622680664e-01
6.407189965248107910e-01 5.547778680920600891e-02
7.846610546112060547e-01 2.886374294757843018e-01
3.939844071865081787e-01 1.719956845045089722e-01
2.012565732002258301e-01 8.249273896217346191e-02
7.512255311012268066e-01 3.960047364234924316e-01
6.177278757095336914e-01 4.568497240543365479e-01
1.285626441240310669e-01 5.553610920906066895e-01
3.378568291664123535e-01 9.530872106552124023e-01
7.454305291175842285e-01 5.621694326400756836e-01
7.982920110225677490e-02 9.513765573501586914e-01
2.672093808650970459e-01 5.627745985984802246e-01
5.644074678421020508e-01 3.961017355322837830e-02
9.390044808387756348e-01 1.759476512670516968e-01
7.634938955307006836e-01 7.621345520019531250e-01
4.802733361721038818e-01 6.018494963645935059e-01
6.134722232818603516e-01 6.857796907424926758e-01
6.097488403320312500e-01 3.583746552467346191e-01
3.413547575473785400e-02 7.700355648994445801e-01
8.657710254192352295e-02 5.871372818946838379e-01
5.746228098869323730e-01 5.558585375547409058e-02
5.561088323593139648e-01 7.544357776641845703e-01
7.278838157653808594e-01 9.971825480461120605e-01
4.038946032524108887e-01 4.448270499706268311e-01
7.457526326179504395e-01 5.593392848968505859e-01
5.395850539207458496e-01 9.894510507583618164e-01
6.342263221740722656e-01 2.483311668038368225e-02
7.246050238609313965e-01 3.259651362895965576e-01
7.055665850639343262e-01 7.878158688545227051e-01
9.152527898550033569e-02 2.038754522800445557e-01
2.000964432954788208e-01 6.541330814361572266e-01
5.257706046104431152e-01 2.284755557775497437e-01
4.976582825183868408e-01 8.799437284469604492e-01
4.878283739089965820e-01 9.684228301048278809e-01
7.622473239898681641e-01 3.647396862506866455e-01
3.057627081871032715e-01 5.936288237571716309e-01
5.339565873146057129e-01 6.339290738105773926e-02
2.023528963327407837e-01 4.855274856090545654e-01
5.419022440910339355e-01 8.409656882286071777e-01
1.940692514181137085e-01 2.042914628982543945e-01
8.179890513420104980e-01 6.383078098297119141e-01
1.967594623565673828e-01 6.653875708580017090e-01
1.703247874975204468e-01 3.451536893844604492e-01
8.797363638877868652e-01 1.858300715684890747e-01
9.848443418741226196e-02 6.540079116821289062e-01
1.746125072240829468e-01 2.341023236513137817e-01
3.791341185569763184e-01 8.577314615249633789e-01
2.883542776107788086e-01 7.604468464851379395e-01
1.008141338825225830e-01 4.414237737655639648e-01
1.875947266817092896e-01 5.148965716361999512e-01
1.998063027858734131e-01 6.918881088495254517e-02
5.669882893562316895e-01 4.583322703838348389e-01
5.229408740997314453e-01 4.800472036004066467e-02
8.205432295799255371e-01 1.977878957986831665e-01
2.629491686820983887e-01 6.014697551727294922e-01
3.473399281501770020e-01 4.219627380371093750e-01
3.823301196098327637e-01 5.049955248832702637e-01
7.545533776283264160e-01 5.103502273559570312e-01
8.176785707473754883e-01 2.483255565166473389e-01
6.573388576507568359e-01 8.179422020912170410e-01
9.933604001998901367e-01 8.816024661064147949e-02
3.841022849082946777e-01 7.932371497154235840e-01
4.274699091911315918e-01 8.497728109359741211e-01
8.412913233041763306e-02 6.027492284774780273e-01
2.799003720283508301e-01 6.383737176656723022e-02
4.442071914672851562e-01 6.931562423706054688e-01
8.623147010803222656e-01 1.059437692165374756e-01
2.738456130027770996e-01 1.870135664939880371e-01
8.905981183052062988e-01 1.487993150949478149e-01
8.768959045410156250e-01 9.610444307327270508e-01
8.821169734001159668e-01 5.149887204170227051e-01
3.684462010860443115e-01 4.565240740776062012e-01
1.220385581254959106e-01 5.862487554550170898e-01
9.259271621704101562e-01 5.549057722091674805e-01
4.302176237106323242e-01 2.316116094589233398e-01
5.189319252967834473e-01 4.555563032627105713e-01
9.716552495956420898e-01 3.892048299312591553e-01
4.781633317470550537e-01 9.561632275581359863e-01
9.774368405342102051e-01 2.245033830404281616e-01
5.353775620460510254e-01 5.424954891204833984e-01
8.671192526817321777e-01 5.076028108596801758e-01
9.913961291313171387e-01 9.876162745058536530e-03
7.775419354438781738e-01 2.573449350893497467e-02
2.388374060392379761e-01 6.448038220405578613e-01
3.912583589553833008e-01 9.155212044715881348e-01
4.304501414299011230e-01 1.864284425973892212e-01
7.018782496452331543e-01 2.582367360591888428e-01
5.466089248657226562e-01 7.909396886825561523e-01
4.902704358100891113e-01 4.831717908382415771e-01
8.269668817520141602e-01 1.294299867004156113e-02
8.627459406852722168e-01 5.241428613662719727e-01
5.928375124931335449e-01 8.743794560432434082e-01
7.872454524040222168e-01 7.474356889724731445e-01
2.641454339027404785e-01 9.579360485076904297e-02
5.200433731079101562e-01 1.639510542154312134e-01
6.076333522796630859e-01 5.349836945533752441e-01
3.161742687225341797e-01 9.916508197784423828e-01
4.580329060554504395e-01 3.123499751091003418e-01
2.079648524522781372e-01 4.929808974266052246e-01
9.862814545631408691e-01 9.778058528900146484e-01
9.737691879272460938e-01 3.828072547912597656e-01
8.254438042640686035e-01 7.941899895668029785e-01
9.321047067642211914e-01 1.606348007917404175e-01
7.293843626976013184e-01 7.504622936248779297e-01
6.836358457803726196e-02 3.706641495227813721e-01
9.820734858512878418e-01 5.540242195129394531e-01
8.104728460311889648e-01 5.322419404983520508e-01
9.285264015197753906e-01 8.524267673492431641e-01
5.995298027992248535e-01 8.865471482276916504e-01
7.219503521919250488e-01 3.432549238204956055e-01
3.602432906627655029e-01 6.756178736686706543e-01
7.507949471473693848e-01 4.429263472557067871e-01
5.418788790702819824e-01 6.294719576835632324e-01
1.576240658760070801e-01 5.413925647735595703e-01
7.629162073135375977e-01 1.622675508260726929e-01
6.663766503334045410e-01 2.215739935636520386e-01
9.529203176498413086e-02 5.231806635856628418e-01
6.741145253181457520e-01 9.946811944246292114e-02
1.648164987564086914e-01 9.157006740570068359e-01
7.047182321548461914e-01 1.783319413661956787e-01
7.031000256538391113e-01 5.776871442794799805e-01
8.094285726547241211e-01 7.541989088058471680e-01
5.552288889884948730e-01 4.205178618431091309e-01
4.987241923809051514e-01 4.337545335292816162e-01
3.565792739391326904e-02 2.367074638605117798e-01
6.794015765190124512e-01 3.905428647994995117e-01
7.551212310791015625e-01 9.752022027969360352e-01
5.831888914108276367e-01 2.108619362115859985e-01
3.332076072692871094e-01 1.888704597949981689e-01
7.257176190614700317e-02 3.552876710891723633e-01
4.325386881828308105e-01 9.533507227897644043e-01
5.027508735656738281e-01 2.492435276508331299e-01
5.042034387588500977e-01 4.113094210624694824e-01
5.854596495628356934e-01 6.839624047279357910e-01
9.562596082687377930e-01 1.329762190580368042e-01
3.656303286552429199e-01 2.618351280689239502e-01
4.369881153106689453e-01 3.187263906002044678e-01
9.642128944396972656e-01 4.226706027984619141e-01
3.207003176212310791e-01 3.240601345896720886e-02
7.197749018669128418e-01 2.713052332401275635e-01
4.056257009506225586e-01 5.176618099212646484e-01
5.833026170730590820e-01 1.556145101785659790e-01
4.017807543277740479e-01 1.906628608703613281e-01
4.747415706515312195e-02 7.413960695266723633e-01
5.007210969924926758e-01 5.650908946990966797e-01
2.174151986837387085e-01 8.040302395820617676e-01
6.106881499290466309e-01 8.989577293395996094e-01
5.106258392333984375e-01 1.368228793144226074e-01
6.373999267816543579e-02 6.632571220397949219e-01
9.061020612716674805e-02 1.927212812006473541e-02
9.164599180221557617e-01 2.468166947364807129e-01
6.155495643615722656e-01 9.004538655281066895e-01
6.563054323196411133e-01 7.468762993812561035e-01
5.506642460823059082e-01 2.212809957563877106e-02
6.182333827018737793e-01 9.957196712493896484e-01
1.778034865856170654e-01 7.212728857994079590e-01
6.263024210929870605e-01 1.149247959256172180e-01
2.926504015922546387e-01 9.162458777427673340e-02
9.526798725128173828e-01 1.371203064918518066e-01
5.049745440483093262e-01 8.710613250732421875e-01
5.624001622200012207e-01 5.865424871444702148e-01
2.479575127363204956e-01 2.324445396661758423e-01
1.739791408181190491e-02 7.035950422286987305e-01
6.939102709293365479e-02 6.779350638389587402e-01
8.195555806159973145e-01 7.559835910797119141e-01
1.138169094920158386e-01 5.483216419816017151e-02
8.924942612648010254e-01 2.501991093158721924e-01
1.777929812669754028e-01 7.368651628494262695e-01
6.144168376922607422e-01 4.615206420421600342e-01
6.325936317443847656e-01 8.681631833314895630e-02
9.986399412155151367e-01 8.707694411277770996e-01
3.450146317481994629e-01 3.135553598403930664e-01
6.618129014968872070e-01 6.533862948417663574e-01
4.361090660095214844e-01 5.456073284149169922e-01
2.490800023078918457e-01 4.309487938880920410e-01
9.677150249481201172e-01 4.167125821113586426e-01
2.943825423717498779e-01 8.308873772621154785e-01
9.919166564941406250e-01 7.190420627593994141e-01
3.259276151657104492e-01 8.872576951980590820e-01
6.682235002517700195e-01 3.404047489166259766e-01
5.586308836936950684e-01 3.720884397625923157e-02
9.822995066642761230e-01 1.388254463672637939e-01
6.562409996986389160e-01 6.858732104301452637e-01
4.119671285152435303e-01 6.434385180473327637e-01
2.504777014255523682e-01 5.149513483047485352e-01
5.157666653394699097e-02 2.869581282138824463e-01
6.701474785804748535e-01 6.133465170860290527e-01
5.571945309638977051e-01 7.540290951728820801e-01
4.336515069007873535e-01 6.189879179000854492e-01
6.958794593811035156e-01 2.102381438016891479e-01
9.646342992782592773e-01 1.857492774724960327e-01
4.297653436660766602e-01 6.460710167884826660e-01
3.483287990093231201e-01 5.759911537170410156e-01
1.229446455836296082e-01 4.727676510810852051e-01
5.111709833145141602e-01 9.198744781315326691e-03
4.520898163318634033e-01 3.266113996505737305e-01
4.791504144668579102e-01 9.026677608489990234e-01
3.997939825057983398e-01 6.951857805252075195e-01
8.761016726493835449e-01 4.637991786003112793e-01
1.705486178398132324e-01 4.884147346019744873e-01
6.604932546615600586e-01 2.575184106826782227e-01
2.007142007350921631e-01 6.302275657653808594e-01
7.781231403350830078e-01 1.365100741386413574e-01
8.971911668777465820e-02 4.461319148540496826e-01
5.159202814102172852e-01 7.087323069572448730e-01
4.591955542564392090e-01 5.271881222724914551e-01
8.279563784599304199e-01 6.591814160346984863e-01
7.323908805847167969e-01 7.554946541786193848e-01
4.390239715576171875e-02 3.028808534145355225e-01
8.568115532398223877e-02 1.341832280158996582e-01
7.360054254531860352e-01 5.256576538085937500e-01
2.860155105590820312e-01 8.634234070777893066e-01
7.112361192703247070e-01 9.102699905633926392e-02
1.033190041780471802e-01 3.241723403334617615e-02
2.017331719398498535e-01 8.703319430351257324e-01
6.641623377799987793e-01 3.689619004726409912e-01
5.663048028945922852e-01 2.043645828962326050e-01
1.700132340192794800e-01 4.004504680633544922e-01
4.483277499675750732e-01 3.424901962280273438e-01
1.506640315055847168e-01 5.453810095787048340e-02
7.860490679740905762e-01 9.994794428348541260e-02
6.596686840057373047e-01 2.403573095798492432e-01
6.815063953399658203e-01 5.725371241569519043e-01
5.571143627166748047e-01 3.757284879684448242e-01
9.597116708755493164e-01 8.238048553466796875e-01
4.729017615318298340e-01 5.481167137622833252e-02
3.398045599460601807e-01 7.855083346366882324e-01
7.807796001434326172e-01 5.427891612052917480e-01
7.443106174468994141e-01 4.252562671899795532e-02
8.003197312355041504e-01 8.222877979278564453e-01
4.422721564769744873e-01 1.739431619644165039e-01
9.214556813240051270e-01 9.081481099128723145e-01
4.540192782878875732e-01 3.623042255640029907e-02
4.854517877101898193e-01 4.620004910975694656e-03
9.103947877883911133e-01 1.924403309822082520e-01
1.570920832455158234e-02 7.809693217277526855e-01
6.550287008285522461e-01 7.736744284629821777e-01
8.009898662567138672e-01 4.291693866252899170e-01
8.010895252227783203e-01 2.954573929309844971e-01
9.426065087318420410e-01 6.004348397254943848e-01
2.875874638557434082e-01 7.930687069892883301e-01
9.223557114601135254e-01 2.235873490571975708e-01
2.622615993022918701e-01 7.359740734100341797e-01
4.223866164684295654e-01 8.040002584457397461e-01
3.939662277698516846e-01 4.813320338726043701e-01
1.661010682582855225e-01 4.094020426273345947e-01
1.411606073379516602e-01 4.646905139088630676e-02
9.772410392761230469e-01 7.625256776809692383e-01
8.856644034385681152e-01 1.923523396253585815e-01
5.571656227111816406e-01 9.415374994277954102e-01
1.134322956204414368e-01 4.219202697277069092e-01
2.991162799298763275e-02 6.498846411705017090e-01
3.127573728561401367e-01 4.612698256969451904e-01
1.173337176442146301e-01 2.114307135343551636e-01
5.650370121002197266e-01 5.735184550285339355e-01
3.486086130142211914e-01 8.273009657859802246e-01
6.892560124397277832e-01 4.266693294048309326e-01
4.906946420669555664e-01 6.442214846611022949e-01
2.308683097362518311e-01 7.297480702400207520e-01
4.785798788070678711e-01 4.095733165740966797e-01
6.442343592643737793e-01 7.212656736373901367e-01
1.536123305559158325e-01 4.891389310359954834e-01
8.903014659881591797e-01 1.559533625841140747e-01
3.094199895858764648e-01 1.096774935722351074e-01
1.657120585441589355e-01 2.727963626384735107e-01
9.652826189994812012e-01 5.644405484199523926e-01
3.325451314449310303e-01 3.945933282375335693e-02
3.176701068878173828e-01 2.353963702917098999e-01
8.408367037773132324e-01 8.932164907455444336e-01
7.987725734710693359e-02 4.421693384647369385e-01
9.381046295166015625e-01 4.067176282405853271e-01
7.296227812767028809e-01 6.042760014533996582e-01
1.330051422119140625e-01 1.417065784335136414e-02
7.969325184822082520e-01 9.318066239356994629e-01
6.827147603034973145e-01 8.022968769073486328e-01
5.722989439964294434e-01 2.953998148441314697e-01
3.671528398990631104e-01 7.160802483558654785e-01
3.063213527202606201e-01 8.204537034034729004e-01
4.017016589641571045e-01 9.975084066390991211e-01
6.861069202423095703e-01 4.329825341701507568e-01
5.837029814720153809e-01 3.741477727890014648e-01
1.656703799962997437e-01 5.493065118789672852e-01
2.762239575386047363e-01 1.210827031172811985e-03
8.458015918731689453e-01 1.768966466188430786e-01
2.647300660610198975e-01 4.684206545352935791e-01
4.284346699714660645e-01 7.438718080520629883e-01
9.902628511190414429e-02 2.218351066112518311e-01
3.726870566606521606e-02 7.684378623962402344e-01
8.006232380867004395e-01 7.043997291475534439e-03
4.789978563785552979e-01 2.920317351818084717e-01
4.143353104591369629e-01 2.125163078308105469e-01
4.632445573806762695e-01 5.374806523323059082e-01
4.381304681301116943e-01 7.575195431709289551e-01
3.450237810611724854e-01 3.900568187236785889e-01
6.363498568534851074e-01 6.425271183252334595e-02
3.086555898189544678e-01 1.207280680537223816e-01
4.763478040695190430e-01 4.644263982772827148e-01
1.983677968382835388e-03 2.938175387680530548e-02
3.580520153045654297e-01 7.618446350097656250e-01
4.100212454795837402e-01 1.267803013324737549e-01
7.317538857460021973e-01 5.641353130340576172e-01
5.670019388198852539e-01 8.733887672424316406e-01
6.482582092285156250e-01 6.161287426948547363e-01
4.964640438556671143e-01 3.264525905251502991e-02
4.973022043704986572e-01 1.067586690187454224e-01
8.129982948303222656e-01 8.352897167205810547e-01
5.141839981079101562e-01 7.834787964820861816e-01
2.082052826881408691e-02 6.508592981845140457e-03
7.821431010961532593e-02 5.987477302551269531e-01
6.153215765953063965e-01 6.365771591663360596e-02
4.132684171199798584e-01 8.835583329200744629e-01
2.659736275672912598e-01 2.189797535538673401e-02
1.229050662368535995e-02 1.503335386514663696e-01
6.394032835960388184e-01 9.284277558326721191e-01
6.014940738677978516e-01 3.930130973458290100e-02
1.013026908040046692e-01 2.664683572947978973e-02
6.135392785072326660e-01 9.615377783775329590e-01
3.087750077247619629e-01 1.521258652210235596e-01
4.669888019561767578e-01 4.895807504653930664e-01
1.616530269384384155e-01 1.562438346445560455e-02
7.852024585008621216e-02 6.977951526641845703e-01
8.610447049140930176e-01 6.750797629356384277e-01
5.046064257621765137e-01 5.556082725524902344e-01
4.389513134956359863e-01 4.613384902477264404e-01
2.403146028518676758e-01 4.300146102905273438e-01
6.487193107604980469e-01 5.855783224105834961e-01
4.765133261680603027e-01 6.780389547348022461e-01
1.102372109889984131e-01 6.008945107460021973e-01
3.657790124416351318e-01 4.936041235923767090e-01
4.335656389594078064e-02 1.933871805667877197e-01
4.447366297245025635e-01 2.114720791578292847e-01
4.507362246513366699e-01 7.244178652763366699e-01
7.133468389511108398e-01 3.992393612861633301e-01
7.858668565750122070e-01 2.735022008419036865e-01
6.737388372421264648e-01 4.912548661231994629e-01
8.557906150817871094e-01 5.139606595039367676e-01
1.505613233894109726e-02 2.662779986858367920e-01
1.349470317363739014e-01 6.919965744018554688e-01
8.014328479766845703e-01 5.832381844520568848e-01
7.891121506690979004e-02 3.721377551555633545e-01
5.105525627732276917e-02 5.955343842506408691e-01
4.640004038810729980e-01 8.478134274482727051e-01
7.289404869079589844e-01 8.840434551239013672e-01
4.567932486534118652e-01 9.410851001739501953e-01
8.804885745048522949e-01 6.122177839279174805e-01
4.643337130546569824e-01 5.186892747879028320e-01
2.067941576242446899e-01 5.690230727195739746e-01
3.781382441520690918e-01 7.333990335464477539e-01
3.341551125049591064e-01 5.566705949604511261e-03
2.669945657253265381e-01 6.637624502182006836e-01
7.863716483116149902e-01 7.359753251075744629e-01
7.730276584625244141e-01 1.264392733573913574e-01
4.246882498264312744e-01 3.579405844211578369e-01
6.869003176689147949e-01 2.326592803001403809e-01
1.027794778347015381e-01 1.273844838142395020e-01
8.445178270339965820e-01 6.834168434143066406e-01
8.400014042854309082e-02 1.454250961542129517e-01
6.076157689094543457e-01 7.812378406524658203e-01
4.648340940475463867e-01 8.269762992858886719e-01
5.627757310867309570e-01 4.944956004619598389e-01
7.198130488395690918e-01 5.210236907005310059e-01
1.405136138200759888e-01 8.385576009750366211e-01
3.397885560989379883e-01 5.420781373977661133e-01
4.568926692008972168e-01 6.624214053153991699e-01
3.517808020114898682e-01 3.072370588779449463e-01
5.856114029884338379e-01 4.726542830467224121e-01
9.209251403808593750e-01 1.358069628477096558e-01
4.471131786704063416e-02 1.955656409263610840e-01
9.754984974861145020e-01 2.202227860689163208e-01
6.686170697212219238e-01 1.054826751351356506e-01
3.629618585109710693e-01 1.064353063702583313e-01
9.067806005477905273e-01 1.441387534141540527e-01
2.325286120176315308e-01 7.907422780990600586e-01
8.541327118873596191e-01 2.008297145366668701e-01
7.270023226737976074e-02 4.954093992710113525e-01
7.152681350708007812e-01 2.447476387023925781e-01
4.750997722148895264e-01 1.978837996721267700e-01
5.579955577850341797e-01 9.698622226715087891e-01
9.036521315574645996e-01 2.396820336580276489e-01
6.108441352844238281e-01 5.074663758277893066e-01
9.273133873939514160e-01 7.604556679725646973e-01
9.495108127593994141e-01 6.951206326484680176e-01
2.480061538517475128e-02 5.661162137985229492e-01
7.384191751480102539e-01 8.700956106185913086e-01
6.754395365715026855e-01 9.457718729972839355e-01
2.257122546434402466e-01 9.636639952659606934e-01
4.873530864715576172e-01 1.814279407262802124e-01
5.464715957641601562e-01 5.344363451004028320e-01
5.327929854393005371e-01 3.937265872955322266e-01
4.548590779304504395e-01 6.537963747978210449e-01
6.018980741500854492e-01 3.691245615482330322e-01
1.871350556612014771e-01 6.333377361297607422e-01
2.351696640253067017e-01 5.420382022857666016e-01
5.107336044311523438e-01 2.283132374286651611e-01
7.460246086120605469e-01 3.942354619503021240e-01
3.360081911087036133e-01 9.475138187408447266e-01
9.054800271987915039e-01 1.102316901087760925e-01
4.868838563561439514e-02 4.383475519716739655e-03
7.139562070369720459e-02 7.108787894248962402e-01
9.086004495620727539e-01 8.895624876022338867e-01
3.008815050125122070e-01 2.726840376853942871e-01
6.423073261976242065e-02 4.984224140644073486e-01
1.415094584226608276e-01 8.339290022850036621e-01
9.466365575790405273e-01 9.677863717079162598e-01
9.031039476394653320e-01 4.154347181320190430e-01
7.744486927986145020e-01 5.580269694328308105e-01
4.873813092708587646e-01 4.224986732006072998e-01
4.366728365421295166e-01 7.159819602966308594e-01
1.350079923868179321e-01 7.482809424400329590e-01
1.478310078382492065e-01 4.697498679161071777e-02
9.212217926979064941e-01 3.380463421344757080e-01
6.707838177680969238e-01 1.009459048509597778e-01
1.663736552000045776e-01 8.443691730499267578e-01
7.301226258277893066e-01 7.239285111427307129e-02
1.290577054023742676e-01 1.381823867559432983e-01
2.260480523109436035e-01 1.057988330721855164e-01
5.940006971359252930e-01 2.085157632827758789e-01
9.197497367858886719e-01 2.400462180376052856e-01
4.479641616344451904e-01 6.063510775566101074e-01
7.105730772018432617e-01 8.453071713447570801e-01
6.243405938148498535e-01 1.137360259890556335e-01
9.010413289070129395e-01 5.284603238105773926e-01
2.152806222438812256e-01 6.758877635002136230e-01
7.115801572799682617e-01 9.419921636581420898e-01
2.546119391918182373e-01 4.108301550149917603e-02
3.310067355632781982e-01 6.287528872489929199e-01
6.802643090486526489e-02 7.352153658866882324e-01
6.383566856384277344e-01 2.954430282115936279e-01
4.636993408203125000e-01 9.161945581436157227e-01
5.032408833503723145e-01 9.805433154106140137e-01
5.620616078376770020e-01 1.005210131406784058e-01
6.663151383399963379e-01 6.359304785728454590e-01
8.757988810539245605e-01 8.945558071136474609e-01
5.689345598220825195e-01 8.132042884826660156e-01
7.134042382240295410e-01 4.752218425273895264e-01
1.949000805616378784e-01 6.839148402214050293e-01
5.887783169746398926e-01 5.706722140312194824e-01
2.423560470342636108e-01 7.629826664924621582e-01
7.610946893692016602e-01 7.995245456695556641e-01
8.669427037239074707e-01 2.449716329574584961e-01
1.863977760076522827e-01 6.029446125030517578e-01
7.612876892089843750e-01 6.727273575961589813e-03
7.520274519920349121e-01 2.583721876144409180e-01
4.522422850131988525e-01 8.528546690940856934e-01
6.950445473194122314e-02 2.809842824935913086e-01
7.957357168197631836e-01 5.781495571136474609e-01
8.881329298019409180e-01 7.569057941436767578e-01
5.606414675712585449e-01 6.419367194175720215e-01
5.661141872406005859e-01 9.438162446022033691e-01
5.284863710403442383e-01 4.513059556484222412e-01
9.817145466804504395e-01 5.961021184921264648e-01
2.166383266448974609e-01 8.345941305160522461e-01
1.416103690862655640e-01 3.541336059570312500e-01
7.100101113319396973e-01 4.405355453491210938e-01
7.820824384689331055e-01 6.748450994491577148e-01
6.089000701904296875e-01 7.016516923904418945e-01
1.117880046367645264e-01 5.434619188308715820e-01
2.749536633491516113e-01 8.123697638511657715e-01
5.465261936187744141e-01 7.649443149566650391e-01
5.819342136383056641e-01 4.948129132390022278e-02
1.258812993764877319e-01 2.675362527370452881e-01
2.194451987743377686e-01 8.274705410003662109e-01
3.156661093235015869e-01 9.869523644447326660e-01
7.732197046279907227e-01 6.629276871681213379e-01
7.708572745323181152e-01 1.635766476392745972e-01
6.140603423118591309e-01 8.656340837478637695e-01
3.405021429061889648e-01 6.221700310707092285e-01
8.363998681306838989e-02 3.993054032325744629e-01
4.152924716472625732e-01 7.817606925964355469e-01
5.525195002555847168e-01 9.195371270179748535e-01
5.816940069198608398e-01 8.176115751266479492e-01
6.764678359031677246e-01 7.741423249244689941e-01
7.495890259742736816e-01 3.819664716720581055e-01
9.330264329910278320e-01 3.557128608226776123e-01
8.008571714162826538e-02 8.719971776008605957e-01
6.234009861946105957e-01 7.712209820747375488e-01
5.349671244621276855e-01 4.771910905838012695e-01
3.230428397655487061e-01 5.415067672729492188e-01
9.516935050487518311e-02 6.381698250770568848e-01
5.272508263587951660e-01 6.916623711585998535e-01
3.992664162069559097e-03 7.709765434265136719e-01
6.057202816009521484e-01 4.604683220386505127e-01
6.448693573474884033e-02 1.413227319717407227e-01
7.257395386695861816e-01 3.628695607185363770e-01
6.286319494247436523e-01 7.497353553771972656e-01
8.501691222190856934e-01 2.658512890338897705e-01
2.533814311027526855e-01 6.761755794286727905e-02
5.839829444885253906e-01 8.266360163688659668e-01
2.106840461492538452e-01 4.318571090698242188e-01
9.009968638420104980e-01 4.982939958572387695e-01
1.786907017230987549e-01 6.490972042083740234e-01
2.200966468080878258e-03 5.304297804832458496e-01
8.098029531538486481e-03 6.193699836730957031e-01
3.884161710739135742e-01 1.037293598055839539e-01
7.140166163444519043e-01 7.104657888412475586e-01
7.226146459579467773e-01 6.745152920484542847e-02
4.202180206775665283e-01 6.022952795028686523e-01
4.794521331787109375e-01 5.972650051116943359e-01
4.835207462310791016e-01 1.001919060945510864e-01
7.225615978240966797e-01 3.170223236083984375e-01
9.329825043678283691e-01 2.148613929748535156e-01
9.032368659973144531e-01 3.877621591091156006e-01
5.824111104011535645e-01 1.634660214185714722e-01
5.011317133903503418e-01 6.065128445625305176e-01
7.815939188003540039e-01 6.240862980484962463e-02
7.334886193275451660e-01 8.411766886711120605e-01
9.617326259613037109e-01 9.722566604614257812e-01
4.139903187751770020e-01 6.661976575851440430e-01
5.826800465583801270e-01 7.662426829338073730e-01
9.539161920547485352e-01 4.330180883407592773e-01
5.240833759307861328e-01 6.662015914916992188e-01
5.165044665336608887e-01 5.079258233308792114e-02
7.666499018669128418e-01 7.680638432502746582e-01
5.794192552566528320e-01 5.762549042701721191e-01
3.892623484134674072e-01 3.997485637664794922e-01
1.417069435119628906e-01 7.394503355026245117e-01
8.671805262565612793e-01 8.182546496391296387e-01
6.831414103507995605e-01 3.481804728507995605e-01
5.525400638580322266e-01 5.303617715835571289e-01
9.535525441169738770e-01 4.989751279354095459e-01
5.840177536010742188e-01 4.527832567691802979e-01
6.004289388656616211e-01 4.820135608315467834e-02
8.211578130722045898e-01 1.070087850093841553e-01
5.299168825149536133e-01 8.526625633239746094e-01
5.424398779869079590e-01 4.092262089252471924e-01
9.047158807516098022e-02 5.359724164009094238e-01
9.816159009933471680e-01 9.726858884096145630e-02
9.541124701499938965e-01 7.706576585769653320e-01
7.051706910133361816e-01 6.213403344154357910e-01
5.908690690994262695e-01 7.399026155471801758e-01
8.751187324523925781e-01 6.379324793815612793e-01
5.148133039474487305e-01 6.444119811058044434e-01
4.921650588512420654e-01 2.535643056035041809e-02
9.125534892082214355e-01 1.261530965566635132e-01
4.735826849937438965e-01 6.974168419837951660e-01
8.801856637001037598e-01 1.472245156764984131e-01
7.075295448303222656e-01 8.610519766807556152e-01
8.766397833824157715e-01 4.609295129776000977e-01
9.752032160758972168e-01 3.466065227985382080e-01
5.257459878921508789e-01 7.432108521461486816e-01
7.068803161382675171e-02 6.975183486938476562e-01
4.990555047988891602e-01 4.226951599121093750e-01
1.223532259464263916e-01 3.748309910297393799e-01
5.636078715324401855e-01 2.220187336206436157e-01
9.376363754272460938e-01 4.530164897441864014e-01
1.994923502206802368e-01 4.838661551475524902e-01
8.823757171630859375e-01 3.230975568294525146e-01
8.447760939598083496e-01 7.343451976776123047e-01
1.818093657493591309e-01 7.554026842117309570e-01
6.191676259040832520e-01 3.545659184455871582e-01
8.021044544875621796e-03 6.925438046455383301e-01
6.522702574729919434e-01 8.683750033378601074e-01
1.804195344448089600e-02 7.249460220336914062e-01
9.631451368331909180e-01 6.744722127914428711e-01
1.193499267101287842e-01 6.838504672050476074e-01
6.632757782936096191e-01 4.625859558582305908e-01
5.218735933303833008e-01 5.030122399330139160e-01
8.590812236070632935e-02 4.190309941768646240e-01
6.766503453254699707e-01 2.205121666193008423e-01
2.011145651340484619e-01 1.663779914379119873e-01
2.806181013584136963e-01 8.396638035774230957e-01
2.249071747064590454e-02 6.607033610343933105e-01
6.286997795104980469e-01 5.863307714462280273e-01
5.100782513618469238e-01 6.554930210113525391e-01
2.599663436412811279e-01 4.427781403064727783e-01
7.268667221069335938e-01 3.925889134407043457e-01
6.589269638061523438e-01 4.130634963512420654e-01
2.053932249546051025e-01 6.160228848457336426e-01
3.925037980079650879e-01 1.589304506778717041e-01
2.443282008171081543e-01 3.051282167434692383e-01
2.018802016973495483e-01 7.951685190200805664e-01
3.239067643880844116e-02 4.737877547740936279e-01
7.625460624694824219e-01 3.145136535167694092e-01
3.311656415462493896e-01 4.134501814842224121e-01
8.139051496982574463e-02 6.106980443000793457e-01
8.868196606636047363e-02 2.453094124794006348e-01
1.165606155991554260e-01 5.473065972328186035e-01
7.858002781867980957e-01 1.263268589973449707e-01
7.107384800910949707e-01 4.284399449825286865e-01
8.498503565788269043e-01 5.906572341918945312e-01
3.673932328820228577e-02 9.938054680824279785e-01
4.853979349136352539e-01 4.277026057243347168e-01
2.243291884660720825e-01 2.748399078845977783e-01
6.153171658515930176e-01 8.299989253282546997e-02
4.236800596117973328e-02 3.192026913166046143e-01
8.075119256973266602e-01 9.918344020843505859e-01
9.543046355247497559e-01 4.711530506610870361e-01
8.582128882408142090e-01 1.524328738451004028e-01
8.394406437873840332e-01 9.328734278678894043e-01
6.965526938438415527e-01 3.168699741363525391e-01
8.608397245407104492e-01 8.215193152427673340e-01
3.138863444328308105e-01 7.619664669036865234e-01
6.956415772438049316e-01 2.476801276206970215e-01
3.890990614891052246e-01 6.707824468612670898e-01
9.376658797264099121e-01 8.615851998329162598e-01
6.519116163253784180e-01 9.606053233146667480e-01
1.359290331602096558e-01 1.288565434515476227e-02
7.237724065780639648e-01 2.797084748744964600e-01
8.121932148933410645e-01 3.527036309242248535e-01
6.906993985176086426e-01 1.786714941263198853e-01
2.113663554191589355e-01 5.548570752143859863e-01
7.555608749389648438e-01 6.656542420387268066e-03
7.591373920440673828e-01 5.061677470803260803e-02
8.057030439376831055e-01 7.904518246650695801e-01
9.424583315849304199e-01 4.619462490081787109e-01
3.545952141284942627e-01 1.836337447166442871e-01
4.967901110649108887e-01 6.186406016349792480e-01
8.379204273223876953e-01 7.539665699005126953e-01
7.089690566062927246e-01 1.244992390275001526e-01
9.482926726341247559e-01 3.353033661842346191e-01
6.242819428443908691e-01 3.291012942790985107e-01
9.035376310348510742e-01 7.399575114250183105e-01
5.036740899085998535e-01 4.564550518989562988e-01
4.317544102668762207e-01 8.073616027832031250e-01
1.569769531488418579e-01 8.611842244863510132e-02
1.432665139436721802e-01 6.870442032814025879e-01
7.830812335014343262e-01 6.121752783656120300e-02
7.909601181745529175e-02 3.417033255100250244e-01
6.925535202026367188e-01 3.368624448776245117e-01
7.017887234687805176e-01 3.489506840705871582e-01
8.861043453216552734e-01 3.471327722072601318e-01
1.124035418033599854e-01 4.784201085567474365e-01
6.223239302635192871e-01 6.187709569931030273e-01
8.623491227626800537e-02 2.791536450386047363e-01
9.454489350318908691e-01 7.224468588829040527e-01
4.958757758140563965e-01 4.362700879573822021e-01
9.303069710731506348e-01 8.381873965263366699e-01
1.803511232137680054e-01 7.147596031427383423e-02
3.032728135585784912e-01 8.679693937301635742e-01
7.152915000915527344e-01 9.831755757331848145e-01
8.890502452850341797e-01 4.025106728076934814e-01
4.001819193363189697e-01 3.985105752944946289e-01
5.907390266656875610e-02 2.320433557033538818e-01
9.887965321540832520e-01 2.743095457553863525e-01
3.043847978115081787e-01 7.612763643264770508e-01
5.050690770149230957e-01 6.479848027229309082e-01
2.872331142425537109e-01 2.915812656283378601e-02
5.483938455581665039e-01 2.741372399032115936e-02
4.062840342521667480e-01 2.945526242256164551e-01
6.180343627929687500e-01 7.313055396080017090e-01
5.156090259552001953e-01 7.359717488288879395e-01
4.113039374351501465e-01 8.115482330322265625e-01
8.681679964065551758e-01 5.618526339530944824e-01
6.467038393020629883e-01 2.531712055206298828e-01
2.028672248125076294e-01 4.607100784778594971e-01
1.291638016700744629e-01 4.702149629592895508e-01
4.197961688041687012e-01 1.011483296751976013e-01
4.968183040618896484e-01 8.357390761375427246e-01
1.037718281149864197e-01 5.128154754638671875e-01
9.322190284729003906e-01 2.536511719226837158e-01
