3.591400980949401855e-01 6.502279639244079590e-01
3.003140091896057129e-01 3.423031568527221680e-01
6.824442148208618164e-01 4.969524145126342773e-01
9.599645137786865234e-01 9.023891091346740723e-01
2.956095635890960693e-01 9.114164710044860840e-01
5.095372200012207031e-01 4.191454052925109863e-01
3.151324987411499023e-01 3.137951716780662537e-02
7.022763490676879883e-01 9.239831566810607910e-01
7.518817186355590820e-01 2.616737782955169678e-01
8.960560560226440430e-01 1.763779520988464355e-01
6.038978695869445801e-01 2.763602435588836670e-01
9.232475161552429199e-01 3.746127784252166748e-01
4.529122114181518555e-01 7.801008224487304688e-02
7.338368892669677734e-01 3.497737944126129150e-01
1.523370891809463501e-01 6.361559033393859863e-02
2.711021304130554199e-01 9.348034262657165527e-01
9.362276792526245117e-01 7.149246931076049805e-01
4.862783849239349365e-01 7.315074801445007324e-01
6.145646572113037109e-01 1.797288805246353149e-01
6.382844597101211548e-02 4.247059226036071777e-01
9.419891834259033203e-01 3.259045183658599854e-01
1.997509039938449860e-02 5.099184513092041016e-01
7.816377282142639160e-01 5.306708216667175293e-01
3.321377635002136230e-01 1.550779342651367188e-01
2.158425897359848022e-01 5.269320011138916016e-01
5.010346695780754089e-02 9.317354559898376465e-01
5.949073433876037598e-01 6.593680977821350098e-01
3.465240076184272766e-02 8.293372988700866699e-01
9.185479879379272461e-01 6.892926096916198730e-01
5.316802263259887695e-01 1.217990461736917496e-02
5.457163453102111816e-01 6.790502667427062988e-01
2.291718311607837677e-02 4.406890571117401123e-01
5.033289194107055664e-01 6.839693784713745117e-01
3.720512688159942627e-01 5.617039203643798828e-01
8.783286064863204956e-02 3.003286123275756836e-01
4.901421070098876953e-01 3.703208863735198975e-01
8.590619564056396484e-01 1.596221774816513062e-01
3.387944102287292480e-01 3.521213829517364502e-01
8.571566939353942871e-01 4.596571624279022217e-01
4.920893907546997070e-01 4.841741919517517090e-01
4.228703677654266357e-01 6.059850454330444336e-01
7.247178554534912109e-01 8.011382818222045898e-01
5.865373611450195312e-01 4.877938330173492432e-01
3.362652957439422607e-01 5.533676743507385254e-01
3.014301061630249023e-01 9.433833956718444824e-01
3.807386159896850586e-01 5.001754164695739746e-01
6.620947718620300293e-01 7.843402028083801270e-01
7.450126409530639648e-01 1.977237164974212646e-01
8.065763115882873535e-01 3.442714810371398926e-01
5.793793499469757080e-02 4.469161331653594971e-01
7.881910800933837891e-01 1.766004785895347595e-02
9.851717948913574219e-01 7.945419549942016602e-01
2.145769260823726654e-02 5.859327912330627441e-01
1.423152536153793335e-01 5.685135722160339355e-01
7.190436720848083496e-01 2.856563031673431396e-01
8.489606976509094238e-01 6.567914485931396484e-01
7.089626789093017578e-01 2.877640724182128906e-01
8.116981387138366699e-02 9.643180370330810547e-01
1.240050867199897766e-01 2.165798097848892212e-01
2.611162364482879639e-01 3.559071123600006104e-01
2.091144770383834839e-01 5.864647626876831055e-01
1.622026711702346802e-01 4.340876340866088867e-01
2.873615324497222900e-01 2.943172156810760498e-01
9.410168528556823730e-01 9.171568751335144043e-01
3.333595115691423416e-03 2.508082240819931030e-02
4.406414926052093506e-01 5.074840784072875977e-01
1.879142522811889648e-01 7.003951668739318848e-01
3.980123698711395264e-01 5.470090508460998535e-01
7.329792380332946777e-01 3.689925968647003174e-01
6.284952163696289062e-01 1.877308934926986694e-01
5.308676138520240784e-02 6.000149250030517578e-01
7.581168413162231445e-01 7.517713308334350586e-01
5.408391952514648438e-01 8.568031191825866699e-01
4.966263473033905029e-02 6.636185050010681152e-01
1.020510941743850708e-01 3.615145683288574219e-01
8.669094741344451904e-02 2.228999137878417969e-01
2.425766140222549438e-01 1.254585236310958862e-01
1.968912631273269653e-01 7.638801634311676025e-02
6.671553850173950195e-01 9.194314479827880859e-02
4.669491946697235107e-01 2.046434283256530762e-01
4.929096698760986328e-01 5.421405434608459473e-01
3.165330737829208374e-02 2.885053157806396484e-01
7.968194484710693359e-01 1.883039996027946472e-02
7.948078513145446777e-01 1.313376426696777344e-01
3.633317947387695312e-01 5.061346888542175293e-01
1.389794945716857910e-01 1.698572337627410889e-01
2.780993878841400146e-01 7.349786758422851562e-01
4.885306209325790405e-02 6.628087759017944336e-01
7.863481044769287109e-01 7.127156853675842285e-01
3.510070741176605225e-01 7.709482312202453613e-01
9.726523160934448242e-01 6.635668277740478516e-01
7.067757248878479004e-01 4.659868478775024414e-01
9.511500000953674316e-01 3.371554315090179443e-01
5.751203298568725586e-01 4.099805653095245361e-02
5.434187054634094238e-01 4.875198602676391602e-01
6.758131086826324463e-02 8.600042760372161865e-02
5.454281568527221680e-01 2.615793049335479736e-01
9.950961470603942871e-01 7.587746381759643555e-01
6.010106205940246582e-01 4.667178690433502197e-01
1.468963772058486938e-01 4.595032334327697754e-01
2.359770685434341431e-01 4.808135330677032471e-01
1.646761447191238403e-01 5.611895322799682617e-01
4.340457320213317871e-01 2.546012699604034424e-01
4.423605203628540039e-01 6.304010748863220215e-01
8.795496821403503418e-01 6.681424975395202637e-01
3.816908895969390869e-01 1.417045593261718750e-01
7.458611726760864258e-01 1.159631367772817612e-02
8.043792247772216797e-01 3.073331713676452637e-01
5.577175617218017578e-01 5.690864324569702148e-01
3.455757796764373779e-01 6.190151572227478027e-01
9.083912968635559082e-01 1.940997242927551270e-01
3.817896246910095215e-01 2.051374018192291260e-01
1.953748464584350586e-01 3.011208474636077881e-01
2.663657367229461670e-01 5.392688512802124023e-01
1.850595884025096893e-02 4.723291099071502686e-01
7.967985868453979492e-01 6.133689731359481812e-02
2.749827206134796143e-01 1.440096944570541382e-01
1.262199729681015015e-01 6.270046830177307129e-01
6.994740664958953857e-02 2.797866165637969971e-01
2.553074806928634644e-02 6.187006831169128418e-01
8.059236407279968262e-01 9.283499717712402344e-01
4.484414458274841309e-01 8.706727623939514160e-01
9.758158326148986816e-01 1.244387477636337280e-01
3.421195745468139648e-01 9.667439460754394531e-01
8.398143053054809570e-01 8.139959573745727539e-01
9.548730850219726562e-01 4.186294376850128174e-01
2.510274648666381836e-01 2.893580794334411621e-01
5.033769011497497559e-01 4.025895595550537109e-01
4.737903922796249390e-02 2.787887454032897949e-01
8.252869844436645508e-01 3.837781548500061035e-01
3.122079968452453613e-01 8.984082192182540894e-02
2.322872579097747803e-01 3.640806972980499268e-01
4.929793179035186768e-01 7.548494935035705566e-01
1.634753346443176270e-01 1.437931954860687256e-01
8.237967491149902344e-01 6.875855326652526855e-01
4.817871451377868652e-01 3.965698182582855225e-01
7.380285114049911499e-02 4.905184805393218994e-01
4.963984489440917969e-01 2.568610012531280518e-01
7.028342485427856445e-01 2.914423644542694092e-01
8.448421955108642578e-01 8.042137622833251953e-01
4.235858619213104248e-01 8.591998815536499023e-01
9.319630265235900879e-01 5.650168657302856445e-01
2.607092261314392090e-02 4.898526966571807861e-01
8.587659150362014771e-02 5.374075844883918762e-02
3.604289516806602478e-02 7.828177809715270996e-01
7.089112997055053711e-01 2.521937191486358643e-01
5.108658671379089355e-01 5.451731681823730469e-01
9.051356911659240723e-01 1.086017191410064697e-01
6.388418674468994141e-01 1.246983185410499573e-01
9.210980534553527832e-01 7.369140982627868652e-01
3.095345497131347656e-01 2.648828029632568359e-01
8.524613380432128906e-01 6.512988209724426270e-01
6.229010224342346191e-01 9.753670692443847656e-01
1.637789607048034668e-01 2.786050140857696533e-01
6.596142053604125977e-01 4.112318754196166992e-01
8.763750195503234863e-01 1.309298723936080933e-01
1.626679114997386932e-02 1.601988375186920166e-01
3.363885283470153809e-01 7.202216982841491699e-01
9.777979254722595215e-01 9.845681786537170410e-01
9.268932342529296875e-01 6.697044968605041504e-01
7.117309570312500000e-01 8.401016891002655029e-02
1.212482452392578125e-01 6.007882952690124512e-01
1.368377506732940674e-01 2.050901651382446289e-01
7.884974479675292969e-01 6.710634231567382812e-01
7.749546319246292114e-02 9.346982836723327637e-01
3.170103430747985840e-01 8.026944398880004883e-01
1.788635253906250000e-01 3.147308230400085449e-01
9.754391908645629883e-01 7.715370059013366699e-01
3.984894230961799622e-02 6.608215570449829102e-01
6.816782951354980469e-01 1.730780005455017090e-01
1.891169250011444092e-01 2.633517086505889893e-01
7.317252755165100098e-01 5.279233455657958984e-01
2.355313301086425781e-01 5.004505068063735962e-02
4.156610965728759766e-01 1.312621980905532837e-01
3.428752422332763672e-01 6.165384128689765930e-02
4.374867677688598633e-02 2.807234227657318115e-01
4.583340883255004883e-01 8.426515460014343262e-01
2.576365172863006592e-01 2.692953348159790039e-01
6.490088701248168945e-01 4.150824546813964844e-01
3.264471292495727539e-01 7.014625668525695801e-01
1.987411379814147949e-01 5.276990532875061035e-01
6.648973822593688965e-01 1.894012242555618286e-01
5.260680802166461945e-03 1.852725073695182800e-02
7.910891771316528320e-01 8.600544929504394531e-01
2.095936685800552368e-01 1.893194466829299927e-01
9.084065556526184082e-01 3.788717091083526611e-01
2.350039780139923096e-01 2.617349326610565186e-01
5.877720117568969727e-01 1.584095954895019531e-01
9.497754573822021484e-01 7.090863585472106934e-01
7.025225162506103516e-01 4.431338012218475342e-01
6.119785904884338379e-01 4.125941693782806396e-01
5.233491063117980957e-01 6.280725002288818359e-01
1.019495502114295959e-01 5.434777215123176575e-02
1.850098520517349243e-01 5.333993434906005859e-01
9.343041181564331055e-01 7.823558449745178223e-01
8.495125174522399902e-02 4.420349895954132080e-01
8.814764618873596191e-01 3.400726616382598877e-01
6.923104524612426758e-01 1.532072573900222778e-01
9.659668207168579102e-01 6.436749100685119629e-01
3.159376680850982666e-01 2.126557677984237671e-01
1.813769526779651642e-02 3.461886569857597351e-02
3.096484243869781494e-01 6.570414453744888306e-02
6.621092557907104492e-01 2.957441806793212891e-01
9.762015938758850098e-01 1.718598753213882446e-01
3.806786835193634033e-01 9.443974494934082031e-01
5.834026932716369629e-01 7.491345405578613281e-01
9.735689759254455566e-01 5.555421859025955200e-02
3.377594649791717529e-01 9.429903626441955566e-01
3.030448257923126221e-01 8.462049365043640137e-01
9.962096214294433594e-01 9.675757288932800293e-01
8.274227380752563477e-02 2.517311871051788330e-01
3.064211905002593994e-01 2.245727330446243286e-01
6.175790429115295410e-01 8.602614998817443848e-01
9.195274710655212402e-01 9.886202216148376465e-02
9.666764140129089355e-01 7.317451834678649902e-01
2.771843373775482178e-01 3.246260285377502441e-01
3.147534132003784180e-01 5.948278307914733887e-01
3.416317403316497803e-01 2.352637052536010742e-01
8.835638165473937988e-01 5.379565954208374023e-01
4.835709333419799805e-01 4.907866120338439941e-01
6.436605453491210938e-01 3.697780966758728027e-01
6.365031003952026367e-01 5.993337035179138184e-01
7.430174350738525391e-01 7.740818262100219727e-01
7.622461318969726562e-01 4.605734050273895264e-01
5.335095524787902832e-01 2.473151534795761108e-01
9.297120571136474609e-01 4.665104299783706665e-02
3.223717510700225830e-01 1.047432273626327515e-01
3.099706768989562988e-01 9.631124734878540039e-01
3.683848381042480469e-01 3.533472716808319092e-01
1.403158456087112427e-01 2.711680904030799866e-02
8.963493108749389648e-01 4.419211745262145996e-01
2.719194293022155762e-01 6.476858854293823242e-01
5.919821858406066895e-01 5.839848518371582031e-01
9.106919765472412109e-01 4.023199379444122314e-01
4.726311564445495605e-01 6.902727484703063965e-01
8.782822489738464355e-01 7.019241452217102051e-01
5.978550016880035400e-02 2.277539670467376709e-01
5.640698131173849106e-03 2.730293273925781250e-01
2.226750999689102173e-01 8.794186711311340332e-01
8.136969804763793945e-02 1.347157657146453857e-01
3.567407131195068359e-01 6.492148041725158691e-01
8.795728683471679688e-01 4.606109857559204102e-01
3.516796603798866272e-02 8.698828220367431641e-01
4.380866289138793945e-01 5.701448768377304077e-02
5.963700413703918457e-01 1.471756696701049805e-01
8.672161698341369629e-01 9.306829571723937988e-01
7.259365320205688477e-01 1.900313943624496460e-01
1.934295333921909332e-02 4.594697952270507812e-01
9.974334239959716797e-01 8.248144388198852539e-01
1.401633918285369873e-01 4.142734780907630920e-02
6.313040256500244141e-01 5.429611802101135254e-01
2.077799886465072632e-01 9.072848409414291382e-02
1.353067010641098022e-01 6.100922226905822754e-01
7.277594208717346191e-01 9.410760402679443359e-01
1.355586051940917969e-01 3.375723063945770264e-01
6.301387548446655273e-01 4.209392964839935303e-01
3.602499067783355713e-01 1.489098519086837769e-01
1.766895204782485962e-01 1.496137082576751709e-01
7.201727032661437988e-01 1.027846336364746094e-01
8.030729740858078003e-02 2.907498478889465332e-01
1.709786355495452881e-01 6.721174120903015137e-01
8.195342421531677246e-01 6.148409247398376465e-01
7.763271331787109375e-01 4.045110046863555908e-01
1.814869791269302368e-01 7.871779799461364746e-01
9.152954816818237305e-01 1.298660784959793091e-01
1.612592041492462158e-01 6.622221469879150391e-01
2.248001098632812500e-01 7.262505888938903809e-01
5.809485912322998047e-03 2.764309346675872803e-01
8.193181753158569336e-01 4.030891060829162598e-01
9.949067234992980957e-01 9.542101621627807617e-01
1.972896456718444824e-01 5.275288224220275879e-01
4.083481431007385254e-01 9.563651084899902344e-01
9.972699284553527832e-01 3.803668022155761719e-01
4.801751673221588135e-01 6.799731254577636719e-01
5.108392834663391113e-01 4.054490327835083008e-01
9.021628499031066895e-01 8.717382550239562988e-01
7.204203605651855469e-01 1.869663447141647339e-01
5.924432873725891113e-01 1.849630922079086304e-01
7.883802056312561035e-01 6.550465822219848633e-01
9.615432620048522949e-01 8.527403473854064941e-01
8.936786055564880371e-01 8.892287015914916992e-01
2.287208437919616699e-01 5.521998405456542969e-01
7.498554587364196777e-01 4.509693980216979980e-01
7.336099147796630859e-01 8.588137626647949219e-01
2.243326008319854736e-01 2.009770274162292480e-01
2.814919650554656982e-01 3.003052771091461182e-01
3.502366542816162109e-01 6.811848878860473633e-01
5.783280730247497559e-01 7.089272737503051758e-01
4.287728369235992432e-01 1.412362456321716309e-01
5.403218865394592285e-01 1.414004117250442505e-01
7.439405918121337891e-01 6.176998466253280640e-02
7.702146172523498535e-01 5.764216184616088867e-01
7.509007304906845093e-02 2.214650213718414307e-01
6.606348156929016113e-01 2.746421396732330322e-01
8.057851791381835938e-01 1.454182863235473633e-01
5.944279432296752930e-01 6.690627336502075195e-01
7.763584852218627930e-01 2.026753425598144531e-01
6.747860908508300781e-01 3.170989155769348145e-01
7.427582144737243652e-01 1.637764573097229004e-01
6.650385856628417969e-01 7.595884054899215698e-02
2.994185388088226318e-01 3.837496042251586914e-01
2.489240616559982300e-01 3.566451743245124817e-02
2.038022726774215698e-01 4.711204469203948975e-01
7.347893714904785156e-01 1.615889817476272583e-01
4.007047414779663086e-01 9.066369533538818359e-01
7.308926582336425781e-01 2.348203510046005249e-01
4.507522583007812500e-01 2.324695885181427002e-01
5.354176461696624756e-02 9.569352865219116211e-01
9.886413812637329102e-01 1.388261020183563232e-01
3.057919442653656006e-01 9.592820405960083008e-01
9.022780656814575195e-01 7.799212336540222168e-01
5.616632103919982910e-01 9.267610311508178711e-01
8.688362240791320801e-01 6.761564612388610840e-01
7.252432107925415039e-01 6.626561284065246582e-01
1.027064099907875061e-01 1.549135297536849976e-01
3.355998992919921875e-01 8.178915977478027344e-01
6.848515868186950684e-01 5.767556428909301758e-01
9.778959751129150391e-01 4.191286563873291016e-01
5.748562980443239212e-03 8.201919794082641602e-01
4.544006586074829102e-01 4.531469643115997314e-01
5.024316534399986267e-02 4.925934076309204102e-01
7.294902801513671875e-01 9.802227467298507690e-02
7.517621517181396484e-01 4.965495765209197998e-01
3.643465414643287659e-02 1.924607753753662109e-01
6.166209578514099121e-01 4.404929876327514648e-01
7.831803709268569946e-02 8.413372933864593506e-02
6.624462008476257324e-01 1.320842504501342773e-01
3.070375323295593262e-01 5.580142736434936523e-01
9.935407042503356934e-01 8.210721611976623535e-01
3.550699353218078613e-01 7.225123047828674316e-02
9.448605775833129883e-01 1.595228314399719238e-01
1.290215402841567993e-01 9.762752652168273926e-01
5.571712255477905273e-01 3.358351886272430420e-01
4.461781978607177734e-01 9.438350051641464233e-02
5.450342297554016113e-01 6.742223501205444336e-01
7.479078769683837891e-01 7.769446820020675659e-02
8.565781265497207642e-02 3.211476504802703857e-01
2.074943333864212036e-01 4.268031120300292969e-01
2.915900200605392456e-02 5.956483483314514160e-01
2.744020223617553711e-01 6.820947527885437012e-01
1.609533131122589111e-01 9.037885069847106934e-02
9.179664850234985352e-01 1.616757214069366455e-01
6.438814997673034668e-01 5.172584578394889832e-02
2.731094956398010254e-01 2.856196761131286621e-01
7.195222973823547363e-01 5.892634391784667969e-01
4.720582664012908936e-01 5.390237569808959961e-01
4.633078873157501221e-01 9.185655713081359863e-01
1.653570383787155151e-01 2.225978821516036987e-01
5.514443516731262207e-01 2.452865839004516602e-01
1.645012050867080688e-01 4.481139183044433594e-01
8.034759759902954102e-02 3.029417991638183594e-01
4.779183864593505859e-01 3.295288383960723877e-01
9.765024781227111816e-01 3.578046262264251709e-01
3.061949312686920166e-01 9.492619037628173828e-01
1.996881067752838135e-01 3.869620561599731445e-01
7.383146882057189941e-01 7.952240109443664551e-01
8.092321753501892090e-01 7.100161314010620117e-01
3.768069446086883545e-01 9.642804265022277832e-01
1.978275924921035767e-01 1.544198095798492432e-01
7.518407702445983887e-02 2.414806336164474487e-01
7.193300127983093262e-01 5.524461865425109863e-01
5.537968873977661133e-01 7.748693823814392090e-01
6.024810671806335449e-01 1.023344323039054871e-01
8.210544586181640625e-01 6.505635976791381836e-01
9.275472760200500488e-01 7.950869798660278320e-01
9.252522587776184082e-01 2.869152724742889404e-01
9.787732362747192383e-01 5.085889101028442383e-01
2.439568042755126953e-01 4.426099825650453568e-03
4.522882103919982910e-01 3.439959883689880371e-01
2.564454972743988037e-01 8.420896530151367188e-01
6.930869221687316895e-01 2.260103821754455566e-01
7.158129215240478516e-01 9.922560453414916992e-01
6.771916747093200684e-01 7.183609604835510254e-01
5.837172865867614746e-01 5.648476481437683105e-01
8.268815279006958008e-01 3.009333834052085876e-02
2.475410848855972290e-01 5.296924710273742676e-01
6.987820565700531006e-02 5.640045404434204102e-01
8.582972884178161621e-01 4.635135531425476074e-01
1.949340254068374634e-01 2.963420152664184570e-01
3.445158898830413818e-01 5.096605420112609863e-01
5.255007147789001465e-01 4.372989535331726074e-01
9.743253588676452637e-01 7.477061748504638672e-01
8.843299150466918945e-01 9.004883170127868652e-01
2.054217904806137085e-01 6.244699358940124512e-01
3.481993377208709717e-01 4.692376852035522461e-01
3.122495114803314209e-01 4.209673106670379639e-01
8.774806857109069824e-01 6.546114683151245117e-01
6.620386838912963867e-01 8.189228773117065430e-01
1.708196252584457397e-01 4.014458656311035156e-01
8.481514453887939453e-01 3.280824720859527588e-01
7.128413021564483643e-02 3.943748474121093750e-01
4.509119316935539246e-02 4.539353027939796448e-02
6.668177247047424316e-01 5.251873731613159180e-01
4.671281948685646057e-02 8.451777696609497070e-01
5.321943163871765137e-01 4.371603727340698242e-01
7.154317945241928101e-02 9.267839789390563965e-01
7.082559466361999512e-01 5.211965441703796387e-01
1.464490741491317749e-01 7.960128039121627808e-02
6.939026713371276855e-01 9.059357643127441406e-02
7.153881192207336426e-01 4.412405192852020264e-01
2.215694338083267212e-01 9.648857116699218750e-01
9.555059075355529785e-01 2.707798182964324951e-01
4.120767712593078613e-01 2.340111732482910156e-01
1.909114867448806763e-01 3.196808695793151855e-01
6.726821511983871460e-02 5.231880545616149902e-01
6.414455771446228027e-01 5.803036689758300781e-01
8.190988898277282715e-01 9.424436092376708984e-01
1.802006959915161133e-01 6.450867056846618652e-01
9.172793626785278320e-01 8.184767365455627441e-01
3.933541178703308105e-01 7.897598296403884888e-02
6.531884670257568359e-01 9.953933954238891602e-02
8.282982707023620605e-01 1.903765350580215454e-01
5.733827501535415649e-02 4.730977714061737061e-01
9.076689928770065308e-02 6.747440099716186523e-01
8.989754319190979004e-01 5.797958374023437500e-01
7.456820607185363770e-01 1.450304985046386719e-01
9.448442608118057251e-02 4.800363630056381226e-02
1.305487155914306641e-01 4.895189702510833740e-01
7.516732066869735718e-02 7.753440737724304199e-01
4.067671671509742737e-02 9.347710609436035156e-01
6.447296589612960815e-02 3.028917014598846436e-01
7.835966944694519043e-01 3.405195772647857666e-01
1.519693434238433838e-01 5.394990444183349609e-01
9.401985406875610352e-01 6.781695485115051270e-01
3.408076763153076172e-01 4.186994433403015137e-01
7.466983199119567871e-01 8.986116945743560791e-02
7.955635786056518555e-01 8.317446708679199219e-01
3.042244017124176025e-01 3.270630538463592529e-01
2.038772255182266235e-01 6.335820555686950684e-01
9.478437155485153198e-02 2.322165220975875854e-01
7.202556133270263672e-01 4.099314510822296143e-01
3.741872906684875488e-01 9.882637262344360352e-01
8.765949010848999023e-01 8.709951043128967285e-01
8.965916037559509277e-01 8.277274370193481445e-01
1.287096142768859863e-01 5.499020814895629883e-01
3.255490362644195557e-01 6.462211012840270996e-01
7.947657108306884766e-01 6.518384218215942383e-01
6.713609099388122559e-01 5.274165272712707520e-01
8.473266959190368652e-01 6.643213629722595215e-01
8.260749578475952148e-01 7.344676256179809570e-01
4.933836311101913452e-02 4.741624891757965088e-01
2.478355914354324341e-01 6.365547180175781250e-01
1.004632040858268738e-01 6.576824784278869629e-01
4.479748606681823730e-01 4.964424371719360352e-01
8.023672103881835938e-01 2.506248652935028076e-01
4.342508614063262939e-01 4.373211562633514404e-01
8.823712468147277832e-01 2.286728620529174805e-01
2.499882280826568604e-01 1.571604758501052856e-01
1.789527088403701782e-01 7.399463057518005371e-01
5.386745333671569824e-01 9.658409357070922852e-01
6.688371300697326660e-01 3.324018716812133789e-01
7.360095977783203125e-01 7.451941370964050293e-01
8.238943219184875488e-01 2.574883997440338135e-01
4.994022101163864136e-02 4.261297360062599182e-02
9.641340970993041992e-01 7.585097551345825195e-01
9.080750942230224609e-01 7.116743922233581543e-01
2.048177868127822876e-01 2.461677938699722290e-01
1.078621447086334229e-01 2.054831087589263916e-01
8.572586774826049805e-01 7.505541294813156128e-02
7.183884978294372559e-01 7.333277463912963867e-01
1.996108144521713257e-01 6.386113762855529785e-01
1.161982025951147079e-02 9.282948374748229980e-01
5.763936638832092285e-01 8.095654845237731934e-01
3.644536137580871582e-01 8.499467968940734863e-01
3.565171957015991211e-01 3.967360258102416992e-01
2.711346745491027832e-01 4.909373223781585693e-01
6.885685026645660400e-03 3.492999970912933350e-01
5.784075260162353516e-01 8.595057576894760132e-02
6.507929563522338867e-01 6.366516947746276855e-01
8.707597851753234863e-01 6.070232987403869629e-01
8.997971415519714355e-01 1.227699592709541321e-01
5.823182463645935059e-01 6.770931482315063477e-01
5.746325477957725525e-02 1.988692730665206909e-01
9.265900850296020508e-01 6.809908747673034668e-01
2.068317830562591553e-01 3.950297087430953979e-02
1.439135670661926270e-01 5.497277379035949707e-01
9.010517001152038574e-01 4.199761152267456055e-01
2.171276509761810303e-01 4.483366906642913818e-01
5.307542085647583008e-01 1.173258721828460693e-01
9.393240213394165039e-01 1.661432832479476929e-01
6.382662057876586914e-01 1.320427656173706055e-01
7.506483048200607300e-02 1.094825565814971924e-01
1.775815933942794800e-01 3.119761049747467041e-01
8.668027818202972412e-02 1.318242549896240234e-01
8.894008398056030273e-01 6.649169325828552246e-01
5.445095896720886230e-01 4.700866341590881348e-01
8.205136656761169434e-01 6.843467354774475098e-01
8.272494375705718994e-02 6.142952442169189453e-01
7.131041884422302246e-01 3.314570486545562744e-01
1.289126276969909668e-01 3.519788682460784912e-01
7.583073377609252930e-01 1.633137762546539307e-01
5.610903501510620117e-01 7.453610301017761230e-01
4.292815327644348145e-01 4.275053739547729492e-01
9.532519578933715820e-01 4.731819964945316315e-03
7.326390147209167480e-01 8.741533756256103516e-01
6.269221901893615723e-01 3.379067480564117432e-01
6.185718178749084473e-01 8.695319890975952148e-01
6.770991683006286621e-01 2.325571328401565552e-01
2.342174351215362549e-01 8.610075116157531738e-01
2.800059914588928223e-01 5.181712508201599121e-01
4.610426425933837891e-01 6.988936662673950195e-01
6.832104176282882690e-02 6.887735128402709961e-01
5.635979175567626953e-01 8.246856927871704102e-01
1.160826832056045532e-01 3.102108240127563477e-01
3.737339004874229431e-02 7.147067189216613770e-01
6.609376072883605957e-01 1.525237262248992920e-01
7.606694102287292480e-01 4.508547186851501465e-01
1.173528656363487244e-01 3.232515454292297363e-01
8.131871819496154785e-01 7.394309043884277344e-01
9.918297529220581055e-01 4.107539057731628418e-01
4.337215423583984375e-01 2.806794941425323486e-01
9.652615189552307129e-01 3.209645748138427734e-01
6.518295407295227051e-01 5.034942626953125000e-01
2.115691080689430237e-02 4.204162955284118652e-01
5.934504270553588867e-01 9.177418351173400879e-01
6.102163195610046387e-01 4.048565030097961426e-01
9.529115557670593262e-01 7.044919729232788086e-01
8.139715790748596191e-01 2.999178469181060791e-01
4.192080795764923096e-01 7.126153707504272461e-01
2.273768037557601929e-01 2.415692061185836792e-01
3.781790137290954590e-01 5.712686181068420410e-01
4.540521204471588135e-01 9.560532569885253906e-01
1.837861239910125732e-01 1.977877765893936157e-01
9.630951285362243652e-01 7.019283771514892578e-01
8.731085062026977539e-02 3.394338861107826233e-02
3.447263836860656738e-01 3.424769043922424316e-01
6.938323378562927246e-01 7.520807385444641113e-01
2.984318137168884277e-01 1.011900976300239563e-01
8.960454910993576050e-02 3.122079968452453613e-01
4.650848507881164551e-01 4.210211634635925293e-01
8.727449774742126465e-01 3.842916786670684814e-01
4.833094179630279541e-01 2.956639826297760010e-01
6.828712224960327148e-01 2.604332566261291504e-01
8.216062784194946289e-01 5.411086678504943848e-01
1.020110175013542175e-01 9.019170999526977539e-01
2.335104942321777344e-01 2.752706110477447510e-01
9.826061129570007324e-01 3.535853326320648193e-01
3.688996136188507080e-01 4.264132976531982422e-01
8.092437386512756348e-01 1.652209460735321045e-01
9.704512357711791992e-01 7.262125611305236816e-02
6.392768621444702148e-01 6.235660314559936523e-01
9.952755570411682129e-01 3.262845873832702637e-01
7.591472268104553223e-01 8.214867711067199707e-01
4.270886182785034180e-01 2.347543239593505859e-01
3.380008339881896973e-01 3.708960711956024170e-01
7.541163563728332520e-01 1.919942200183868408e-01
3.022707700729370117e-01 3.187955319881439209e-01
6.134459376335144043e-01 9.695612788200378418e-01
6.717646718025207520e-01 6.046345084905624390e-02
5.852620601654052734e-01 4.427346587181091309e-01
5.960344076156616211e-01 9.082410931587219238e-01
2.523655891418457031e-01 4.738716781139373779e-01
4.371676146984100342e-01 2.111333608627319336e-01
1.873953193426132202e-01 4.001883566379547119e-01
8.289054632186889648e-01 1.617164760828018188e-01
5.364609956741333008e-01 4.475147128105163574e-01
4.549394249916076660e-01 1.858642846345901489e-01
8.701333403587341309e-01 1.401746571063995361e-01
1.630103737115859985e-01 2.373473793268203735e-01
2.298390716314315796e-01 7.972431182861328125e-01
9.923467636108398438e-01 2.321578860282897949e-01
6.767777204513549805e-01 3.064723610877990723e-01
4.381965994834899902e-01 9.885394573211669922e-01
6.665359139442443848e-01 9.543113410472869873e-02
4.052952229976654053e-01 7.361960411071777344e-02
3.157852888107299805e-01 2.155054509639739990e-01
8.587994575500488281e-01 5.339336991310119629e-01
7.328808903694152832e-01 3.555136919021606445e-01
3.273616433143615723e-01 8.536514639854431152e-01
2.411437779664993286e-01 3.522275686264038086e-01
5.396234393119812012e-01 8.621738106012344360e-02
1.154695302248001099e-01 7.344766855239868164e-01
9.521202445030212402e-01 1.606976538896560669e-01
4.551242291927337646e-01 4.516083002090454102e-01
2.601714134216308594e-01 2.656417191028594971e-01
8.656790852546691895e-01 9.899148344993591309e-01
7.932643890380859375e-01 6.658194661140441895e-01
4.233786463737487793e-01 4.374076426029205322e-01
2.781018614768981934e-01 1.883759647607803345e-01
1.561558246612548828e-01 1.172313019633293152e-01
4.286602139472961426e-01 8.773733377456665039e-01
9.456296563148498535e-01 6.344079375267028809e-01
7.683714032173156738e-01 9.308710098266601562e-01
6.992429494857788086e-01 7.641382217407226562e-01
4.841317832469940186e-01 5.374120473861694336e-01
3.518522977828979492e-01 5.414130091667175293e-01
2.908202111721038818e-01 5.713248252868652344e-01
9.263022541999816895e-01 7.448043823242187500e-01
2.302074283361434937e-01 7.133845090866088867e-01
1.768542230129241943e-01 1.385261211544275284e-02
3.003337085247039795e-01 1.822020411491394043e-01
7.068434357643127441e-01 9.072993397712707520e-01
6.302347183227539062e-01 7.398477792739868164e-01
8.233968615531921387e-01 3.390524387359619141e-01
9.746286273002624512e-01 2.535131573677062988e-01
1.407286617904901505e-02 8.426361680030822754e-01
9.605334997177124023e-01 3.343079090118408203e-01
2.884153425693511963e-01 5.174891352653503418e-01
2.878793179988861084e-01 8.550305366516113281e-01
6.527628302574157715e-01 5.321592092514038086e-01
3.240858912467956543e-01 5.991848111152648926e-01
9.867489337921142578e-02 6.047387719154357910e-01
5.569470524787902832e-01 2.425852864980697632e-01
9.170967340469360352e-01 7.455877661705017090e-01
6.536597609519958496e-01 3.172270655632019043e-01
6.788707971572875977e-01 6.001631617546081543e-01
3.478589951992034912e-01 5.309249162673950195e-01
7.878395318984985352e-01 9.762634038925170898e-01
6.547957062721252441e-01 5.265628099441528320e-01
1.307477056980133057e-02 8.806456923484802246e-01
7.888066768646240234e-01 6.949747204780578613e-01
9.870489835739135742e-01 6.948063969612121582e-01
7.566127181053161621e-01 4.136895537376403809e-01
2.730870842933654785e-01 6.650357246398925781e-01
6.935537457466125488e-01 3.365416079759597778e-02
1.348484605550765991e-01 2.367737591266632080e-01
7.892848849296569824e-01 1.026598885655403137e-01
6.872684359550476074e-01 7.652363926172256470e-02
1.159028857946395874e-01 3.466763198375701904e-01
8.919738531112670898e-01 8.056935071945190430e-01
2.950488030910491943e-01 6.594045758247375488e-01
6.727918982505798340e-01 3.648739457130432129e-01
8.851177692413330078e-01 6.413925886154174805e-01
6.368395686149597168e-01 1.646389216184616089e-01
5.187327861785888672e-01 2.762334942817687988e-01
7.545915842056274414e-01 6.640047430992126465e-01
2.396232783794403076e-01 3.287644088268280029e-01
1.679526567459106445e-01 2.155954539775848389e-01
6.413624286651611328e-01 3.101864159107208252e-01
9.963040351867675781e-01 1.317937076091766357e-01
7.196113467216491699e-01 9.300982952117919922e-01
6.795156598091125488e-01 5.487251877784729004e-01
9.220618009567260742e-01 4.193697571754455566e-01
8.835614323616027832e-01 5.379704833030700684e-01
2.292395979166030884e-01 2.411956433206796646e-03
9.367995262145996094e-01 2.259106785058975220e-01
7.593593597412109375e-01 3.416820466518402100e-01
7.907446622848510742e-01 8.968014717102050781e-01
1.809220947325229645e-02 7.511510848999023438e-01
4.393920302391052246e-01 7.892788052558898926e-01
5.620041117072105408e-02 5.110348463058471680e-01
8.851042985916137695e-01 3.250036537647247314e-01
9.614679813385009766e-01 8.344212770462036133e-01
8.521621227264404297e-01 5.770618319511413574e-01
1.885556280612945557e-01 6.381252408027648926e-01
7.785885334014892578e-01 3.357045650482177734e-01
4.842429459095001221e-01 8.259727358818054199e-01
8.155671358108520508e-01 9.099261835217475891e-03
2.279262393712997437e-01 1.418201625347137451e-01
9.115815162658691406e-01 4.377680718898773193e-01
1.868493854999542236e-01 7.946882843971252441e-01
9.152969121932983398e-01 8.793394267559051514e-02
6.847228407859802246e-01 1.056069657206535339e-01
4.538349807262420654e-01 2.647501826286315918e-01
2.212440967559814453e-01 8.394159078598022461e-01
7.534014582633972168e-01 7.927806377410888672e-01
1.548974215984344482e-01 5.537008047103881836e-01
2.114461809396743774e-01 6.488254666328430176e-01
6.305871158838272095e-02 5.183269381523132324e-01
1.589765250682830811e-01 2.587893009185791016e-01
5.270460844039916992e-01 6.162096858024597168e-01
8.328418731689453125e-01 7.224299311637878418e-01
3.393478989601135254e-01 3.009398654103279114e-02
8.290905952453613281e-01 8.125531077384948730e-01
8.809825778007507324e-01 4.293842017650604248e-01
7.419487237930297852e-01 3.744713664054870605e-01
3.267387449741363525e-01 7.414913177490234375e-02
7.839982509613037109e-01 8.431264013051986694e-02
8.304504156112670898e-01 6.026197075843811035e-01
4.244925081729888916e-01 6.677817106246948242e-01
7.695446610450744629e-01 2.083434313535690308e-01
7.941732406616210938e-01 9.332860112190246582e-01
5.333267524838447571e-02 7.994841933250427246e-01
1.468228399753570557e-01 2.523523569107055664e-01
7.885756492614746094e-01 6.150829195976257324e-01
3.280385211110115051e-02 2.643356323242187500e-01
3.314860761165618896e-01 9.362151622772216797e-01
2.980260550975799561e-01 9.492474198341369629e-01
6.560749411582946777e-01 5.175566673278808594e-01
7.396484613418579102e-01 8.340982198715209961e-01
8.385350704193115234e-01 7.524325847625732422e-01
6.861803531646728516e-01 1.323882490396499634e-01
6.037590503692626953e-01 6.730321645736694336e-01
9.840691685676574707e-01 8.368236422538757324e-01
1.655682921409606934e-01 4.032848477363586426e-01
5.137563943862915039e-01 6.477491855621337891e-01
3.806622922420501709e-01 1.681207269430160522e-01
8.085647821426391602e-01 1.315214037895202637e-01
7.490890026092529297e-01 1.512312144041061401e-01
2.901918888092041016e-01 2.730843126773834229e-01
2.947260141372680664e-01 1.607044339179992676e-01
8.118417859077453613e-01 8.586254715919494629e-02
6.194990873336791992e-01 5.095273852348327637e-01
2.175727486610412598e-01 2.807367742061614990e-01
2.539227306842803955e-01 5.302087068557739258e-01
3.595202267169952393e-01 4.016180038452148438e-01
4.876372516155242920e-01 8.294203281402587891e-01
1.484653949737548828e-01 6.361065506935119629e-01
6.895139217376708984e-01 9.531429409980773926e-01
5.994663834571838379e-01 5.692374333739280701e-02
7.388686537742614746e-01 9.875987768173217773e-01
6.969957947731018066e-01 3.724333271384239197e-02
8.456867337226867676e-01 2.483287602663040161e-01
9.618856906890869141e-01 8.448832631111145020e-01
8.771389722824096680e-02 2.240465134382247925e-01
3.115683197975158691e-01 3.587188422679901123e-01
8.881185650825500488e-01 3.928733170032501221e-01
2.862246036529541016e-01 6.025233864784240723e-01
5.707771182060241699e-01 1.616061776876449585e-01
1.312656998634338379e-01 1.290978118777275085e-02
5.662893131375312805e-02 2.470368444919586182e-01
7.982138544321060181e-02 3.728630244731903076e-01
6.330799460411071777e-01 2.296984046697616577e-01
2.738187313079833984e-01 7.881543040275573730e-02
1.229952089488506317e-02 2.553096711635589600e-01
8.764212727546691895e-01 5.715044736862182617e-01
9.202580451965332031e-01 2.431542128324508667e-01
6.057942509651184082e-01 3.874154984951019287e-01
1.204536408185958862e-01 8.224754929542541504e-01
4.981368184089660645e-01 9.556124210357666016e-01
6.954489946365356445e-01 2.096044868230819702e-01
7.454059720039367676e-01 2.089050859212875366e-01
1.261042803525924683e-01 3.277808129787445068e-01
2.666401863098144531e-01 2.806428074836730957e-01
8.721774220466613770e-01 2.335001826286315918e-01
9.386440515518188477e-01 5.406494736671447754e-01
1.999998241662979126e-01 7.757590413093566895e-01
4.578776955604553223e-01 4.279530048370361328e-01
1.641858071088790894e-01 8.033823370933532715e-01
8.598982095718383789e-01 1.067168861627578735e-01
4.020864963531494141e-01 9.376760721206665039e-01
2.552125751972198486e-01 9.957479238510131836e-01
6.902818679809570312e-01 4.162759482860565186e-01
3.074882924556732178e-02 1.173761561512947083e-01
6.517807245254516602e-01 3.449419140815734863e-01
1.057836934924125671e-01 7.076767683029174805e-01
5.693441629409790039e-01 1.748889386653900146e-01
5.778437256813049316e-01 9.865471720695495605e-01
4.879358112812042236e-01 6.074691414833068848e-01
6.335195302963256836e-01 9.143041372299194336e-01
2.985295057296752930e-01 9.696514606475830078e-01
4.451357722282409668e-01 5.675500035285949707e-01
4.107492268085479736e-01 7.814040184020996094e-01
1.056732535362243652e-01 1.116285920143127441e-01
1.358906626701354980e-01 5.338848829269409180e-01
5.856555104255676270e-01 3.784104287624359131e-01
5.029730200767517090e-01 7.550267577171325684e-01
1.259800195693969727e-01 2.711208760738372803e-01
6.798504590988159180e-01 3.407021760940551758e-01
6.306380033493041992e-01 9.522721767425537109e-01
4.272294938564300537e-01 6.748185753822326660e-01
9.432526826858520508e-01 4.482655823230743408e-01
5.562648177146911621e-01 5.927533507347106934e-01
9.483479857444763184e-01 3.724496364593505859e-01
7.980509996414184570e-01 1.512085497379302979e-01
4.529700279235839844e-01 4.566899314522743225e-02
1.793686002492904663e-01 7.022885084152221680e-01
1.799077242612838745e-01 3.719483017921447754e-01
5.255361199378967285e-01 6.847472786903381348e-01
4.221858084201812744e-01 3.962768316268920898e-01
1.439676284790039062e-01 4.382557868957519531e-01
9.733589291572570801e-01 2.426625490188598633e-01
3.924598395824432373e-01 6.361102461814880371e-01
8.201108127832412720e-02 6.567603349685668945e-01
1.081989780068397522e-01 3.605706095695495605e-01
8.415227532386779785e-01 7.342398762702941895e-01
1.655873507261276245e-01 4.121012687683105469e-01
9.252139329910278320e-01 7.648220062255859375e-01
6.347251534461975098e-01 8.689765930175781250e-01
5.054162442684173584e-02 5.090323686599731445e-01
2.090113013982772827e-01 6.697680950164794922e-01
8.051288127899169922e-01 9.802270531654357910e-01
3.591144979000091553e-01 2.911852896213531494e-01
3.354898393154144287e-01 9.338223338127136230e-01
1.017912924289703369e-01 2.183860540390014648e-01
7.646175622940063477e-01 4.524149298667907715e-01
3.224247694015502930e-01 1.885297745466232300e-01
6.063126921653747559e-01 7.030463814735412598e-01
1.544495970010757446e-01 2.295678555965423584e-01
8.782355189323425293e-01 7.330459356307983398e-01
6.718800067901611328e-01 8.343196660280227661e-02
3.975968360900878906e-01 1.196590885519981384e-01
2.868593856692314148e-02 3.580957353115081787e-01
3.167863190174102783e-01 1.843559592962265015e-01
5.971452593803405762e-01 2.375872731208801270e-01
7.832202315330505371e-01 3.553980290889739990e-01
7.332252860069274902e-01 8.556718826293945312e-01
8.335967063903808594e-01 1.648294329643249512e-01
2.853184342384338379e-01 6.392523050308227539e-01
8.083089590072631836e-01 5.596022009849548340e-01
9.714109897613525391e-01 8.007730841636657715e-01
4.291624128818511963e-01 4.445863664150238037e-01
7.621726021170616150e-03 2.687030434608459473e-01
4.361699521541595459e-01 1.981587111949920654e-01
9.961553812026977539e-01 2.416845709085464478e-01
7.450649887323379517e-02 4.396558701992034912e-01
2.975285947322845459e-01 1.452521979808807373e-01
9.476605653762817383e-01 4.321078658103942871e-01
8.468985557556152344e-01 6.753477454185485840e-01
2.875085473060607910e-01 3.075065277516841888e-02
1.973281204700469971e-01 1.862923502922058105e-01
3.314762711524963379e-01 3.844329416751861572e-01
9.295955896377563477e-01 2.589776217937469482e-01
5.629982948303222656e-01 3.540896251797676086e-02
1.504038125276565552e-01 1.582686007022857666e-01
9.600427746772766113e-01 5.003556013107299805e-01
9.375301003456115723e-01 8.738888427615165710e-04
2.971789836883544922e-01 6.650857329368591309e-01
6.720359623432159424e-02 2.049811035394668579e-01
7.472317218780517578e-01 8.615133166313171387e-01
8.032456040382385254e-01 7.898666262626647949e-01
8.244302272796630859e-01 4.814042150974273682e-02
7.264261245727539062e-01 2.759344279766082764e-01
8.177263736724853516e-01 1.474185436964035034e-01
2.087339609861373901e-01 7.047125697135925293e-02
8.083053827285766602e-01 9.789515137672424316e-01
9.995576739311218262e-01 2.859747707843780518e-01
2.980043888092041016e-01 9.076769948005676270e-01
6.768594980239868164e-01 9.741479754447937012e-01
1.056938543915748596e-01 1.296706348657608032e-01
5.687132477760314941e-01 1.308932006359100342e-01
8.394895195960998535e-01 6.664178371429443359e-01
5.238193273544311523e-01 8.762586712837219238e-01
9.155187010765075684e-01 7.525223493576049805e-01
3.012822866439819336e-01 2.420801110565662384e-02
7.628039121627807617e-01 4.043683409690856934e-01
4.420451819896697998e-02 5.599048137664794922e-01
5.188110470771789551e-01 4.062170684337615967e-01
2.004967480897903442e-01 2.562605440616607666e-01
4.251876771450042725e-01 1.462611854076385498e-01
4.554025232791900635e-01 3.063085377216339111e-01
3.862480223178863525e-01 2.917535305023193359e-01
7.067416906356811523e-01 2.079862803220748901e-01
4.955722093582153320e-01 7.836318612098693848e-01
4.089646935462951660e-01 2.750068902969360352e-01
4.283017814159393311e-01 7.787675857543945312e-01
5.017328858375549316e-01 4.162336885929107666e-01
3.928426504135131836e-01 3.841079473495483398e-01
8.408803343772888184e-01 1.753251254558563232e-01
4.111652076244354248e-01 6.613865494728088379e-01
6.157878041267395020e-01 4.692807495594024658e-01
5.170462727546691895e-01 6.700586676597595215e-01
3.239468857645988464e-02 4.628590047359466553e-01
7.604377865791320801e-01 1.026787236332893372e-01
5.579961538314819336e-01 6.633686423301696777e-01
7.317088842391967773e-01 6.640724539756774902e-01
8.501099050045013428e-02 4.164803922176361084e-01
6.108807921409606934e-01 4.468355476856231689e-01
8.088889718055725098e-01 8.240081667900085449e-01
6.488228440284729004e-01 9.435914158821105957e-01
4.020640850067138672e-01 1.428542286157608032e-01
9.662968516349792480e-01 4.954976141452789307e-01
2.503853440284729004e-01 3.119466304779052734e-01
6.014907956123352051e-01 4.428242444992065430e-01
3.771656155586242676e-01 1.808920055627822876e-01
9.971321225166320801e-01 6.048132777214050293e-01
9.844404458999633789e-01 4.273394942283630371e-01
1.798280626535415649e-01 1.380229741334915161e-01
7.823356389999389648e-01 4.214304089546203613e-01
8.677480816841125488e-01 9.436917901039123535e-01
1.339417546987533569e-01 1.912350803613662720e-01
8.762851357460021973e-01 1.843354292213916779e-02
3.198111057281494141e-01 3.673352599143981934e-01
1.250085234642028809e-01 3.118230402469635010e-01
4.285983741283416748e-01 2.060513757169246674e-02
6.179009675979614258e-01 4.632773697376251221e-01
7.183027863502502441e-01 9.431385397911071777e-01
2.288818508386611938e-01 3.126788735389709473e-01
9.437878727912902832e-01 5.040012598037719727e-01
2.936069667339324951e-02 5.205781459808349609e-01
4.458029568195343018e-01 1.460644602775573730e-01
8.670763969421386719e-01 4.730788171291351318e-01
7.194420695304870605e-01 3.291758000850677490e-01
1.569982469081878662e-01 3.109622299671173096e-01
5.003024339675903320e-01 3.445087671279907227e-01
3.581688404083251953e-01 1.992923170328140259e-01
3.492935001850128174e-01 2.606368064880371094e-01
2.924884855747222900e-01 5.269500613212585449e-01
7.145564556121826172e-01 8.652539253234863281e-01
1.752811372280120850e-01 2.743814289569854736e-01
9.821758270263671875e-01 2.514184117317199707e-01
8.722746968269348145e-01 4.297567009925842285e-01
9.116615653038024902e-01 7.502860426902770996e-01
1.806604266166687012e-01 6.679732203483581543e-01
4.427759349346160889e-01 5.342829823493957520e-01
1.213114336133003235e-02 1.261806488037109375e-01
6.652563214302062988e-01 6.505801081657409668e-01
5.808796882629394531e-01 6.586526632308959961e-01
4.497298002243041992e-01 3.810878694057464600e-01
2.888801991939544678e-01 8.350724726915359497e-02
2.909174859523773193e-01 7.435138225555419922e-01
8.004928827285766602e-01 1.529553383588790894e-01
9.251734018325805664e-01 6.814182400703430176e-01
4.753130972385406494e-01 7.310365438461303711e-01
9.129324555397033691e-01 1.187072396278381348e-01
4.850903153419494629e-02 4.695028960704803467e-01
4.977530241012573242e-01 8.278319239616394043e-01
7.730032205581665039e-01 7.390956878662109375e-01
1.080010756850242615e-01 5.116371512413024902e-01
7.117591500282287598e-01 1.063450053334236145e-02
8.688576817512512207e-01 6.741231083869934082e-01
4.055464267730712891e-01 6.756181120872497559e-01
4.743833094835281372e-02 5.453132390975952148e-01
5.864850282669067383e-01 2.463911026716232300e-01
2.650701403617858887e-01 2.269086986780166626e-01
4.290746450424194336e-01 5.104245245456695557e-02
3.735431134700775146e-01 7.307306528091430664e-01
3.806704878807067871e-01 5.110377445816993713e-02
5.244842767715454102e-01 5.808447003364562988e-01
4.277671128511428833e-02 4.645880758762359619e-01
3.031362593173980713e-01 3.330612182617187500e-02
7.445622086524963379e-01 5.359171628952026367e-01
6.208624243736267090e-01 8.765181899070739746e-02
3.948822245001792908e-02 4.152524471282958984e-01
1.028659716248512268e-01 5.102505683898925781e-01
8.073937892913818359e-01 3.710949420928955078e-01
5.487920641899108887e-01 8.476995825767517090e-01
1.446863710880279541e-01 9.716780781745910645e-01
6.966289877891540527e-01 6.640588045120239258e-01
9.719866514205932617e-01 5.325664281845092773e-01
4.546024501323699951e-01 4.566763937473297119e-01
1.907469481229782104e-01 1.779417395591735840e-01
4.279904812574386597e-02 7.471392303705215454e-02
9.324202537536621094e-01 7.325583100318908691e-01
3.211222887039184570e-01 3.334862589836120605e-01
8.703032135963439941e-01 1.805106848478317261e-01
9.498912096023559570e-01 4.586444422602653503e-02
3.982431888580322266e-01 3.000545501708984375e-01
7.427029609680175781e-01 9.019067287445068359e-01
6.493005752563476562e-01 2.630564570426940918e-01
5.692365579307079315e-03 7.184671759605407715e-01
3.391439616680145264e-01 8.931112289428710938e-01
3.651994466781616211e-01 4.647220373153686523e-01
1.151380944065749645e-03 3.483357429504394531e-01
5.577602386474609375e-01 2.700884044170379639e-01
2.943512238562107086e-02 3.264386951923370361e-01
4.353308975696563721e-01 5.732336044311523438e-01
8.814174532890319824e-01 4.760806262493133545e-01
6.066448092460632324e-01 3.373133242130279541e-01
6.242166757583618164e-01 8.384962081909179688e-01
7.485928386449813843e-02 5.964355915784835815e-02
3.020757734775543213e-01 6.537182927131652832e-01
6.692488193511962891e-01 2.256819605827331543e-01
8.715082406997680664e-01 3.925497457385063171e-02
2.038376629352569580e-01 1.258775442838668823e-01
2.431246936321258545e-01 5.362502112984657288e-02
4.470543265342712402e-01 1.839538067579269409e-01
7.818329334259033203e-01 6.099559068679809570e-01
4.849919676780700684e-01 9.792702198028564453e-01
2.253666073083877563e-01 2.928672134876251221e-01
3.784138858318328857e-01 1.160988677293062210e-02
2.544344663619995117e-01 6.163972020149230957e-01
5.077304244041442871e-01 7.268627882003784180e-01
4.434279799461364746e-01 4.724580049514770508e-01
5.924927592277526855e-01 4.791242778301239014e-01
2.365068644285202026e-01 5.248897150158882141e-02
7.573697566986083984e-01 4.657414555549621582e-02
6.762402653694152832e-01 5.061398074030876160e-02
4.711003601551055908e-02 4.963932931423187256e-01
4.660460948944091797e-01 3.851468563079833984e-01
2.408852577209472656e-01 2.475610235705971718e-03
4.166648685932159424e-01 6.919226646423339844e-01
4.843805134296417236e-01 5.551977157592773438e-01
1.592831611633300781e-01 3.274883627891540527e-01
2.595075964927673340e-01 9.941142201423645020e-01
8.442875146865844727e-01 5.429029464721679688e-01
1.794052422046661377e-01 1.559529267251491547e-02
5.908219814300537109e-01 2.102328091859817505e-02
3.271200358867645264e-01 7.752851843833923340e-01
7.690643668174743652e-01 7.230839729309082031e-01
3.539056181907653809e-01 6.713255643844604492e-01
7.349190711975097656e-01 7.354548573493957520e-01
7.975289821624755859e-01 2.297386080026626587e-01
7.065188884735107422e-01 4.304971694946289062e-01
5.401324629783630371e-01 1.903207302093505859e-01
1.680167019367218018e-01 8.547271490097045898e-01
1.233660504221916199e-01 2.369326055049896240e-01
1.182720810174942017e-01 3.658775389194488525e-01
7.952078431844711304e-02 4.959656894207000732e-01
7.112847566604614258e-01 1.617827713489532471e-01
2.890778779983520508e-01 5.569939017295837402e-01
2.612497210502624512e-01 9.265652894973754883e-01
2.868788242340087891e-01 2.339828014373779297e-02
6.037890911102294922e-01 9.118964672088623047e-01
6.907601356506347656e-01 4.800579249858856201e-01
5.590900182723999023e-01 1.146512627601623535e-01
3.592136502265930176e-01 1.483615487813949585e-02
9.796037077903747559e-01 3.495627343654632568e-01
3.122509084641933441e-02 5.180166363716125488e-01
7.896398901939392090e-01 7.783749103546142578e-01
7.520061135292053223e-01 3.841982483863830566e-01
2.784809172153472900e-01 9.364205598831176758e-02
1.146147847175598145e-01 1.199083924293518066e-01
2.440850585699081421e-01 6.460319161415100098e-01
3.377306163311004639e-01 9.405385702848434448e-02
9.382395148277282715e-01 9.622747451066970825e-02
7.303019762039184570e-01 4.318045377731323242e-01
2.203150689601898193e-01 3.860363736748695374e-02
9.851114749908447266e-01 8.156218528747558594e-01
7.306089997291564941e-01 6.536155343055725098e-01
9.881266951560974121e-01 6.793488264083862305e-01
8.752910494804382324e-01 9.671208262443542480e-02
9.018132686614990234e-01 8.679621666669845581e-02
7.240120172500610352e-01 2.352908998727798462e-01
6.466318368911743164e-01 1.115750521421432495e-01
1.709983944892883301e-01 8.952631354331970215e-01
9.343440532684326172e-01 7.205963879823684692e-02
3.741128444671630859e-01 6.092067360877990723e-01
2.936487197875976562e-01 1.459795534610748291e-01
8.853796869516372681e-03 2.397238463163375854e-01
3.706258237361907959e-01 3.556348681449890137e-01
9.094873070716857910e-01 5.763148665428161621e-01
2.423990517854690552e-01 8.974735736846923828e-01
8.417634665966033936e-02 2.058076672255992889e-02
2.629286348819732666e-01 2.864748239517211914e-01
9.497594237327575684e-01 5.605463981628417969e-01
8.242236822843551636e-02 7.700679898262023926e-01
9.937351942062377930e-01 9.977504014968872070e-01
2.809011191129684448e-02 2.820197343826293945e-01
7.717919349670410156e-01 6.674025654792785645e-01
6.024580597877502441e-01 2.986209988594055176e-01
2.452085316181182861e-01 2.466868050396442413e-02
8.331991434097290039e-01 6.458078026771545410e-01
7.989522814750671387e-01 6.724858880043029785e-01
