6.273570060729980469e-01 8.026108145713806152e-01
7.385702729225158691e-01 5.106527358293533325e-02
8.466776013374328613e-01 7.456216216087341309e-01
7.498540878295898438e-01 4.918409883975982666e-01
9.305156469345092773e-01 7.202522158622741699e-01
1.832836568355560303e-01 7.522080540657043457e-01
8.021485805511474609e-01 3.097618818283081055e-01
4.799175262451171875e-01 3.994965553283691406e-01
3.571931421756744385e-01 9.703596234321594238e-01
3.285532295703887939e-01 2.441762089729309082e-01
7.869051694869995117e-01 7.693913578987121582e-01
7.289940714836120605e-01 3.618437051773071289e-01
2.810942232608795166e-01 4.222380518913269043e-01
7.019001841545104980e-01 6.050282716751098633e-01
9.600910544395446777e-02 1.041694581508636475e-01
5.440046787261962891e-01 4.350493550300598145e-01
1.191401556134223938e-01 6.517773270606994629e-01
8.751554489135742188e-01 9.470876455307006836e-01
2.797029018402099609e-01 9.690593481063842773e-01
9.004866480827331543e-01 1.284580230712890625e-01
3.591078817844390869e-01 8.573406934738159180e-01
5.158901214599609375e-01 7.765380740165710449e-01
6.564667224884033203e-01 5.264778733253479004e-01
3.478523194789886475e-01 5.917628407478332520e-01
3.877566456794738770e-01 2.953638732433319092e-01
7.381920218467712402e-01 1.768341660499572754e-02
5.899869203567504883e-01 6.931909322738647461e-01
4.006790816783905029e-01 2.686204612255096436e-01
2.968806326389312744e-01 2.055474556982517242e-02
2.274152189493179321e-01 3.789308369159698486e-01
1.275209635496139526e-01 5.499333143234252930e-01
8.828222155570983887e-01 8.161539435386657715e-01
1.896148473024368286e-01 9.826141595840454102e-02
4.612261652946472168e-01 8.679002523422241211e-02
8.297963738441467285e-01 8.803802728652954102e-01
2.607791721820831299e-01 7.308915257453918457e-01
8.346220254898071289e-01 4.043642580509185791e-01
9.411007165908813477e-02 1.767557859420776367e-01
6.422017812728881836e-01 1.732771098613739014e-01
1.944945454597473145e-01 5.763638019561767578e-01
3.503897190093994141e-01 5.067156553268432617e-01
1.144557073712348938e-01 2.370260953903198242e-01
1.627729088068008423e-01 3.866075277328491211e-01
7.133856415748596191e-02 8.599956631660461426e-01
4.087487161159515381e-01 9.619652628898620605e-01
4.343779087066650391e-01 8.724605441093444824e-01
2.000072002410888672e-01 3.248973488807678223e-01
2.658666670322418213e-02 6.179862618446350098e-01
9.013714194297790527e-01 9.128777980804443359e-01
4.725451022386550903e-02 9.603661298751831055e-01
5.594073534011840820e-01 8.955109119415283203e-01
2.160086035728454590e-01 8.318855166435241699e-01
4.716648757457733154e-01 2.088888138532638550e-01
6.940913200378417969e-01 3.571306169033050537e-01
7.715352177619934082e-01 3.327781558036804199e-01
9.788070321083068848e-01 5.860142707824707031e-01
2.246640920639038086e-01 6.375158429145812988e-01
1.511608511209487915e-01 7.071551680564880371e-01
4.313054084777832031e-01 9.375305175781250000e-01
7.989369034767150879e-01 5.642049312591552734e-01
8.035135865211486816e-01 6.385900974273681641e-01
8.420540690422058105e-01 9.157738685607910156e-01
8.381863236427307129e-01 3.904595673084259033e-01
5.108489394187927246e-01 7.988514900207519531e-01
7.493114471435546875e-01 6.316874623298645020e-01
5.861753225326538086e-01 3.439718186855316162e-01
9.523729085922241211e-01 6.494393944740295410e-01
7.741513252258300781e-01 3.640770614147186279e-01
3.443189561367034912e-01 7.761983275413513184e-01
3.296913579106330872e-02 4.047221541404724121e-01
6.032826900482177734e-01 2.136012464761734009e-01
2.048730254173278809e-01 7.630282640457153320e-01
9.952064752578735352e-01 4.893686994910240173e-02
6.975021213293075562e-02 9.555564522743225098e-01
6.430476903915405273e-01 4.306246340274810791e-01
9.161134958267211914e-01 7.262151837348937988e-01
5.799244046211242676e-01 9.342671632766723633e-01
5.534735321998596191e-01 8.560833334922790527e-01
7.274741530418395996e-01 3.963022530078887939e-01
7.722494006156921387e-01 3.876116871833801270e-01
6.955366134643554688e-01 3.766725361347198486e-01
6.215606927871704102e-01 8.533303141593933105e-01
3.028118312358856201e-01 9.890156239271163940e-02
3.700338006019592285e-01 6.606445312500000000e-01
8.643450736999511719e-01 5.058329105377197266e-01
9.725774526596069336e-01 9.971808195114135742e-01
7.051630020141601562e-01 9.835867285728454590e-01
7.615798115730285645e-01 9.282710552215576172e-01
1.266062911599874496e-02 1.848307102918624878e-01
3.694221973419189453e-01 9.986749291419982910e-01
6.526033282279968262e-01 6.382598876953125000e-01
5.724518895149230957e-01 2.669064104557037354e-01
1.637765914201736450e-01 9.117133617401123047e-01
5.654664039611816406e-01 6.593164205551147461e-01
3.564433157444000244e-01 2.474490739405155182e-02
6.934419870376586914e-01 9.763415157794952393e-02
4.684432446956634521e-01 7.560777477920055389e-03
5.921255350112915039e-01 3.354288041591644287e-01
5.096706002950668335e-02 8.946869373321533203e-01
9.168545007705688477e-01 7.808306813240051270e-01
3.003177344799041748e-01 8.595644235610961914e-01
6.070025265216827393e-02 1.043153628706932068e-01
5.025782585144042969e-01 1.457262188196182251e-01
8.157652616500854492e-02 8.317598700523376465e-01
6.039167642593383789e-01 1.299552321434020996e-01
7.489302158355712891e-01 5.107132792472839355e-01
6.056080460548400879e-01 8.133531212806701660e-01
9.489126205444335938e-01 1.365151815116405487e-02
6.035794019699096680e-01 9.036974310874938965e-01
7.040951848030090332e-01 9.395494461059570312e-01
5.797304511070251465e-01 5.210017561912536621e-01
1.410333812236785889e-01 8.570066690444946289e-01
5.596081018447875977e-01 9.020928144454956055e-01
8.844008445739746094e-01 4.220937192440032959e-01
6.500579714775085449e-01 5.267201066017150879e-01
2.144998759031295776e-01 2.383657395839691162e-01
2.153165489435195923e-01 2.224591374397277832e-01
8.246222138404846191e-01 6.660451889038085938e-01
9.282053112983703613e-01 1.200349703431129456e-01
5.972370505332946777e-01 3.127629160881042480e-01
1.028841286897659302e-01 7.229888439178466797e-02
1.240076571702957153e-01 3.059246838092803955e-01
3.581212759017944336e-01 4.799177646636962891e-01
7.807664275169372559e-01 7.055436372756958008e-01
8.460879325866699219e-01 5.944223999977111816e-01
7.335976362228393555e-01 4.684547185897827148e-01
5.799430012702941895e-01 1.668648570775985718e-01
7.204462885856628418e-01 2.641220111399888992e-03
8.998646736145019531e-01 9.176090359687805176e-01
5.186834335327148438e-01 9.172612428665161133e-01
7.012160420417785645e-01 7.835718989372253418e-01
2.440426200628280640e-01 7.549978494644165039e-01
7.527455687522888184e-01 3.450155854225158691e-01
2.575153112411499023e-01 3.150987625122070312e-01
6.828891038894653320e-01 3.273103237152099609e-01
9.067479968070983887e-01 9.148564934730529785e-01
4.475912153720855713e-01 1.481588333845138550e-01
6.324635148048400879e-01 7.037790417671203613e-01
9.936575293540954590e-01 8.079966902732849121e-01
6.793888807296752930e-01 4.703928232192993164e-01
6.464365720748901367e-01 4.277290701866149902e-01
5.803803801536560059e-01 8.399552106857299805e-01
7.612972855567932129e-01 5.770148038864135742e-01
5.496134161949157715e-01 8.414240479469299316e-01
3.748469054698944092e-01 3.923114240169525146e-01
1.601525992155075073e-01 3.541244864463806152e-01
7.049508392810821533e-02 2.839268147945404053e-01
2.361862659454345703e-01 1.944593191146850586e-01
1.711269915103912354e-01 1.845329441130161285e-02
5.490915179252624512e-01 5.940069556236267090e-01
1.192073300480842590e-01 8.826140761375427246e-01
6.243700981140136719e-01 5.763552188873291016e-01
7.115832567214965820e-01 8.830113410949707031e-01
2.572028636932373047e-01 2.852338850498199463e-01
7.542790174484252930e-01 8.930080533027648926e-01
5.857815146446228027e-01 5.112621467560529709e-03
5.211381912231445312e-01 9.875286221504211426e-01
4.511220455169677734e-01 9.333555698394775391e-01
6.884977221488952637e-01 7.618691325187683105e-01
9.514673352241516113e-01 8.023527264595031738e-01
2.571971714496612549e-01 7.940068244934082031e-01
8.877218961715698242e-01 2.771860361099243164e-01
2.977578043937683105e-01 7.270877957344055176e-01
6.975840926170349121e-01 6.309850811958312988e-01
5.833699703216552734e-01 9.117501974105834961e-01
7.796573042869567871e-01 6.479220092296600342e-02
8.314196467399597168e-01 3.306465744972229004e-01
6.420425772666931152e-01 9.945297837257385254e-01
7.634913325309753418e-01 6.884199380874633789e-01
9.433672428131103516e-01 4.307692050933837891e-01
2.554461956024169922e-01 1.400145590305328369e-01
9.476485252380371094e-01 9.252068996429443359e-01
1.863598227500915527e-01 4.334786236286163330e-01
2.657261192798614502e-01 6.432704925537109375e-01
5.886665731668472290e-02 4.235678166151046753e-02
2.761536464095115662e-02 3.424457907676696777e-01
1.563885211944580078e-01 5.226519107818603516e-01
5.160129070281982422e-01 8.096316456794738770e-02
7.897428870201110840e-01 9.421467185020446777e-01
3.973517119884490967e-01 7.105289101600646973e-01
3.282588720321655273e-02 3.860127329826354980e-01
8.164847493171691895e-01 3.710311949253082275e-01
3.529224097728729248e-01 2.954471111297607422e-01
8.799335360527038574e-01 1.575602740049362183e-01
5.232222676277160645e-01 1.595319509506225586e-01
3.516174256801605225e-01 5.216948390007019043e-01
6.059421971440315247e-02 3.159802854061126709e-01
7.959879040718078613e-01 8.115198016166687012e-01
7.357995212078094482e-02 2.463984787464141846e-01
6.189797520637512207e-01 3.593314290046691895e-01
2.178293168544769287e-01 3.855085000395774841e-02
7.269086837768554688e-01 6.206221580505371094e-01
8.839299678802490234e-01 1.468673497438430786e-01
7.683745026588439941e-01 6.924384087324142456e-02
3.443482816219329834e-01 2.300116419792175293e-01
7.401093840599060059e-01 4.380003735423088074e-02
6.625259667634963989e-02 2.425008118152618408e-01
1.642777174711227417e-01 8.556984663009643555e-01
6.247682571411132812e-01 5.248011350631713867e-01
7.192214131355285645e-01 4.260877519845962524e-02
9.041230082511901855e-01 6.716561913490295410e-01
6.341180801391601562e-01 2.354202121496200562e-01
2.234999835491180420e-01 3.604101240634918213e-01
1.351120620965957642e-01 9.866983294486999512e-01
5.955855846405029297e-01 6.989438533782958984e-01
7.118013501167297363e-01 2.102138549089431763e-01
1.876559257507324219e-01 1.604970842599868774e-01
1.293673515319824219e-01 1.923173666000366211e-01
5.041345953941345215e-02 7.425719499588012695e-01
7.130811810493469238e-01 1.591599434614181519e-01
5.042278766632080078e-01 9.472339749336242676e-01
6.251779198646545410e-01 7.191550135612487793e-01
8.729255944490432739e-02 9.372230172157287598e-01
1.588118821382522583e-01 5.931657552719116211e-01
8.487105369567871094e-02 6.868530511856079102e-01
1.075460109859704971e-02 2.284043431282043457e-01
3.120786510407924652e-02 4.643626511096954346e-01
1.781055629253387451e-01 6.777445673942565918e-01
9.477122128009796143e-02 9.858602881431579590e-01
4.537074863910675049e-01 8.484960198402404785e-01
6.140843033790588379e-01 7.822483181953430176e-01
8.814764618873596191e-01 4.722717702388763428e-01
2.296141348779201508e-02 6.846080422401428223e-01
6.270088553428649902e-01 6.772793531417846680e-01
4.013469815254211426e-01 2.862738072872161865e-01
9.275370836257934570e-01 3.974680006504058838e-01
2.407434284687042236e-01 2.000682353973388672e-01
9.212566018104553223e-01 6.421060562133789062e-01
3.968639969825744629e-01 1.976370215415954590e-01
5.182494521141052246e-01 7.145819067955017090e-01
5.708644390106201172e-01 4.235607683658599854e-01
7.497591376304626465e-01 5.504946410655975342e-02
4.619493186473846436e-01 1.137733310461044312e-01
4.102833867073059082e-01 2.706696391105651855e-01
7.969869375228881836e-01 1.469101905822753906e-01
7.802252769470214844e-01 6.195045709609985352e-01
5.717536807060241699e-01 2.312547154724597931e-02
2.243879586458206177e-01 6.762667298316955566e-01
6.943661570549011230e-01 2.739801108837127686e-01
7.169947028160095215e-01 2.095464468002319336e-01
6.658252477645874023e-01 3.118818998336791992e-01
5.265396237373352051e-01 5.496416091918945312e-01
2.981362938880920410e-01 6.989450454711914062e-01
4.766185283660888672e-01 5.228073596954345703e-01
6.251912117004394531e-01 8.491890430450439453e-01
9.478335380554199219e-01 1.287790536880493164e-01
7.951049804687500000e-01 5.142304301261901855e-01
7.801316976547241211e-01 1.586884707212448120e-01
8.631015419960021973e-01 4.251967966556549072e-01
5.536819696426391602e-01 3.409713506698608398e-01
1.873189397156238556e-02 7.819299697875976562e-01
1.763147860765457153e-01 9.649509191513061523e-01
5.250195264816284180e-01 4.332627654075622559e-01
7.023184895515441895e-01 7.869537174701690674e-02
1.761638224124908447e-01 2.030040770769119263e-01
2.369312047958374023e-01 5.011637806892395020e-01
8.805359005928039551e-01 3.521929681301116943e-01
3.622588142752647400e-02 5.478260517120361328e-01
8.796653151512145996e-01 4.902458488941192627e-01
1.617844700813293457e-01 1.610968708992004395e-01
6.057924032211303711e-01 3.910436928272247314e-01
7.084679603576660156e-01 3.805151581764221191e-01
3.333042263984680176e-01 2.336582690477371216e-01
9.508910775184631348e-01 1.150360628962516785e-01
4.027921259403228760e-01 5.295444130897521973e-01
2.724611759185791016e-01 6.385365724563598633e-01
5.924006700515747070e-01 3.236428499221801758e-01
5.455084443092346191e-01 4.045953154563903809e-01
4.310385286808013916e-01 7.625337690114974976e-02
6.412765383720397949e-01 6.872498393058776855e-01
6.813715696334838867e-01 1.283064782619476318e-01
7.949281930923461914e-01 2.928681075572967529e-01
6.970343589782714844e-01 3.719836473464965820e-01
4.347633421421051025e-01 3.486711680889129639e-01
4.334644973278045654e-01 5.939338207244873047e-01
2.349050790071487427e-01 9.586522579193115234e-01
5.850759148597717285e-01 8.645241260528564453e-01
9.845574498176574707e-01 8.546195626258850098e-01
3.799239546060562134e-02 5.788563489913940430e-01
7.444101572036743164e-01 1.976285725831985474e-01
5.776869654655456543e-01 9.180399775505065918e-02
7.715908885002136230e-01 7.084899544715881348e-01
1.876684427261352539e-01 7.154020667076110840e-01
2.757384777069091797e-01 9.182786345481872559e-01
2.976222038269042969e-01 7.488290071487426758e-01
9.036343097686767578e-01 8.047720789909362793e-01
7.082141041755676270e-01 7.765229344367980957e-01
7.241933345794677734e-01 5.668331980705261230e-01
5.036500096321105957e-01 5.293164253234863281e-01
6.080196499824523926e-01 4.871860742568969727e-01
7.677406668663024902e-01 5.316012501716613770e-01
8.077290654182434082e-01 6.671729683876037598e-01
6.237899884581565857e-02 6.632959842681884766e-01
5.682474374771118164e-01 7.406216263771057129e-01
6.574024558067321777e-01 7.300035953521728516e-01
7.847701758146286011e-02 6.127436757087707520e-01
7.343607544898986816e-01 5.600072145462036133e-01
8.289716243743896484e-01 6.993013024330139160e-01
1.731083542108535767e-01 2.839233577251434326e-01
3.041483461856842041e-01 6.493397951126098633e-01
4.346497058868408203e-01 1.670746654272079468e-01
3.761841952800750732e-01 9.083150885999202728e-03
8.714622855186462402e-01 8.950036019086837769e-02
1.846984475851058960e-01 6.830175220966339111e-02
4.661349058151245117e-01 8.019937276840209961e-01
7.775330543518066406e-01 7.033455967903137207e-01
3.150505423545837402e-01 7.450683712959289551e-01
9.741204977035522461e-01 5.292582511901855469e-01
8.262745141983032227e-01 8.189042210578918457e-01
2.119127064943313599e-01 1.222737058997154236e-01
1.285804063081741333e-01 3.049536943435668945e-01
9.477578997611999512e-01 7.257329225540161133e-01
9.048764109611511230e-01 9.432920217514038086e-01
8.289684653282165527e-01 5.571228265762329102e-01
4.335364401340484619e-01 9.911769628524780273e-01
9.564759731292724609e-01 3.544381558895111084e-01
3.221726119518280029e-01 9.686645269393920898e-01
2.288060039281845093e-01 6.746454238891601562e-01
7.602890133857727051e-01 7.650899887084960938e-01
6.118826270103454590e-01 5.050097107887268066e-01
4.913759827613830566e-01 7.080740928649902344e-01
1.713100075721740723e-01 2.118250280618667603e-01
6.472150087356567383e-01 1.953588277101516724e-01
2.972968220710754395e-01 2.246994674205780029e-01
2.331585623323917389e-02 4.494117200374603271e-01
2.096449732780456543e-01 4.762362241744995117e-01
8.603088259696960449e-01 6.352875232696533203e-01
4.809280931949615479e-01 7.504956722259521484e-01
9.708445668220520020e-01 1.119670569896697998e-01
2.015921622514724731e-01 6.571856141090393066e-01
2.746157050132751465e-01 5.631706118583679199e-01
1.558554023504257202e-01 2.771319448947906494e-01
3.250887244939804077e-02 6.465912461280822754e-01
6.353068947792053223e-01 4.296793937683105469e-01
1.220935806632041931e-01 3.573884069919586182e-01
8.743242025375366211e-01 1.642037183046340942e-01
9.130320549011230469e-01 1.030604541301727295e-01
5.983699560165405273e-01 7.729495167732238770e-01
1.851460188627243042e-01 4.681578278541564941e-01
8.191054463386535645e-01 4.517152905464172363e-02
1.970191486179828644e-02 3.341218829154968262e-01
7.417990267276763916e-02 6.210843920707702637e-01
4.754373803734779358e-03 4.139547049999237061e-01
2.927755117416381836e-01 7.116028070449829102e-01
2.082753628492355347e-01 8.093028515577316284e-02
8.759794831275939941e-01 7.201197147369384766e-01
9.570916891098022461e-01 6.604743003845214844e-01
6.894680112600326538e-02 3.770976662635803223e-01
5.423620343208312988e-01 7.937452197074890137e-01
7.505520582199096680e-01 1.108038797974586487e-01
6.619518995285034180e-01 6.431679725646972656e-01
3.147842586040496826e-01 9.956699013710021973e-01
4.548563659191131592e-01 2.694109082221984863e-01
5.968368053436279297e-01 9.252047538757324219e-01
6.058653593063354492e-01 6.671391129493713379e-01
6.712043285369873047e-01 7.224841117858886719e-01
7.969790101051330566e-01 7.948722839355468750e-01
9.474836289882659912e-02 2.857123017311096191e-01
2.058217674493789673e-01 2.120897322893142700e-01
8.015947937965393066e-01 8.342481255531311035e-01
2.556846439838409424e-01 6.398612856864929199e-01
9.250525832176208496e-01 3.215702772140502930e-01
1.155138313770294189e-01 1.197956949472427368e-01
6.788406968116760254e-01 9.421576857566833496e-01
8.152289390563964844e-01 9.471772909164428711e-01
2.536767423152923584e-01 1.038748472929000854e-01
6.695270538330078125e-01 1.441579461097717285e-01
7.585904002189636230e-01 8.555901050567626953e-01
3.749828785657882690e-02 4.286489486694335938e-01
5.933620929718017578e-01 8.564330339431762695e-01
9.241800904273986816e-01 1.466166824102401733e-01
6.997743248939514160e-01 8.279268741607666016e-01
1.070320699363946915e-02 2.026564776897430420e-01
4.291503727436065674e-01 4.277884364128112793e-01
9.596884846687316895e-01 3.494265973567962646e-01
5.357481837272644043e-01 6.645066738128662109e-01
4.411526918411254883e-01 9.334120154380798340e-01
7.966931462287902832e-01 3.930253162980079651e-02
8.866071105003356934e-01 9.137617349624633789e-01
6.217032074928283691e-01 8.054732084274291992e-01
8.502650856971740723e-01 3.667405247688293457e-01
8.468613624572753906e-01 2.700325548648834229e-01
8.985063433647155762e-01 2.793284654617309570e-01
9.367607831954956055e-01 9.655293822288513184e-01
6.439072489738464355e-01 2.905178070068359375e-02
4.319477975368499756e-01 7.493371963500976562e-01
5.226507782936096191e-01 4.506484791636466980e-02
6.363399028778076172e-01 9.246762990951538086e-01
7.097191214561462402e-01 7.255348563194274902e-01
9.527019858360290527e-01 5.535942912101745605e-01
2.888070940971374512e-01 9.279014170169830322e-02
9.827710390090942383e-01 2.313950061798095703e-01
5.774611234664916992e-01 9.352630972862243652e-01
3.313542306423187256e-01 8.368105292320251465e-01
7.950424402952194214e-02 8.812120556831359863e-01
2.301100939512252808e-01 3.394325375556945801e-01
9.885115176439285278e-02 5.653807520866394043e-01
9.122210741043090820e-01 3.103167712688446045e-01
7.506371736526489258e-01 8.540542125701904297e-01
3.074323534965515137e-01 1.482069790363311768e-01
1.258088946342468262e-01 2.294528670608997345e-02
6.605832576751708984e-01 8.257129788398742676e-01
1.688599288463592529e-01 6.196597218513488770e-01
9.868280291557312012e-01 5.506889224052429199e-01
1.575251109898090363e-03 3.115600347518920898e-01
2.629750669002532959e-01 4.850754737854003906e-01
6.788604259490966797e-01 4.025308787822723389e-01
6.881050765514373779e-02 3.982207775115966797e-01
5.246517062187194824e-01 1.504406519234180450e-02
3.109999001026153564e-01 8.494201302528381348e-01
8.756831288337707520e-01 6.427316665649414062e-01
7.479859590530395508e-01 5.475784540176391602e-01
8.564979434013366699e-01 4.522905349731445312e-01
5.407158732414245605e-01 9.853134155273437500e-01
9.939007759094238281e-01 8.193449378013610840e-01
6.090487539768218994e-02 7.329577803611755371e-01
5.503519177436828613e-01 5.418204069137573242e-01
7.697013020515441895e-01 1.538477987051010132e-01
7.674223780632019043e-01 2.064549475908279419e-01
2.309885323047637939e-01 2.410914003849029541e-01
5.667309761047363281e-01 9.173436164855957031e-01
6.063288450241088867e-01 4.244986474514007568e-01
6.968004107475280762e-01 5.595417022705078125e-01
8.698486685752868652e-01 8.995753526687622070e-01
8.498427271842956543e-01 2.820978760719299316e-01
5.738549232482910156e-01 2.360183894634246826e-01
2.144684046506881714e-01 2.705092728137969971e-01
9.499844908714294434e-01 9.057028889656066895e-01
7.282592654228210449e-01 1.662379205226898193e-01
4.503537118434906006e-01 3.256831318140029907e-02
7.264261841773986816e-01 5.254335403442382812e-01
9.349536299705505371e-01 9.025216102600097656e-01
3.959651887416839600e-01 3.549370681867003441e-03
4.666168391704559326e-01 1.240720972418785095e-01
9.867966771125793457e-01 6.519239544868469238e-01
4.984143674373626709e-01 9.497156739234924316e-02
5.452285334467887878e-02 6.932400465011596680e-01
2.900943160057067871e-01 9.041232466697692871e-01
6.610026359558105469e-01 8.097276687622070312e-01
1.951535493135452271e-01 9.573444128036499023e-01
1.861616075038909912e-01 6.172657608985900879e-01
8.459880352020263672e-01 8.235870003700256348e-01
3.245569765567779541e-01 5.351097583770751953e-01
8.042352199554443359e-01 9.540669322013854980e-01
8.754283785820007324e-01 7.813273668289184570e-01
9.446248412132263184e-01 3.721077740192413330e-01
5.008674860000610352e-01 5.042620301246643066e-01
6.659405827522277832e-01 7.183160185813903809e-01
6.226769089698791504e-01 9.256823658943176270e-01
6.084058433771133423e-02 1.820390522480010986e-01
6.262539625167846680e-01 9.217274785041809082e-01
9.191874265670776367e-01 8.647692203521728516e-02
2.591473758220672607e-01 2.087962925434112549e-01
7.825376391410827637e-01 9.170475602149963379e-01
9.559792280197143555e-01 6.073029637336730957e-01
7.721326351165771484e-01 2.343179434537887573e-01
7.860208153724670410e-01 4.526708126068115234e-01
5.467429757118225098e-01 1.056957989931106567e-01
8.488119840621948242e-01 1.332993656396865845e-01
3.748642504215240479e-01 2.220785319805145264e-01
3.603982031345367432e-01 5.420061945915222168e-01
4.439712762832641602e-01 7.154195904731750488e-01
3.076815009117126465e-01 8.953545093536376953e-01
6.024987995624542236e-02 7.251061797142028809e-01
5.870974659919738770e-01 7.026768922805786133e-01
8.352789878845214844e-01 7.198626399040222168e-01
7.764084935188293457e-01 9.528936743736267090e-01
8.182737827301025391e-01 8.610784411430358887e-01
5.917764902114868164e-01 6.412843465805053711e-01
6.073281764984130859e-01 7.076672911643981934e-01
7.870376110076904297e-01 3.206161260604858398e-01
2.123902291059494019e-01 8.674658536911010742e-01
6.662050485610961914e-01 5.051171183586120605e-01
8.895871043205261230e-01 2.384050339460372925e-01
8.989424705505371094e-01 3.713995218276977539e-01
3.700462877750396729e-01 1.268374770879745483e-01
9.105270504951477051e-01 5.823808908462524414e-01
1.304274350404739380e-01 7.515177130699157715e-01
8.355140089988708496e-01 5.066711306571960449e-01
8.917880058288574219e-01 2.885456010699272156e-02
8.989097476005554199e-01 7.089224457740783691e-01
7.421568632125854492e-01 2.866226732730865479e-01
4.391150474548339844e-01 6.455255150794982910e-01
9.866251349449157715e-01 5.038561820983886719e-01
5.857474207878112793e-01 4.869527220726013184e-01
7.182071208953857422e-01 4.955028593540191650e-01
5.956701189279556274e-02 6.872150897979736328e-01
5.554777979850769043e-01 7.213104963302612305e-01
6.927282810211181641e-01 3.177589476108551025e-01
6.455001235008239746e-02 8.580795526504516602e-01
7.180850505828857422e-01 6.781391501426696777e-01
4.506069719791412354e-01 3.950030803680419922e-01
4.904245436191558838e-01 2.102150171995162964e-01
1.152768209576606750e-01 7.116657495498657227e-01
2.819104194641113281e-01 9.748157858848571777e-01
8.689090609550476074e-01 4.991644918918609619e-01
6.342018246650695801e-01 1.963187158107757568e-01
1.239552497863769531e-01 9.231060743331909180e-01
9.053035974502563477e-01 5.119636058807373047e-01
8.306561708450317383e-01 6.634128689765930176e-01
2.932398021221160889e-01 4.349262416362762451e-01
5.099918842315673828e-01 9.440124034881591797e-01
5.266647338867187500e-01 4.988034367561340332e-01
8.127561807632446289e-01 8.959704637527465820e-01
3.921160399913787842e-01 8.954306840896606445e-01
7.452597022056579590e-01 2.743494808673858643e-01
9.296623468399047852e-01 9.328394532203674316e-01
6.599554419517517090e-02 1.301463991403579712e-01
4.993745684623718262e-01 7.266483902931213379e-01
5.791498422622680664e-01 5.964865088462829590e-01
4.634107947349548340e-01 6.325397491455078125e-01
5.320646762847900391e-01 7.051784396171569824e-01
4.752884507179260254e-01 8.247188329696655273e-01
2.432725280523300171e-01 5.429453253746032715e-01
2.191579490900039673e-01 9.905601739883422852e-01
2.535752952098846436e-01 5.043135881423950195e-01
2.349499315023422241e-01 4.343138635158538818e-01
7.549743056297302246e-01 3.542802110314369202e-02
7.265402674674987793e-01 8.986537903547286987e-02
7.879031300544738770e-01 2.677937783300876617e-02
6.506992131471633911e-02 3.618885576725006104e-01
8.800368905067443848e-01 7.897091507911682129e-01
2.933416068553924561e-01 3.935256302356719971e-01
8.283576965332031250e-01 6.133190989494323730e-01
8.339695334434509277e-01 2.419678419828414917e-01
7.931377291679382324e-01 7.017606496810913086e-01
5.169516801834106445e-01 7.316243648529052734e-01
9.263778328895568848e-01 8.679538369178771973e-01
5.554256439208984375e-01 5.264196991920471191e-01
7.552230358123779297e-01 6.898143887519836426e-01
9.907944202423095703e-01 4.711737036705017090e-01
5.680298209190368652e-01 5.059184432029724121e-01
6.903389096260070801e-01 6.759385466575622559e-01
7.599064111709594727e-01 8.431435227394104004e-01
4.708844721317291260e-01 6.031765937805175781e-01
3.112637996673583984e-02 8.337002992630004883e-01
7.641471177339553833e-02 2.781910896301269531e-01
3.528520762920379639e-01 4.469623863697052002e-01
8.697687387466430664e-01 6.223863363265991211e-01
8.509544730186462402e-01 7.327036261558532715e-01
7.673548460006713867e-01 4.385569393634796143e-01
9.655742645263671875e-01 9.462851285934448242e-01
4.712710082530975342e-01 9.559030532836914062e-01
9.477444887161254883e-01 9.252226352691650391e-01
2.194333821535110474e-01 8.568330407142639160e-01
7.019758224487304688e-01 5.398379564285278320e-01
9.544441699981689453e-01 7.650851458311080933e-02
3.484497964382171631e-01 3.485650122165679932e-01
9.192531704902648926e-01 8.236284554004669189e-02
7.884091734886169434e-01 9.479764103889465332e-01
7.424487471580505371e-01 9.595277905464172363e-01
8.701639771461486816e-01 5.967512726783752441e-01
7.530940175056457520e-01 1.856822371482849121e-01
7.098734974861145020e-01 3.594152629375457764e-01
2.341270595788955688e-01 4.346210062503814697e-01
9.902302622795104980e-01 9.649460762739181519e-02
4.849627017974853516e-01 8.347234129905700684e-01
3.315933644771575928e-01 3.675645589828491211e-01
1.288425624370574951e-01 7.659484148025512695e-01
9.834928512573242188e-01 2.608247995376586914e-01
1.429882347583770752e-01 4.083073511719703674e-02
5.086789131164550781e-01 6.238411366939544678e-02
9.655049443244934082e-01 4.408399164676666260e-01
8.171753287315368652e-01 6.050282716751098633e-01
6.181950569152832031e-01 5.175001621246337891e-01
6.449063420295715332e-01 5.908188819885253906e-01
4.201173186302185059e-01 1.247303187847137451e-01
7.457544207572937012e-01 3.004598990082740784e-02
9.634589552879333496e-01 4.653699398040771484e-01
8.369115591049194336e-01 2.829108536243438721e-01
7.479450702667236328e-01 5.528296828269958496e-01
1.027225106954574585e-01 8.906922936439514160e-01
4.372562766075134277e-01 1.375081986188888550e-01
6.448786854743957520e-01 8.094051480293273926e-01
7.025250792503356934e-01 8.908174633979797363e-01
9.714118838310241699e-01 7.500879168510437012e-01
8.897247314453125000e-01 1.804100126028060913e-01
5.916883349418640137e-01 5.647997856140136719e-01
9.921358227729797363e-01 9.235438704490661621e-01
7.421458959579467773e-01 3.432987034320831299e-01
9.532099962234497070e-01 1.551882922649383545e-01
7.066828608512878418e-01 3.928835391998291016e-01
1.390720307826995850e-01 2.699393332004547119e-01
1.050565317273139954e-01 4.235270321369171143e-01
8.041301369667053223e-01 5.948218107223510742e-01
3.294601337984204292e-03 2.508339285850524902e-02
8.967737555503845215e-01 7.598919868469238281e-01
3.618383407592773438e-01 6.512288451194763184e-01
5.554153919219970703e-01 1.907892227172851562e-01
1.697926968336105347e-01 1.830867826938629150e-01
8.461428880691528320e-01 3.455509245395660400e-01
8.937352895736694336e-01 5.986995697021484375e-01
8.305127024650573730e-01 1.258611679077148438e-01
4.400427341461181641e-01 1.877682060003280640e-01
1.721124500036239624e-01 5.698286890983581543e-01
5.774301886558532715e-01 8.600099086761474609e-01
8.315450549125671387e-01 7.699775099754333496e-01
6.839984655380249023e-01 4.579629600048065186e-01
3.328079879283905029e-01 8.690724968910217285e-01
4.229014739394187927e-03 4.718323647975921631e-01
5.538976192474365234e-01 9.881162084639072418e-03
9.325597286224365234e-01 8.696205019950866699e-01
1.234070118516683578e-02 4.021348953247070312e-01
3.812139481306076050e-02 8.156565427780151367e-01
9.223294854164123535e-01 6.793279647827148438e-01
2.253842502832412720e-01 2.954707443714141846e-01
5.339010953903198242e-01 1.285492479801177979e-01
4.258006513118743896e-01 2.490710169076919556e-01
7.011471390724182129e-01 3.337514996528625488e-01
4.211170971393585205e-01 5.957977175712585449e-01
9.642224907875061035e-01 4.636770188808441162e-01
6.925342082977294922e-01 2.440534681081771851e-01
8.231904506683349609e-01 8.928828835487365723e-01
6.272169947624206543e-01 4.244943261146545410e-01
7.085443139076232910e-01 8.302505016326904297e-01
9.457223415374755859e-01 6.250275373458862305e-01
8.452164530754089355e-01 8.262181878089904785e-01
1.389440745115280151e-01 5.517853498458862305e-01
2.475891560316085815e-01 4.826002120971679688e-01
3.569047898054122925e-02 6.855544447898864746e-01
1.112049221992492676e-01 8.890885710716247559e-01
5.647574663162231445e-01 7.287387251853942871e-01
1.781124323606491089e-01 9.550859928131103516e-01
9.043906927108764648e-01 5.007956027984619141e-01
1.318585872650146484e-01 3.116142153739929199e-01
7.299456596374511719e-01 5.439515113830566406e-01
7.850230336189270020e-01 1.679843664169311523e-01
8.693149685859680176e-01 5.269088149070739746e-01
3.395681679248809814e-01 4.129163026809692383e-01
6.563186049461364746e-01 3.205345571041107178e-01
7.231755256652832031e-01 6.933751106262207031e-01
8.219527006149291992e-01 4.857504367828369141e-01
8.636312484741210938e-01 1.290155053138732910e-01
8.238882422447204590e-01 3.134748339653015137e-01
3.528885245323181152e-01 2.566451728343963623e-01
5.146749615669250488e-01 9.853895306587219238e-01
5.454113483428955078e-01 8.000651597976684570e-01
8.798715472221374512e-01 4.673185572028160095e-02
4.717285744845867157e-03 6.142965555191040039e-01
8.785091922618448734e-04 7.868492603302001953e-01
3.749590814113616943e-01 8.893961310386657715e-01
2.773899734020233154e-01 2.008317112922668457e-01
9.251813888549804688e-01 6.233674883842468262e-01
8.366083502769470215e-01 6.733062267303466797e-01
7.550448775291442871e-01 9.839075207710266113e-01
9.931070804595947266e-01 6.853196620941162109e-01
9.728757739067077637e-01 2.618876397609710693e-01
9.785068631172180176e-01 6.870313882827758789e-01
3.647813200950622559e-01 2.569198906421661377e-01
5.703343152999877930e-01 4.270231723785400391e-02
1.488138586282730103e-01 5.986483022570610046e-02
5.018987059593200684e-01 3.507979214191436768e-01
6.192999482154846191e-01 7.584685087203979492e-01
1.872036755084991455e-01 4.891009330749511719e-01
4.754751920700073242e-01 3.823574185371398926e-01
5.235897302627563477e-01 1.755010932683944702e-01
6.441506147384643555e-01 4.801786839962005615e-01
2.623004615306854248e-01 3.570065498352050781e-01
9.816146492958068848e-01 8.166657686233520508e-01
8.511364459991455078e-02 3.671142756938934326e-01
8.658961653709411621e-01 1.416819244623184204e-01
2.174419760704040527e-01 2.601717710494995117e-01
8.748921155929565430e-01 2.972826659679412842e-01
9.648188948631286621e-01 4.052023291587829590e-01
5.090969800949096680e-01 1.144994050264358521e-01
3.049602806568145752e-01 4.292868971824645996e-01
6.360523104667663574e-01 8.576939105987548828e-01
5.162641778588294983e-02 1.519512832164764404e-01
2.548484504222869873e-01 6.874026358127593994e-02
4.746981263160705566e-01 9.918356537818908691e-01
3.775908052921295166e-01 7.614643126726150513e-02
6.410167217254638672e-01 2.443487942218780518e-01
3.180281221866607666e-01 1.790191978216171265e-01
5.955002903938293457e-01 6.475029587745666504e-01
8.060531616210937500e-01 9.442932605743408203e-01
8.862120509147644043e-01 6.988540887832641602e-01
8.476607203483581543e-01 2.893068790435791016e-01
1.467651128768920898e-01 5.165967345237731934e-01
9.197196960449218750e-01 4.910925924777984619e-01
5.511657595634460449e-01 9.632170796394348145e-01
3.417935669422149658e-01 3.072270750999450684e-01
7.911035418510437012e-01 7.272689938545227051e-01
9.009560942649841309e-01 3.292536735534667969e-01
7.379406094551086426e-01 2.623626887798309326e-01
8.335030674934387207e-01 1.022870242595672607e-01
4.440357387065887451e-01 9.867460727691650391e-01
6.500042676925659180e-01 3.691741526126861572e-01
4.982119202613830566e-01 3.350179493427276611e-01
7.182724475860595703e-01 2.814950048923492432e-01
7.533272504806518555e-01 9.115584492683410645e-01
7.508569359779357910e-01 6.615471839904785156e-02
7.244308590888977051e-01 1.792954802513122559e-01
1.960574537515640259e-01 2.543139159679412842e-01
9.696359038352966309e-01 8.381670713424682617e-01
1.731174290180206299e-01 7.247408032417297363e-01
1.157825812697410583e-01 1.488405466079711914e-01
9.404501914978027344e-01 5.927548408508300781e-01
9.481815695762634277e-01 8.720519542694091797e-01
7.885407805442810059e-01 7.935308218002319336e-01
7.122125625610351562e-01 3.944318592548370361e-01
7.972748875617980957e-01 6.720396876335144043e-01
9.717617034912109375e-01 7.718459367752075195e-01
9.781488180160522461e-01 9.012008905410766602e-01
7.218956351280212402e-01 2.424619942903518677e-01
5.229712128639221191e-01 2.775943279266357422e-01
2.721200883388519287e-01 3.750758171081542969e-01
7.230882644653320312e-01 4.260782301425933838e-01
6.269282698631286621e-01 2.851586937904357910e-01
9.666672348976135254e-01 5.719898641109466553e-02
5.811375379562377930e-01 3.609828948974609375e-01
2.824580371379852295e-01 8.268544673919677734e-01
2.277138531208038330e-01 8.779583573341369629e-01
6.930003315210342407e-02 9.909926056861877441e-01
4.155623912811279297e-01 3.607092797756195068e-01
2.584595680236816406e-01 8.046990633010864258e-02
5.797791481018066406e-01 4.906345903873443604e-01
9.438781738281250000e-01 8.371243476867675781e-01
8.648930490016937256e-02 7.103765010833740234e-01
4.819072782993316650e-01 8.486613631248474121e-01
4.372226297855377197e-01 2.362150698900222778e-01
4.739937484264373779e-01 7.738268971443176270e-01
3.460366129875183105e-01 3.745451867580413818e-01
9.759171009063720703e-01 6.943355798721313477e-01
8.644569516181945801e-01 1.290128678083419800e-01
2.399140037596225739e-02 3.528798520565032959e-01
5.931994318962097168e-01 9.383539557456970215e-01
5.236855149269104004e-01 9.408531785011291504e-01
6.354644298553466797e-01 5.567013621330261230e-01
6.679161787033081055e-01 7.199397087097167969e-01
9.698467254638671875e-01 6.041387319564819336e-01
4.850902855396270752e-01 7.500432133674621582e-01
1.080372929573059082e-01 9.972984790802001953e-01
7.257393002510070801e-02 2.686553895473480225e-01
8.436036109924316406e-01 5.257810354232788086e-01
5.395923256874084473e-01 9.829762578010559082e-01
2.411990761756896973e-01 1.164909750223159790e-01
7.306301593780517578e-01 1.764670014381408691e-01
6.227039266377687454e-03 5.871664285659790039e-01
1.611934304237365723e-01 3.973250985145568848e-01
3.027130290865898132e-02 5.103572010993957520e-01
1.806569471955299377e-02 5.987368822097778320e-01
8.406827449798583984e-01 8.937745690345764160e-01
8.532085418701171875e-01 8.114436864852905273e-01
4.800925552845001221e-01 6.645642220973968506e-02
9.114089608192443848e-01 8.773530721664428711e-01
9.531475901603698730e-01 6.096813082695007324e-01
7.469663023948669434e-01 1.201046556234359741e-01
9.862937331199645996e-01 4.626443386077880859e-01
5.019642114639282227e-01 4.850378632545471191e-01
6.069507598876953125e-01 7.265146970748901367e-01
8.329776525497436523e-01 5.091419816017150879e-01
5.497668385505676270e-01 8.833376169204711914e-01
4.038968682289123535e-01 3.165259957313537598e-01
8.171344995498657227e-01 2.310642898082733154e-01
6.609737277030944824e-01 2.703681290149688721e-01
6.937779188156127930e-01 3.862062692642211914e-01
8.147829771041870117e-01 5.706129670143127441e-01
3.544294834136962891e-01 9.437251687049865723e-01
8.613776415586471558e-02 3.738410174846649170e-01
5.588990449905395508e-01 2.371454983949661255e-01
3.586529791355133057e-01 5.236743092536926270e-01
7.126454114913940430e-01 8.158588409423828125e-01
6.314932703971862793e-01 6.462054848670959473e-01
1.801559180021286011e-01 1.499432474374771118e-01
6.523848772048950195e-01 3.173485398292541504e-01
4.815553426742553711e-01 4.048979580402374268e-01
2.305869907140731812e-01 6.818470954895019531e-01
2.168503701686859131e-01 6.739694625139236450e-02
9.695445895195007324e-01 7.299205660820007324e-01
8.174421787261962891e-01 7.543794512748718262e-01
2.406117171049118042e-01 3.381637334823608398e-01
4.534191489219665527e-01 5.075182914733886719e-01
5.316091179847717285e-01 7.472265958786010742e-01
8.123288750648498535e-01 7.876058816909790039e-01
7.508785128593444824e-01 2.729293704032897949e-01
2.938595116138458252e-01 5.907468199729919434e-01
3.592608571052551270e-01 8.748838901519775391e-01
4.478570222854614258e-01 8.716475367546081543e-01
4.103488028049468994e-01 7.707160115242004395e-01
3.944096863269805908e-01 6.691452860832214355e-01
6.648712158203125000e-01 4.784250557422637939e-01
8.031049370765686035e-01 3.963587433099746704e-02
5.048741698265075684e-01 6.690832972526550293e-01
2.868530750274658203e-01 5.227756500244140625e-01
8.994333744049072266e-01 6.187058091163635254e-01
5.195623040199279785e-01 5.661807060241699219e-01
4.076652824878692627e-01 5.562619566917419434e-01
2.251857817173004150e-01 1.368965804576873779e-01
5.354054570198059082e-01 1.803410053253173828e-01
7.595108747482299805e-01 3.353718817234039307e-01
7.801384329795837402e-01 9.814667105674743652e-01
2.309778332710266113e-02 8.710742592811584473e-01
8.939059972763061523e-01 1.720832884311676025e-01
6.553776860237121582e-01 6.819926500320434570e-01
1.024450659751892090e-01 6.490455865859985352e-01
5.469199419021606445e-01 3.272690623998641968e-02
3.916259109973907471e-02 9.567409157752990723e-01
5.977892875671386719e-01 8.538849353790283203e-01
8.923611044883728027e-01 5.898039937019348145e-01
9.768617749214172363e-01 2.006806582212448120e-01
7.570151686668395996e-01 7.992848753929138184e-01
3.369295895099639893e-01 1.224342286586761475e-01
3.701815307140350342e-01 7.804914712905883789e-01
2.957734465599060059e-01 5.136334896087646484e-01
6.777716875076293945e-01 2.779349982738494873e-01
1.218580007553100586e-01 1.301377713680267334e-01
9.540189504623413086e-01 4.811807721853256226e-02
4.531408846378326416e-01 5.023492574691772461e-01
4.850662350654602051e-01 5.992550849914550781e-01
5.238614678382873535e-01 6.599012613296508789e-01
3.374090492725372314e-01 9.451677203178405762e-01
8.142544031143188477e-01 2.420535087585449219e-01
8.433387875556945801e-01 3.529840111732482910e-01
7.054818272590637207e-01 8.894900083541870117e-01
9.867377877235412598e-01 8.068649470806121826e-02
3.639481365680694580e-01 4.365106821060180664e-01
1.480171084403991699e-01 7.080620527267456055e-01
5.399426817893981934e-01 6.119071245193481445e-01
1.505995541810989380e-01 6.635739654302597046e-02
2.253463715314865112e-01 5.675134658813476562e-01
2.231689356267452240e-02 4.615949988365173340e-01
6.576805710792541504e-01 4.884971380233764648e-01
1.106532663106918335e-01 1.288030743598937988e-01
4.995473623275756836e-01 9.341159462928771973e-02
7.318735718727111816e-01 2.091341912746429443e-01
5.575122684240341187e-02 3.538694977760314941e-01
6.064118146896362305e-01 6.377112269401550293e-01
8.682773709297180176e-01 5.097686052322387695e-01
1.539642810821533203e-01 7.901299744844436646e-02
6.092595458030700684e-01 9.024699926376342773e-01
2.446424365043640137e-01 6.982818841934204102e-01
1.826274245977401733e-01 8.029385805130004883e-01
1.834217160940170288e-01 4.494136571884155273e-01
4.788777828216552734e-01 2.535583078861236572e-01
8.610535264015197754e-01 1.088185012340545654e-01
2.136962711811065674e-01 1.175379753112792969e-01
4.033840298652648926e-01 2.664680778980255127e-01
1.015884894877672195e-02 6.032408475875854492e-01
7.930719852447509766e-02 9.984857439994812012e-01
9.037455916404724121e-01 9.118693470954895020e-01
8.738026022911071777e-01 8.313537836074829102e-01
1.196505874395370483e-01 3.555509746074676514e-01
7.455756068229675293e-01 5.105434060096740723e-01
9.113719463348388672e-01 3.883085846900939941e-01
4.020844995975494385e-01 5.428895354270935059e-01
2.104020714759826660e-01 4.315367341041564941e-01
3.430901169776916504e-01 6.920638084411621094e-01
5.874045491218566895e-01 9.538615345954895020e-01
8.024100065231323242e-01 8.672215342521667480e-01
8.666519522666931152e-01 2.439488470554351807e-01
5.075843334197998047e-01 7.960636615753173828e-01
8.715924024581909180e-01 5.354067683219909668e-01
6.823919415473937988e-01 7.593658566474914551e-01
9.577401280403137207e-01 3.160183727741241455e-01
5.278558731079101562e-01 6.795765161514282227e-01
9.888992458581924438e-02 1.762313246726989746e-01
5.898022651672363281e-01 5.842826962471008301e-01
7.959061264991760254e-01 2.255273759365081787e-01
4.564807116985321045e-01 3.605545163154602051e-01
3.477728962898254395e-01 3.020428121089935303e-03
8.660328388214111328e-01 9.631019830703735352e-01
3.292876183986663818e-01 7.519456744194030762e-01
9.655870199203491211e-01 7.436016201972961426e-01
1.534727662801742554e-01 4.518662989139556885e-01
8.523529171943664551e-01 7.538233399391174316e-01
7.440785318613052368e-02 2.813636660575866699e-01
9.509769678115844727e-01 7.861431837081909180e-01
7.306024432182312012e-01 6.134712696075439453e-01
8.549252152442932129e-01 1.593226343393325806e-01
8.066620826721191406e-01 3.455543220043182373e-01
4.572421610355377197e-01 4.452166259288787842e-01
4.782414063811302185e-03 6.247310638427734375e-01
9.371867179870605469e-01 7.245173305273056030e-02
2.881861925125122070e-01 4.205285906791687012e-01
1.054077222943305969e-01 2.868645787239074707e-01
9.724115729331970215e-01 8.901347517967224121e-01
3.431521058082580566e-01 4.640693068504333496e-01
4.572695195674896240e-01 8.898341059684753418e-01
8.907148241996765137e-01 8.521807193756103516e-01
2.942642271518707275e-01 4.430502653121948242e-01
5.871247649192810059e-01 1.028893291950225830e-01
3.676970303058624268e-01 4.808993935585021973e-01
9.615121483802795410e-01 2.446523904800415039e-01
4.641804099082946777e-01 6.102959513664245605e-01
7.128039598464965820e-01 4.167229533195495605e-01
7.033257484436035156e-01 4.901834130287170410e-01
3.220404088497161865e-01 8.528677821159362793e-01
2.810568511486053467e-01 2.293265163898468018e-01
4.040275216102600098e-01 7.153744697570800781e-01
3.486051559448242188e-01 6.996619701385498047e-02
8.392966389656066895e-01 1.569603681564331055e-01
7.923407554626464844e-01 8.276867270469665527e-01
4.509573876857757568e-01 6.069715619087219238e-01
1.082342118024826050e-01 1.718131899833679199e-01
4.546773731708526611e-01 3.294496834278106689e-01
4.368975460529327393e-01 6.199491620063781738e-01
5.072473287582397461e-01 3.579125404357910156e-01
5.506533980369567871e-01 1.774052977561950684e-01
9.689672589302062988e-01 7.937840223312377930e-01
1.154966428875923157e-01 9.129339456558227539e-01
7.340783476829528809e-01 8.267440199851989746e-01
6.164986491203308105e-01 8.421041965484619141e-01
6.823114156723022461e-01 6.642565727233886719e-01
8.451725244522094727e-01 5.618968009948730469e-01
7.647379040718078613e-01 4.779457747936248779e-01
8.534372448921203613e-01 1.095922961831092834e-01
9.688692092895507812e-01 8.238724470138549805e-01
4.841566979885101318e-01 1.037416905164718628e-01
8.534156680107116699e-01 4.228969216346740723e-01
8.167460560798645020e-01 2.234356105327606201e-02
4.726862311363220215e-01 4.933532178401947021e-01
9.319171309471130371e-01 5.262879133224487305e-01
7.447144389152526855e-01 9.380453228950500488e-01
2.907077670097351074e-01 6.294347643852233887e-01
1.971758455038070679e-01 1.856617480516433716e-01
7.900347113609313965e-01 1.964006721973419189e-01
6.314564347267150879e-01 9.358440637588500977e-01
6.396573781967163086e-01 5.250666737556457520e-01
8.770148269832134247e-03 1.255131512880325317e-01
9.164078235626220703e-01 4.189060926437377930e-01
5.019397735595703125e-01 8.195046186447143555e-01
3.522748649120330811e-01 9.824793934822082520e-01
7.213098406791687012e-01 9.687557220458984375e-01
3.634769320487976074e-01 5.798398852348327637e-01
3.305965960025787354e-01 1.462732255458831787e-01
8.726196885108947754e-01 7.324154376983642578e-01
9.305598735809326172e-01 5.509250164031982422e-01
1.545098423957824707e-01 7.504512667655944824e-01
1.133249253034591675e-01 1.851511001586914062e-01
6.014323830604553223e-01 8.240092992782592773e-01
4.260413944721221924e-01 8.800418972969055176e-01
3.168280124664306641e-01 5.450029373168945312e-01
7.787976861000061035e-01 6.876482367515563965e-01
7.409244775772094727e-01 8.167170286178588867e-01
5.130125284194946289e-01 9.020719528198242188e-01
6.858230233192443848e-01 8.040979504585266113e-01
4.807727634906768799e-01 7.744340300559997559e-01
7.980831265449523926e-01 5.526781082153320312e-01
5.838435292243957520e-01 3.272928595542907715e-01
3.945895433425903320e-01 2.446002662181854248e-01
3.972600102424621582e-01 7.670499086380004883e-01
9.207844138145446777e-01 5.758030340075492859e-02
7.999712228775024414e-01 9.874584078788757324e-01
5.804495811462402344e-01 1.500263214111328125e-01
8.921647071838378906e-01 2.190026789903640747e-01
8.747256398200988770e-01 6.845479011535644531e-01
8.568279743194580078e-01 4.362895786762237549e-01
6.376121193170547485e-03 4.061875343322753906e-01
6.123190522193908691e-01 1.053850874304771423e-01
5.935425758361816406e-01 5.348321795463562012e-01
7.410463690757751465e-01 3.273628652095794678e-01
3.474924266338348389e-01 5.653373599052429199e-01
6.401375532150268555e-01 8.027126789093017578e-01
5.161759257316589355e-01 5.609709024429321289e-01
3.742953538894653320e-01 7.574560642242431641e-01
9.573170542716979980e-01 6.666088104248046875e-01
7.263640761375427246e-01 9.349963068962097168e-01
6.957686543464660645e-01 3.112778961658477783e-01
5.432171821594238281e-01 6.410182118415832520e-01
2.809190452098846436e-01 5.946931429207324982e-03
9.100743532180786133e-01 3.499526977539062500e-01
9.868887066841125488e-01 2.092790901660919189e-01
6.906650066375732422e-01 6.654850244522094727e-01
7.288593053817749023e-01 9.312942028045654297e-01
5.735999941825866699e-01 9.032913446426391602e-01
1.455214917659759521e-01 1.784238666296005249e-01
5.025565624237060547e-01 2.131083458662033081e-01
3.171477094292640686e-02 5.102246403694152832e-01
8.367713689804077148e-01 5.074629783630371094e-01
6.069748401641845703e-01 5.152555704116821289e-01
1.245687380433082581e-01 7.885374426841735840e-01
8.514188528060913086e-01 9.747964143753051758e-01
6.739109754562377930e-01 8.044390082359313965e-01
6.340807080268859863e-01 3.558059036731719971e-01
7.122239470481872559e-01 8.118546009063720703e-01
7.792333513498306274e-02 4.542545676231384277e-01
2.342930734157562256e-01 9.991858005523681641e-01
7.623879909515380859e-01 9.782462716102600098e-01
3.167619705200195312e-01 4.586604237556457520e-01
7.210870385169982910e-01 1.892386674880981445e-01
5.437511205673217773e-02 2.906245887279510498e-01
8.699126839637756348e-01 3.980492949485778809e-01
9.832469224929809570e-01 4.272702336311340332e-01
2.882604598999023438e-01 8.006410598754882812e-01
1.300876587629318237e-01 1.040453016757965088e-01
3.057241439819335938e-01 2.275991290807723999e-01
9.288501739501953125e-01 6.630102396011352539e-01
3.601549938321113586e-02 3.727413713932037354e-01
4.929983913898468018e-01 3.013395667076110840e-01
6.846933960914611816e-01 1.148973479866981506e-01
7.654985189437866211e-01 7.999504804611206055e-01
4.248300790786743164e-01 6.333934068679809570e-01
2.363916635513305664e-01 8.224348425865173340e-01
8.726925849914550781e-01 6.636532545089721680e-01
4.466234445571899414e-01 2.039411514997482300e-01
1.502269804477691650e-01 1.680902689695358276e-01
2.171871364116668701e-01 4.205453693866729736e-01
8.392913341522216797e-01 2.469387054443359375e-01
3.145043253898620605e-01 7.839838862419128418e-01
9.860972166061401367e-01 6.304919719696044922e-01
8.693459630012512207e-01 6.505164504051208496e-01
3.024253249168395996e-01 4.205302596092224121e-01
8.784007430076599121e-01 1.430855989456176758e-01
8.868838101625442505e-02 2.759731411933898926e-01
6.295110583305358887e-01 7.936413884162902832e-01
9.926818609237670898e-01 7.308372855186462402e-01
7.568109035491943359e-01 2.153393775224685669e-01
7.198338508605957031e-01 4.396571815013885498e-01
1.082321628928184509e-01 7.498340606689453125e-01
6.880045533180236816e-01 9.554844498634338379e-01
8.729591965675354004e-01 5.649285912513732910e-01
2.073850482702255249e-01 2.057186067104339600e-01
8.996096849441528320e-01 2.499806582927703857e-01
2.546472102403640747e-02 3.794445693492889404e-01
5.581654906272888184e-01 7.714659571647644043e-01
2.045593261718750000e-01 5.023007988929748535e-01
7.101485133171081543e-01 7.371287345886230469e-01
2.220556139945983887e-01 4.679159820079803467e-02
6.776461005210876465e-01 9.311876893043518066e-01
3.592233359813690186e-01 9.217523932456970215e-01
1.997771561145782471e-01 7.153185456991195679e-02
5.973591804504394531e-01 9.531359076499938965e-01
2.317385822534561157e-01 6.716563701629638672e-01
7.398462295532226562e-01 1.320609748363494873e-01
