5.660027265548706055e-01 2.334654331207275391e-01
3.018848896026611328e-01 5.712245106697082520e-01
1.382226794958114624e-01 4.862997531890869141e-01
3.913228213787078857e-01 1.521943602710962296e-02
5.839771628379821777e-01 1.145746707916259766e-01
2.354943752288818359e-01 9.310774803161621094e-01
5.579467415809631348e-01 7.522203028202056885e-02
2.042584419250488281e-01 5.785927176475524902e-01
9.202614426612854004e-01 1.379382014274597168e-01
4.822037220001220703e-01 8.659434914588928223e-01
6.093608140945434570e-01 9.152457714080810547e-01
9.078567624092102051e-01 8.979878425598144531e-01
4.292521774768829346e-01 4.050323665142059326e-01
4.848498851060867310e-03 2.072153091430664062e-01
4.199479892849922180e-02 8.694109916687011719e-01
3.825053870677947998e-01 3.605367541313171387e-01
4.853614866733551025e-01 1.482792794704437256e-01
6.167482137680053711e-01 6.275156736373901367e-01
2.309387475252151489e-01 7.041561603546142578e-01
2.922256886959075928e-01 2.805853486061096191e-01
3.524526059627532959e-01 2.390031963586807251e-01
7.065318822860717773e-01 9.452828168869018555e-01
4.179525375366210938e-01 9.000565409660339355e-01
9.567806124687194824e-01 4.676344692707061768e-01
8.642234653234481812e-02 8.229432106018066406e-01
6.222937107086181641e-01 7.145739197731018066e-01
7.040171027183532715e-01 4.462222103029489517e-03
2.106974273920059204e-01 7.483918070793151855e-01
9.887910485267639160e-01 4.384504854679107666e-01
3.398750349879264832e-02 3.062800467014312744e-01
1.429341137409210205e-01 4.869405031204223633e-01
8.832158446311950684e-01 6.108390688896179199e-01
7.081411480903625488e-01 4.748339653015136719e-01
8.503625392913818359e-01 4.732314348220825195e-01
5.059732794761657715e-01 9.467692375183105469e-01
1.119330748915672302e-01 5.200143456459045410e-01
1.231029033660888672e-01 8.539758324623107910e-01
4.745288789272308350e-01 4.934574291110038757e-02
5.222995281219482422e-01 8.615218997001647949e-01
1.392238140106201172e-01 6.224707365036010742e-01
8.334938883781433105e-01 6.191371679306030273e-01
3.808918893337249756e-01 3.216075599193572998e-01
7.737906575202941895e-01 3.225635886192321777e-01
4.971766769886016846e-01 4.623735249042510986e-01
8.571636676788330078e-01 7.384127974510192871e-01
1.747168004512786865e-01 2.069999426603317261e-01
3.295114636421203613e-01 5.437522530555725098e-01
5.992443561553955078e-01 9.705365449190139771e-02
9.768335223197937012e-01 6.482310295104980469e-01
2.924204766750335693e-01 4.337499737739562988e-01
4.131035530008375645e-04 2.065568864345550537e-01
4.172339290380477905e-02 6.223130822181701660e-01
2.729573845863342285e-01 4.952217340469360352e-01
6.808639168739318848e-01 9.791578650474548340e-01
9.909811615943908691e-01 3.032381832599639893e-01
7.443520426750183105e-01 1.880022138357162476e-02
3.312167227268218994e-01 1.465586014091968536e-02
7.939270734786987305e-01 3.945892453193664551e-01
7.233932614326477051e-01 5.651208162307739258e-01
1.456663310527801514e-01 9.075308442115783691e-01
8.788322210311889648e-01 5.488678216934204102e-01
9.404786229133605957e-01 4.904974102973937988e-01
3.253689110279083252e-01 4.095488190650939941e-01
6.388674974441528320e-01 8.338829278945922852e-01
8.751211762428283691e-01 8.651111125946044922e-01
7.675345540046691895e-01 8.953054547309875488e-01
1.170481219887733459e-01 3.541185855865478516e-01
8.080031871795654297e-01 9.057318568229675293e-01
1.978857517242431641e-01 1.612795591354370117e-01
6.653148531913757324e-01 8.642975687980651855e-01
3.219408392906188965e-01 9.604257941246032715e-01
7.322573661804199219e-01 8.241566270589828491e-02
3.042559623718261719e-01 7.396761775016784668e-01
9.812717437744140625e-01 5.771290659904479980e-01
1.135938465595245361e-01 5.351795554161071777e-01
2.329241633415222168e-01 2.723007798194885254e-01
2.211871743202209473e-01 4.329678416252136230e-01
6.021432280540466309e-01 9.919476509094238281e-01
4.103138148784637451e-01 3.261525556445121765e-02
9.647942781448364258e-01 8.423883914947509766e-01
7.814928293228149414e-01 4.485209938138723373e-03
1.783671788871288300e-02 6.567353010177612305e-01
7.542711496353149414e-01 4.713141024112701416e-01
9.549084305763244629e-01 1.572071760892868042e-01
9.993888735771179199e-01 8.586040139198303223e-01
3.244517743587493896e-01 5.209132432937622070e-01
3.440351188182830811e-01 7.152663469314575195e-01
2.990992963314056396e-01 5.680415630340576172e-01
2.390841208398342133e-02 6.780655384063720703e-01
5.118687823414802551e-02 7.968322038650512695e-01
1.816198378801345825e-01 9.567254781723022461e-01
6.069467663764953613e-01 8.869478851556777954e-02
4.910503029823303223e-01 1.471218615770339966e-01
9.866883158683776855e-01 7.192292809486389160e-01
9.977328181266784668e-01 6.954209804534912109e-01
2.211104035377502441e-01 9.918600320816040039e-02
8.664403557777404785e-01 9.895973801612854004e-01
8.905411362648010254e-01 2.871082425117492676e-01
9.396824836730957031e-01 1.110512483865022659e-02
5.692720413208007812e-02 2.613469660282135010e-01
8.045939207077026367e-01 9.511563777923583984e-01
7.695664167404174805e-01 7.101081609725952148e-01
9.645869135856628418e-01 1.456619203090667725e-01
5.967387557029724121e-01 6.542066335678100586e-01
9.387234449386596680e-01 5.638944506645202637e-01
7.794865965843200684e-01 1.805768162012100220e-01
7.519180327653884888e-02 1.895385384559631348e-01
9.987977743148803711e-01 1.257092207670211792e-01
2.333241105079650879e-01 4.931778311729431152e-01
2.920329570770263672e-01 9.449465870857238770e-01
4.933582246303558350e-01 5.563207864761352539e-01
3.620959445834159851e-02 1.955645829439163208e-01
8.680300116539001465e-01 8.659338951110839844e-01
5.932128429412841797e-01 1.197994425892829895e-01
4.442436099052429199e-01 4.873201549053192139e-01
4.552482068538665771e-01 9.826377630233764648e-01
7.204923033714294434e-01 6.907685101032257080e-02
3.885238468647003174e-01 6.544208526611328125e-01
3.243150711059570312e-01 4.140968024730682373e-01
9.197011590003967285e-01 1.882390975952148438e-01
5.566891655325889587e-02 4.628412798047065735e-02
9.004258513450622559e-01 9.937698245048522949e-01
2.984323538839817047e-02 5.800344347953796387e-01
3.045282065868377686e-01 1.132227480411529541e-01
6.127008795738220215e-01 7.550988197326660156e-01
3.594785034656524658e-01 2.504652142524719238e-01
8.753312230110168457e-01 9.583016633987426758e-01
5.514329671859741211e-01 3.055497109889984131e-01
9.787140488624572754e-01 8.037292957305908203e-01
1.636442542076110840e-01 5.735157728195190430e-01
1.284734439104795456e-02 6.274414062500000000e-01
3.801127970218658447e-01 8.445957303047180176e-01
6.720181703567504883e-01 9.427566528320312500e-01
5.259117484092712402e-01 1.236564666032791138e-01
6.655113101005554199e-01 1.549799591302871704e-01
7.325361967086791992e-01 7.928525805473327637e-01
9.871936440467834473e-01 4.390750229358673096e-01
9.185070991516113281e-01 9.309993982315063477e-01
4.663108885288238525e-01 1.806811839342117310e-01
2.782939374446868896e-01 1.178910732269287109e-01
5.288538336753845215e-01 4.953282177448272705e-01
9.120818376541137695e-01 1.589061617851257324e-01
9.772878885269165039e-01 8.766640424728393555e-01
6.191904544830322266e-01 6.865734457969665527e-01
2.490258216857910156e-01 1.473632752895355225e-01
7.968012094497680664e-01 9.523756504058837891e-01
8.780585527420043945e-01 5.232873558998107910e-01
6.594277024269104004e-01 9.268162250518798828e-01
3.176623284816741943e-01 8.016588687896728516e-01
6.924356222152709961e-01 2.694824896752834320e-02
5.842477083206176758e-01 5.643568634986877441e-01
5.481528043746948242e-01 3.256303966045379639e-01
1.678127348423004150e-01 5.415058135986328125e-01
9.631787538528442383e-01 4.959213733673095703e-01
1.497796773910522461e-01 8.629742264747619629e-01
1.926353722810745239e-01 6.462901234626770020e-01
1.451962143182754517e-01 5.173805356025695801e-01
6.379045844078063965e-01 5.571179389953613281e-01
3.851282298564910889e-01 7.699630409479141235e-02
5.612035989761352539e-01 9.964522123336791992e-01
1.996163725852966309e-01 8.185185790061950684e-01
5.599874854087829590e-01 2.359218150377273560e-02
1.463444828987121582e-01 7.953723669052124023e-01
1.498003900051116943e-01 7.531744837760925293e-01
8.587515950202941895e-01 7.688696980476379395e-01
4.961102306842803955e-01 8.449736833572387695e-01
7.357026338577270508e-01 3.201023638248443604e-01
6.065868735313415527e-01 8.712446689605712891e-01
2.432682812213897705e-01 1.320854574441909790e-01
2.424158304929733276e-01 1.318449378013610840e-01
6.532486081123352051e-01 1.368691623210906982e-01
3.367022573947906494e-01 6.998614072799682617e-01
4.346609115600585938e-01 2.979544401168823242e-01
4.984369575977325439e-01 7.643068432807922363e-01
1.748588532209396362e-01 5.379757881164550781e-01
8.394312858581542969e-01 1.496400982141494751e-01
5.589706301689147949e-01 2.401307970285415649e-01
9.612738490104675293e-01 9.316390156745910645e-01
9.869997501373291016e-01 4.643068313598632812e-01
4.216341078281402588e-01 3.292407691478729248e-01
9.740225672721862793e-01 8.433766365051269531e-01
1.870543509721755981e-01 7.902468442916870117e-01
3.237022161483764648e-01 7.286704182624816895e-01
3.164292573928833008e-01 2.142817378044128418e-01
3.570017218589782715e-01 2.935478687286376953e-01
1.720424592494964600e-01 7.898545861244201660e-01
5.983012914657592773e-01 8.451399207115173340e-01
7.731793075799942017e-02 7.493245005607604980e-01
6.268960833549499512e-01 8.892988562583923340e-01
5.763487219810485840e-01 9.324495196342468262e-01
1.412749383598566055e-02 2.677750289440155029e-01
6.742458343505859375e-01 9.140750169754028320e-01
3.804694414138793945e-01 5.604126453399658203e-01
2.244096547365188599e-01 4.429747760295867920e-01
3.663195669651031494e-02 7.447066903114318848e-01
8.965089321136474609e-01 9.826291203498840332e-01
2.685652375221252441e-01 8.591526746749877930e-01
8.344618082046508789e-01 8.528929352760314941e-01
8.995243310928344727e-01 9.091063737869262695e-01
5.238201618194580078e-01 6.996417641639709473e-01
2.486057132482528687e-01 7.403991818428039551e-01
7.514891028404235840e-01 9.551084786653518677e-02
2.703609466552734375e-01 4.359759688377380371e-01
8.616207242012023926e-01 8.961399793624877930e-01
9.028790593147277832e-01 3.724206089973449707e-01
5.625199079513549805e-01 6.574822068214416504e-01
7.005249261856079102e-01 3.254551589488983154e-01
9.039160609245300293e-02 4.415684938430786133e-01
1.767203658819198608e-01 8.821030855178833008e-01
7.879186272621154785e-01 4.681775718927383423e-02
8.808714151382446289e-01 7.841923236846923828e-01
1.187223121523857117e-01 4.419437646865844727e-01
5.078547000885009766e-01 6.359238624572753906e-01
4.231632649898529053e-01 5.885292291641235352e-01
6.231080889701843262e-01 2.973971702158451080e-02
7.937419414520263672e-01 4.043893814086914062e-01
6.058086082339286804e-02 7.520076632499694824e-01
2.199264764785766602e-01 6.245969533920288086e-01
6.193920969963073730e-01 9.347705245018005371e-01
6.051577925682067871e-01 4.563583135604858398e-01
6.624243259429931641e-01 3.530119955539703369e-01
7.187786102294921875e-01 6.263577938079833984e-01
7.730168700218200684e-01 5.086918473243713379e-01
4.762297868728637695e-01 2.237828820943832397e-01
1.988692134618759155e-01 8.233568072319030762e-01
2.441254556179046631e-01 6.022083759307861328e-01
9.623908400535583496e-01 9.127102494239807129e-01
3.340539336204528809e-01 6.782668828964233398e-01
1.156840249896049500e-01 8.624548912048339844e-01
4.778954684734344482e-01 4.683860838413238525e-01
3.893778920173645020e-01 9.521690011024475098e-01
4.659817814826965332e-01 8.055529594421386719e-01
9.108738303184509277e-01 4.334279298782348633e-01
7.822120189666748047e-01 7.140699028968811035e-01
3.761103451251983643e-01 2.195467054843902588e-01
1.450539678335189819e-01 7.885038852691650391e-01
2.721518278121948242e-01 3.632658421993255615e-01
4.415629506111145020e-01 4.648118317127227783e-01
3.779125809669494629e-01 4.600201547145843506e-01
1.643844693899154663e-01 5.309683680534362793e-01
5.728415250778198242e-01 3.556849956512451172e-01
7.178142070770263672e-01 1.959025263786315918e-01
9.071718454360961914e-01 5.048332363367080688e-02
7.468255162239074707e-01 7.068284749984741211e-01
6.794610023498535156e-01 1.936188340187072754e-01
2.695659995079040527e-01 4.001054465770721436e-01
2.314108796417713165e-02 3.465054333209991455e-01
6.092880386859178543e-03 9.312177896499633789e-01
3.061489760875701904e-01 1.853813529014587402e-01
7.187389135360717773e-01 8.911384940147399902e-01
4.979987740516662598e-01 7.432497739791870117e-01
6.745037436485290527e-01 8.448656797409057617e-01
6.188290715217590332e-01 9.308276772499084473e-01
9.719961881637573242e-01 3.502735495567321777e-01
7.635378837585449219e-01 7.189700007438659668e-01
4.512586817145347595e-02 6.740035414695739746e-01
7.047962546348571777e-01 1.715990900993347168e-01
1.747923642396926880e-01 8.595697879791259766e-01
7.003312706947326660e-01 1.607310622930526733e-01
3.569282963871955872e-02 9.994817376136779785e-01
5.461757183074951172e-01 7.399449944496154785e-01
1.911769062280654907e-01 3.347209990024566650e-01
1.833938211202621460e-01 2.392522096633911133e-01
2.055791579186916351e-02 3.518274128437042236e-01
9.201236367225646973e-01 3.193347454071044922e-01
5.894174575805664062e-01 6.476603746414184570e-01
1.044702455401420593e-01 2.325672283768653870e-02
3.470078706741333008e-01 5.877372026443481445e-01
6.823771595954895020e-01 9.353969097137451172e-01
4.586920440196990967e-01 1.986995041370391846e-01
7.053216099739074707e-01 3.302572965621948242e-01
9.788373112678527832e-01 6.651237607002258301e-01
5.315749645233154297e-01 1.773710250854492188e-01
5.944505333900451660e-01 7.666342854499816895e-01
5.024293065071105957e-01 5.491473525762557983e-02
7.952190041542053223e-01 4.546157717704772949e-01
9.789340496063232422e-01 1.610662974417209625e-02
1.507570296525955200e-01 4.730180799961090088e-01
4.358592927455902100e-01 3.913493752479553223e-01
9.678903222084045410e-01 1.360274553298950195e-01
1.570982858538627625e-02 8.999207615852355957e-01
5.373213291168212891e-01 4.895293116569519043e-01
5.393681526184082031e-01 1.015013158321380615e-01
7.839549183845520020e-01 1.278599798679351807e-01
1.113660112023353577e-01 8.126976490020751953e-01
9.124738574028015137e-01 5.390398502349853516e-01
3.949883282184600830e-01 7.483988404273986816e-01
2.092242687940597534e-01 4.873326122760772705e-01
7.057704925537109375e-01 3.154528141021728516e-01
8.913621306419372559e-01 7.308732867240905762e-01
9.054051041603088379e-01 4.549932777881622314e-01
7.554801702499389648e-01 5.915627479553222656e-01
7.844157218933105469e-01 2.519723176956176758e-01
1.818977147340774536e-01 1.469179987907409668e-01
9.716522693634033203e-01 8.852247595787048340e-01
2.531163990497589111e-01 9.629451036453247070e-01
8.356007933616638184e-01 2.144689261913299561e-01
5.582276359200477600e-02 2.909118533134460449e-01
1.271931221708655357e-03 7.087160944938659668e-01
6.235439777374267578e-01 7.179359197616577148e-01
6.550963521003723145e-01 7.764319777488708496e-01
7.232707142829895020e-01 3.121063113212585449e-01
9.758913516998291016e-01 4.403448700904846191e-01
9.167479276657104492e-01 9.386876821517944336e-01
5.174241065979003906e-01 7.103183865547180176e-01
4.991502761840820312e-01 6.954983472824096680e-01
9.957068562507629395e-01 2.896144688129425049e-01
7.576243281364440918e-01 1.667246371507644653e-01
1.110768988728523254e-01 5.239093303680419922e-01
3.503266870975494385e-01 9.393946528434753418e-01
3.018393516540527344e-01 4.901889264583587646e-01
8.010498881340026855e-01 5.696529150009155273e-01
8.209846615791320801e-01 6.185271143913269043e-01
9.754534363746643066e-01 4.076444804668426514e-01
3.517422080039978027e-01 5.183091163635253906e-01
5.097012519836425781e-01 3.811954706907272339e-02
4.225505292415618896e-01 4.521063566207885742e-01
2.228714972734451294e-01 9.120845794677734375e-01
5.692180991172790527e-01 9.889085292816162109e-01
9.569228291511535645e-01 7.229905724525451660e-01
8.839019536972045898e-01 5.636296793818473816e-02
7.544385790824890137e-01 9.244780540466308594e-01
9.300596714019775391e-01 1.338955610990524292e-01
6.564730405807495117e-02 3.309429287910461426e-01
1.107447966933250427e-01 4.441159367561340332e-01
9.434335827827453613e-01 7.000094056129455566e-01
7.188102602958679199e-01 1.050456911325454712e-01
4.345038235187530518e-01 6.113453507423400879e-01
8.964595794677734375e-01 1.175353080034255981e-01
2.379149198532104492e-01 2.501627206802368164e-01
7.395196557044982910e-01 5.046693235635757446e-02
5.152513384819030762e-01 4.096294343471527100e-01
9.854447245597839355e-01 4.627772271633148193e-01
5.367019176483154297e-01 4.272762835025787354e-01
9.330412149429321289e-01 1.056085005402565002e-01
5.906625986099243164e-01 9.650288820266723633e-01
9.154037833213806152e-01 1.013430021703243256e-02
2.174360752105712891e-01 8.464930057525634766e-01
7.932385057210922241e-02 5.323448181152343750e-01
1.826815754175186157e-01 2.809665501117706299e-01
8.579328656196594238e-02 4.260168671607971191e-01
4.635185301303863525e-01 9.432306140661239624e-02
1.759060621261596680e-01 7.498202323913574219e-01
7.782380282878875732e-02 9.887087345123291016e-01
8.323148488998413086e-01 1.775041520595550537e-01
6.237124279141426086e-02 6.442255973815917969e-01
2.755786776542663574e-01 7.226258516311645508e-01
3.665603399276733398e-01 5.354315638542175293e-01
4.749845862388610840e-01 7.428890466690063477e-01
9.028956890106201172e-01 7.070155143737792969e-01
1.034229323267936707e-01 7.566075325012207031e-01
9.021891355514526367e-01 5.250542759895324707e-01
2.004559487104415894e-01 4.817630946636199951e-01
6.421037316322326660e-01 7.922949194908142090e-01
8.369659781455993652e-01 2.008638903498649597e-02
5.003874301910400391e-01 8.221023678779602051e-01
9.653228521347045898e-01 8.163088560104370117e-01
9.184964299201965332e-01 3.030527532100677490e-01
7.359782457351684570e-01 8.907105922698974609e-01
7.250650972127914429e-02 4.356073141098022461e-01
4.415891468524932861e-01 1.281719058752059937e-01
4.619096219539642334e-01 8.243057131767272949e-01
8.862679600715637207e-01 1.707620471715927124e-01
6.888866424560546875e-01 7.427710294723510742e-01
2.876019179821014404e-01 5.973097681999206543e-01
9.155598282814025879e-01 4.416344463825225830e-01
7.749017477035522461e-01 8.851560950279235840e-01
3.161662817001342773e-02 8.882947564125061035e-01
8.923228383064270020e-01 4.636633768677711487e-02
4.970870316028594971e-01 2.620862424373626709e-02
2.221904695034027100e-01 7.196409106254577637e-01
9.160130620002746582e-01 1.005969420075416565e-01
2.779972851276397705e-01 9.514393657445907593e-02
7.191006541252136230e-01 7.875155210494995117e-01
7.689819335937500000e-01 8.360575437545776367e-01
5.486499071121215820e-01 2.346042990684509277e-01
1.999750435352325439e-01 1.897996962070465088e-01
7.096776366233825684e-02 4.360582828521728516e-01
3.497832119464874268e-01 8.656029105186462402e-01
3.247575461864471436e-01 9.671120047569274902e-01
6.256325244903564453e-01 6.789657473564147949e-01
9.626973271369934082e-01 3.845962882041931152e-01
4.144307076930999756e-01 6.317023634910583496e-01
7.373773455619812012e-01 9.836977124214172363e-01
5.370759367942810059e-01 3.630549609661102295e-01
9.039808511734008789e-01 2.093006223440170288e-01
8.601509332656860352e-01 1.626111865043640137e-01
8.400225639343261719e-01 7.379208207130432129e-01
8.227127194404602051e-01 4.334072768688201904e-01
5.691572427749633789e-01 6.139999032020568848e-01
6.605758070945739746e-01 2.506482601165771484e-01
6.990121006965637207e-01 5.990006923675537109e-01
9.107714295387268066e-01 1.321106404066085815e-01
4.869278371334075928e-01 4.393605589866638184e-01
6.254506707191467285e-01 8.591972589492797852e-01
2.234281748533248901e-01 3.332137167453765869e-01
5.956993103027343750e-01 5.003753900527954102e-01
9.116316586732864380e-02 3.983389437198638916e-01
5.471605062484741211e-01 8.205495476722717285e-01
9.375455975532531738e-01 8.638525605201721191e-01
4.135555624961853027e-01 5.841770023107528687e-02
9.720297455787658691e-01 1.733909398317337036e-01
5.920121446251869202e-02 5.209460854530334473e-01
4.927070140838623047e-01 8.949910402297973633e-01
2.544982433319091797e-01 7.980180978775024414e-01
4.723831415176391602e-01 1.398035138845443726e-01
4.389978647232055664e-01 9.262954592704772949e-01
1.999143958091735840e-01 1.067724004387855530e-01
7.615185379981994629e-01 8.627972006797790527e-01
4.054344445466995239e-02 3.187443614006042480e-01
3.160850405693054199e-01 3.767997026443481445e-01
2.851966619491577148e-01 1.724175512790679932e-01
2.746993303298950195e-01 1.844343543052673340e-02
3.439694046974182129e-01 6.571698933839797974e-02
3.691098466515541077e-02 2.153484076261520386e-01
6.517800092697143555e-01 8.393943309783935547e-02
8.472093343734741211e-01 7.193221449851989746e-01
1.036960259079933167e-01 7.208650112152099609e-01
7.320961952209472656e-01 8.965985774993896484e-01
2.971494793891906738e-01 6.971945166587829590e-01
5.517941713333129883e-01 3.176267743110656738e-01
1.391167379915714264e-02 2.746793329715728760e-01
1.199067756533622742e-01 4.063357114791870117e-01
2.129845321178436279e-02 4.804318249225616455e-01
7.957741022109985352e-01 4.513266086578369141e-01
1.667077243328094482e-01 5.359780192375183105e-01
2.858269512653350830e-01 2.133910208940505981e-01
9.382922053337097168e-01 6.023585200309753418e-01
5.147029459476470947e-02 9.907938241958618164e-01
6.843412518501281738e-01 1.062156111001968384e-01
5.034539848566055298e-02 9.325342774391174316e-01
9.722353219985961914e-01 9.010778665542602539e-01
4.542028605937957764e-01 2.242655605077743530e-01
6.900718808174133301e-01 8.802196979522705078e-01
5.152354836463928223e-01 2.244300693273544312e-01
6.689651012420654297e-01 9.240640699863433838e-02
4.208912551403045654e-01 1.302690356969833374e-01
9.642171859741210938e-02 7.405117154121398926e-01
9.708980917930603027e-01 9.481076598167419434e-01
4.114735126495361328e-01 8.364945054054260254e-01
6.547526717185974121e-01 4.554728865623474121e-01
5.021042823791503906e-01 6.828106045722961426e-01
9.222030639648437500e-01 5.679447650909423828e-01
6.222844868898391724e-02 1.165096834301948547e-01
5.546711683273315430e-01 8.701397776603698730e-01
1.823686361312866211e-01 4.141352474689483643e-01
7.857406139373779297e-01 6.884123682975769043e-01
1.197033897042274475e-01 5.140009522438049316e-01
3.064900040626525879e-01 2.020110934972763062e-01
7.615031003952026367e-01 2.865509688854217529e-01
2.672711610794067383e-01 7.866286635398864746e-01
3.732795119285583496e-01 1.744555234909057617e-01
3.878753632307052612e-02 3.394594490528106689e-01
6.780744194984436035e-01 1.658471524715423584e-01
6.045144796371459961e-01 8.666401505470275879e-01
1.221822760999202728e-02 7.703551650047302246e-01
2.648139595985412598e-01 2.326730936765670776e-01
2.791459262371063232e-01 4.837100505828857422e-01
2.898243069648742676e-01 5.241367220878601074e-01
1.617298722267150879e-01 3.870874643325805664e-01
8.432627916336059570e-01 2.085137665271759033e-01
2.134033143520355225e-01 4.321015477180480957e-01
4.278132617473602295e-01 7.838791012763977051e-01
1.929459571838378906e-01 5.482413172721862793e-01
1.682298816740512848e-02 5.355175733566284180e-01
9.889459013938903809e-01 8.660565614700317383e-01
8.002492785453796387e-01 5.759621262550354004e-01
3.938678205013275146e-01 9.477283954620361328e-01
6.304488778114318848e-01 6.019191145896911621e-01
3.623443245887756348e-01 1.218932941555976868e-01
6.103742122650146484e-01 7.433681488037109375e-01
7.160983085632324219e-01 1.984498798847198486e-01
2.158295512199401855e-01 6.864326596260070801e-01
7.999384999275207520e-01 7.930164933204650879e-01
1.093985512852668762e-01 2.393719702959060669e-01
2.227182537317276001e-01 3.826167881488800049e-01
7.432544231414794922e-01 6.243504285812377930e-01
4.311855137348175049e-01 6.687353253364562988e-01
7.922198176383972168e-01 2.515953183174133301e-01
3.903605341911315918e-01 4.530270993709564209e-01
4.027202427387237549e-01 3.691951036453247070e-01
7.253965139389038086e-01 2.359484285116195679e-01
9.331365823745727539e-01 2.866590321063995361e-01
4.219905436038970947e-01 5.698028802871704102e-01
5.208961367607116699e-01 5.009181499481201172e-01
6.167508363723754883e-01 8.378657512366771698e-03
3.982623666524887085e-02 3.209159672260284424e-01
3.113369643688201904e-01 1.755760312080383301e-01
8.502092957496643066e-01 1.031643152236938477e-01
8.386809825897216797e-01 6.817942857742309570e-01
1.130464896559715271e-01 4.478651285171508789e-01
3.815995752811431885e-01 2.886093556880950928e-01
1.621162444353103638e-01 1.985988914966583252e-01
7.397296428680419922e-01 5.124194622039794922e-01
7.262948155403137207e-01 9.339120388031005859e-01
8.023780584335327148e-01 5.869733691215515137e-01
2.835307717323303223e-01 9.484547376632690430e-01
6.988704949617385864e-02 7.735622525215148926e-01
9.219449758529663086e-01 3.356134891510009766e-02
4.632712006568908691e-01 9.747007489204406738e-01
5.060984492301940918e-01 8.315195888280868530e-02
5.910320878028869629e-01 3.635900914669036865e-01
6.196401119232177734e-01 4.758658409118652344e-01
1.190712079405784607e-01 6.670858860015869141e-01
6.857041269540786743e-02 5.172973871231079102e-01
1.552587598562240601e-01 8.284076452255249023e-01
4.096731543540954590e-01 6.852361559867858887e-01
9.638054668903350830e-02 5.741640329360961914e-01
9.107034206390380859e-01 6.685845553874969482e-02
1.658471114933490753e-02 2.373050600290298462e-01
2.822010517120361328e-01 4.773296713829040527e-01
7.982973754405975342e-02 5.985078960657119751e-02
6.925342082977294922e-01 9.747176766395568848e-01
5.316523313522338867e-01 2.283273078501224518e-02
3.773273229598999023e-01 3.676907122135162354e-01
8.500524759292602539e-01 1.395496819168329239e-02
1.073484048247337341e-01 3.754735291004180908e-01
7.895477414131164551e-01 6.983714699745178223e-01
2.184194922447204590e-01 6.164627075195312500e-01
6.717272996902465820e-01 5.473217964172363281e-01
8.866144418716430664e-01 2.909812331199645996e-01
8.378072381019592285e-01 7.974721491336822510e-02
5.718903541564941406e-01 1.407072991132736206e-01
3.211757540702819824e-01 5.040496960282325745e-02
3.486441075801849365e-01 6.175425052642822266e-01
3.078090846538543701e-01 8.846985101699829102e-01
1.417784690856933594e-01 5.617360472679138184e-01
7.032802104949951172e-01 3.813455700874328613e-01
1.927195489406585693e-01 3.430539071559906006e-01
3.474934697151184082e-01 2.343137264251708984e-01
7.899469733238220215e-01 4.909034073352813721e-01
1.279977113008499146e-01 4.407456517219543457e-01
8.415711671113967896e-02 2.309680879116058350e-01
5.766219459474086761e-03 8.643990159034729004e-01
7.035346031188964844e-01 5.930802971124649048e-02
1.240338906645774841e-01 9.645470380783081055e-01
8.835860341787338257e-02 6.151073575019836426e-01
7.320272922515869141e-01 7.734988331794738770e-01
6.582211703062057495e-02 2.653695046901702881e-01
1.319545805454254150e-01 2.544691562652587891e-01
7.513278126716613770e-01 1.200628429651260376e-01
8.485441207885742188e-01 9.691002368927001953e-01
4.834584593772888184e-01 8.675639033317565918e-01
6.933219432830810547e-01 8.239753246307373047e-01
8.366082906723022461e-01 6.414917111396789551e-01
2.743752002716064453e-01 6.715651154518127441e-01
4.936009347438812256e-01 2.631872296333312988e-01
5.979481339454650879e-01 1.729958057403564453e-01
5.562525391578674316e-01 3.437668681144714355e-01
4.308182895183563232e-01 1.377280950546264648e-01
5.504705309867858887e-01 1.916442662477493286e-01
6.163939237594604492e-01 6.222591400146484375e-01
2.217602878808975220e-01 8.361380696296691895e-01
9.004006981849670410e-01 5.383400321006774902e-01
7.905601859092712402e-01 2.231884449720382690e-01
2.853892147541046143e-01 3.519404232501983643e-01
7.253781557083129883e-01 8.272006511688232422e-01
6.090473532676696777e-01 4.972788318991661072e-02
1.000442132353782654e-01 5.128143355250358582e-02
9.322366118431091309e-01 6.467732787132263184e-02
9.476222395896911621e-01 9.860605001449584961e-01
3.968887329101562500e-01 5.910074114799499512e-01
8.704926371574401855e-01 5.708188414573669434e-01
5.200649499893188477e-01 8.380641788244247437e-02
4.119594693183898926e-01 1.649686396121978760e-01
7.977716326713562012e-01 8.333350419998168945e-01
4.864407777786254883e-01 1.294725984334945679e-01
2.917335927486419678e-01 3.141897618770599365e-01
7.527140974998474121e-01 1.709232926368713379e-01
2.335546910762786865e-01 2.470725476741790771e-01
4.149222373962402344e-01 7.942640185356140137e-01
3.249995112419128418e-01 2.524993121623992920e-01
7.072343826293945312e-01 3.071240782737731934e-01
5.696482062339782715e-01 3.689618408679962158e-01
5.386283397674560547e-01 4.277844130992889404e-01
5.589831471443176270e-01 9.267798662185668945e-01
2.185188829898834229e-01 6.353641152381896973e-01
6.205856204032897949e-01 3.350307345390319824e-01
5.040393471717834473e-01 9.180483222007751465e-01
4.285230934619903564e-01 3.521250784397125244e-01
4.855427145957946777e-01 4.773417711257934570e-01
1.343923211097717285e-01 4.753511250019073486e-01
3.195413351058959961e-01 8.826345801353454590e-01
3.761320710182189941e-01 9.547882676124572754e-01
7.385303825139999390e-02 9.902350902557373047e-01
5.990945100784301758e-01 1.159810423851013184e-01
3.629863858222961426e-01 6.460296511650085449e-01
3.352562487125396729e-01 4.981016516685485840e-01
1.970836669206619263e-01 5.764527916908264160e-01
9.475863575935363770e-01 9.989328682422637939e-02
5.914440155029296875e-01 7.413798570632934570e-01
9.237747788429260254e-01 1.326824724674224854e-01
4.902124106884002686e-01 2.749914526939392090e-01
4.831287562847137451e-01 7.992660254240036011e-02
7.723882198333740234e-01 9.215403795242309570e-01
4.774428531527519226e-02 7.984130978584289551e-01
4.728141725063323975e-01 5.400018095970153809e-01
3.122693002223968506e-01 5.745851993560791016e-01
7.872273027896881104e-02 4.942503273487091064e-01
3.991748094558715820e-01 8.645440936088562012e-01
2.871702611446380615e-01 2.714818418025970459e-01
5.239425301551818848e-01 3.311649262905120850e-01
9.036902785301208496e-01 3.732337355613708496e-01
2.043117880821228027e-01 4.601844549179077148e-01
4.038524031639099121e-01 9.531988501548767090e-01
7.384722232818603516e-01 8.724706768989562988e-01
9.044340848922729492e-01 6.002209186553955078e-01
4.959504306316375732e-01 6.276061534881591797e-01
9.027180075645446777e-01 9.773477315902709961e-01
3.097938299179077148e-01 7.978273630142211914e-01
7.642656564712524414e-01 7.805234054103493690e-04
4.795770049095153809e-01 1.269353777170181274e-01
4.020605683326721191e-01 5.232358574867248535e-01
6.934806704521179199e-01 3.320972025394439697e-01
2.400645613670349121e-01 2.031152099370956421e-01
3.173768222332000732e-01 8.711808174848556519e-02
9.426943063735961914e-01 7.207354903221130371e-01
9.710497260093688965e-01 6.672955304384231567e-02
1.123545914888381958e-01 7.095566391944885254e-01
7.856380939483642578e-01 8.274921178817749023e-01
5.511659383773803711e-01 1.646592170000076294e-01
3.149735629558563232e-01 1.785426437854766846e-01
4.307628870010375977e-01 4.120872616767883301e-01
3.811102211475372314e-01 6.659642457962036133e-01
9.558426737785339355e-01 1.328954547643661499e-01
8.766965866088867188e-01 5.186255574226379395e-01
2.928826212882995605e-01 1.056420803070068359e-01
9.302366971969604492e-01 7.676315903663635254e-01
8.380017876625061035e-01 8.503139019012451172e-01
3.583881855010986328e-01 8.495748043060302734e-01
3.116864860057830811e-01 4.171966612339019775e-01
8.182404041290283203e-01 2.330393791198730469e-01
5.200247764587402344e-01 2.963517010211944580e-01
2.580767869949340820e-01 1.361919492483139038e-01
3.529776334762573242e-01 2.427762448787689209e-01
1.179397925734519958e-01 9.283388853073120117e-01
7.529345750808715820e-01 5.810599923133850098e-01
7.320470809936523438e-01 7.394143939018249512e-01
2.685914747416973114e-02 5.833165645599365234e-01
1.389899551868438721e-01 6.437708139419555664e-01
4.886547029018402100e-01 1.869202256202697754e-01
4.827637970447540283e-01 7.421059012413024902e-01
9.501021504402160645e-01 5.584796667098999023e-01
9.675906896591186523e-01 4.761827886104583740e-01
7.154781222343444824e-01 7.399120926856994629e-01
3.063804805278778076e-01 2.132194638252258301e-01
9.825615584850311279e-02 4.299222230911254883e-01
3.428286612033843994e-01 8.924162983894348145e-01
2.678803205490112305e-01 6.239824891090393066e-01
8.704988956451416016e-01 8.579478859901428223e-01
6.144850850105285645e-01 7.225840538740158081e-02
7.806571722030639648e-01 9.299114346504211426e-01
9.983664005994796753e-02 3.821472823619842529e-01
4.618222415447235107e-01 6.949159502983093262e-01
7.604625821113586426e-01 6.965375691652297974e-02
6.827088594436645508e-01 2.048460394144058228e-01
3.380993902683258057e-01 3.797773122787475586e-01
6.614044308662414551e-01 2.445033639669418335e-01
3.932530283927917480e-01 5.517662763595581055e-01
7.038652896881103516e-01 5.300183296203613281e-01
2.552734613418579102e-01 5.386530756950378418e-01
7.664807438850402832e-01 6.287189722061157227e-01
2.856269180774688721e-01 8.243165016174316406e-01
8.593660593032836914e-01 8.858108520507812500e-01
2.230549007654190063e-01 6.739509105682373047e-01
5.550896525382995605e-01 8.845909237861633301e-01
2.341856621205806732e-02 6.934431195259094238e-01
4.324731230735778809e-01 2.200907766819000244e-01
4.373691678047180176e-01 2.799506187438964844e-01
2.573674619197845459e-01 1.154633760452270508e-01
7.508970499038696289e-01 8.325556516647338867e-01
1.856072843074798584e-01 9.541548043489456177e-02
5.421871542930603027e-01 9.285961985588073730e-01
9.508655667304992676e-01 7.559635043144226074e-01
3.896662592887878418e-01 4.103122651576995850e-01
5.495801195502281189e-02 1.994875222444534302e-01
8.336960077285766602e-01 9.397860765457153320e-01
9.409543871879577637e-01 4.771490395069122314e-01
1.080188602209091187e-01 5.422151088714599609e-01
4.755811095237731934e-01 9.578818082809448242e-01
4.529398381710052490e-01 8.702012300491333008e-01
5.721220374107360840e-01 2.109197527170181274e-01
3.947936594486236572e-01 2.080054432153701782e-01
1.506253331899642944e-01 5.219452083110809326e-02
7.421465516090393066e-01 1.259444952011108398e-01
7.605351805686950684e-01 1.285998895764350891e-02
8.237275481224060059e-01 8.528209924697875977e-01
6.913233995437622070e-01 6.594758629798889160e-01
5.468226075172424316e-01 7.325936853885650635e-02
1.045603454113006592e-01 7.259464263916015625e-01
9.997311979532241821e-02 9.508563280105590820e-01
9.887605309486389160e-01 1.941580474376678467e-01
8.025014996528625488e-01 3.007748126983642578e-01
6.321312189102172852e-01 4.189863502979278564e-01
8.805261254310607910e-01 9.763929247856140137e-01
2.493419051170349121e-01 5.442989468574523926e-01
5.212875604629516602e-01 2.744179069995880127e-01
8.887814730405807495e-02 5.294542908668518066e-01
1.435130387544631958e-01 6.519264578819274902e-01
2.788854241371154785e-01 3.385783731937408447e-01
7.521424889564514160e-01 4.265178442001342773e-01
4.889070987701416016e-02 7.198276519775390625e-01
2.573584616184234619e-01 6.520364284515380859e-01
9.805516600608825684e-01 6.031541228294372559e-01
4.920381903648376465e-01 8.488183021545410156e-01
7.802891135215759277e-01 2.948689460754394531e-01
6.922352910041809082e-01 9.169433116912841797e-01
7.457362413406372070e-01 9.160519242286682129e-01
9.453700184822082520e-01 7.489758133888244629e-01
1.063665151596069336e-01 4.940493404865264893e-01
2.991136908531188965e-01 4.440296888351440430e-01
4.118686616420745850e-01 4.564038217067718506e-01
5.040192008018493652e-01 8.438476324081420898e-01
7.981854677200317383e-01 9.641191363334655762e-01
8.145972490310668945e-01 6.083427667617797852e-01
1.813075989484786987e-01 2.447273284196853638e-01
5.087942630052566528e-02 2.140858620405197144e-01
4.701015651226043701e-01 3.637117147445678711e-01
4.482012689113616943e-01 2.472218871116638184e-01
9.155970811843872070e-01 9.132445454597473145e-01
6.088565587997436523e-01 1.434831786900758743e-02
2.372401654720306396e-01 8.796477317810058594e-01
1.120024845004081726e-01 6.408149600028991699e-01
4.962823912501335144e-02 5.021483302116394043e-01
3.846279084682464600e-01 7.935035824775695801e-01
7.256794571876525879e-01 4.822995513677597046e-02
3.807752132415771484e-01 5.412984490394592285e-01
1.761258691549301147e-01 8.974691629409790039e-01
6.182893514633178711e-01 3.836103677749633789e-01
6.068766713142395020e-01 4.436791408807039261e-03
2.224668562412261963e-01 1.791436523199081421e-01
2.429731935262680054e-02 6.499871611595153809e-01
1.126171350479125977e-01 3.983958065509796143e-02
5.750228166580200195e-01 2.329354435205459595e-01
9.740225970745086670e-03 7.185399532318115234e-01
1.138716787099838257e-01 5.514235496520996094e-01
5.843161344528198242e-01 1.201190128922462463e-01
8.228361606597900391e-01 7.895246893167495728e-02
1.122390571981668472e-02 9.441416263580322266e-01
4.892963767051696777e-01 5.232266187667846680e-01
4.543394446372985840e-01 7.539246082305908203e-01
1.559142209589481354e-02 9.683777093887329102e-01
7.502413392066955566e-01 9.847618639469146729e-03
3.145936876535415649e-02 1.238067448139190674e-01
3.558216392993927002e-01 1.237025111913681030e-01
4.033708870410919189e-01 8.051783442497253418e-01
8.326062560081481934e-01 1.675342321395874023e-01
1.154932305216789246e-01 7.098218798637390137e-01
5.420607328414916992e-01 9.806376695632934570e-01
6.949622631072998047e-01 2.869247794151306152e-01
4.831907749176025391e-01 2.961889803409576416e-01
3.271494209766387939e-01 2.125598341226577759e-01
3.096249401569366455e-01 6.151355504989624023e-01
8.650680184364318848e-01 9.035265073180198669e-03
2.752210199832916260e-01 3.309471309185028076e-01
1.348461508750915527e-01 4.196418821811676025e-01
5.792980194091796875e-01 9.625916928052902222e-02
2.134926170110702515e-01 7.719544768333435059e-01
8.630040884017944336e-01 5.967259779572486877e-02
5.251613259315490723e-01 3.654778599739074707e-01
1.905523985624313354e-01 7.921171188354492188e-01
9.988716840744018555e-01 9.385673999786376953e-01
2.330839782953262329e-01 9.884334206581115723e-01
9.482342600822448730e-01 6.552518606185913086e-01
5.303687453269958496e-01 2.470541298389434814e-01
2.430292218923568726e-01 8.123421072959899902e-01
5.030559897422790527e-01 6.606213003396987915e-02
6.220457330346107483e-02 2.206568121910095215e-01
7.528854012489318848e-01 5.421791970729827881e-02
2.555970549583435059e-01 2.421481311321258545e-01
8.056512475013732910e-01 3.110084831714630127e-01
8.769173622131347656e-01 1.823489728849381208e-04
1.138586774468421936e-01 3.268426656723022461e-01
8.647229075431823730e-01 1.975364238023757935e-01
3.113240897655487061e-01 7.736031413078308105e-01
2.735058665275573730e-01 2.025941312313079834e-01
9.040593504905700684e-01 1.306153554469347000e-02
3.318589031696319580e-01 9.736171960830688477e-01
5.875201895833015442e-02 3.949411213397979736e-01
1.723838299512863159e-01 8.953614830970764160e-01
3.186970353126525879e-01 8.303433060646057129e-01
3.107675313949584961e-01 5.832751393318176270e-01
2.337163239717483521e-01 4.092504084110260010e-01
3.213870525360107422e-01 6.933076381683349609e-01
3.667067885398864746e-01 4.931291341781616211e-01
1.226585730910301208e-01 5.421209931373596191e-01
5.091874003410339355e-01 7.294844985008239746e-01
5.052720308303833008e-01 5.497283339500427246e-01
2.534552011638879776e-03 5.929654836654663086e-01
4.139864072203636169e-02 7.480627298355102539e-01
7.799237370491027832e-01 6.494444608688354492e-01
1.153094321489334106e-01 2.081253230571746826e-01
9.757339954376220703e-01 7.004258632659912109e-01
4.807210862636566162e-01 8.901976346969604492e-01
7.221215367317199707e-01 8.603886365890502930e-01
2.508022785186767578e-01 9.129765629768371582e-01
6.234341859817504883e-01 1.361153572797775269e-01
5.343118309974670410e-01 7.587362527847290039e-01
7.268977761268615723e-01 3.967447206377983093e-02
8.107357658445835114e-03 7.257786989212036133e-01
6.827510595321655273e-01 3.378079831600189209e-02
7.486414313316345215e-01 5.771281123161315918e-01
2.566841542720794678e-01 3.410844802856445312e-01
4.190192222595214844e-01 8.280874490737915039e-01
7.274468541145324707e-01 8.298888802528381348e-01
3.102688789367675781e-01 4.491546154022216797e-01
9.685093164443969727e-01 6.384384036064147949e-01
7.753875255584716797e-01 2.110563814640045166e-01
3.434043005108833313e-02 1.146265342831611633e-01
3.820815682411193848e-01 4.361830055713653564e-01
5.850112438201904297e-01 2.499445714056491852e-02
2.002210766077041626e-01 2.324880808591842651e-01
1.918762773275375366e-01 4.168185293674468994e-01
7.101527452468872070e-01 1.618944257497787476e-01
7.636274099349975586e-01 1.433361321687698364e-01
3.964657783508300781e-01 7.676211595535278320e-01
5.472899079322814941e-01 4.258704483509063721e-01
5.217583179473876953e-01 1.099921688437461853e-01
8.765240311622619629e-01 4.809673875570297241e-02
9.436309933662414551e-01 7.888485193252563477e-01
1.935757137835025787e-02 2.513919770717620850e-01
8.039054274559020996e-01 4.156234264373779297e-01
4.694874882698059082e-01 6.054146289825439453e-01
2.204367816448211670e-01 6.822251677513122559e-01
9.018535614013671875e-01 5.456891655921936035e-01
8.366265296936035156e-01 8.268039226531982422e-01
3.352265655994415283e-01 5.506036877632141113e-01
6.296133995056152344e-01 4.288986921310424805e-01
4.117192029953002930e-01 4.138799384236335754e-02
1.399875879287719727e-01 6.191375851631164551e-01
4.543169736862182617e-01 1.873605549335479736e-01
8.015889674425125122e-02 6.650962680578231812e-02
8.654828369617462158e-02 8.358305096626281738e-01
7.842282056808471680e-01 1.147223934531211853e-01
2.820708453655242920e-01 8.542528748512268066e-01
4.532502964138984680e-02 8.971864581108093262e-01
4.216457307338714600e-01 1.212549656629562378e-01
8.316844105720520020e-01 4.926040768623352051e-01
3.010936379432678223e-01 6.974330544471740723e-01
4.858268797397613525e-02 7.664324641227722168e-01
6.439366936683654785e-01 4.663973748683929443e-01
6.376346945762634277e-01 7.583543658256530762e-02
2.620606720447540283e-01 5.878087878227233887e-01
1.789238005876541138e-01 7.270309329032897949e-01
5.324223637580871582e-01 5.349187254905700684e-01
7.116073369979858398e-01 3.647443652153015137e-01
6.594698429107666016e-01 7.936529517173767090e-01
8.474383950233459473e-01 8.497176170349121094e-01
4.497945308685302734e-01 6.202398538589477539e-01
9.813503175973892212e-02 9.524837732315063477e-01
2.332279235124588013e-01 1.219914108514785767e-01
3.742191493511199951e-01 1.035735607147216797e-01
4.941484034061431885e-01 1.725777089595794678e-01
1.544299535453319550e-02 3.984332978725433350e-01
6.032764539122581482e-02 5.333513617515563965e-01
7.585653662681579590e-01 5.579424276947975159e-02
4.117415547370910645e-01 5.339132547378540039e-01
6.633935570716857910e-01 2.988621294498443604e-01
4.989150464534759521e-01 7.387228608131408691e-01
4.247841536998748779e-01 5.103194117546081543e-01
3.605602085590362549e-01 9.067136645317077637e-01
4.221933484077453613e-01 3.885446190834045410e-01
7.917479872703552246e-01 3.267939388751983643e-01
3.359106779098510742e-01 9.320552349090576172e-01
1.754688620567321777e-01 9.692587256431579590e-01
9.824680089950561523e-01 9.596077203750610352e-01
6.446628570556640625e-01 1.488823890686035156e-01
6.337655782699584961e-01 7.887597680091857910e-01
8.019382357597351074e-01 3.921777009963989258e-01
6.643064618110656738e-01 7.411984801292419434e-01
9.787607192993164062e-01 7.828221321105957031e-01
1.252833157777786255e-01 2.648653388023376465e-01
2.357593476772308350e-01 1.834084689617156982e-01
6.431388109922409058e-02 8.065985441207885742e-01
7.581254243850708008e-01 2.624519467353820801e-01
2.749197930097579956e-02 2.993161380290985107e-01
1.217245683073997498e-02 7.441278696060180664e-01
4.153366088867187500e-01 7.331999540328979492e-01
7.333912849426269531e-01 5.641046762466430664e-01
1.808150559663772583e-01 3.689158558845520020e-01
9.069148302078247070e-01 2.003812193870544434e-01
1.165071502327919006e-01 2.046545892953872681e-01
9.927188754081726074e-01 8.930241465568542480e-01
6.424242258071899414e-01 1.915865987539291382e-01
8.081362247467041016e-01 3.576348125934600830e-01
1.425580978393554688e-01 3.647992387413978577e-02
3.842344880104064941e-01 8.640923351049423218e-02
5.714215636253356934e-01 6.454786062240600586e-01
9.154324531555175781e-01 3.676328063011169434e-01
2.557864785194396973e-01 9.604511857032775879e-01
2.879494428634643555e-01 4.253747761249542236e-01
6.151074767112731934e-01 5.120866298675537109e-01
4.587083160877227783e-01 3.176746666431427002e-01
2.609391212463378906e-01 2.885622680187225342e-01
1.367038339376449585e-01 9.415732622146606445e-01
2.294468432664871216e-01 6.283380389213562012e-01
3.930424749851226807e-01 9.575998783111572266e-01
9.509676694869995117e-01 1.217776760458946228e-01
7.847613692283630371e-01 8.158751577138900757e-02
9.699730873107910156e-01 4.554867446422576904e-01
4.861097633838653564e-01 3.967994153499603271e-01
3.579108417034149170e-02 2.933927774429321289e-01
6.717547178268432617e-01 7.672781348228454590e-01
7.848576903343200684e-01 4.978856742382049561e-01
6.837602853775024414e-01 5.647227764129638672e-01
1.110463514924049377e-01 5.017991662025451660e-01
5.089756450615823269e-04 7.013888955116271973e-01
4.693125784397125244e-01 3.626479208469390869e-01
9.190531969070434570e-01 1.811787337064743042e-01
4.753300845623016357e-01 3.781781494617462158e-01
1.097267121076583862e-01 5.663148164749145508e-01
6.870333552360534668e-01 9.589948058128356934e-01
4.843066036701202393e-01 3.681745007634162903e-02
4.942327141761779785e-01 2.905971109867095947e-01
3.360955417156219482e-01 1.207514479756355286e-01
1.428346633911132812e-01 8.794774413108825684e-01
8.471779823303222656e-01 5.045331716537475586e-01
6.741729974746704102e-01 3.842648863792419434e-02
9.276484251022338867e-01 3.799488246440887451e-01
9.121189117431640625e-01 7.627853751182556152e-01
7.434400320053100586e-01 9.923980236053466797e-01
8.807981014251708984e-01 9.597327113151550293e-01
8.704698085784912109e-01 9.382218122482299805e-01
2.265469729900360107e-01 2.877028286457061768e-01
4.671485126018524170e-01 5.281270667910575867e-02
6.837873160839080811e-02 6.850640177726745605e-01
3.555767238140106201e-01 2.985317409038543701e-01
5.238629579544067383e-01 9.790059328079223633e-01
3.868895471096038818e-01 9.605270028114318848e-01
3.690281808376312256e-01 4.136854708194732666e-01
7.412526756525039673e-02 1.103276237845420837e-01
8.861745595932006836e-01 1.227945648133754730e-02
1.729096025228500366e-01 7.060424089431762695e-01
9.817905426025390625e-01 6.893308162689208984e-01
4.006238579750061035e-01 6.344286203384399414e-01
8.282265663146972656e-01 2.492475062608718872e-01
4.961857497692108154e-01 5.571008324623107910e-01
9.399023056030273438e-01 9.059201180934906006e-02
4.700657129287719727e-01 4.819477498531341553e-01
9.452766180038452148e-01 6.637660264968872070e-01
9.594590663909912109e-01 2.109136618673801422e-02
4.989521503448486328e-01 8.996331691741943359e-01
5.125690102577209473e-01 1.723461151123046875e-01
1.238795891404151917e-01 1.091992184519767761e-01
6.038720607757568359e-01 3.074392378330230713e-01
1.917331516742706299e-01 6.384239792823791504e-01
3.300341367721557617e-01 2.626767456531524658e-01
1.249589994549751282e-01 8.144898414611816406e-01
6.530366539955139160e-01 4.392176866531372070e-01
9.063466191291809082e-01 5.690783262252807617e-01
9.418821930885314941e-01 8.497329801321029663e-02
9.088508486747741699e-01 8.967605829238891602e-01
4.522111266851425171e-02 3.070187866687774658e-01
8.335248231887817383e-01 5.297965407371520996e-01
5.328528285026550293e-01 9.388061761856079102e-01
9.833475351333618164e-01 4.349793195724487305e-01
6.455035209655761719e-01 4.126106500625610352e-01
5.333437919616699219e-01 1.217972394078969955e-02
5.637536048889160156e-01 7.924401760101318359e-01
3.678849041461944580e-01 9.375362098217010498e-02
9.667190164327621460e-02 2.435380071401596069e-01
6.415212154388427734e-01 3.964394629001617432e-01
2.610630095005035400e-01 5.236438512802124023e-01
4.670638591051101685e-02 8.071933984756469727e-01
4.572344124317169189e-01 6.651031970977783203e-01
9.772049784660339355e-01 4.326348006725311279e-01
1.172139421105384827e-01 4.542339444160461426e-01
1.762782633304595947e-01 4.461965262889862061e-01
9.939018487930297852e-01 9.269484132528305054e-02
7.779399752616882324e-01 9.172444939613342285e-01
4.064392298460006714e-03 5.585855841636657715e-01
6.937927007675170898e-01 1.978331618010997772e-02
9.948102831840515137e-01 2.742627263069152832e-01
2.978659272193908691e-01 2.036640644073486328e-01
6.560901552438735962e-02 9.100456833839416504e-01
7.876327037811279297e-01 5.120661258697509766e-01
3.359861671924591064e-01 3.657926321029663086e-01
4.405658841133117676e-01 7.913697361946105957e-01
7.198495864868164062e-01 9.253478646278381348e-01
4.243988096714019775e-01 3.704663133248686790e-03
8.688452839851379395e-01 2.704981565475463867e-01
7.108394503593444824e-01 1.823407113552093506e-01
2.846338599920272827e-02 5.132666826248168945e-01
7.652583122253417969e-01 2.404313534498214722e-01
2.036640197038650513e-01 9.436889290809631348e-01
2.111078202724456787e-01 2.416926324367523193e-01
7.901328206062316895e-01 2.915818095207214355e-01
4.313191473484039307e-01 7.838878631591796875e-01
1.579628437757492065e-01 1.724373400211334229e-01
9.830667376518249512e-01 1.475940197706222534e-01
9.763838648796081543e-01 1.233815252780914307e-01
1.254032850265502930e-01 7.760866880416870117e-01
6.797810792922973633e-01 7.368186861276626587e-02
2.026781141757965088e-01 9.919622540473937988e-01
4.119504690170288086e-01 4.273422360420227051e-01
2.053754776716232300e-01 8.466993570327758789e-01
9.813616871833801270e-01 3.314677774906158447e-01
8.635480403900146484e-01 4.782506823539733887e-01
3.445729911327362061e-01 7.852851748466491699e-01
9.766607880592346191e-01 9.749377965927124023e-01
9.265521168708801270e-01 9.221694469451904297e-01
3.533169031143188477e-01 5.254929661750793457e-01
6.345604062080383301e-01 7.293513417243957520e-02
8.915218114852905273e-01 8.112036585807800293e-01
1.979534775018692017e-01 7.051860094070434570e-01
3.787627518177032471e-01 9.052944183349609375e-01
2.022930383682250977e-01 3.610686063766479492e-01
4.630103409290313721e-01 9.111035615205764771e-02
8.144745230674743652e-01 9.470667243003845215e-01
8.083192110061645508e-01 6.502645611763000488e-01
8.824311494827270508e-01 3.821759223937988281e-01
2.382729947566986084e-01 8.772462606430053711e-01
5.368525981903076172e-01 6.738085150718688965e-01
8.306867480278015137e-01 3.990434110164642334e-01
2.177477777004241943e-01 8.315725922584533691e-01
2.119919359683990479e-01 2.456512600183486938e-01
7.020704746246337891e-01 3.555409610271453857e-01
8.292830586433410645e-01 7.232055068016052246e-01
4.876722693443298340e-01 1.233317404985427856e-01
7.929279208183288574e-01 4.129905104637145996e-01
2.067497670650482178e-01 6.954685449600219727e-01
9.015976190567016602e-01 4.496613740921020508e-01
8.560223579406738281e-01 3.929527103900909424e-01
3.447411060333251953e-01 7.176661491394042969e-01
