4.628717601299285889e-01 8.040232062339782715e-01
3.770960867404937744e-02 2.505764365196228027e-01
4.099206030368804932e-01 7.245455384254455566e-01
8.865870237350463867e-01 5.024455487728118896e-02
3.850887119770050049e-01 7.296530008316040039e-01
1.151483356952667236e-01 4.004426896572113037e-01
1.612203270196914673e-01 4.165497124195098877e-01
6.521374583244323730e-01 1.786059141159057617e-01
5.242602825164794922e-01 6.732640415430068970e-02
6.010735630989074707e-01 9.223526343703269958e-03
6.068457365036010742e-01 5.914497375488281250e-01
8.147403597831726074e-03 6.084327101707458496e-01
2.731529176235198975e-01 1.183170359581708908e-03
2.420167475938796997e-01 3.949513435363769531e-01
2.539482414722442627e-01 5.417362451553344727e-01
3.134009838104248047e-01 7.934471964836120605e-01
1.169297099113464355e-01 3.581172823905944824e-01
9.477276802062988281e-01 9.692884087562561035e-01
9.680586457252502441e-01 2.740213274955749512e-01
6.322705745697021484e-01 8.482040166854858398e-01
7.500083446502685547e-01 5.603020191192626953e-01
8.041486144065856934e-01 8.269327878952026367e-01
9.024311304092407227e-01 6.041327714920043945e-01
4.102501571178436279e-01 7.377763390541076660e-01
9.089955687522888184e-01 3.963629305362701416e-01
6.375753879547119141e-01 3.122251629829406738e-01
9.813074469566345215e-01 9.596353024244308472e-02
2.399955540895462036e-01 3.759084939956665039e-01
4.857010245323181152e-01 5.955675244331359863e-01
3.488724827766418457e-01 8.938642740249633789e-01
7.202277779579162598e-01 7.501346617937088013e-02
4.450972080230712891e-01 7.906703352928161621e-01
4.906671643257141113e-01 5.610724091529846191e-01
6.002665758132934570e-01 3.549705743789672852e-01
9.419755339622497559e-01 2.276706993579864502e-01
1.116799488663673401e-01 5.163413882255554199e-01
9.545507282018661499e-02 4.946840554475784302e-02
9.995427131652832031e-01 1.321946531534194946e-01
4.783018305897712708e-02 3.260931074619293213e-01
9.565182328224182129e-01 2.293882369995117188e-01
5.810406804084777832e-01 4.837679862976074219e-01
2.005614787340164185e-01 6.302427500486373901e-02
9.989594221115112305e-01 2.105055153369903564e-01
1.598218083381652832e-01 1.891359239816665649e-01
6.276393532752990723e-01 3.660664558410644531e-01
9.623026251792907715e-01 7.088439911603927612e-02
7.157924175262451172e-01 3.364640055224299431e-03
9.772280454635620117e-01 3.646200001239776611e-01
1.604442298412322998e-01 5.935150980949401855e-01
1.844684332609176636e-01 6.171560287475585938e-01
7.521854043006896973e-01 9.788690805435180664e-01
8.685814589262008667e-02 9.598768949508666992e-01
1.558943986892700195e-01 6.511690616607666016e-01
1.926763802766799927e-01 4.043475389480590820e-01
4.271941781044006348e-01 7.174874544143676758e-01
3.509752452373504639e-01 1.230988129973411560e-01
2.098372131586074829e-01 1.011904031038284302e-01
8.307492733001708984e-01 9.492095708847045898e-01
4.804179668426513672e-01 3.945964872837066650e-01
4.662281870841979980e-01 6.913406848907470703e-01
4.535034671425819397e-02 2.452288717031478882e-01
8.880798220634460449e-01 2.589865922927856445e-01
4.720557928085327148e-01 9.406084418296813965e-01
7.497305870056152344e-01 8.013250827789306641e-01
9.085882306098937988e-01 4.842239320278167725e-01
7.943502068519592285e-01 8.105236291885375977e-01
9.475436210632324219e-01 8.163090348243713379e-01
5.349930524826049805e-01 5.887469649314880371e-01
8.157947063446044922e-01 9.227383732795715332e-01
8.265847563743591309e-01 5.322375297546386719e-01
8.117371201515197754e-01 2.763397097587585449e-01
5.453245639801025391e-01 7.077049463987350464e-02
8.301333189010620117e-01 7.676434516906738281e-01
8.004128932952880859e-01 7.725032567977905273e-01
3.370102345943450928e-01 4.284211695194244385e-01
3.166254758834838867e-01 2.218611538410186768e-01
1.981431096792221069e-01 2.296374291181564331e-01
3.232830762863159180e-01 1.147808730602264404e-01
5.368961691856384277e-01 6.073873043060302734e-01
4.550573825836181641e-01 2.059496343135833740e-01
5.768762826919555664e-01 3.418447077274322510e-01
3.521377444267272949e-01 8.129112124443054199e-01
9.081806540489196777e-01 4.834846854209899902e-01
6.290672421455383301e-01 7.710173130035400391e-01
2.734691798686981201e-01 3.466666042804718018e-01
5.162671208381652832e-01 3.520407378673553467e-01
7.250046730041503906e-01 6.168465018272399902e-01
2.698267698287963867e-01 7.217206954956054688e-01
9.202923178672790527e-01 1.116679385304450989e-01
7.478418946266174316e-01 6.785149574279785156e-01
6.134930849075317383e-01 6.745871901512145996e-01
7.832849025726318359e-01 2.573592364788055420e-01
3.435111641883850098e-01 4.452847838401794434e-01
6.985338330268859863e-01 1.825261563062667847e-01
7.124652862548828125e-01 3.423873186111450195e-01
3.270362615585327148e-01 4.682576656341552734e-01
8.567510247230529785e-01 6.639484763145446777e-01
4.258360564708709717e-01 8.533284664154052734e-01
5.443063378334045410e-01 1.212067082524299622e-01
7.898991554975509644e-02 4.348370730876922607e-01
4.298969805240631104e-01 9.546834230422973633e-01
7.733924686908721924e-02 2.754458189010620117e-01
7.026827335357666016e-01 3.415975570678710938e-01
7.085803747177124023e-01 6.192946434020996094e-01
6.623323559761047363e-01 2.950370907783508301e-01
7.290812730789184570e-01 7.392858862876892090e-01
5.974689722061157227e-01 3.987518846988677979e-01
3.481813371181488037e-01 6.691640019416809082e-01
5.431837439537048340e-01 1.672953367233276367e-01
5.847435593605041504e-01 2.096362411975860596e-01
5.368286967277526855e-01 4.383509755134582520e-01
9.014717936515808105e-01 1.204207614064216614e-01
3.835283815860748291e-01 7.490448355674743652e-01
4.474022984504699707e-02 6.063380464911460876e-02
6.195349693298339844e-01 7.703469395637512207e-01
2.366302907466888428e-01 8.283241987228393555e-01
2.699968218803405762e-01 7.483624815940856934e-01
7.124606966972351074e-01 1.291245669126510620e-01
5.507435798645019531e-01 8.256642222404479980e-01
2.621012628078460693e-01 3.764564692974090576e-01
8.652428537607192993e-02 2.100257128477096558e-01
9.373067617416381836e-01 9.893497228622436523e-01
5.735964775085449219e-01 3.852049708366394043e-01
8.281780481338500977e-01 1.084583178162574768e-01
1.660134345293045044e-01 1.655824184417724609e-01
9.901197552680969238e-01 7.668210268020629883e-01
8.190438747406005859e-01 4.553342461585998535e-01
5.438453555107116699e-01 4.971446394920349121e-01
5.476725101470947266e-02 7.237893342971801758e-01
5.691853761672973633e-01 4.092895388603210449e-01
3.998937904834747314e-01 8.798956871032714844e-01
3.996904194355010986e-01 1.580674797296524048e-01
2.311611473560333252e-01 6.254631280899047852e-01
2.365636676549911499e-01 7.737610340118408203e-01
2.106352597475051880e-01 9.184712916612625122e-02
5.777631402015686035e-01 3.549554049968719482e-01
4.949121475219726562e-01 7.132841348648071289e-01
5.789970159530639648e-01 6.514655053615570068e-02
6.006755232810974121e-01 3.351467847824096680e-01
3.385037183761596680e-01 1.856257766485214233e-01
2.784024775028228760e-01 4.709532558917999268e-01
7.055580019950866699e-01 6.103335618972778320e-01
6.588305234909057617e-01 5.031400918960571289e-01
1.388307362794876099e-01 1.176095847040414810e-02
3.619602918624877930e-01 6.557122617959976196e-02
9.461333602666854858e-02 8.503957390785217285e-01
6.627165079116821289e-01 2.878765165805816650e-01
1.800267547369003296e-01 6.288308501243591309e-01
9.150525927543640137e-01 8.379254341125488281e-01
7.174644470214843750e-01 1.902772933244705200e-01
1.825960353016853333e-02 3.565734326839447021e-01
4.406711459159851074e-01 4.674893617630004883e-01
8.030455708503723145e-01 4.087996669113636017e-03
5.903239250183105469e-01 3.116652071475982666e-01
8.679878115653991699e-01 5.779307484626770020e-01
1.963679939508438110e-01 5.870128273963928223e-01
1.859713904559612274e-02 7.297700047492980957e-01
5.081863999366760254e-01 1.647972464561462402e-01
9.361068159341812134e-02 2.420186102390289307e-01
6.045635342597961426e-01 7.680472135543823242e-01
6.901354193687438965e-01 3.176565766334533691e-01
8.302566409111022949e-01 4.562111198902130127e-01
2.529771327972412109e-01 2.504951059818267822e-01
8.521928787231445312e-01 6.173635721206665039e-01
4.770891368389129639e-01 6.827912926673889160e-01
5.514647364616394043e-01 6.411914229393005371e-01
1.147630885243415833e-01 3.098400235176086426e-01
4.925271570682525635e-01 6.570549607276916504e-01
5.912609696388244629e-01 2.274236083030700684e-02
8.160627484321594238e-01 2.326452881097793579e-01
6.570012569427490234e-01 6.928565353155136108e-02
2.164503037929534912e-01 6.919981837272644043e-01
7.138510942459106445e-01 9.208575487136840820e-01
7.016100287437438965e-01 5.651522874832153320e-01
8.870745897293090820e-01 5.873018503189086914e-01
4.460781216621398926e-01 5.459527373313903809e-01
2.350899577140808105e-01 8.915411233901977539e-01
6.300111114978790283e-02 4.341453313827514648e-01
9.876555204391479492e-01 3.192748129367828369e-01
5.916183590888977051e-01 7.906588315963745117e-01
9.446412920951843262e-01 6.544579565525054932e-02
5.087751746177673340e-01 7.493984103202819824e-01
4.355086982250213623e-01 6.281661987304687500e-01
5.109608769416809082e-01 7.010258436203002930e-01
5.484280586242675781e-01 2.200368940830230713e-01
7.130298018455505371e-01 4.049935936927795410e-01
5.187843441963195801e-01 1.715077310800552368e-01
2.348392158746719360e-01 8.872992396354675293e-01
8.106386661529541016e-02 7.997265458106994629e-01
8.732863515615463257e-02 9.651771187782287598e-01
5.165202617645263672e-01 1.657830774784088135e-01
2.450833618640899658e-01 1.440369486808776855e-01
7.149364352226257324e-01 3.666636943817138672e-01
7.943922877311706543e-01 6.154106855392456055e-01
2.541190385818481445e-01 3.062140047550201416e-01
5.691636204719543457e-01 5.076500773429870605e-01
7.784307599067687988e-01 4.851168394088745117e-01
8.303473703563213348e-03 2.893851697444915771e-01
6.280157566070556641e-01 1.802750527858734131e-01
3.653234541416168213e-01 6.086347997188568115e-02
2.376597672700881958e-01 5.555457994341850281e-02
4.294425249099731445e-01 6.136163696646690369e-02
1.892882734537124634e-01 8.763098120689392090e-01
2.659205198287963867e-01 8.926271200180053711e-01
4.413925707340240479e-01 9.434248805046081543e-01
7.178312540054321289e-01 6.222110390663146973e-01
6.281145215034484863e-01 9.364265203475952148e-01
6.197904348373413086e-01 3.641923666000366211e-01
5.905287265777587891e-01 1.005214601755142212e-01
8.804625272750854492e-01 7.369548678398132324e-01
3.833717703819274902e-01 1.112802699208259583e-01
3.461196720600128174e-01 3.383517265319824219e-01
3.411736488342285156e-01 1.705366224050521851e-01
8.437078595161437988e-01 8.985518813133239746e-01
5.634955167770385742e-01 3.498384356498718262e-01
6.835869699716567993e-02 2.881063520908355713e-01
4.931592345237731934e-01 5.228327512741088867e-01
9.638528227806091309e-01 2.701454162597656250e-01
9.489507675170898438e-01 5.818596482276916504e-01
7.123044133186340332e-01 7.189806103706359863e-01
4.610905647277832031e-01 7.501449584960937500e-01
7.747610807418823242e-01 6.290409564971923828e-01
1.224672570824623108e-01 3.347046673297882080e-02
4.172878563404083252e-01 1.111516654491424561e-01
6.394122838973999023e-01 7.283045053482055664e-01
5.517196059226989746e-01 8.182644844055175781e-01
9.725134372711181641e-01 7.313632369041442871e-01
9.264699220657348633e-01 9.287488460540771484e-01
5.531318187713623047e-01 4.332096576690673828e-01
1.255081295967102051e-01 3.366664946079254150e-01
4.611187279224395752e-01 5.052592158317565918e-01
8.422108292579650879e-01 4.254174232482910156e-01
1.893353834748268127e-02 7.453137040138244629e-01
2.766509652137756348e-01 2.064327709376811981e-02
2.051302939653396606e-01 6.017880439758300781e-01
1.457291692495346069e-01 9.163560867309570312e-01
3.054248094558715820e-01 2.061607986688613892e-01
1.510751098394393921e-01 5.078552365303039551e-01
2.930111587047576904e-01 5.420371294021606445e-01
2.975166440010070801e-01 2.676781117916107178e-01
4.656670987606048584e-01 3.809488937258720398e-02
9.361507296562194824e-01 9.525548219680786133e-01
5.478343367576599121e-01 6.723480820655822754e-01
8.856619596481323242e-01 6.236931658349931240e-04
9.642609357833862305e-01 4.025972187519073486e-01
5.043894648551940918e-01 9.974908232688903809e-01
3.577840924263000488e-01 7.919526696205139160e-01
1.624491065740585327e-01 4.869066476821899414e-01
8.587863445281982422e-01 5.223966836929321289e-01
2.670149207115173340e-01 5.599725246429443359e-01
8.385050296783447266e-01 9.212148189544677734e-01
8.681136369705200195e-02 7.379580140113830566e-01
3.136403262615203857e-01 9.990751743316650391e-02
4.633866250514984131e-01 9.276058673858642578e-01
9.356784820556640625e-01 3.820672333240509033e-01
9.731699228286743164e-01 9.182252287864685059e-01
2.502554655075073242e-01 4.186062514781951904e-01
5.902751684188842773e-01 6.850482225418090820e-01
1.158991307020187378e-01 9.406415820121765137e-01
2.671075761318206787e-01 9.193800091743469238e-01
3.007478415966033936e-01 9.826653599739074707e-01
4.401126205921173096e-01 3.773649334907531738e-01
1.709335893392562866e-01 1.981988549232482910e-01
1.678062379360198975e-01 2.983070015907287598e-01
6.488487124443054199e-01 8.622272014617919922e-01
5.081786513328552246e-01 2.990260422229766846e-01
9.828374981880187988e-01 2.663953602313995361e-01
2.169842869043350220e-01 5.650617480278015137e-01
9.069663882255554199e-01 4.129866361618041992e-01
6.055924296379089355e-01 3.580115437507629395e-01
2.756651341915130615e-01 8.369355201721191406e-01
7.158871740102767944e-02 9.325003623962402344e-01
7.415264248847961426e-01 7.424166798591613770e-01
9.880440235137939453e-01 5.013472437858581543e-01
2.721660733222961426e-01 8.684080243110656738e-01
7.488719820976257324e-01 5.187603831291198730e-01
7.964770495891571045e-02 5.861448645591735840e-01
9.094510078430175781e-01 5.538599491119384766e-01
3.402752280235290527e-01 5.912047028541564941e-01
9.920073151588439941e-01 7.437416315078735352e-01
7.995352745056152344e-01 1.742151081562042236e-01
5.033397674560546875e-01 2.183916270732879639e-01
4.254200160503387451e-01 4.125006794929504395e-01
3.360522389411926270e-01 9.574320912361145020e-02
4.612161517143249512e-01 5.895375460386276245e-02
1.071266904473304749e-01 2.614110708236694336e-02
6.814891695976257324e-01 3.376591503620147705e-01
2.923657298088073730e-01 2.048403769731521606e-01
5.557939410209655762e-01 9.210923314094543457e-01
5.517341941595077515e-02 6.808312535285949707e-01
4.443974494934082031e-01 4.855660498142242432e-01
4.709616005420684814e-01 6.537383794784545898e-01
6.904718875885009766e-01 9.565156102180480957e-01
7.173934578895568848e-01 2.496238797903060913e-01
9.469836950302124023e-01 8.909612298011779785e-01
3.518092036247253418e-01 6.178696155548095703e-01
8.219754695892333984e-01 4.244281053543090820e-01
1.812383830547332764e-01 8.140839338302612305e-01
4.131745994091033936e-01 3.942512869834899902e-01
8.093024492263793945e-01 2.813804447650909424e-01
2.759119570255279541e-01 7.768133878707885742e-01
1.861219406127929688e-01 5.505058169364929199e-01
5.841438174247741699e-01 8.678241968154907227e-01
6.709994077682495117e-01 6.254165172576904297e-01
1.382828056812286377e-01 4.455972909927368164e-01
2.361109405755996704e-01 2.767090201377868652e-01
7.183294892311096191e-01 5.800412893295288086e-01
8.852807879447937012e-01 9.074555039405822754e-01
4.729400575160980225e-01 6.589425802230834961e-01
9.048269391059875488e-01 8.245853185653686523e-01
2.614816427230834961e-01 5.746181607246398926e-01
5.336382389068603516e-01 7.741670012474060059e-01
5.585317015647888184e-01 6.283360719680786133e-01
4.017437696456909180e-01 8.780268430709838867e-01
4.837960004806518555e-02 2.209167331457138062e-01
3.962637484073638916e-01 6.053335070610046387e-01
1.738385111093521118e-01 3.975703716278076172e-01
3.596959263086318970e-02 2.059980630874633789e-01
8.970943093299865723e-01 5.359700322151184082e-01
1.772640086710453033e-02 7.341443896293640137e-01
2.506891191005706787e-01 5.552921295166015625e-01
4.069985449314117432e-01 4.651743769645690918e-01
6.367556452751159668e-01 6.579799056053161621e-01
2.184862196445465088e-01 6.607576012611389160e-01
6.229557991027832031e-01 2.609776556491851807e-01
1.016871929168701172e-01 2.641078829765319824e-01
6.815624833106994629e-01 7.517962455749511719e-01
7.045342773199081421e-02 3.531009256839752197e-01
2.206522077322006226e-01 7.114072442054748535e-01
7.994125485420227051e-01 4.612931907176971436e-01
5.693315267562866211e-01 5.467553734779357910e-01
9.468903392553329468e-02 3.650467097759246826e-01
2.437260001897811890e-01 2.489456236362457275e-01
7.171754837036132812e-01 9.154501557350158691e-01
2.027218192815780640e-01 5.489520430564880371e-01
4.608503282070159912e-01 8.901708722114562988e-01
8.476077914237976074e-01 6.729698181152343750e-01
4.935910105705261230e-01 1.395616084337234497e-01
5.516381189227104187e-02 1.953676193952560425e-01
6.455839276313781738e-01 4.343410432338714600e-01
5.613220334053039551e-01 1.050925850868225098e-01
2.152903527021408081e-01 1.260906308889389038e-01
7.277351021766662598e-01 9.882283806800842285e-01
9.350042790174484253e-02 7.538600564002990723e-01
6.341146230697631836e-01 4.886632561683654785e-01
2.452475875616073608e-01 6.045763492584228516e-01
8.204101324081420898e-01 4.102736115455627441e-01
6.110686063766479492e-01 1.333601176738739014e-01
9.044299721717834473e-01 3.220222592353820801e-01
9.680493474006652832e-01 7.532691359519958496e-01
2.568473219871520996e-01 3.044110834598541260e-01
4.214080870151519775e-01 7.669268846511840820e-01
9.566244482994079590e-01 9.461130499839782715e-01
6.047406196594238281e-01 7.826170325279235840e-01
3.879743516445159912e-01 5.605802536010742188e-01
5.317300185561180115e-02 9.390070438385009766e-01
6.919291019439697266e-01 6.256502270698547363e-01
5.642311573028564453e-01 8.793200254440307617e-01
8.102644681930541992e-01 4.929562509059906006e-01
3.195343315601348877e-01 1.078845560550689697e-01
7.422603368759155273e-01 8.778846859931945801e-01
3.618314862251281738e-02 3.131017088890075684e-01
9.021944999694824219e-01 4.745871573686599731e-02
8.788949251174926758e-01 5.951422452926635742e-01
7.463160902261734009e-03 8.240668773651123047e-01
6.857951283454895020e-01 6.475804448127746582e-01
5.102008581161499023e-01 4.610315337777137756e-02
7.480474710464477539e-01 9.325925111770629883e-01
1.350304186344146729e-01 9.945878386497497559e-01
6.909861564636230469e-01 7.459215521812438965e-01
3.977431356906890869e-01 1.050057560205459595e-01
6.848433613777160645e-01 5.285034775733947754e-01
5.435593724250793457e-01 3.066790476441383362e-02
2.190197557210922241e-01 3.319867253303527832e-01
9.532330185174942017e-02 7.803032174706459045e-03
6.598179340362548828e-01 7.354753017425537109e-01
2.172299660742282867e-02 1.690512448549270630e-01
1.298522502183914185e-01 4.226040840148925781e-01
3.039065003395080566e-01 8.967042565345764160e-01
5.636468529701232910e-02 2.304273843765258789e-01
3.836835920810699463e-01 5.909091830253601074e-01
1.694937199354171753e-01 6.005897521972656250e-01
9.370488524436950684e-01 6.950044631958007812e-01
8.600003123283386230e-01 9.648357331752777100e-02
2.288586646318435669e-01 5.246211886405944824e-01
9.061460494995117188e-01 7.357366681098937988e-01
2.018668949604034424e-01 9.966941922903060913e-02
4.596020281314849854e-01 5.523004531860351562e-01
4.868192076683044434e-01 1.562689393758773804e-01
7.539453506469726562e-01 2.789939045906066895e-01
9.450076818466186523e-01 4.477692544460296631e-01
1.853825598955154419e-01 7.034764289855957031e-01
5.209969282150268555e-01 1.915696412324905396e-01
3.495296537876129150e-01 6.657705903053283691e-01
7.756937742233276367e-01 6.982411742210388184e-01
9.054182767868041992e-01 4.668225646018981934e-01
1.652255654335021973e-01 4.377081990242004395e-02
1.076392084360122681e-01 7.119624614715576172e-01
4.751738309860229492e-01 2.801564633846282959e-01
7.953559160232543945e-01 9.408700466156005859e-01
4.022610783576965332e-01 8.788188695907592773e-01
7.220182418823242188e-01 2.201606929302215576e-01
8.990084528923034668e-01 3.225351274013519287e-01
9.177443981170654297e-01 7.869462370872497559e-01
6.364205479621887207e-02 5.711055919528007507e-02
2.977366149425506592e-01 5.456391572952270508e-01
7.711131572723388672e-01 2.523147463798522949e-01
8.569729328155517578e-01 3.142393007874488831e-02
9.228789806365966797e-01 9.679678678512573242e-01
2.235150337219238281e-01 2.411786615848541260e-01
5.079740881919860840e-01 4.737253487110137939e-01
5.059836506843566895e-01 3.907268345355987549e-01
9.807552099227905273e-01 1.291101127862930298e-01
2.252551615238189697e-01 8.931977301836013794e-02
7.528855204582214355e-01 8.061075806617736816e-01
5.747699737548828125e-01 8.184134960174560547e-01
5.625709295272827148e-01 4.391390383243560791e-01
7.372304201126098633e-01 9.716532230377197266e-01
5.316106677055358887e-01 4.930051565170288086e-01
8.457760810852050781e-01 7.453086376190185547e-01
9.441322684288024902e-01 7.273738384246826172e-01
8.260673880577087402e-01 1.195236742496490479e-01
4.863853454589843750e-01 7.236077189445495605e-01
9.343805909156799316e-01 5.092048048973083496e-01
6.289792656898498535e-01 6.976174116134643555e-01
4.650602340698242188e-01 5.834555029869079590e-01
8.064257502555847168e-01 3.228533864021301270e-01
6.803745031356811523e-01 8.065216541290283203e-01
9.219805598258972168e-01 1.450281590223312378e-01
5.261031389236450195e-01 2.769193351268768311e-01
3.080328926444053650e-03 3.950863182544708252e-01
4.956766366958618164e-01 9.896168112754821777e-01
8.673888444900512695e-01 1.901410818099975586e-01
1.918183565139770508e-01 3.295705914497375488e-01
5.706883072853088379e-01 3.599793016910552979e-01
4.655575752258300781e-01 2.964650392532348633e-01
8.565981984138488770e-01 1.311904489994049072e-01
7.045375555753707886e-02 5.809260606765747070e-01
8.132598996162414551e-01 5.065698027610778809e-01
5.442230105400085449e-01 2.289297729730606079e-01
9.053006172180175781e-01 6.029302477836608887e-01
4.749940037727355957e-01 4.582530260086059570e-01
1.132334321737289429e-01 1.682418286800384521e-01
5.623148381710052490e-02 2.076131552457809448e-01
8.337553739547729492e-01 9.863333702087402344e-01
1.331275403499603271e-01 1.020890567451715469e-02
4.416203498840332031e-01 9.913629889488220215e-01
2.766146957874298096e-01 1.337298899888992310e-01
5.115475058555603027e-01 5.311250686645507812e-02
4.153268933296203613e-01 8.897511959075927734e-01
5.111240744590759277e-01 9.870859980583190918e-01
9.129994511604309082e-01 9.020354747772216797e-01
2.234570384025573730e-01 5.503790974617004395e-01
8.705848455429077148e-01 1.063852980732917786e-01
3.252779245376586914e-01 3.235596418380737305e-01
2.199078649282455444e-01 5.347571969032287598e-01
8.849410414695739746e-01 9.910610318183898926e-01
1.793726719915866852e-02 7.654802203178405762e-01
2.860270440578460693e-01 9.232304096221923828e-01
9.835004806518554688e-02 8.896376490592956543e-01
4.483440816402435303e-01 2.749991416931152344e-01
2.622362077236175537e-01 9.984976053237915039e-01
9.835512638092041016e-01 7.014301419258117676e-02
3.059983849525451660e-01 7.724502086639404297e-01
8.017108440399169922e-01 2.982768416404724121e-01
5.347424149513244629e-01 1.827415674924850464e-01
6.339238882064819336e-01 8.269112110137939453e-01
3.884639143943786621e-01 5.687215328216552734e-01
1.292386949062347412e-01 8.400542140007019043e-01
1.625016331672668457e-01 2.404727041721343994e-01
3.909915387630462646e-01 3.982619643211364746e-01
5.704824924468994141e-01 5.062712430953979492e-01
2.015385478734970093e-01 9.384816288948059082e-01
7.863202691078186035e-01 5.624293684959411621e-01
4.314985275268554688e-01 3.920558691024780273e-01
1.910627186298370361e-01 2.536972761154174805e-01
4.839706420898437500e-01 6.524375677108764648e-01
9.920461177825927734e-01 8.993558287620544434e-01
7.179065793752670288e-02 9.799677133560180664e-01
8.972659111022949219e-01 4.610446095466613770e-01
6.302761435508728027e-01 7.117675542831420898e-01
4.720745384693145752e-01 5.544255971908569336e-01
5.556470155715942383e-01 8.245308995246887207e-01
9.434101581573486328e-01 6.697099804878234863e-01
2.983601689338684082e-01 5.175760984420776367e-01
4.698737263679504395e-01 9.797801971435546875e-01
5.202444791793823242e-01 5.265937447547912598e-01
7.482065558433532715e-01 7.322278022766113281e-01
8.827489614486694336e-01 3.854641616344451904e-01
9.401540160179138184e-01 9.972148388624191284e-02
2.355543822050094604e-01 5.783417820930480957e-01
7.355080246925354004e-01 7.001497149467468262e-01
4.237182140350341797e-01 8.633365035057067871e-01
7.872291803359985352e-01 8.840662240982055664e-01
2.671222686767578125e-01 4.262222945690155029e-01
2.596898376941680908e-01 5.997253060340881348e-01
1.108661293983459473e-01 9.507489204406738281e-01
8.943080306053161621e-01 9.699490666389465332e-01
9.224015474319458008e-01 3.582370281219482422e-01
5.857227444648742676e-01 2.319780886173248291e-01
5.689399838447570801e-01 2.760900855064392090e-01
2.606932520866394043e-01 5.678116083145141602e-01
2.405727058649063110e-01 7.682425379753112793e-01
8.206112980842590332e-01 2.738883197307586670e-01
2.490456253290176392e-01 1.376651525497436523e-01
7.767208218574523926e-01 9.729859828948974609e-01
5.554350018501281738e-01 6.597259640693664551e-01
5.021144151687622070e-01 9.538965225219726562e-01
1.749058812856674194e-01 7.080915570259094238e-01
8.889439105987548828e-01 3.792322576045989990e-01
4.122563302516937256e-01 3.744878172874450684e-01
7.008387446403503418e-01 8.216351270675659180e-01
3.543017804622650146e-01 9.042030572891235352e-01
5.800588726997375488e-01 9.852642416954040527e-01
8.039836883544921875e-01 8.237944245338439941e-01
1.115125268697738647e-01 2.479331940412521362e-01
1.055455058813095093e-01 6.985942721366882324e-01
7.005852460861206055e-01 1.725000590085983276e-01
9.565099477767944336e-01 7.786592841148376465e-01
7.678408622741699219e-01 2.875407934188842773e-01
1.448539048433303833e-01 7.454218715429306030e-02
1.210359260439872742e-01 9.822075963020324707e-01
2.193128317594528198e-01 3.563532829284667969e-01
9.318296313285827637e-01 2.994494140148162842e-01
4.691272079944610596e-01 9.560849070549011230e-01
7.899329662322998047e-01 6.644447445869445801e-01
5.602149963378906250e-01 9.165232628583908081e-02
3.684700131416320801e-01 6.222921609878540039e-01
6.167025566101074219e-01 5.924634933471679688e-01
9.516124129295349121e-01 6.057704091072082520e-01
9.947534203529357910e-01 3.569967448711395264e-01
4.950084984302520752e-01 4.642627239227294922e-01
4.943525418639183044e-02 1.613189727067947388e-01
4.403154253959655762e-01 7.217321991920471191e-01
9.870659708976745605e-01 3.192419186234474182e-02
5.379307270050048828e-01 6.107364296913146973e-01
3.345674276351928711e-01 8.165552616119384766e-01
2.280515283346176147e-01 3.422705829143524170e-01
6.865049600601196289e-01 9.320276379585266113e-01
8.939568996429443359e-01 7.202683687210083008e-01
4.915864467620849609e-01 7.137080430984497070e-01
3.080240190029144287e-01 3.803570568561553955e-02
6.888936758041381836e-01 8.823235630989074707e-01
2.964329347014427185e-02 8.591580986976623535e-01
5.913897156715393066e-01 9.971023201942443848e-01
8.730465173721313477e-01 3.399758934974670410e-01
6.445208191871643066e-01 5.773476362228393555e-01
5.194062590599060059e-01 7.697986960411071777e-01
7.860225439071655273e-01 8.442936837673187256e-02
4.510744810104370117e-01 2.790725231170654297e-01
3.844240307807922363e-01 3.617219924926757812e-01
1.650092750787734985e-02 4.351055324077606201e-01
6.684426665306091309e-01 6.066032126545906067e-02
3.759497106075286865e-01 9.052806347608566284e-02
5.530301928520202637e-01 9.261804223060607910e-01
2.388967275619506836e-01 7.917495369911193848e-01
2.358801662921905518e-01 8.199903368949890137e-02
8.594720363616943359e-01 3.513356745243072510e-01
9.403787255287170410e-01 6.416341662406921387e-01
2.285798043012619019e-01 9.619281888008117676e-01
4.604904353618621826e-01 8.462038636207580566e-01
8.031554222106933594e-01 4.166128337383270264e-01
1.064955815672874451e-01 3.487052023410797119e-02
7.511262595653533936e-02 9.453392028808593750e-01
4.894579648971557617e-01 7.326290011405944824e-01
7.789139747619628906e-01 3.637773096561431885e-01
4.425803124904632568e-01 2.286839932203292847e-01
5.079414844512939453e-01 5.375027060508728027e-01
1.689050793647766113e-01 2.709730863571166992e-01
7.515161037445068359e-01 3.809109032154083252e-01
3.466370999813079834e-01 4.836650192737579346e-01
5.138596892356872559e-01 2.426954507827758789e-01
3.657967150211334229e-01 7.663967013359069824e-01
5.876701474189758301e-01 6.302875280380249023e-01
8.773344159126281738e-01 4.361468553543090820e-01
7.016451358795166016e-01 7.146331071853637695e-01
4.376905858516693115e-01 8.953195214271545410e-01
7.658984065055847168e-01 3.433944284915924072e-01
7.709106206893920898e-01 7.874637246131896973e-01
1.256058923900127411e-02 7.806682586669921875e-01
1.148220524191856384e-01 2.070280462503433228e-01
6.017223596572875977e-01 7.887724041938781738e-01
7.412344217300415039e-01 7.573435306549072266e-01
4.812873303890228271e-01 3.600776195526123047e-01
8.614664673805236816e-01 3.303521275520324707e-01
2.691830992698669434e-01 7.302063703536987305e-01
2.561181187629699707e-01 4.626531898975372314e-01
3.683372437953948975e-01 3.546362742781639099e-02
4.692712724208831787e-01 8.791379332542419434e-01
3.124995827674865723e-01 6.436350941658020020e-01
2.168219536542892456e-01 6.296291351318359375e-01
3.161513507366180420e-01 6.135069727897644043e-01
8.391744494438171387e-01 7.151613235473632812e-01
7.191790342330932617e-01 4.050501286983489990e-01
9.412319660186767578e-01 9.303851723670959473e-01
3.041830062866210938e-01 1.859722137451171875e-01
7.875137925148010254e-01 3.233915269374847412e-01
5.655313134193420410e-01 2.106492519378662109e-01
3.896443247795104980e-01 6.590755581855773926e-01
5.009989142417907715e-01 7.383848428726196289e-01
8.921729922294616699e-01 6.347869038581848145e-01
2.059393376111984253e-01 2.930252254009246826e-01
6.034684777259826660e-01 1.453214883804321289e-01
2.821565866470336914e-01 4.205358624458312988e-01
9.021684527397155762e-01 7.817701101303100586e-01
8.366437554359436035e-01 6.460195183753967285e-01
7.526164650917053223e-01 8.999959230422973633e-01
3.532694280147552490e-01 5.642835497856140137e-01
6.853163838386535645e-01 8.093891739845275879e-01
4.816937074065208435e-02 1.581825762987136841e-01
5.162760615348815918e-01 9.684556126594543457e-01
8.291609287261962891e-01 5.365567281842231750e-02
2.155230939388275146e-01 6.852553486824035645e-01
5.820552706718444824e-01 2.367043942213058472e-01
4.989668726921081543e-01 6.175329089164733887e-01
7.708806991577148438e-01 6.834180355072021484e-01
6.111947894096374512e-01 7.639326900243759155e-02
9.954358935356140137e-01 9.039915204048156738e-01
5.966352820396423340e-01 6.280719041824340820e-01
4.312904477119445801e-01 9.617868065834045410e-01
3.733571171760559082e-01 8.238515257835388184e-01
3.186358511447906494e-01 3.805164992809295654e-01
8.555884361267089844e-01 1.659690886735916138e-01
1.561082452535629272e-01 3.203201293945312500e-01
7.960441708564758301e-01 2.988602817058563232e-01
7.910073995590209961e-01 3.144129216670989990e-01
1.967141330242156982e-01 1.083729639649391174e-01
6.889109611511230469e-01 3.419879376888275146e-01
5.741624161601066589e-02 1.963218301534652710e-01
5.289692878723144531e-01 8.473463654518127441e-01
5.536691546440124512e-01 7.258140444755554199e-01
7.772811502218246460e-02 2.059711515903472900e-02
5.430091023445129395e-01 6.927248239517211914e-01
3.026287555694580078e-01 3.392856419086456299e-01
6.149613261222839355e-01 1.487780362367630005e-01
7.291008252650499344e-03 5.212214589118957520e-01
6.674681901931762695e-01 2.688809037208557129e-01
1.263353973627090454e-01 7.081658840179443359e-01
6.166098713874816895e-01 5.131204724311828613e-01
1.152675822377204895e-01 5.811020135879516602e-01
1.554717421531677246e-01 1.293414235115051270e-01
1.251731365919113159e-01 7.084267735481262207e-01
6.789836287498474121e-01 6.441535353660583496e-01
3.430358767509460449e-01 9.848293662071228027e-01
5.823101997375488281e-01 3.877552449703216553e-01
1.075838413089513779e-02 8.821301460266113281e-01
2.906033396720886230e-01 7.526534199714660645e-01
2.409434467554092407e-01 8.287804126739501953e-01
6.466053724288940430e-01 1.857507377862930298e-01
6.679009199142456055e-01 4.923318326473236084e-01
4.798918664455413818e-01 3.977462351322174072e-01
8.670729994773864746e-01 5.428578853607177734e-01
4.720516800880432129e-01 8.122920393943786621e-01
4.007722139358520508e-01 9.901087880134582520e-01
5.641576647758483887e-01 8.149402737617492676e-01
6.644673943519592285e-01 5.300065279006958008e-01
7.632220983505249023e-01 9.181102514266967773e-01
8.217967152595520020e-01 1.220279261469841003e-01
5.950140953063964844e-01 1.911952719092369080e-02
5.902306437492370605e-01 7.167097330093383789e-01
9.275643229484558105e-01 3.904077708721160889e-01
3.181822299957275391e-01 5.521002784371376038e-02
5.053228735923767090e-01 6.544029712677001953e-01
9.127141237258911133e-01 9.161633849143981934e-01
7.133799195289611816e-01 2.809695005416870117e-01
4.049999713897705078e-01 8.642234802246093750e-01
2.015697062015533447e-01 6.689334511756896973e-01
1.525894701480865479e-01 9.657109975814819336e-01
9.190978109836578369e-02 7.478438019752502441e-01
6.814973950386047363e-01 2.610417902469635010e-01
5.136227607727050781e-01 1.496907472610473633e-01
4.506543874740600586e-01 5.384971573948860168e-02
4.903514385223388672e-01 5.727801918983459473e-01
3.021454811096191406e-01 9.282854199409484863e-01
3.732319474220275879e-01 9.558240175247192383e-01
9.614153504371643066e-01 5.508245229721069336e-01
7.973999977111816406e-01 1.501154899597167969e-01
6.302573531866073608e-02 5.303074121475219727e-01
4.483828544616699219e-01 4.954272508621215820e-01
5.598530173301696777e-01 3.645018935203552246e-01
3.459324538707733154e-01 9.955139458179473877e-02
6.661448478698730469e-01 3.405138254165649414e-01
3.306362032890319824e-01 3.688368499279022217e-01
2.653442323207855225e-01 5.989642739295959473e-01
4.912262260913848877e-01 8.992927074432373047e-01
2.476784586906433105e-01 8.882358670234680176e-01
6.261594593524932861e-02 8.248621970415115356e-02
1.896731555461883545e-01 9.519643187522888184e-01
2.809629738330841064e-01 3.344435095787048340e-01
2.974124252796173096e-01 7.034342885017395020e-01
2.936010062694549561e-01 8.129840493202209473e-01
1.937184482812881470e-01 6.811517477035522461e-01
9.450705051422119141e-01 4.672020673751831055e-01
2.434299290180206299e-01 8.168595433235168457e-01
3.383047133684158325e-02 3.155812919139862061e-01
8.295397758483886719e-01 6.687465310096740723e-01
7.374851107597351074e-01 9.639311432838439941e-01
4.881363213062286377e-01 4.767400920391082764e-01
2.759597599506378174e-01 9.588838219642639160e-01
5.800236463546752930e-01 2.767453491687774658e-01
3.180433809757232666e-01 7.574359774589538574e-01
7.598756551742553711e-01 4.192829132080078125e-01
4.224892258644104004e-01 2.096289247274398804e-01
7.727875113487243652e-01 8.801708817481994629e-01
3.798634409904479980e-01 1.616930812597274780e-01
9.713855385780334473e-01 7.205228805541992188e-01
6.883578300476074219e-01 5.307635068893432617e-01
3.609954118728637695e-01 7.797919958829879761e-02
5.087563395500183105e-01 6.895503997802734375e-01
9.402495622634887695e-01 7.396020889282226562e-01
6.585218906402587891e-01 1.363541930913925171e-01
4.248923063278198242e-01 3.698640465736389160e-01
1.801274269819259644e-01 8.274794220924377441e-01
2.795276045799255371e-01 5.765063762664794922e-01
1.457823514938354492e-01 1.878842245787382126e-03
1.039857417345046997e-01 8.518620580434799194e-02
4.229435920715332031e-01 2.513993084430694580e-01
1.279878914356231689e-01 7.508172392845153809e-01
9.928625822067260742e-01 1.466600298881530762e-01
3.049459755420684814e-01 7.601911425590515137e-01
3.456498682498931885e-01 6.439849734306335449e-01
5.105556249618530273e-01 7.129359841346740723e-01
9.379357695579528809e-01 9.473462104797363281e-01
5.799002051353454590e-01 8.039746880531311035e-01
5.630915760993957520e-01 6.584222316741943359e-01
4.423809945583343506e-01 9.074697494506835938e-01
8.196913003921508789e-01 1.930397897958755493e-01
7.599491626024246216e-02 6.461177468299865723e-01
1.935266703367233276e-01 8.746506571769714355e-01
1.589022129774093628e-01 1.313685178756713867e-01
4.821669459342956543e-01 7.714176177978515625e-02
6.194500327110290527e-01 5.903100967407226562e-01
5.742620825767517090e-01 4.142562448978424072e-01
5.998377799987792969e-01 7.193265557289123535e-01
2.353545427322387695e-01 5.332264304161071777e-01
3.304053843021392822e-01 9.662468433380126953e-01
4.295091331005096436e-01 1.908112913370132446e-01
1.055453419685363770e-01 7.550350427627563477e-01
2.194379270076751709e-01 4.631246030330657959e-01
8.716210126876831055e-01 4.160728752613067627e-01
1.666596531867980957e-01 7.039351463317871094e-01
1.580642908811569214e-01 4.960518181324005127e-01
1.947200149297714233e-01 6.020079851150512695e-01
7.580438256263732910e-01 9.808072447776794434e-01
8.094261884689331055e-01 2.400291860103607178e-01
5.245838761329650879e-01 8.408182859420776367e-02
8.845207691192626953e-01 8.977847695350646973e-01
1.820449829101562500e-01 7.488741278648376465e-01
1.157118156552314758e-01 5.296516418457031250e-01
3.357979953289031982e-01 2.331193089485168457e-01
1.084463596343994141e-01 2.216368317604064941e-01
1.881221234798431396e-01 5.938863754272460938e-01
8.960396647453308105e-01 6.091400980949401855e-01
9.180672168731689453e-01 5.106303691864013672e-01
5.118920803070068359e-01 8.598273396492004395e-01
9.435988962650299072e-02 9.435506910085678101e-02
4.891747236251831055e-01 3.046535849571228027e-01
3.032597005367279053e-01 6.449256539344787598e-01
9.846646189689636230e-01 8.907670378684997559e-01
3.637110590934753418e-01 8.994385004043579102e-01
9.228646159172058105e-01 4.034788012504577637e-01
8.508595824241638184e-02 7.842183709144592285e-01
1.147457361221313477e-01 1.229517720639705658e-02
6.958187818527221680e-01 8.383451402187347412e-02
2.246638387441635132e-01 8.767925500869750977e-01
5.026513934135437012e-01 9.203449636697769165e-02
2.685573101043701172e-01 6.377424001693725586e-01
3.039382100105285645e-01 8.890897631645202637e-01
1.669735908508300781e-01 2.588959336280822754e-01
9.203860163688659668e-01 1.218957975506782532e-01
4.660677909851074219e-01 3.804462552070617676e-01
2.101399302482604980e-01 5.490541458129882812e-01
1.510539948940277100e-01 1.031601727008819580e-01
7.085905075073242188e-01 3.024950325489044189e-01
5.006204359233379364e-03 5.883411765098571777e-01
8.782268166542053223e-01 8.216601610183715820e-01
3.858535885810852051e-01 7.805492728948593140e-02
4.551081657409667969e-01 7.573829889297485352e-01
2.201322615146636963e-01 6.235841512680053711e-01
8.396018743515014648e-01 1.545313629321753979e-03
4.919587969779968262e-01 3.441428020596504211e-02
5.455748438835144043e-01 3.383664488792419434e-01
8.371853232383728027e-01 6.364232897758483887e-01
6.871526241302490234e-01 9.937459975481033325e-02
6.711516976356506348e-01 7.228053808212280273e-01
8.577893972396850586e-01 1.102987751364707947e-01
5.245518684387207031e-01 1.014309842139482498e-02
5.062440037727355957e-01 2.240350097417831421e-02
1.739619523286819458e-01 7.491169124841690063e-02
6.620460748672485352e-01 6.453155875205993652e-01
7.382636070251464844e-01 2.015368938446044922e-01
8.637858033180236816e-01 1.516824821010231972e-03
3.416066169738769531e-01 3.915918469429016113e-01
1.757694333791732788e-01 5.594164133071899414e-01
7.558550238609313965e-01 5.161094665527343750e-01
6.808698773384094238e-01 7.859882116317749023e-01
8.265446424484252930e-01 5.040857791900634766e-01
5.357116460800170898e-01 6.767609119415283203e-01
4.927386343479156494e-01 6.828281283378601074e-01
6.396895051002502441e-01 4.553714990615844727e-01
7.991461157798767090e-01 3.943789005279541016e-01
7.795262336730957031e-01 7.376511096954345703e-01
6.340418010950088501e-02 2.240416556596755981e-01
9.563608169555664062e-01 5.060510635375976562e-01
1.680106520652770996e-01 5.856207609176635742e-01
1.944609433412551880e-01 7.153946757316589355e-01
3.887691795825958252e-01 8.466762304306030273e-01
3.897077739238739014e-01 8.016330003738403320e-01
6.534492373466491699e-01 5.455594062805175781e-01
2.187600880861282349e-01 7.960514426231384277e-01
8.231628537178039551e-01 3.065746426582336426e-01
3.122652471065521240e-01 8.389226198196411133e-01
5.544012784957885742e-01 5.407180637121200562e-02
9.957075119018554688e-01 7.477748394012451172e-01
8.996813893318176270e-01 8.967850804328918457e-01
8.394973278045654297e-01 8.763570338487625122e-02
6.980744600296020508e-01 2.871259748935699463e-01
7.740014791488647461e-01 6.931369900703430176e-01
6.703212261199951172e-01 2.882656753063201904e-01
6.015035510063171387e-01 5.444152951240539551e-01
3.349255621433258057e-01 7.961140275001525879e-01
9.109794497489929199e-01 8.748286366462707520e-01
4.514044821262359619e-01 9.820365905761718750e-01
8.718040585517883301e-01 6.537925601005554199e-01
9.977026581764221191e-01 6.230098605155944824e-01
5.689987540245056152e-01 4.236884117126464844e-01
4.562458992004394531e-01 2.419484592974185944e-02
9.697204828262329102e-02 2.118890434503555298e-01
4.926849603652954102e-01 2.794190645217895508e-01
1.899885535240173340e-01 6.308191418647766113e-01
4.695567190647125244e-01 9.056276679039001465e-01
9.939619153738021851e-02 7.866281867027282715e-01
1.458963602781295776e-01 2.892104983329772949e-01
5.619994178414344788e-02 2.032687701284885406e-02
7.883630990982055664e-01 4.089844226837158203e-01
2.846095561981201172e-01 8.526025414466857910e-01
4.750509560108184814e-01 2.867743074893951416e-01
4.187707901000976562e-01 8.824999928474426270e-01
6.139206886291503906e-01 2.127502709627151489e-01
5.513520240783691406e-01 7.096461057662963867e-01
3.800230920314788818e-01 5.772469043731689453e-01
9.922168254852294922e-01 7.460011839866638184e-01
3.061813712120056152e-01 3.761535882949829102e-01
9.455538392066955566e-01 2.790661454200744629e-01
3.063688278198242188e-01 8.428502082824707031e-01
4.723334014415740967e-01 8.963002562522888184e-01
3.349303007125854492e-01 6.086869910359382629e-02
3.517359197139739990e-01 5.721102356910705566e-01
6.587396860122680664e-01 4.693341255187988281e-01
8.953212499618530273e-01 4.125971198081970215e-01
6.588463783264160156e-01 8.515827059745788574e-01
3.830006718635559082e-01 8.679459095001220703e-01
3.711024820804595947e-01 8.828806877136230469e-01
4.047828316688537598e-01 5.414156913757324219e-01
6.805216073989868164e-01 4.740684628486633301e-01
2.165250778198242188e-01 4.870267510414123535e-01
5.327886939048767090e-01 6.256770491600036621e-01
8.655712008476257324e-01 4.311384558677673340e-01
3.618963658809661865e-01 7.347467541694641113e-02
9.450999498367309570e-01 3.748601973056793213e-01
4.835426807403564453e-01 9.419940114021301270e-01
5.657259747385978699e-02 1.603666245937347412e-01
7.355360984802246094e-01 8.749256730079650879e-01
1.961522847414016724e-01 2.877867519855499268e-01
6.365396380424499512e-01 3.585574626922607422e-01
1.320534348487854004e-01 6.021149754524230957e-01
3.615997135639190674e-01 8.623719811439514160e-01
6.109061241149902344e-01 4.984575808048248291e-01
4.840285181999206543e-01 7.324221134185791016e-01
5.723128318786621094e-01 1.672016084194183350e-01
4.669088721275329590e-01 2.612393796443939209e-01
1.968567669391632080e-01 8.493692874908447266e-01
9.415586590766906738e-01 5.705514550209045410e-01
4.803265333175659180e-01 5.302030444145202637e-01
7.726207375526428223e-01 9.466807246208190918e-01
3.361949026584625244e-01 7.741454839706420898e-01
7.602780461311340332e-01 7.189216613769531250e-01
9.834725856781005859e-01 4.349797368049621582e-01
4.835126996040344238e-01 2.099541425704956055e-01
4.235967993736267090e-02 5.883345007896423340e-01
5.884099602699279785e-01 7.645363807678222656e-01
2.043773084878921509e-01 1.372516751289367676e-01
9.516259431838989258e-01 1.035027280449867249e-01
7.982181906700134277e-01 3.352520465850830078e-01
4.733512178063392639e-02 7.206777334213256836e-01
1.905865520238876343e-01 8.498769402503967285e-01
3.481956124305725098e-01 5.180978178977966309e-01
4.319352805614471436e-01 6.443051695823669434e-01
9.801979660987854004e-01 5.738956928253173828e-01
9.080141782760620117e-01 6.598540544509887695e-01
1.009065359830856323e-01 5.601444244384765625e-01
1.993097811937332153e-01 6.092823743820190430e-01
6.526353210210800171e-02 1.426161229610443115e-01
1.148118600249290466e-01 7.442532479763031006e-02
8.494749665260314941e-01 5.461762547492980957e-01
6.752663850784301758e-01 6.078422069549560547e-01
3.940146267414093018e-01 2.420325130224227905e-01
9.695407152175903320e-01 1.083079129457473755e-01
8.632222414016723633e-01 6.357891559600830078e-01
8.161781430244445801e-01 6.028987094759941101e-02
7.914039492607116699e-01 4.539561271667480469e-01
4.313341379165649414e-01 3.915129303932189941e-01
8.695555925369262695e-01 9.116721749305725098e-01
6.918737292289733887e-01 7.852989435195922852e-01
1.351080536842346191e-01 3.460315987467765808e-02
1.724736541509628296e-01 3.544164299964904785e-01
8.575329780578613281e-01 8.713253140449523926e-01
7.530576586723327637e-01 6.932789087295532227e-01
8.125193715095520020e-01 8.143563270568847656e-01
7.174246907234191895e-01 6.745809912681579590e-01
6.914793252944946289e-01 7.854602932929992676e-01
9.613075256347656250e-01 1.585208028554916382e-01
8.599197268486022949e-01 6.451116204261779785e-01
3.901944160461425781e-01 8.993075489997863770e-01
8.177083134651184082e-01 8.004140257835388184e-01
6.017218157649040222e-02 9.100226312875747681e-02
9.062212705612182617e-01 9.770545363426208496e-01
3.917375952005386353e-02 4.987800717353820801e-01
4.735063314437866211e-01 3.530893325805664062e-01
1.445710808038711548e-01 9.250731766223907471e-02
5.755114555358886719e-01 2.288369089365005493e-01
5.160652995109558105e-01 1.677522063255310059e-01
6.246523261070251465e-01 8.695823550224304199e-01
6.025289893150329590e-01 1.992493271827697754e-01
8.782096505165100098e-01 4.066453278064727783e-01
4.597283899784088135e-01 5.652263164520263672e-01
3.426737487316131592e-01 1.506387740373611450e-01
5.674031972885131836e-01 3.485664725303649902e-01
8.387531042098999023e-01 5.873246788978576660e-01
7.367500662803649902e-01 6.433392763137817383e-01
7.107353210449218750e-01 2.906963042914867401e-02
4.252987802028656006e-01 8.974728584289550781e-01
2.096299976110458374e-01 3.096930980682373047e-01
1.222229152917861938e-01 5.632659196853637695e-01
7.234905362129211426e-01 8.341493606567382812e-01
5.811483412981033325e-02 9.250497221946716309e-01
1.101603806018829346e-01 2.133839204907417297e-02
3.480461835861206055e-01 4.823182523250579834e-02
6.143123507499694824e-01 2.345549464225769043e-01
1.416915655136108398e-01 6.380575150251388550e-02
4.914703071117401123e-01 8.043575882911682129e-01
2.999055981636047363e-01 8.044587373733520508e-01
1.962545514106750488e-01 6.863467097282409668e-01
2.027239352464675903e-01 7.089396715164184570e-01
4.066604971885681152e-01 7.867724895477294922e-01
6.418591141700744629e-01 5.206385254859924316e-01
6.445961594581604004e-01 8.578556776046752930e-01
3.311917781829833984e-01 6.935797333717346191e-01
3.534162938594818115e-01 2.209518700838088989e-01
5.825539231300354004e-01 8.071775436401367188e-01
9.606832265853881836e-01 9.220108985900878906e-01
9.228601455688476562e-01 9.157534837722778320e-01
6.146481633186340332e-01 4.293652176856994629e-01
2.147896885871887207e-01 1.545835752040147781e-02
1.836503595113754272e-01 6.098948717117309570e-01
9.921406507492065430e-01 7.452864050865173340e-01
9.513544440269470215e-01 8.996140360832214355e-01
3.508541584014892578e-01 6.314752101898193359e-01
9.310652613639831543e-01 4.408755600452423096e-01
4.918810725212097168e-01 6.176988482475280762e-01
1.468305438756942749e-01 2.822351455688476562e-01
1.853485256433486938e-01 8.593110442161560059e-01
2.783142626285552979e-01 5.645267367362976074e-01
9.391585588455200195e-01 2.994746565818786621e-01
6.180925965309143066e-01 2.439342588186264038e-01
2.738535106182098389e-01 8.109254837036132812e-01
2.472179681062698364e-01 1.238673701882362366e-01
1.995619386434555054e-01 7.597187161445617676e-01
8.400928974151611328e-01 4.582779109477996826e-01
2.193749994039535522e-01 3.276650309562683105e-01
9.325395226478576660e-01 2.304680272936820984e-02
1.626541614532470703e-01 8.731052279472351074e-01
5.193012952804565430e-01 4.926519691944122314e-01
1.184064447879791260e-01 6.997276842594146729e-02
1.763187348842620850e-01 5.305170416831970215e-01
5.712623596191406250e-01 8.924489617347717285e-01
2.116108387708663940e-01 5.019814968109130859e-01
1.825870387256145477e-02 6.466545462608337402e-01
3.599180281162261963e-01 6.320775747299194336e-01
7.330518960952758789e-01 9.511703252792358398e-01
6.026718020439147949e-01 3.843300640583038330e-01
4.449069201946258545e-01 4.179874956607818604e-01
2.724179327487945557e-01 2.752642035484313965e-01
5.835417509078979492e-01 7.413838505744934082e-01
3.557797372341156006e-01 1.801025271415710449e-01
5.757226049900054932e-02 6.383329033851623535e-01
1.905568689107894897e-01 8.032587766647338867e-01
5.370204448699951172e-01 3.057777322828769684e-02
1.287496834993362427e-02 9.618667960166931152e-01
6.844446063041687012e-01 7.717534899711608887e-01
4.179181456565856934e-01 4.407748281955718994e-01
5.141322016716003418e-01 4.228015244007110596e-01
9.012464284896850586e-01 1.172742322087287903e-01
9.706245064735412598e-01 8.284016251564025879e-01
3.993898034095764160e-01 1.303280889987945557e-01
2.678974568843841553e-01 8.869445323944091797e-01
8.784059882164001465e-01 5.436644554138183594e-01
3.284922838211059570e-01 3.855350911617279053e-01
8.895825594663619995e-02 6.113581061363220215e-01
8.322662711143493652e-01 7.432972192764282227e-01
6.186897754669189453e-01 2.368408143520355225e-01
4.781104326248168945e-01 8.866803646087646484e-01
6.852136850357055664e-01 9.191324710845947266e-01
5.134293437004089355e-01 2.295525670051574707e-01
3.755752369761466980e-02 6.756675839424133301e-01
4.674959480762481689e-01 5.147604942321777344e-01
2.285878956317901611e-01 5.985618233680725098e-01
1.197324842214584351e-01 1.752595901489257812e-01
5.202205181121826172e-01 2.491458803415298462e-01
7.530997395515441895e-01 2.489381432533264160e-01
3.880450129508972168e-01 4.090661704540252686e-01
6.948966383934020996e-01 5.221045613288879395e-01
4.557238817214965820e-01 6.372181177139282227e-01
5.111356973648071289e-01 7.114215940237045288e-02
3.128499686717987061e-01 2.893585264682769775e-01
5.962639451026916504e-01 7.476926445960998535e-01
7.288205623626708984e-01 7.847058176994323730e-01
1.798378229141235352e-01 3.811141550540924072e-01
7.271420955657958984e-01 9.854775667190551758e-01
4.736631512641906738e-01 4.402830600738525391e-01
4.377357363700866699e-01 6.141909956932067871e-01
8.504469990730285645e-01 6.909311413764953613e-01
1.579850763082504272e-01 1.143564358353614807e-01
8.452339097857475281e-03 2.806905508041381836e-01
