2.786432802677154541e-01 9.322218894958496094e-01
4.693125188350677490e-01 2.753122746944427490e-01
4.562093317508697510e-01 7.755259424448013306e-02
2.990619838237762451e-01 5.190923437476158142e-02
1.870084553956985474e-01 2.844077721238136292e-02
6.815692782402038574e-01 8.733972907066345215e-01
9.740691184997558594e-01 8.548588752746582031e-01
7.630715370178222656e-01 8.075864911079406738e-01
6.573554873466491699e-01 1.427186727523803711e-01
5.251757502555847168e-01 6.535778641700744629e-01
4.141151607036590576e-01 7.469116449356079102e-01
8.779510259628295898e-01 2.809783518314361572e-01
3.248707354068756104e-01 9.654891490936279297e-01
9.931763410568237305e-01 3.156791627407073975e-01
4.858775734901428223e-01 2.876859009265899658e-01
6.753730177879333496e-01 7.640231847763061523e-01
1.506082266569137573e-01 3.548474283888936043e-03
2.342156171798706055e-01 6.896744966506958008e-01
1.968225240707397461e-01 6.192317008972167969e-01
2.644706368446350098e-01 8.759485185146331787e-02
2.970264256000518799e-01 9.927639365196228027e-01
5.035048127174377441e-01 5.014877319335937500e-01
3.736141622066497803e-01 6.173743009567260742e-01
6.468989253044128418e-01 9.339252486824989319e-03
8.346377611160278320e-01 8.317853212356567383e-01
2.499907314777374268e-01 6.351570487022399902e-01
2.158980965614318848e-01 8.677777647972106934e-01
3.022876381874084473e-01 3.730883896350860596e-01
3.765791654586791992e-01 6.571455597877502441e-01
6.877810359001159668e-01 1.881578750908374786e-02
5.098677873611450195e-01 1.022510230541229248e-02
9.428790807723999023e-01 7.967169880867004395e-01
3.689624369144439697e-01 7.447491884231567383e-01
9.388031959533691406e-01 8.128034472465515137e-01
8.487342000007629395e-01 7.907875180244445801e-01
1.123710870742797852e-01 2.953614667057991028e-02
7.394613623619079590e-01 2.423846572637557983e-01
2.475553750991821289e-01 4.348975718021392822e-01
7.352583408355712891e-01 8.901244401931762695e-02
2.704051136970520020e-01 8.414574861526489258e-01
6.171743869781494141e-01 3.380910158157348633e-01
2.339885681867599487e-01 5.026251077651977539e-03
7.325133681297302246e-01 7.830231189727783203e-01
4.150230437517166138e-03 6.347327232360839844e-01
8.812036514282226562e-01 2.150688171386718750e-01
1.047507300972938538e-01 6.934102773666381836e-01
8.864771723747253418e-01 6.619129776954650879e-01
9.635022282600402832e-01 3.816285133361816406e-01
9.565774798393249512e-01 8.334873318672180176e-01
5.680826306343078613e-01 8.422533273696899414e-01
5.748385787010192871e-01 2.666293270885944366e-02
1.687021851539611816e-01 4.362485706806182861e-01
1.823941618204116821e-02 6.411798000335693359e-01
2.804282903671264648e-01 9.914533495903015137e-01
5.878262519836425781e-01 9.532865285873413086e-01
7.595627307891845703e-01 6.559363603591918945e-01
4.340204298496246338e-01 7.506112754344940186e-02
3.638334870338439941e-01 2.024641931056976318e-01
6.877301335334777832e-01 2.721121907234191895e-01
5.982663631439208984e-01 4.381381869316101074e-01
1.770441532135009766e-01 2.027773708105087280e-01
6.558777689933776855e-01 6.862856745719909668e-01
4.779595136642456055e-02 1.406951546669006348e-01
6.983663439750671387e-01 1.069601178169250488e-01
3.596397638320922852e-01 9.113839268684387207e-01
1.145806759595870972e-01 8.697792291641235352e-01
3.978930413722991943e-01 7.633723020553588867e-01
4.012865200638771057e-02 6.203614175319671631e-02
2.142321169376373291e-01 8.348369598388671875e-01
9.761644601821899414e-01 7.195248603820800781e-01
1.178066432476043701e-02 9.610536694526672363e-01
2.195679247379302979e-01 8.104071021080017090e-01
8.017213344573974609e-01 9.037939906120300293e-01
6.322412490844726562e-01 2.351660281419754028e-01
8.927557468414306641e-01 7.159174084663391113e-01
6.375605463981628418e-01 1.462047696113586426e-01
1.576821506023406982e-01 5.240162611007690430e-01
4.135388135910034180e-01 6.280603408813476562e-01
9.685487747192382812e-01 8.046746850013732910e-01
1.946487426757812500e-01 6.879010796546936035e-02
2.619954645633697510e-01 2.184185683727264404e-01
8.151429891586303711e-02 7.829255461692810059e-01
3.397004306316375732e-01 9.936824440956115723e-01
7.785184979438781738e-01 2.676000595092773438e-01
2.495732158422470093e-01 5.989884734153747559e-01
8.897942900657653809e-01 5.904664397239685059e-01
2.240768224000930786e-01 3.565104305744171143e-01
1.168066933751106262e-01 7.135353088378906250e-01
6.169760227203369141e-01 7.346337437629699707e-01
4.535464346408843994e-01 5.910052061080932617e-01
3.304643332958221436e-01 3.768937289714813232e-01
8.784611225128173828e-01 7.371270060539245605e-01
4.097417891025543213e-01 1.876268386840820312e-01
9.421217441558837891e-01 2.207499444484710693e-01
9.587464332580566406e-01 6.690765619277954102e-01
3.065396845340728760e-01 7.466924786567687988e-01
1.269319802522659302e-01 3.681510686874389648e-01
1.461493372917175293e-01 1.329514011740684509e-02
2.925128340721130371e-01 6.922709941864013672e-01
3.265192508697509766e-01 3.800247013568878174e-01
3.331111073493957520e-01 2.095295488834381104e-01
2.556781172752380371e-01 2.678982317447662354e-01
7.529872655868530273e-01 2.816423475742340088e-01
5.333430171012878418e-01 8.272087574005126953e-02
3.582265675067901611e-01 8.940163850784301758e-01
8.216609954833984375e-01 6.548578739166259766e-01
5.618507266044616699e-01 8.080428242683410645e-01
8.722944855690002441e-01 6.278940439224243164e-01
4.099934995174407959e-01 9.739214777946472168e-01
7.345387339591979980e-01 9.841504096984863281e-01
5.309966206550598145e-01 8.605993390083312988e-01
9.445373713970184326e-02 4.055335000157356262e-02
1.082317382097244263e-01 8.144856691360473633e-01
2.361423671245574951e-01 7.730590701103210449e-01
3.644574061036109924e-02 8.375753164291381836e-01
7.451571822166442871e-01 2.298084646463394165e-01
1.556510627269744873e-01 6.849556565284729004e-01
8.903540372848510742e-01 4.848213195800781250e-01
8.970077633857727051e-01 3.221702575683593750e-01
2.748156189918518066e-01 1.649373024702072144e-02
8.007610440254211426e-01 2.684082090854644775e-01
7.091625332832336426e-01 1.548891067504882812e-01
2.133013457059860229e-01 6.453711986541748047e-01
6.685591340065002441e-01 7.378244400024414062e-01
7.899389863014221191e-01 4.806923866271972656e-01
9.508129358291625977e-01 5.541276335716247559e-01
2.993973493576049805e-01 3.586464747786521912e-02
2.915931940078735352e-01 6.399558782577514648e-01
6.843943148851394653e-02 3.844309449195861816e-01
8.692356348037719727e-01 3.331947326660156250e-01
3.133682608604431152e-01 8.311558514833450317e-02
1.951608061790466309e-01 1.432570219039916992e-01
5.280960202217102051e-01 6.837980151176452637e-01
6.703273206949234009e-02 6.975922584533691406e-01
5.105702579021453857e-02 4.632730484008789062e-01
8.339907974004745483e-03 5.772842764854431152e-01
4.172632396221160889e-01 8.902363777160644531e-01
6.987966299057006836e-01 3.220676481723785400e-01
3.888606429100036621e-01 9.388524293899536133e-01
7.457215338945388794e-02 5.611253976821899414e-01
2.782176136970520020e-01 9.329913258552551270e-01
8.726593255996704102e-01 9.080138802528381348e-01
6.864057183265686035e-01 2.163695991039276123e-01
3.952749371528625488e-01 3.746374547481536865e-01
3.242954611778259277e-01 3.900794684886932373e-01
7.972559332847595215e-01 9.120274782180786133e-01
4.288103282451629639e-01 7.500847578048706055e-01
4.830404818058013916e-01 6.462234258651733398e-01
2.995660006999969482e-01 3.235043585300445557e-01
7.036147266626358032e-02 5.707374960184097290e-02
6.729716658592224121e-01 3.240551054477691650e-02
1.517057418823242188e-01 5.665596127510070801e-01
2.694626152515411377e-01 9.351913928985595703e-01
2.051353454589843750e-01 5.425809882581233978e-03
6.330595612525939941e-01 8.582821488380432129e-01
9.889760017395019531e-01 6.466270685195922852e-01
9.252265095710754395e-01 8.016694784164428711e-01
1.212289556860923767e-01 1.211353242397308350e-01
2.145515978336334229e-01 1.631108373403549194e-01
3.268769010901451111e-02 9.957332611083984375e-01
7.605375647544860840e-01 1.390319764614105225e-01
1.685544401407241821e-01 6.375524997711181641e-01
8.607883453369140625e-01 2.239834815263748169e-01
1.916485875844955444e-01 7.615879923105239868e-02
1.427421271800994873e-01 8.157997727394104004e-01
5.508269667625427246e-01 7.548438310623168945e-01
2.224732786417007446e-01 6.740031838417053223e-01
7.926256060600280762e-01 7.015321850776672363e-01
1.881542503833770752e-01 5.764621496200561523e-01
1.352779567241668701e-01 5.486086606979370117e-01
7.484415173530578613e-01 9.156696498394012451e-02
7.335833311080932617e-01 7.805587053298950195e-01
8.866590261459350586e-01 7.399125099182128906e-01
2.777644060552120209e-02 6.931719183921813965e-01
4.916965365409851074e-01 8.524965047836303711e-01
2.162243425846099854e-01 6.584463119506835938e-01
2.839464843273162842e-01 9.125726819038391113e-01
2.995667159557342529e-01 7.255012989044189453e-01
6.320667862892150879e-01 6.748182177543640137e-01
1.184746772050857544e-01 6.688509136438369751e-02
5.749807953834533691e-01 6.949138641357421875e-01
2.152570039033889771e-01 4.424499273300170898e-01
1.309067159891128540e-01 4.934733510017395020e-01
1.563667654991149902e-01 5.817393064498901367e-01
4.765349030494689941e-01 5.114476680755615234e-01
3.411994874477386475e-01 3.188132122159004211e-02
3.742337226867675781e-01 3.654096424579620361e-01
2.773156762123107910e-01 9.528266191482543945e-01
4.295897185802459717e-01 7.670505046844482422e-01
7.509384751319885254e-01 5.118438601493835449e-01
2.078509330749511719e-01 4.322416484355926514e-01
2.688601315021514893e-01 6.879591345787048340e-01
6.300643086433410645e-01 9.588420391082763672e-01
1.759283691644668579e-01 7.976242899894714355e-02
4.444785714149475098e-01 5.501678586006164551e-01
3.576129674911499023e-01 9.223427772521972656e-01
1.611211895942687988e-01 5.987565219402313232e-02
7.580695748329162598e-01 5.199034214019775391e-01
2.700505852699279785e-01 6.074524521827697754e-01
7.137395739555358887e-01 5.646061897277832031e-01
5.481929183006286621e-01 8.195129036903381348e-01
1.866541057825088501e-01 8.354827761650085449e-01
3.566905856132507324e-01 5.890963077545166016e-01
4.460480511188507080e-01 1.432164460420608521e-01
9.623789191246032715e-01 7.940758019685745239e-02
5.341455340385437012e-01 1.248826459050178528e-01
1.108445450663566589e-01 2.511095106601715088e-01
1.631442308425903320e-01 7.519693374633789062e-01
3.431413769721984863e-01 6.296564936637878418e-01
2.845755219459533691e-01 8.660714030265808105e-01
7.201985716819763184e-01 6.851732134819030762e-01
6.825749278068542480e-01 9.351509809494018555e-01
1.345424563623964787e-03 3.475648760795593262e-01
6.854123473167419434e-01 5.497695878148078918e-02
2.047483921051025391e-01 9.778006672859191895e-01
3.832631558179855347e-02 4.243648946285247803e-01
2.558862566947937012e-01 4.704384803771972656e-01
1.012409403920173645e-01 1.341897100210189819e-01
4.235921204090118408e-01 8.381757140159606934e-01
7.856364250183105469e-01 5.660222172737121582e-01
3.780837059020996094e-01 9.345240592956542969e-01
2.745052278041839600e-01 9.404085278511047363e-01
7.760754823684692383e-01 8.669606596231460571e-02
4.002735614776611328e-01 6.319409012794494629e-01
9.128120541572570801e-01 8.195704817771911621e-01
1.926341950893402100e-01 2.318312786519527435e-02
3.077061288058757782e-02 9.121583104133605957e-01
1.404084861278533936e-01 7.303395271301269531e-01
3.899090588092803955e-01 9.860469102859497070e-01
1.140945181250572205e-01 6.042954325675964355e-01
7.005012780427932739e-02 6.436440348625183105e-01
5.269505977630615234e-01 9.827241301536560059e-01
6.889687776565551758e-01 5.296894907951354980e-01
5.885548889636993408e-02 8.386815190315246582e-01
8.056258559226989746e-01 6.352237462997436523e-01
3.178087174892425537e-01 9.262101650238037109e-01
9.555369615554809570e-01 9.830655455589294434e-01
4.954250454902648926e-01 1.618272438645362854e-02
3.073325157165527344e-01 7.728150486946105957e-01
1.622499823570251465e-01 9.454621076583862305e-01
4.357673972845077515e-02 8.492600321769714355e-01
5.297767519950866699e-01 9.413883686065673828e-01
2.152635753154754639e-01 4.998088777065277100e-01
6.915384531021118164e-01 4.246129393577575684e-01
4.695068597793579102e-01 6.188171505928039551e-01
7.749931216239929199e-01 4.707616269588470459e-01
1.838614493608474731e-01 4.337124228477478027e-01
7.950333505868911743e-02 2.193304598331451416e-01
4.480392634868621826e-01 4.063680469989776611e-01
6.288151144981384277e-01 6.387463808059692383e-01
7.729232311248779297e-01 6.119824647903442383e-01
4.210558533668518066e-01 3.511585295200347900e-01
9.349601864814758301e-01 5.921725034713745117e-01
5.161932110786437988e-01 7.862690687179565430e-01
6.229528188705444336e-01 1.178018189966678619e-02
7.419076561927795410e-01 8.142952322959899902e-01
7.563301920890808105e-02 4.976174831390380859e-01
2.453009784221649170e-01 9.989621043205261230e-01
2.809127569198608398e-01 4.989612400531768799e-01
6.782500743865966797e-01 2.333942987024784088e-02
6.832039952278137207e-01 4.171851575374603271e-01
2.383145391941070557e-01 2.964319288730621338e-01
1.962227374315261841e-01 7.658340781927108765e-02
1.176359504461288452e-01 2.807739078998565674e-01
4.394197165966033936e-01 4.762807190418243408e-01
5.679508447647094727e-01 6.071656346321105957e-01
3.182267248630523682e-01 2.933503389358520508e-01
4.887221753597259521e-01 7.858031392097473145e-01
1.289265751838684082e-01 9.296328425407409668e-01
3.217712044715881348e-03 7.064645886421203613e-01
3.365240246057510376e-02 6.497675776481628418e-01
8.484488725662231445e-02 8.441860675811767578e-01
2.869486212730407715e-01 8.808664083480834961e-01
1.051813885569572449e-01 1.798283159732818604e-01
6.907119750976562500e-01 7.467201352119445801e-01
1.182102784514427185e-01 7.449281811714172363e-01
3.623439073562622070e-01 7.450491189956665039e-01
4.440270066261291504e-01 8.490297794342041016e-01
2.359423786401748657e-01 1.955135464668273926e-01
8.633803129196166992e-01 2.795076370239257812e-01
4.629570618271827698e-02 8.229292035102844238e-01
7.252284884452819824e-01 9.944010376930236816e-01
1.123814564198255539e-02 2.938758730888366699e-01
8.520519733428955078e-01 4.371275305747985840e-01
1.722222268581390381e-01 1.408631652593612671e-01
1.067909970879554749e-01 6.609333753585815430e-01
8.225368261337280273e-01 1.779863960109651089e-03
6.996988654136657715e-01 8.780918717384338379e-01
3.284034132957458496e-02 2.249997258186340332e-01
3.521000444889068604e-01 8.747415542602539062e-01
9.704532027244567871e-01 7.665684223175048828e-01
9.278383255004882812e-01 5.912281274795532227e-01
1.389016746543347836e-03 7.675154209136962891e-01
2.093724161386489868e-01 6.532379388809204102e-01
2.903228998184204102e-01 1.763434857130050659e-01
7.638520598411560059e-01 1.805548220872879028e-01
1.617132425308227539e-01 5.973384976387023926e-01
2.974364161491394043e-01 6.268655061721801758e-01
3.588616251945495605e-01 8.755551576614379883e-01
3.017682135105133057e-01 2.103284699842333794e-03
2.416914999485015869e-01 6.337272524833679199e-01
2.514959573745727539e-01 5.137505531311035156e-01
8.206046819686889648e-01 7.208342552185058594e-01
1.784196645021438599e-01 3.992697298526763916e-01
2.598865330219268799e-01 4.967571794986724854e-02
6.447967290878295898e-01 8.047735095024108887e-01
4.982203841209411621e-01 7.603404521942138672e-01
2.247162163257598877e-02 4.113993942737579346e-01
8.455037474632263184e-01 5.562453866004943848e-01
3.334304690361022949e-01 5.364322662353515625e-01
3.487683236598968506e-01 4.101869463920593262e-01
3.051587939262390137e-01 7.360574007034301758e-01
4.264586865901947021e-01 5.690015852451324463e-02
2.238755524158477783e-01 9.886355996131896973e-01
8.708255887031555176e-01 6.525334715843200684e-01
3.278647661209106445e-01 6.147961616516113281e-01
5.307496786117553711e-01 3.147422969341278076e-01
3.649295270442962646e-01 7.837826013565063477e-01
7.831630110740661621e-01 5.459183454513549805e-01
2.136908471584320068e-01 2.389945387840270996e-01
1.687611192464828491e-01 6.528318524360656738e-01
1.828545480966567993e-01 7.291566133499145508e-01
1.635212600231170654e-01 9.497566819190979004e-01
7.920493483543395996e-01 5.959559679031372070e-01
6.001567244529724121e-01 2.321336716413497925e-01
6.986551284790039062e-01 1.676329672336578369e-01
1.525280326604843140e-01 7.633702456951141357e-02
4.465097188949584961e-01 9.230177402496337891e-01
1.679885685443878174e-01 5.959507226943969727e-01
2.547618448734283447e-01 2.970483005046844482e-01
7.398691177368164062e-01 3.410020768642425537e-01
9.628790616989135742e-01 8.494828343391418457e-01
6.597593426704406738e-01 2.190524339675903320e-01
7.869306802749633789e-01 2.266557812690734863e-01
6.766626238822937012e-01 9.200512170791625977e-01
3.730950504541397095e-02 7.844204306602478027e-01
7.662533521652221680e-01 9.117684364318847656e-01
6.571998596191406250e-01 1.468370109796524048e-01
8.001525402069091797e-01 7.580001950263977051e-01
5.987830162048339844e-01 3.518990278244018555e-01
7.464093565940856934e-01 2.826640605926513672e-01
3.322308659553527832e-01 2.698089480400085449e-01
7.040656208992004395e-01 6.308156996965408325e-02
1.597897261381149292e-01 9.235181212425231934e-01
7.543142437934875488e-01 1.187712252140045166e-01
3.454718887805938721e-01 9.823899865150451660e-01
6.412102580070495605e-01 3.144515752792358398e-01
7.776968926191329956e-02 3.767431676387786865e-01
5.065495371818542480e-01 3.530887365341186523e-01
6.456671953201293945e-01 3.400301635265350342e-01
7.229516506195068359e-01 8.464317321777343750e-01
3.349850475788116455e-01 4.294196367263793945e-01
8.939867019653320312e-01 7.548522949218750000e-01
9.158446788787841797e-01 7.790581583976745605e-01
3.457265719771385193e-02 5.603178739547729492e-01
1.465098410844802856e-01 5.047765374183654785e-01
6.822284311056137085e-02 1.744475588202476501e-02
2.465394437313079834e-01 3.058163821697235107e-01
5.547366142272949219e-01 2.322766333818435669e-01
1.408236287534236908e-02 1.015003994107246399e-01
6.082234382629394531e-01 7.987343668937683105e-01
6.989111900329589844e-01 5.335106253623962402e-01
6.304017305374145508e-01 7.141034603118896484e-01
4.066412150859832764e-01 8.056780099868774414e-01
7.048242688179016113e-01 8.635596036911010742e-01
8.786125183105468750e-01 9.453341364860534668e-01
3.644635081291198730e-01 7.181044816970825195e-01
3.909775912761688232e-01 4.245172813534736633e-02
3.327401876449584961e-01 7.681953907012939453e-01
1.783621013164520264e-01 7.698694467544555664e-01
8.338918685913085938e-01 9.063393473625183105e-01
8.408050537109375000e-01 6.234123110771179199e-01
3.567244410514831543e-01 2.719583511352539062e-01
1.764776706695556641e-01 5.971660017967224121e-01
9.170215725898742676e-01 8.275020122528076172e-01
2.297497540712356567e-01 1.627513580024242401e-02
5.130642056465148926e-01 8.657808899879455566e-01
4.933823347091674805e-01 9.634865522384643555e-01
7.418699860572814941e-01 2.946074604988098145e-01
6.932988762855529785e-02 5.455732941627502441e-01
1.519732773303985596e-01 4.521578550338745117e-01
3.276749849319458008e-01 2.700849771499633789e-01
6.672259569168090820e-01 2.353291958570480347e-01
2.914263606071472168e-01 4.844426214694976807e-01
2.411108165979385376e-01 4.957616627216339111e-01
3.693262487649917603e-02 5.985660552978515625e-01
8.609017729759216309e-01 6.944696307182312012e-01
8.481345772743225098e-01 9.198295474052429199e-01
6.969910264015197754e-01 8.590877652168273926e-01
1.668547540903091431e-01 9.640782475471496582e-01
4.334459006786346436e-01 1.517856270074844360e-01
8.572264313697814941e-01 6.285814195871353149e-02
1.537356227636337280e-01 7.526575922966003418e-01
8.440110087394714355e-01 8.959743380546569824e-01
9.074281454086303711e-01 1.916443705558776855e-01
7.595183849334716797e-01 1.136753782629966736e-01
4.979041814804077148e-01 9.439451694488525391e-01
1.049808040261268616e-01 3.931646049022674561e-01
6.516330242156982422e-01 2.470095604658126831e-01
7.392140626907348633e-01 1.150731816887855530e-01
4.558873474597930908e-01 6.092170253396034241e-02
6.607864499092102051e-01 6.566345095634460449e-01
7.430059462785720825e-02 4.214145541191101074e-01
2.713355123996734619e-01 5.606582760810852051e-01
1.596313118934631348e-01 4.551422894001007080e-01
3.593315184116363525e-01 9.451866745948791504e-01
9.376507401466369629e-01 5.143789052963256836e-01
2.816931903362274170e-01 3.035170435905456543e-01
6.929331459105014801e-03 1.434467732906341553e-01
7.523465156555175781e-02 7.173824906349182129e-01
8.100344240665435791e-02 2.503718733787536621e-01
1.467436105012893677e-01 4.615907669067382812e-01
6.969449520111083984e-01 7.362546771764755249e-02
4.658260941505432129e-01 4.519487917423248291e-01
1.627307236194610596e-01 5.159693956375122070e-01
3.548462092876434326e-01 4.124295115470886230e-01
8.271159529685974121e-01 9.762563109397888184e-01
8.327702283859252930e-01 4.261298775672912598e-01
1.900615692138671875e-01 2.061448618769645691e-02
7.133032083511352539e-01 3.033742904663085938e-01
2.923690080642700195e-01 6.479964852333068848e-01
7.680804468691349030e-03 8.734840750694274902e-01
6.491872668266296387e-02 7.093514204025268555e-01
6.267272233963012695e-01 8.867062330245971680e-01
4.002957344055175781e-01 7.560965418815612793e-01
1.431760638952255249e-01 6.808501482009887695e-01
9.925512671470642090e-01 6.529715657234191895e-01
4.840763211250305176e-01 7.359898686408996582e-01
5.843697786331176758e-01 7.924438714981079102e-01
3.186850249767303467e-01 6.289142966270446777e-01
2.922694981098175049e-01 6.724219918251037598e-01
1.828841567039489746e-01 7.139626741409301758e-01
7.425444722175598145e-01 3.036999702453613281e-01
2.034897804260253906e-01 9.261046648025512695e-01
2.917285561561584473e-01 9.201332926750183105e-01
5.847595334053039551e-01 2.306168526411056519e-01
3.427408933639526367e-01 3.936518132686614990e-01
4.979753494262695312e-01 1.802955120801925659e-01
2.490653991699218750e-01 7.814574241638183594e-01
3.654359653592109680e-02 9.527069330215454102e-01
6.756265461444854736e-02 9.883801937103271484e-01
8.216172456741333008e-02 6.410432048141956329e-03
4.611895084381103516e-01 7.715911269187927246e-01
7.412385940551757812e-01 1.308692544698715210e-01
3.454980552196502686e-01 8.733463287353515625e-01
2.912254929542541504e-01 8.403159379959106445e-01
4.329914450645446777e-01 4.423522353172302246e-01
8.344483375549316406e-02 9.972589015960693359e-01
5.614686012268066406e-01 7.021607160568237305e-01
9.254865646362304688e-01 4.476328492164611816e-01
5.174874067306518555e-01 7.595844864845275879e-01
1.159331351518630981e-01 8.522260785102844238e-01
4.165405333042144775e-01 2.927636913955211639e-02
6.040341258049011230e-01 3.132485747337341309e-01
1.992512047290802002e-01 8.590565323829650879e-01
1.235793977975845337e-01 8.194954991340637207e-01
5.183178186416625977e-02 4.925285577774047852e-01
5.135744810104370117e-01 3.204160034656524658e-01
1.787764430046081543e-01 7.077614665031433105e-01
7.780834436416625977e-01 5.273902416229248047e-01
5.130271613597869873e-02 8.151467442512512207e-01
1.600162237882614136e-01 5.696604847908020020e-01
8.377402424812316895e-01 9.498331546783447266e-01
5.958247929811477661e-03 9.059058427810668945e-01
9.029899835586547852e-01 4.602799713611602783e-01
9.853618741035461426e-01 2.897002175450325012e-02
6.699729561805725098e-01 2.487685233354568481e-01
3.750266730785369873e-01 9.032188653945922852e-01
5.180184841156005859e-01 3.992492258548736572e-01
7.849415540695190430e-01 5.888280272483825684e-01
2.803649902343750000e-01 7.389825582504272461e-01
6.507539153099060059e-01 8.973431587219238281e-01
1.111755147576332092e-01 2.781228125095367432e-01
3.850358128547668457e-01 8.678845167160034180e-01
7.793641686439514160e-01 5.125024169683456421e-02
6.897389888763427734e-01 3.067291080951690674e-01
8.208651542663574219e-01 9.036413431167602539e-01
4.223919808864593506e-01 2.068945467472076416e-01
8.049395084381103516e-01 1.947537809610366821e-02
2.688485682010650635e-01 9.391870498657226562e-01
1.481887698173522949e-01 3.107551336288452148e-01
1.284019649028778076e-01 2.175172567367553711e-01
4.424930512905120850e-01 3.824266493320465088e-01
9.874767810106277466e-02 6.850491762161254883e-01
7.482133507728576660e-01 3.282780647277832031e-01
8.038222193717956543e-01 8.695255964994430542e-02
2.843686342239379883e-01 1.711632758378982544e-01
2.666225731372833252e-01 5.338966846466064453e-01
1.830360665917396545e-02 5.016697645187377930e-01
6.944630146026611328e-01 3.881593346595764160e-01
4.355068206787109375e-01 6.501669883728027344e-01
3.855071365833282471e-01 7.850639224052429199e-01
9.354577064514160156e-01 7.776699066162109375e-01
9.624184966087341309e-01 9.813942313194274902e-01
9.643926620483398438e-01 4.498257339000701904e-01
6.029443740844726562e-01 4.554120600223541260e-01
8.158059120178222656e-01 5.731381848454475403e-02
2.722184360027313232e-02 4.821621179580688477e-01
1.097016260027885437e-01 7.994365096092224121e-01
2.306848168373107910e-01 9.206502437591552734e-01
2.488675117492675781e-01 2.966209948062896729e-01
3.806722909212112427e-02 3.280736804008483887e-01
3.631528317928314209e-01 2.090141028165817261e-01
7.340322732925415039e-01 9.465398788452148438e-01
2.709220051765441895e-01 7.916525602340698242e-01
2.063166052103042603e-01 7.213712334632873535e-01
9.517129063606262207e-01 9.637039899826049805e-01
2.818469107151031494e-01 7.061972618103027344e-01
9.151678681373596191e-01 4.591657519340515137e-01
3.344710469245910645e-01 9.058817625045776367e-01
9.322342276573181152e-01 5.568571090698242188e-01
4.724799990653991699e-01 8.596149086952209473e-02
1.778328865766525269e-01 6.960337758064270020e-01
8.598019480705261230e-01 5.666541457176208496e-01
2.581040263175964355e-01 9.104147553443908691e-02
2.333398908376693726e-01 2.365106493234634399e-01
8.392887115478515625e-01 9.885398745536804199e-01
1.600287407636642456e-01 5.530469417572021484e-01
9.189124703407287598e-01 6.734175682067871094e-01
8.240796327590942383e-01 8.638911247253417969e-01
3.733186423778533936e-01 7.530512213706970215e-01
1.813852041959762573e-01 5.539855454117059708e-03
5.478214025497436523e-01 8.507784605026245117e-01
4.515693783760070801e-01 7.604380249977111816e-01
1.400587409734725952e-01 9.471642971038818359e-01
7.973311543464660645e-01 1.498506069183349609e-01
9.507392346858978271e-02 4.032375812530517578e-01
7.977588176727294922e-01 7.315655946731567383e-01
4.334381222724914551e-01 8.449852466583251953e-01
8.734450936317443848e-01 9.721844792366027832e-01
8.630273938179016113e-01 2.061301916837692261e-01
2.857791818678379059e-02 6.708339452743530273e-01
5.175403952598571777e-01 3.207139372825622559e-01
7.642442584037780762e-01 8.865836858749389648e-01
2.199128419160842896e-01 9.035018086433410645e-01
5.699298381805419922e-01 6.666826605796813965e-01
7.920933365821838379e-01 3.600859642028808594e-01
9.010471701622009277e-01 6.233760118484497070e-01
6.160355806350708008e-01 6.168491244316101074e-01
5.643282458186149597e-02 6.594558358192443848e-01
4.857162833213806152e-01 9.858133196830749512e-01
3.156791627407073975e-01 3.978724479675292969e-01
7.070870995521545410e-01 2.329174727201461792e-01
1.273491531610488892e-01 2.139449864625930786e-01
3.919502347707748413e-02 2.950682640075683594e-01
5.070523545145988464e-02 6.852463483810424805e-01
8.556647896766662598e-01 2.249797582626342773e-01
4.953077137470245361e-01 7.254290580749511719e-01
4.273225367069244385e-01 4.811244904994964600e-01
7.974487543106079102e-02 3.449517861008644104e-02
2.042587548494338989e-01 3.738946020603179932e-01
5.801982283592224121e-01 5.953310728073120117e-01
8.955205678939819336e-01 8.592137694358825684e-01
1.110918354243040085e-02 5.328053832054138184e-01
3.922953903675079346e-01 2.454614490270614624e-01
9.059797525405883789e-01 7.410488128662109375e-01
3.276614844799041748e-02 7.157629728317260742e-01
3.148718476295471191e-01 7.237119972705841064e-02
2.524278461933135986e-01 9.794972538948059082e-01
1.640703082084655762e-01 6.182177662849426270e-01
4.077352881431579590e-01 2.124786823987960815e-01
1.176898255944252014e-01 5.825741887092590332e-01
5.976486802101135254e-01 6.901043653488159180e-01
9.831383079290390015e-02 1.907526142895221710e-02
8.471159338951110840e-01 3.211272358894348145e-01
4.807507395744323730e-01 4.946749210357666016e-01
5.268713831901550293e-01 3.347372710704803467e-01
1.847619563341140747e-01 2.274309396743774414e-01
2.399894893169403076e-01 7.214579582214355469e-01
8.984792232513427734e-01 1.859725266695022583e-01
7.125550508499145508e-01 7.931947708129882812e-01
2.703313529491424561e-01 4.486206173896789551e-01
2.239108979701995850e-01 1.982076019048690796e-01
2.710839807987213135e-01 2.335978150367736816e-01
4.739432334899902344e-01 5.347664654254913330e-02
3.348006606101989746e-01 6.994048953056335449e-01
1.877167373895645142e-01 1.481805928051471710e-02
5.721620917320251465e-01 8.523202538490295410e-01
7.714117169380187988e-01 8.577408790588378906e-01
5.022094845771789551e-01 1.300795841962099075e-02
1.131474897265434265e-01 6.019010394811630249e-02
4.580428898334503174e-01 9.225328564643859863e-01
7.495711445808410645e-01 1.355921030044555664e-01
1.024606227874755859e-01 7.762745022773742676e-01
7.221897840499877930e-01 2.613351643085479736e-01
1.206840798258781433e-01 3.045471906661987305e-01
6.178942322731018066e-01 5.735054016113281250e-01
6.400388479232788086e-01 2.506061196327209473e-01
1.255602091550827026e-01 2.376295775175094604e-01
1.539845317602157593e-01 6.850782632827758789e-01
8.682712912559509277e-01 4.312279820442199707e-01
3.875668048858642578e-01 3.339530527591705322e-01
1.596986949443817139e-01 4.172439873218536377e-01
4.915703833103179932e-01 1.739898324012756348e-01
1.229644119739532471e-01 9.879671335220336914e-01
4.640884101390838623e-01 9.989724755287170410e-01
5.367957353591918945e-01 1.112373322248458862e-01
4.958485439419746399e-02 8.629064559936523438e-01
1.407782584428787231e-01 2.172885984182357788e-01
8.643801808357238770e-01 8.317703008651733398e-01
5.773240923881530762e-01 8.886287808418273926e-01
5.926008224487304688e-01 2.934779822826385498e-01
3.398219943046569824e-01 9.906705021858215332e-01
4.365413784980773926e-01 8.151566982269287109e-01
2.608456611633300781e-01 1.107993647456169128e-01
1.885127276182174683e-01 4.431993365287780762e-01
3.040247857570648193e-01 7.614915370941162109e-01
7.315704226493835449e-01 8.192388415336608887e-01
3.358215987682342529e-01 2.243132591247558594e-01
9.009916782379150391e-01 8.028978705406188965e-01
8.187749981880187988e-01 8.351811766624450684e-01
5.463403835892677307e-02 7.110354304313659668e-01
3.866491317749023438e-01 7.717609405517578125e-01
1.796749681234359741e-01 7.541608214378356934e-01
2.267832867801189423e-02 7.236468791961669922e-01
6.676566004753112793e-01 9.228093028068542480e-01
5.314059853553771973e-01 1.805202811956405640e-01
5.741780251264572144e-02 6.511667370796203613e-01
1.849434971809387207e-01 8.665909767150878906e-01
1.471341103315353394e-01 9.235864877700805664e-01
1.715721189975738525e-01 6.740112304687500000e-01
9.329283237457275391e-01 4.092182815074920654e-01
1.135560050606727600e-01 6.504836082458496094e-01
3.542048931121826172e-01 7.830157279968261719e-01
1.958995014429092407e-01 1.541532874107360840e-01
2.338556945323944092e-01 2.540499530732631683e-02
5.110644698143005371e-01 7.421383261680603027e-02
5.424523353576660156e-01 9.921573996543884277e-01
4.694168269634246826e-01 5.891897678375244141e-01
6.455104947090148926e-01 5.105724930763244629e-01
8.658190965652465820e-01 9.836512207984924316e-01
4.059128761291503906e-01 9.087939262390136719e-01
5.566086173057556152e-01 5.079187750816345215e-01
2.963507175445556641e-01 5.209743380546569824e-01
4.025163501501083374e-02 9.759155511856079102e-01
2.754688560962677002e-01 8.444623351097106934e-01
7.600712776184082031e-01 4.546980857849121094e-01
2.682350277900695801e-01 7.015333771705627441e-01
1.891744434833526611e-01 7.967025637626647949e-01
8.768453001976013184e-01 7.883768081665039062e-01
8.498510122299194336e-01 1.035913303494453430e-01
7.592144608497619629e-02 5.578588247299194336e-01
7.914528250694274902e-01 1.123647987842559814e-01
6.373925209045410156e-01 2.536939978599548340e-01
6.353130340576171875e-01 9.282999634742736816e-01
3.183516263961791992e-01 9.805033206939697266e-01
2.903265953063964844e-01 1.912865638732910156e-01
5.411011576652526855e-01 5.879803299903869629e-01
2.268272489309310913e-01 3.618056774139404297e-01
6.625044941902160645e-01 4.210465252399444580e-01
4.609541967511177063e-02 3.996907770633697510e-01
1.428678929805755615e-01 5.176177024841308594e-01
5.879896879196166992e-01 9.184727817773818970e-02
8.889355659484863281e-01 8.238536119461059570e-01
3.216861486434936523e-01 3.213360905647277832e-01
7.729744911193847656e-01 9.467832446098327637e-01
1.686636954545974731e-01 2.749706804752349854e-01
5.204157903790473938e-02 8.752963542938232422e-01
1.074466630816459656e-01 2.269620150327682495e-01
1.882608681917190552e-01 6.567841768264770508e-01
4.295721650123596191e-01 4.749633073806762695e-01
2.057133167982101440e-01 6.407710313796997070e-01
2.537750303745269775e-01 4.863516241312026978e-02
9.872722029685974121e-01 5.369693040847778320e-01
6.096310019493103027e-01 1.019448786973953247e-01
9.098467826843261719e-01 4.646788537502288818e-01
2.772187292575836182e-01 5.972910523414611816e-01
5.920912027359008789e-01 7.593674063682556152e-01
6.090936660766601562e-01 2.491855174303054810e-01
4.793545901775360107e-01 1.289475411176681519e-01
8.990971446037292480e-01 9.376649260520935059e-01
8.865662217140197754e-01 3.143473267555236816e-01
6.021389365196228027e-01 9.284549951553344727e-01
2.793790996074676514e-01 8.989685773849487305e-01
9.837635159492492676e-01 5.490503907203674316e-01
4.121104776859283447e-01 2.748463153839111328e-01
8.420037627220153809e-01 6.581919193267822266e-01
8.995198644697666168e-03 5.377551317214965820e-01
5.201408267021179199e-01 3.864320814609527588e-01
6.448561549186706543e-01 6.212574243545532227e-01
2.231062501668930054e-01 1.801360547542572021e-01
6.127520799636840820e-01 4.901240020990371704e-02
6.874836683273315430e-01 8.241764307022094727e-01
7.652557492256164551e-01 4.299444705247879028e-02
3.890095055103302002e-01 3.452705144882202148e-01
6.332741379737854004e-01 8.188334107398986816e-01
6.362208127975463867e-01 1.115920022130012512e-02
1.102651655673980713e-01 6.761754155158996582e-01
4.057955741882324219e-01 1.675658822059631348e-01
1.258043944835662842e-02 5.668812990188598633e-01
1.959774643182754517e-01 7.420408725738525391e-01
9.044412374496459961e-01 8.178555965423583984e-02
1.689251661300659180e-01 9.715618491172790527e-01
4.148264527320861816e-01 9.738978147506713867e-01
1.789057850837707520e-01 5.991135239601135254e-01
9.401690363883972168e-01 9.053472280502319336e-01
3.514345586299896240e-01 4.259209632873535156e-01
2.971808612346649170e-01 1.747255623340606689e-01
3.423947393894195557e-01 6.648331880569458008e-02
4.752898514270782471e-01 9.336047768592834473e-01
7.641194015741348267e-02 7.557038068771362305e-01
9.090490937232971191e-01 2.193632572889328003e-01
3.392869234085083008e-01 4.629141092300415039e-01
9.778353571891784668e-02 9.196983575820922852e-01
2.814575731754302979e-01 3.590714335441589355e-01
4.718956053256988525e-01 8.351668715476989746e-01
6.847810745239257812e-01 1.361928582191467285e-01
7.908431291580200195e-01 4.610583782196044922e-01
2.258674502372741699e-01 3.110279738903045654e-01
4.511483311653137207e-01 8.600800633430480957e-01
5.205636024475097656e-01 1.655322462320327759e-01
1.677444428205490112e-01 5.690350532531738281e-01
1.850224584341049194e-01 7.946914434432983398e-02
5.666573047637939453e-01 1.827022880315780640e-01
1.919827461242675781e-01 4.145662486553192139e-01
5.603027939796447754e-01 2.448672056198120117e-01
9.345058202743530273e-01 2.723657488822937012e-01
2.834786176681518555e-01 6.285034418106079102e-01
8.971816897392272949e-01 6.981308460235595703e-01
8.492407202720642090e-01 5.189445018768310547e-01
3.726446330547332764e-01 6.448449492454528809e-01
1.035287976264953613e-01 7.574823498725891113e-01
1.056946292519569397e-01 8.268590569496154785e-01
3.917219936847686768e-01 4.240693449974060059e-01
4.600811004638671875e-01 5.816477537155151367e-02
8.578030467033386230e-01 1.990275532007217407e-01
7.295202016830444336e-01 6.323269605636596680e-01
2.450532764196395874e-01 3.086978495121002197e-01
8.342065811157226562e-01 3.294130265712738037e-01
7.431926727294921875e-01 3.400916755199432373e-01
1.755172908306121826e-01 1.831320673227310181e-01
4.436759650707244873e-01 6.889865994453430176e-01
5.067478418350219727e-01 2.539190948009490967e-01
4.467287063598632812e-01 2.356221228837966919e-01
6.188172698020935059e-01 3.392394781112670898e-01
6.401854753494262695e-01 4.292845726013183594e-01
8.957974314689636230e-01 6.047832965850830078e-01
5.197910070419311523e-01 2.973650395870208740e-01
2.192576527595520020e-01 7.263819575309753418e-01
3.208270967006683350e-01 9.383044838905334473e-01
4.434894323348999023e-01 4.276167601346969604e-02
8.582461476325988770e-01 4.162218272686004639e-01
6.652334332466125488e-02 5.615896582603454590e-01
8.793722391128540039e-01 4.022515714168548584e-01
2.159246355295181274e-01 8.278269767761230469e-01
2.343404293060302734e-01 6.881778836250305176e-01
2.546430528163909912e-01 6.978109478950500488e-01
1.603207886219024658e-01 2.224667519330978394e-01
5.910405516624450684e-01 9.182857275009155273e-01
4.714313447475433350e-01 8.817667365074157715e-01
9.403737187385559082e-01 1.282669138163328171e-03
9.491636157035827637e-01 2.845746874809265137e-01
9.763215482234954834e-02 1.988806873559951782e-01
1.309666335582733154e-01 8.412732481956481934e-01
3.713044524192810059e-01 7.063794136047363281e-01
4.519661068916320801e-01 9.941179156303405762e-01
8.823564648628234863e-02 4.755003452301025391e-01
8.032465577125549316e-01 8.354387879371643066e-01
8.405329287052154541e-02 3.244965374469757080e-01
5.224676728248596191e-01 8.927684426307678223e-01
8.029125928878784180e-01 7.159956693649291992e-01
2.360951006412506104e-01 7.383592724800109863e-01
7.030419707298278809e-01 9.242048263549804688e-01
3.226214945316314697e-01 5.106392502784729004e-01
4.620701372623443604e-01 7.289840579032897949e-01
3.480470553040504456e-02 6.768471598625183105e-01
1.635437132790684700e-03 4.374449700117111206e-02
3.310490846633911133e-01 6.114531755447387695e-01
4.798442721366882324e-01 9.335547089576721191e-01
3.087087571620941162e-01 9.782675504684448242e-01
8.804456144571304321e-02 8.206615597009658813e-02
1.083184108138084412e-01 2.350453436374664307e-01
4.094819724559783936e-01 7.640796154737472534e-02
2.407762259244918823e-01 3.197603821754455566e-01
3.938051462173461914e-01 5.480723381042480469e-01
7.527295500040054321e-02 7.226082086563110352e-01
1.307010203599929810e-01 9.269338846206665039e-01
8.890232443809509277e-01 5.361956357955932617e-01
9.743602871894836426e-01 8.224958777427673340e-01
6.620240956544876099e-02 9.544996023178100586e-01
4.450123906135559082e-01 1.065077483654022217e-01
1.745277643203735352e-01 6.640342473983764648e-01
5.986244231462478638e-02 9.790229201316833496e-01
1.371007263660430908e-01 7.732856273651123047e-01
9.583179354667663574e-01 3.866416215896606445e-02
2.299973070621490479e-01 2.846666872501373291e-01
9.563004970550537109e-01 2.553457617759704590e-01
2.588499188423156738e-01 3.747974336147308350e-01
7.864297032356262207e-01 8.573941886425018311e-02
9.898478984832763672e-01 6.313261389732360840e-01
7.852013111114501953e-01 5.179167911410331726e-02
3.962877392768859863e-01 8.652940988540649414e-01
7.936741709709167480e-01 4.799835085868835449e-01
7.921532988548278809e-01 3.306772112846374512e-01
5.853037238121032715e-01 7.569099068641662598e-01
8.834193944931030273e-01 1.898400858044624329e-02
4.994242191314697266e-01 9.139601588249206543e-01
8.641125559806823730e-01 6.047534346580505371e-01
5.005046725273132324e-01 1.408245116472244263e-01
1.794231235980987549e-01 3.085226118564605713e-01
4.957091212272644043e-01 1.219692640006542206e-02
3.103016614913940430e-01 2.355400472879409790e-01
4.352166131138801575e-02 6.389605402946472168e-01
1.215997431427240372e-02 3.194812238216400146e-01
5.752927064895629883e-01 3.482652455568313599e-02
5.308794379234313965e-01 1.893810778856277466e-01
6.631367723457515240e-04 4.585688412189483643e-01
9.779970645904541016e-01 8.240239024162292480e-01
9.133865237236022949e-01 8.177693486213684082e-01
3.136087059974670410e-01 6.515164673328399658e-02
6.950329542160034180e-01 4.014304280281066895e-01
1.138533949851989746e-01 5.183041691780090332e-01
7.713342308998107910e-01 9.807612299919128418e-01
8.140125274658203125e-01 9.915245175361633301e-01
9.979155063629150391e-01 5.298839211463928223e-01
4.211686551570892334e-02 8.832405805587768555e-01
8.114277571439743042e-02 8.706562519073486328e-01
9.808871746063232422e-01 8.014468550682067871e-01
1.986185759305953979e-01 6.536036133766174316e-01
2.637958526611328125e-01 7.811343073844909668e-01
5.532680824398994446e-02 1.187905967235565186e-01
6.775166392326354980e-01 1.591998897492885590e-02
2.693825662136077881e-01 3.968015015125274658e-01
9.865887761116027832e-01 8.625409603118896484e-01
1.760145574808120728e-01 6.109685301780700684e-01
5.906289219856262207e-01 9.719154238700866699e-01
2.698189616203308105e-01 7.664771080017089844e-01
4.392891526222229004e-01 1.262277271598577499e-02
9.081885218620300293e-01 7.910241186618804932e-02
1.010871380567550659e-01 5.782658234238624573e-02
7.907291650772094727e-01 8.454915285110473633e-01
5.183756947517395020e-01 7.157526612281799316e-01
5.370697751641273499e-02 5.272486805915832520e-01
9.474050253629684448e-02 6.170899271965026855e-01
1.536958217620849609e-01 6.996707320213317871e-01
1.857709139585494995e-01 1.777774542570114136e-01
2.356151938438415527e-01 5.466136336326599121e-01
6.722036600112915039e-01 2.674024403095245361e-01
2.138456404209136963e-01 2.115938812494277954e-01
6.164606809616088867e-01 6.456511020660400391e-01
9.877406358718872070e-01 6.536101698875427246e-01
8.148519396781921387e-01 2.574768066406250000e-01
5.287768840789794922e-01 6.132774949073791504e-01
3.516265749931335449e-01 8.573439717292785645e-01
8.876358270645141602e-01 5.234040617942810059e-01
1.779303401708602905e-01 8.849216699600219727e-01
1.072546243667602539e-01 1.721098870038986206e-01
3.663120567798614502e-01 9.739028215408325195e-01
2.130090594291687012e-01 9.335049390792846680e-01
7.376436591148376465e-01 8.837455511093139648e-02
1.338603198528289795e-01 7.294432520866394043e-01
5.392704606056213379e-01 6.943166851997375488e-01
7.549572736024856567e-02 3.058573305606842041e-01
1.001274809241294861e-01 3.970617055892944336e-01
5.233903527259826660e-01 1.498667895793914795e-01
8.049795627593994141e-01 9.406043887138366699e-01
9.875057935714721680e-01 1.502604633569717407e-01
5.806463956832885742e-02 5.386618375778198242e-01
6.809214353561401367e-01 2.912950143218040466e-02
4.245870709419250488e-01 1.068248227238655090e-01
4.613857865333557129e-01 2.476608008146286011e-01
4.982180297374725342e-01 2.725183665752410889e-01
5.128462910652160645e-01 8.141272068023681641e-01
8.479009866714477539e-01 2.580795288085937500e-01
9.152842164039611816e-01 3.652140200138092041e-01
8.435927033424377441e-01 4.896124824881553650e-02
1.742165535688400269e-01 1.794174909591674805e-01
4.625322222709655762e-01 8.445545434951782227e-01
2.963285148143768311e-01 1.776470392942428589e-01
7.317351102828979492e-01 8.496546745300292969e-01
4.137843847274780273e-01 5.333540961146354675e-02
4.084772765636444092e-01 4.894232749938964844e-01
1.293063759803771973e-01 9.931494593620300293e-01
6.610394120216369629e-01 7.621169090270996094e-01
5.964921116828918457e-01 4.472581148147583008e-01
7.976326346397399902e-01 9.747364521026611328e-01
4.787288978695869446e-02 7.491651177406311035e-01
2.420573681592941284e-01 6.597623229026794434e-01
4.649022519588470459e-01 3.483815491199493408e-02
1.222323742695152760e-03 7.226702570915222168e-01
1.319257318973541260e-01 6.587442159652709961e-01
1.387781836092472076e-02 1.503191888332366943e-01
3.748868703842163086e-01 2.180597931146621704e-01
4.429166615009307861e-01 9.352790713310241699e-01
9.125995039939880371e-01 6.465810537338256836e-01
8.730180859565734863e-01 1.750680059194564819e-01
2.454991266131401062e-02 6.429120302200317383e-01
5.859037637710571289e-01 7.325749397277832031e-01
5.426346063613891602e-01 2.254247069358825684e-01
1.017330214381217957e-01 5.895113945007324219e-01
7.262239605188369751e-02 1.101046651601791382e-01
8.538093566894531250e-01 3.933166563510894775e-01
4.466084539890289307e-01 8.035589456558227539e-01
5.169152021408081055e-01 1.579528599977493286e-01
7.548506855964660645e-01 7.269855141639709473e-01
8.697875738143920898e-01 9.533877372741699219e-01
7.086007595062255859e-01 5.305102467536926270e-01
9.579610228538513184e-01 6.293343305587768555e-01
9.552334994077682495e-02 5.972818732261657715e-01
7.607823014259338379e-01 2.731492519378662109e-01
6.114552617073059082e-01 7.473715543746948242e-01
1.016951575875282288e-01 7.472603321075439453e-01
3.370299339294433594e-01 8.931994438171386719e-01
6.631041765213012695e-01 8.137409687042236328e-01
3.195787370204925537e-01 8.010312318801879883e-01
2.388215065002441406e-01 5.201141163706779480e-02
3.468588590621948242e-01 8.883684277534484863e-01
3.857821226119995117e-01 9.965050816535949707e-01
2.280576825141906738e-01 1.275998651981353760e-01
2.682327330112457275e-01 9.407042264938354492e-01
5.801432132720947266e-01 5.790677666664123535e-01
3.699125349521636963e-01 2.689140439033508301e-01
1.745026558637619019e-01 4.400936365127563477e-01
2.397071868181228638e-01 3.558067977428436279e-01
7.606036067008972168e-01 4.584255442023277283e-02
3.166047036647796631e-01 6.550756841897964478e-02
3.039852380752563477e-01 2.445357479155063629e-02
9.169507771730422974e-02 4.391477406024932861e-01
1.713251471519470215e-01 5.083693265914916992e-01
5.246723294258117676e-01 2.488107383251190186e-01
2.072552889585494995e-01 4.100845158100128174e-01
3.447356224060058594e-01 9.402535557746887207e-01
4.465928077697753906e-01 7.685486078262329102e-01
5.513216853141784668e-01 3.877148330211639404e-01
4.939258098602294922e-01 5.864321812987327576e-02
2.121073305606842041e-01 9.633204936981201172e-01
2.606098055839538574e-01 2.454921156167984009e-01
1.779219508171081543e-01 3.411955833435058594e-01
3.309136629104614258e-02 4.452587664127349854e-01
4.466879367828369141e-02 4.462733268737792969e-01
4.324625432491302490e-01 1.121997013688087463e-01
8.087114691734313965e-01 1.119654029607772827e-01
4.148647487163543701e-01 1.030441895127296448e-01
8.477271795272827148e-01 1.371476054191589355e-01
3.677474558353424072e-01 7.917202115058898926e-01
9.967292547225952148e-01 7.586915493011474609e-01
3.560996055603027344e-02 5.809242129325866699e-01
3.807892501354217529e-01 1.742679923772811890e-01
3.000179231166839600e-01 5.075823068618774414e-01
7.868999242782592773e-02 2.703851163387298584e-01
6.225705146789550781e-02 2.186340987682342529e-01
4.302048310637474060e-02 3.687420189380645752e-01
5.121130943298339844e-01 4.365910291671752930e-01
1.100623309612274170e-01 5.168848633766174316e-01
5.610092878341674805e-01 7.548631429672241211e-01
1.327289789915084839e-01 4.525457620620727539e-01
5.644228458404541016e-01 2.868024706840515137e-01
9.426656961441040039e-01 9.980913400650024414e-01
4.424016177654266357e-02 2.149951010942459106e-01
5.799758434295654297e-02 9.172086715698242188e-01
8.358532786369323730e-01 2.942884862422943115e-01
8.360682129859924316e-01 7.063705921173095703e-01
5.946935415267944336e-01 9.686658382415771484e-01
1.840828359127044678e-01 7.628512978553771973e-01
1.721325218677520752e-01 8.517246842384338379e-01
3.908438086509704590e-01 2.141886651515960693e-01
2.870493233203887939e-01 2.652805447578430176e-01
8.166335821151733398e-01 1.703577786684036255e-01
8.575896024703979492e-01 5.318142175674438477e-01
3.016170561313629150e-01 7.813823223114013672e-01
1.254123300313949585e-01 1.720854640007019043e-01
8.966495990753173828e-01 5.662807226181030273e-01
8.358326554298400879e-01 1.156007498502731323e-01
6.170975565910339355e-01 9.886560440063476562e-01
9.021950364112854004e-01 6.763286143541336060e-02
6.844686269760131836e-01 4.435551911592483521e-02
6.593258976936340332e-01 9.603094458580017090e-01
9.241318702697753906e-01 1.677518337965011597e-01
4.508218765258789062e-01 8.522786498069763184e-01
9.877804517745971680e-01 8.714273571968078613e-01
5.182164311408996582e-01 8.546401262283325195e-01
2.707196772098541260e-01 1.053028404712677002e-01
5.246118903160095215e-01 6.907444596290588379e-01
5.353186130523681641e-01 4.707023203372955322e-01
8.685982972383499146e-02 3.158380687236785889e-01
5.445561408996582031e-01 2.465831935405731201e-01
6.818658113479614258e-01 6.737007498741149902e-01
9.822013974189758301e-01 4.184153974056243896e-01
4.722450375556945801e-01 5.723708868026733398e-01
9.962027072906494141e-01 2.210783213376998901e-01
2.346149533987045288e-01 5.578874051570892334e-02
9.652765989303588867e-01 3.783246278762817383e-01
5.067802071571350098e-01 9.185898900032043457e-01
6.630556583404541016e-01 6.752161383628845215e-01
7.232262492179870605e-01 4.835200309753417969e-01
6.973788142204284668e-01 8.870297074317932129e-01
6.252751350402832031e-01 5.140976309776306152e-01
9.886096119880676270e-01 9.462108612060546875e-01
8.672177791595458984e-01 4.727539122104644775e-01
5.746810510754585266e-02 1.437981724739074707e-01
6.683546304702758789e-02 8.265827894210815430e-01
5.552632212638854980e-01 3.059585988521575928e-01
8.594860881567001343e-02 6.201027035713195801e-01
6.100710630416870117e-01 9.089093208312988281e-01
7.298249751329421997e-02 6.455847620964050293e-01
7.672917246818542480e-01 5.637624263763427734e-01
8.626064658164978027e-01 7.788475155830383301e-01
1.038365289568901062e-01 5.635622143745422363e-01
6.841509938240051270e-01 3.868414461612701416e-02
8.393726944923400879e-01 2.754001915454864502e-01
9.509695172309875488e-01 8.529092669486999512e-01
5.270335674285888672e-01 2.555620372295379639e-01
5.873461365699768066e-01 6.927340626716613770e-01
4.421741962432861328e-01 8.926022648811340332e-01
8.060494661331176758e-01 3.902190923690795898e-01
8.965956419706344604e-02 9.297001361846923828e-01
1.697150170803070068e-01 9.535026550292968750e-01
7.441009879112243652e-01 6.169998645782470703e-01
2.245292514562606812e-01 5.252846479415893555e-01
3.638862967491149902e-01 9.941305518150329590e-01
6.577162742614746094e-01 8.783032745122909546e-02
6.929553747177124023e-01 7.838221192359924316e-01
6.201221942901611328e-01 8.225538730621337891e-01
8.005774021148681641e-01 7.161335945129394531e-01
4.628801345825195312e-01 7.671662569046020508e-01
6.802609562873840332e-01 4.985659122467041016e-01
7.402433156967163086e-01 7.788345813751220703e-01
6.757802963256835938e-01 2.060145735740661621e-01
7.131875157356262207e-01 4.508595168590545654e-01
6.366397738456726074e-01 4.966506958007812500e-01
3.966022655367851257e-02 7.377423644065856934e-01
1.902412176132202148e-01 2.539575397968292236e-01
4.166276156902313232e-01 7.686830163002014160e-01
8.315089344978332520e-01 9.020456075668334961e-01
