9.948705434799194336e-01 1.651589125394821167e-01
7.366051077842712402e-01 2.943720519542694092e-01
6.851987242698669434e-01 9.896607398986816406e-01
5.465858802199363708e-02 7.715527415275573730e-01
5.908460617065429688e-01 5.076943039894104004e-01
8.458351492881774902e-01 9.403955340385437012e-01
2.745806872844696045e-01 8.031930327415466309e-01
1.036128476262092590e-01 4.877524673938751221e-01
3.954525887966156006e-01 1.043679937720298767e-01
8.122701644897460938e-01 6.314985156059265137e-01
5.687223747372627258e-02 6.857109069824218750e-01
7.955929040908813477e-01 2.164446413516998291e-01
9.596286416053771973e-01 8.179011344909667969e-01
3.645509183406829834e-01 7.515035867691040039e-01
2.527792453765869141e-01 1.581627130508422852e-01
9.591032862663269043e-01 3.497199714183807373e-01
9.116221070289611816e-01 8.992332965135574341e-02
4.773575961589813232e-01 2.386458814144134521e-01
8.779073357582092285e-01 6.009350344538688660e-02
1.028005257248878479e-01 9.973545670509338379e-01
4.730207920074462891e-01 6.103760600090026855e-01
8.436858057975769043e-01 7.539231777191162109e-01
2.737664282321929932e-01 9.330250620841979980e-01
9.441166520118713379e-01 1.437889039516448975e-01
1.087090745568275452e-01 8.412384390830993652e-01
6.997104883193969727e-01 6.497772932052612305e-01
8.162534832954406738e-01 8.852888345718383789e-01
9.789445996284484863e-01 7.956538796424865723e-01
5.468401312828063965e-01 8.048748224973678589e-02
4.266951382160186768e-01 9.637513756752014160e-01
1.029731556773185730e-01 2.921455800533294678e-01
2.029930949211120605e-01 6.290832161903381348e-01
8.413572311401367188e-01 8.347262442111968994e-02
1.982118338346481323e-01 2.496084719896316528e-01
7.824177742004394531e-01 1.076471582055091858e-01
5.243489146232604980e-01 5.859493017196655273e-01
9.928041100502014160e-01 9.283084869384765625e-01
2.401155680418014526e-01 2.342815101146697998e-01
6.115941405296325684e-01 3.341925740242004395e-01
4.495035409927368164e-01 2.814474403858184814e-01
6.554200053215026855e-01 1.924022734165191650e-01
9.572496414184570312e-01 7.392086088657379150e-02
5.522683262825012207e-01 1.502969861030578613e-01
1.240531727671623230e-01 8.932188749313354492e-01
7.283802032470703125e-01 2.541879713535308838e-01
1.824947446584701538e-01 9.344441890716552734e-01
9.292289614677429199e-01 2.332624047994613647e-02
5.962156057357788086e-01 1.926383674144744873e-01
3.452147841453552246e-01 7.097630500793457031e-01
5.225410461425781250e-01 1.286124289035797119e-01
4.447080790996551514e-01 3.241155147552490234e-01
8.244897723197937012e-01 1.216415464878082275e-01
3.351155519485473633e-01 3.925844281911849976e-02
7.626438140869140625e-02 3.545854985713958740e-01
4.755310714244842529e-01 1.331909149885177612e-01
4.351744055747985840e-01 8.890141844749450684e-01
5.689451694488525391e-01 2.264587674289941788e-03
8.512799739837646484e-01 6.752860546112060547e-01
8.032808303833007812e-01 1.775009334087371826e-01
8.119760155677795410e-01 1.145452708005905151e-01
2.843589186668395996e-01 5.998380780220031738e-01
8.154110908508300781e-01 9.214848875999450684e-01
8.842454552650451660e-01 1.707797348499298096e-01
5.688114762306213379e-01 2.258786410093307495e-01
9.230636358261108398e-01 1.214043051004409790e-01
3.185035288333892822e-01 2.695516645908355713e-01
7.250470519065856934e-01 7.502920627593994141e-01
6.706696152687072754e-01 6.648354232311248779e-02
3.982564667239785194e-04 8.396526575088500977e-01
8.362804055213928223e-01 6.549575924873352051e-01
5.356379747390747070e-01 8.243392705917358398e-01
4.622039496898651123e-01 8.008235096931457520e-01
6.541474461555480957e-01 2.165937870740890503e-01
6.664044260978698730e-01 2.617535591125488281e-01
9.017379283905029297e-01 7.059145718812942505e-02
1.303356587886810303e-01 3.152953684329986572e-01
9.593587517738342285e-01 7.453285455703735352e-01
6.333743333816528320e-01 9.038758277893066406e-01
8.564830422401428223e-01 6.676892042160034180e-01
7.619037292897701263e-03 3.477557897567749023e-01
4.703209996223449707e-01 1.176006793975830078e-01
1.217616796493530273e-01 8.339349627494812012e-01
8.002130985260009766e-01 2.366624027490615845e-01
1.245947089046239853e-02 1.450189650058746338e-01
1.165177002549171448e-01 3.933408260345458984e-01
7.514064908027648926e-01 8.175734430551528931e-02
6.621677875518798828e-01 2.394269704818725586e-01
5.805861353874206543e-01 1.524218022823333740e-01
3.366549313068389893e-01 8.453837037086486816e-01
8.371489644050598145e-01 6.498823165893554688e-01
7.813761234283447266e-01 1.559895426034927368e-01
2.495996952056884766e-01 4.292576313018798828e-01
8.943725824356079102e-01 2.335427999496459961e-01
3.979749381542205811e-01 2.208164483308792114e-01
4.624567329883575439e-01 2.353980541229248047e-01
9.858312010765075684e-01 2.894211709499359131e-01
2.807863950729370117e-01 4.274548888206481934e-01
5.329768359661102295e-02 7.452735304832458496e-01
1.487298160791397095e-01 7.569530606269836426e-01
5.824465751647949219e-01 3.613156676292419434e-01
8.622853159904479980e-01 9.757604002952575684e-01
6.991130709648132324e-01 2.752083241939544678e-01
7.423841953277587891e-01 6.972093582153320312e-01
2.549521252512931824e-02 2.075027376413345337e-01
9.800957441329956055e-01 8.453679084777832031e-01
9.841006398200988770e-01 1.780038177967071533e-01
9.708480238914489746e-01 9.424308687448501587e-02
5.047008395195007324e-01 9.344488382339477539e-01
4.531637728214263916e-01 4.783057272434234619e-01
9.532477855682373047e-01 6.162943243980407715e-01
2.306987941265106201e-01 3.592753708362579346e-01
8.592299371957778931e-02 7.734012007713317871e-01
9.332138299942016602e-01 7.873533964157104492e-01
6.786750555038452148e-01 5.007182359695434570e-01
4.138734638690948486e-01 7.314431667327880859e-01
3.107464313507080078e-01 4.953142404556274414e-01
8.457832932472229004e-01 2.476133406162261963e-01
8.993772268295288086e-01 1.469799578189849854e-01
6.424115896224975586e-01 2.063511759042739868e-01
4.951198399066925049e-01 5.016061067581176758e-01
2.372175008058547974e-01 7.526730000972747803e-02
5.161446332931518555e-01 2.858076989650726318e-01
1.068746205419301987e-02 4.677861630916595459e-01
6.238367408514022827e-02 5.840669870376586914e-01
4.723794162273406982e-01 6.899385452270507812e-01
1.194510161876678467e-01 4.014480113983154297e-01
5.147388577461242676e-01 2.387074381113052368e-01
2.077060639858245850e-01 3.811547756195068359e-01
1.735417395830154419e-01 6.182850003242492676e-01
2.760493159294128418e-01 7.937223315238952637e-01
1.670036315917968750e-01 5.019380897283554077e-02
2.990245521068572998e-01 1.665816009044647217e-01
2.753932476043701172e-01 7.528895139694213867e-01
1.373746097087860107e-01 4.605450332164764404e-01
1.332498341798782349e-01 5.508447885513305664e-01
4.072266221046447754e-01 4.788967072963714600e-01
3.648047745227813721e-01 1.524704545736312866e-01
1.940323561429977417e-01 6.977291107177734375e-01
5.690005421638488770e-01 8.601296544075012207e-01
6.948478817939758301e-01 2.518942654132843018e-01
5.526475906372070312e-01 3.996325284242630005e-02
6.638593077659606934e-01 9.064044952392578125e-01
1.953069679439067841e-02 5.586781501770019531e-01
1.419817749410867691e-02 5.665057897567749023e-01
9.770056605339050293e-02 8.842179179191589355e-02
3.625872135162353516e-01 9.266074895858764648e-01
3.197683393955230713e-01 5.892204046249389648e-01
5.358470678329467773e-01 6.761336326599121094e-01
7.979430556297302246e-01 3.325200453400611877e-02
3.793454766273498535e-01 4.073824286460876465e-01
2.292629778385162354e-01 5.775038599967956543e-01
6.909162402153015137e-01 2.172776460647583008e-01
2.205779701471328735e-01 7.381446361541748047e-01
8.648102879524230957e-01 5.477101355791091919e-02
1.893644034862518311e-01 2.554942965507507324e-01
3.972989916801452637e-01 5.974135398864746094e-01
3.615672886371612549e-01 2.452315390110015869e-01
6.207727640867233276e-02 5.628656744956970215e-01
7.263419628143310547e-01 9.598454833030700684e-01
9.441573023796081543e-01 7.368490099906921387e-01
3.851242735981941223e-02 6.102525591850280762e-01
6.398149728775024414e-01 9.401579946279525757e-02
8.523917198181152344e-01 6.392218470573425293e-01
3.577213287353515625e-01 9.205583930015563965e-01
1.140484139323234558e-01 2.423607856035232544e-01
2.048416286706924438e-01 4.604331254959106445e-01
9.882909059524536133e-02 1.169721409678459167e-01
2.250603288412094116e-01 3.850920498371124268e-01
9.183632731437683105e-01 8.951222300529479980e-01
5.998284816741943359e-01 2.809702977538108826e-02
7.565319538116455078e-01 3.186356127262115479e-01
9.881498217582702637e-01 9.130194187164306641e-01
7.916825264692306519e-02 8.230801820755004883e-01
5.996965765953063965e-01 9.254253655672073364e-02
6.214440464973449707e-01 8.402367234230041504e-01
4.916942715644836426e-01 7.224205732345581055e-01
9.529197812080383301e-01 1.987465023994445801e-01
9.450690448284149170e-02 3.329713046550750732e-01
5.237479209899902344e-01 7.408946752548217773e-01
5.158694982528686523e-01 1.667422801256179810e-01
3.301285207271575928e-01 4.127374589443206787e-01
4.949226975440979004e-01 5.213548243045806885e-02
9.998856186866760254e-01 6.086401939392089844e-01
5.678672716021537781e-02 4.547911286354064941e-01
5.557680726051330566e-01 7.414302229881286621e-02
8.855162262916564941e-01 3.562593162059783936e-01
5.920498967170715332e-01 9.447763115167617798e-02
9.372480511665344238e-01 4.043689668178558350e-01
6.591166853904724121e-01 3.657140135765075684e-01
1.268581897020339966e-01 6.693679690361022949e-01
2.398745566606521606e-01 3.077485561370849609e-01
1.306427270174026489e-01 8.788310736417770386e-02
6.133676171302795410e-01 8.690887093544006348e-01
6.722790002822875977e-01 7.687731981277465820e-01
7.658363580703735352e-01 1.295603811740875244e-01
6.970084309577941895e-01 8.730435371398925781e-01
3.244286775588989258e-01 4.547754824161529541e-01
4.098703563213348389e-01 1.138623580336570740e-01
5.024764537811279297e-01 1.256630420684814453e-01
1.798397898674011230e-01 9.924272894859313965e-01
2.994246482849121094e-01 3.141004443168640137e-01
7.667416334152221680e-01 8.411492109298706055e-01
2.796147763729095459e-01 4.149746000766754150e-01
7.476244568824768066e-01 6.976307630538940430e-01
9.533151388168334961e-01 9.842900633811950684e-01
7.153971493244171143e-02 1.032042801380157471e-01
5.066985487937927246e-01 1.146581396460533142e-01
5.883178710937500000e-01 2.033349592238664627e-03
4.215101301670074463e-01 5.234189629554748535e-01
6.855079531669616699e-02 9.135378599166870117e-01
1.236135438084602356e-01 2.819736301898956299e-01
1.507553905248641968e-01 9.504762291908264160e-01
6.773776412010192871e-01 2.229257971048355103e-01
7.238157987594604492e-01 5.816310644149780273e-01
8.324275016784667969e-01 2.471152991056442261e-01
8.382080793380737305e-01 8.212307095527648926e-01
6.445286273956298828e-01 7.471937537193298340e-01
2.751087546348571777e-01 1.343317925930023193e-01
7.512015290558338165e-03 4.024322628974914551e-01
9.018407464027404785e-01 7.409394979476928711e-01
2.810428142547607422e-01 6.351646184921264648e-01
5.100349187850952148e-01 5.978814959526062012e-01
7.308738827705383301e-01 9.666216969490051270e-01
1.240426376461982727e-01 3.338353708386421204e-02
8.709940314292907715e-01 8.322803974151611328e-01
8.094211816787719727e-01 4.506846070289611816e-01
4.359214603900909424e-01 9.854132533073425293e-01
9.877620339393615723e-01 3.059938251972198486e-01
7.187248468399047852e-01 2.557194232940673828e-01
6.733510494232177734e-01 6.489700078964233398e-01
7.900907397270202637e-01 8.769901990890502930e-01
2.958510220050811768e-01 6.301805973052978516e-01
7.174959778785705566e-01 7.646288275718688965e-01
3.467474877834320068e-01 1.308891475200653076e-01
2.999412119388580322e-01 1.161836832761764526e-01
1.913233548402786255e-01 9.943380355834960938e-01
4.699720814824104309e-02 4.812574684619903564e-01
9.179011583328247070e-01 5.901993513107299805e-01
4.767366871237754822e-02 5.068566799163818359e-01
4.888634681701660156e-01 1.111798584461212158e-01
6.763189435005187988e-01 8.605815470218658447e-02
2.547960579395294189e-01 3.951433598995208740e-01
6.673669815063476562e-01 3.864677548408508301e-01
5.871583223342895508e-01 8.244736194610595703e-01
3.384878337383270264e-01 7.629384398460388184e-01
8.265549540519714355e-01 3.470702469348907471e-01
2.005290985107421875e-02 8.606373667716979980e-01
1.571047008037567139e-01 1.707817800343036652e-02
3.319615423679351807e-01 6.815437078475952148e-01
6.920603513717651367e-01 6.349905133247375488e-01
3.654346168041229248e-01 4.224981367588043213e-01
5.325621962547302246e-01 1.815025806427001953e-01
9.857391119003295898e-01 8.911965489387512207e-01
9.183245897293090820e-02 7.149080038070678711e-01
6.945052146911621094e-01 1.901874095201492310e-01
1.402829438447952271e-01 8.789361119270324707e-01
7.253360748291015625e-01 6.042303442955017090e-01
6.188340783119201660e-01 5.176298022270202637e-01
7.167894244194030762e-01 6.859710812568664551e-01
3.897116184234619141e-01 4.803550541400909424e-01
5.352084040641784668e-01 4.616748690605163574e-01
7.889860272407531738e-01 1.350554227828979492e-01
6.787782311439514160e-01 9.498423933982849121e-01
3.564249873161315918e-01 8.325431346893310547e-01
3.901025056838989258e-01 5.231652036309242249e-02
3.209808170795440674e-01 1.950538754463195801e-01
7.532916665077209473e-01 3.004657924175262451e-01
6.765407919883728027e-01 3.444929122924804688e-01
1.708769351243972778e-01 9.457834362983703613e-01
7.429172992706298828e-01 8.083233833312988281e-01
1.786482930183410645e-01 7.919248938560485840e-01
8.818738460540771484e-01 5.754663348197937012e-01
9.051076173782348633e-01 9.812845587730407715e-01
4.229706227779388428e-01 1.850227117538452148e-01
4.742217659950256348e-01 3.366837501525878906e-01
8.969594240188598633e-01 6.939855813980102539e-01
5.821865200996398926e-01 5.319704413414001465e-01
2.665522135794162750e-02 5.041770339012145996e-01
2.791793942451477051e-01 4.179054200649261475e-01
2.602449655532836914e-01 3.230804502964019775e-01
2.442024648189544678e-01 2.632462792098522186e-02
3.441961109638214111e-01 5.942468047142028809e-01
1.637316793203353882e-01 7.854480743408203125e-01
6.232190728187561035e-01 9.214949607849121094e-01
8.358565568923950195e-01 7.439407706260681152e-01
6.777656078338623047e-01 3.308092355728149414e-01
4.665609076619148254e-02 4.359631538391113281e-01
4.363544285297393799e-01 1.703649759292602539e-01
9.792935848236083984e-01 2.478331178426742554e-01
6.493982672691345215e-01 7.920010685920715332e-01
4.556522667407989502e-01 7.988638281822204590e-01
1.217837855219841003e-01 9.943661689758300781e-01
3.970191776752471924e-01 1.918411105871200562e-01
9.261721372604370117e-02 9.901796579360961914e-01
4.043757915496826172e-02 2.565021514892578125e-01
1.325094252824783325e-01 5.416422486305236816e-01
4.371014237403869629e-01 9.591487646102905273e-01
3.054347336292266846e-01 2.510713040828704834e-01
2.966424524784088135e-01 3.619350194931030273e-01
7.670750021934509277e-01 1.204126700758934021e-01
4.546554386615753174e-02 7.334565520286560059e-01
7.742112278938293457e-01 9.878705143928527832e-01
3.247214555740356445e-01 6.650428175926208496e-01
3.028241097927093506e-01 6.044297814369201660e-01
3.916255831718444824e-01 1.140763685107231140e-01
1.781204044818878174e-01 1.650001704692840576e-01
5.939761996269226074e-01 2.394871115684509277e-01
4.297298789024353027e-01 4.447866231203079224e-02
9.542340636253356934e-01 4.487386643886566162e-01
7.592363357543945312e-01 6.644559502601623535e-01
9.009958505630493164e-01 1.599856317043304443e-01
3.723459318280220032e-02 1.817099899053573608e-01
5.945733189582824707e-01 6.730878353118896484e-02
7.131847143173217773e-01 8.339538574218750000e-01
9.208941459655761719e-01 5.959467887878417969e-01
2.058042436838150024e-01 6.788123250007629395e-01
4.090727865695953369e-01 3.436798751354217529e-01
6.685612201690673828e-01 3.094161450862884521e-01
7.578012347221374512e-02 6.623368263244628906e-01
1.695324331521987915e-01 3.028435111045837402e-01
7.924607992172241211e-01 1.303966641426086426e-01
5.745845437049865723e-01 2.868207395076751709e-01
4.832108318805694580e-01 5.211388468742370605e-01
6.533046960830688477e-01 9.515151381492614746e-01
3.825241327285766602e-01 7.484335899353027344e-01
7.943183183670043945e-01 1.250414997339248657e-01
5.905011296272277832e-01 7.446849346160888672e-01
9.347669482231140137e-01 6.213094592094421387e-01
7.692744135856628418e-01 3.506151735782623291e-01
7.128463387489318848e-01 5.363425016403198242e-01
7.378396391868591309e-01 2.324399948120117188e-01
8.894615173339843750e-01 2.402072846889495850e-01
6.806553155183792114e-02 8.592507839202880859e-01
4.374459981918334961e-01 9.600041508674621582e-01
6.098462939262390137e-01 1.060568094253540039e-01
6.357736587524414062e-01 4.205721616744995117e-01
5.047744512557983398e-01 7.815544009208679199e-01
4.108565151691436768e-01 2.145954966545104980e-01
7.619832158088684082e-01 3.119938969612121582e-01
5.892651081085205078e-01 4.268926978111267090e-01
2.568624317646026611e-01 6.761612892150878906e-01
1.002682447433471680e-01 7.140567898750305176e-01
2.532635629177093506e-01 5.628938078880310059e-01
6.237280964851379395e-01 2.929550409317016602e-01
4.204657077789306641e-01 6.738368868827819824e-01
3.506557941436767578e-01 8.609048277139663696e-02
1.112224236130714417e-01 9.121416807174682617e-01
1.514634024351835251e-02 2.812274098396301270e-01
9.012542366981506348e-01 2.315710186958312988e-01
4.068553447723388672e-01 3.031275868415832520e-01
6.093823313713073730e-01 9.281308650970458984e-01
1.546775102615356445e-01 9.860832691192626953e-01
1.114879399538040161e-01 6.380910277366638184e-01
9.793552160263061523e-01 7.407447099685668945e-01
6.018021609634160995e-03 5.770246386528015137e-01
9.866570681333541870e-02 4.308958649635314941e-01
2.517353296279907227e-01 3.830820620059967041e-01
9.447249174118041992e-01 5.708694085478782654e-02
4.694949090480804443e-01 3.090668916702270508e-01
3.766958117485046387e-01 1.963394731283187866e-01
2.195606827735900879e-01 1.513773482292890549e-02
8.089151978492736816e-01 4.432738721370697021e-01
6.646423339843750000e-01 3.516517952084541321e-02
7.965624332427978516e-01 3.531206250190734863e-01
1.513148993253707886e-01 4.813031256198883057e-01
7.014427334070205688e-02 2.389333993196487427e-01
6.110063195228576660e-01 1.777456104755401611e-01
5.652397274971008301e-01 2.932097017765045166e-01
6.523913741111755371e-01 2.435874380171298981e-02
9.734857678413391113e-01 7.392033338546752930e-01
3.837983310222625732e-01 5.513741970062255859e-01
5.439162850379943848e-01 3.029836714267730713e-01
1.127843335270881653e-01 1.242414936423301697e-01
2.350789755582809448e-01 9.451552033424377441e-01
1.857476979494094849e-01 8.818738460540771484e-01
6.658494472503662109e-01 2.498872429132461548e-01
5.339178442955017090e-01 4.738882482051849365e-01
9.480391740798950195e-01 5.017497539520263672e-01
9.758369326591491699e-01 5.669049620628356934e-01
7.823523879051208496e-01 9.266597628593444824e-01
8.877795934677124023e-01 6.898989081382751465e-01
2.025579363107681274e-01 1.603494882583618164e-01
8.740467429161071777e-01 9.902267456054687500e-01
2.144024223089218140e-01 6.470379233360290527e-01
8.456264138221740723e-01 2.388017326593399048e-01
6.273233294486999512e-01 5.753651857376098633e-01
2.587997913360595703e-02 3.124773502349853516e-01
4.302418231964111328e-01 3.666925057768821716e-02
4.455519020557403564e-01 8.086541295051574707e-01
8.351429104804992676e-01 4.398221671581268311e-01
6.702462434768676758e-01 9.334611296653747559e-01
5.544165968894958496e-01 9.212216734886169434e-02
1.752857118844985962e-02 4.945571720600128174e-01
1.358340531587600708e-01 4.629943966865539551e-01
9.769909828901290894e-02 8.515298962593078613e-01
5.638619661331176758e-01 5.685159564018249512e-01
7.263081669807434082e-01 2.309034317731857300e-01
5.824736952781677246e-01 1.711056083440780640e-01
6.145806908607482910e-01 3.340750932693481445e-01
2.317792177200317383e-01 2.667373716831207275e-01
2.618048787117004395e-01 6.328308582305908203e-02
7.937993407249450684e-01 1.808658242225646973e-01
1.700467914342880249e-01 8.521488308906555176e-02
9.954712986946105957e-01 6.944634318351745605e-01
7.709269523620605469e-01 9.097565412521362305e-01
8.097124099731445312e-01 4.242055118083953857e-01
2.736597061157226562e-01 8.506979942321777344e-01
6.764205694198608398e-01 4.901850223541259766e-01
4.014474451541900635e-01 5.902609825134277344e-01
1.078647896647453308e-01 3.325781598687171936e-02
4.960704445838928223e-01 2.346982210874557495e-01
3.763407170772552490e-01 3.638176023960113525e-01
3.689663112163543701e-01 3.558094203472137451e-01
1.590407490730285645e-01 9.545747637748718262e-01
6.387528181076049805e-01 3.792388737201690674e-01
7.482979893684387207e-01 9.919878840446472168e-02
3.478781878948211670e-01 8.906203508377075195e-02
6.983684897422790527e-01 9.431576132774353027e-01
2.176345326006412506e-02 3.858611881732940674e-01
3.835909962654113770e-01 2.629016637802124023e-01
2.815014123916625977e-01 1.923294514417648315e-01
4.836523532867431641e-01 9.518247246742248535e-01
7.207119464874267578e-01 7.675141096115112305e-01
3.539672195911407471e-01 5.516358613967895508e-01
7.361179590225219727e-01 9.323741197586059570e-01
4.489088058471679688e-01 7.519183158874511719e-01
4.628704488277435303e-01 8.918755054473876953e-01
6.261436343193054199e-01 2.910713255405426025e-01
5.331053733825683594e-01 5.619835853576660156e-01
1.652273535728454590e-01 1.620924174785614014e-01
8.374625444412231445e-01 8.502024412155151367e-01
2.047994285821914673e-01 3.872863650321960449e-01
8.648854494094848633e-01 1.907820627093315125e-02
6.381174325942993164e-01 4.793375730514526367e-01
8.167114257812500000e-01 3.160631358623504639e-01
7.952876091003417969e-01 9.479086995124816895e-01
1.030776426196098328e-01 2.719865143299102783e-01
7.831010222434997559e-02 1.955907344818115234e-01
5.123149752616882324e-01 2.235267907381057739e-01
2.465291321277618408e-01 8.073675632476806641e-01
5.812061429023742676e-01 5.232387781143188477e-01
7.927682995796203613e-01 9.464418292045593262e-01
6.065047979354858398e-01 3.742744326591491699e-01
1.921430528163909912e-01 1.571317315101623535e-01
3.575127720832824707e-01 6.658378839492797852e-01
6.066752076148986816e-01 8.335658311843872070e-01
1.211377792060375214e-02 6.577638387680053711e-01
2.192604243755340576e-01 1.613520532846450806e-01
4.180872067809104919e-02 1.894929111003875732e-01
6.970259547233581543e-01 8.913579583168029785e-01
7.840303182601928711e-01 9.572735428810119629e-01
7.718888521194458008e-01 8.802228420972824097e-02
6.548253297805786133e-01 2.358914120122790337e-03
7.168447375297546387e-01 3.522324860095977783e-01
3.077442944049835205e-01 4.458250403404235840e-01
2.715144455432891846e-01 7.698764204978942871e-01
9.956190735101699829e-02 3.625126183032989502e-01
9.999395608901977539e-01 2.905386984348297119e-01
3.203164935111999512e-01 7.646588683128356934e-01
8.572925329208374023e-01 7.871643304824829102e-01
5.460153818130493164e-01 2.694953978061676025e-01
7.156806588172912598e-01 4.870430529117584229e-01
6.948070526123046875e-01 8.535072803497314453e-01
4.165850281715393066e-01 3.743579387664794922e-01
6.501427888870239258e-01 6.990192458033561707e-03
9.457015991210937500e-01 3.930997848510742188e-02
5.581699013710021973e-01 9.982521533966064453e-01
7.617728710174560547e-01 8.392471671104431152e-01
4.699198603630065918e-01 8.793051242828369141e-01
8.399601578712463379e-01 9.339816570281982422e-01
7.548754215240478516e-01 8.316692709922790527e-01
1.931687593460083008e-01 2.914468348026275635e-01
5.720539093017578125e-01 4.477778375148773193e-01
7.074777781963348389e-02 9.425743818283081055e-01
6.460319161415100098e-01 9.345430731773376465e-01
5.222439169883728027e-01 2.651196122169494629e-01
2.146649211645126343e-01 8.371338248252868652e-01
9.431659430265426636e-02 5.088083744049072266e-01
3.285869061946868896e-01 4.429070055484771729e-01
4.875843226909637451e-01 4.015583097934722900e-01
3.723570611327886581e-03 7.479490637779235840e-01
1.114695146679878235e-01 2.779734432697296143e-01
3.974004387855529785e-01 6.622547507286071777e-01
4.092858731746673584e-01 2.877123057842254639e-01
9.104564785957336426e-01 7.832657694816589355e-01
2.618430554866790771e-01 1.731520742177963257e-01
9.508423209190368652e-01 4.997628927230834961e-01
4.875183105468750000e-01 8.597013354301452637e-01
5.285022258758544922e-01 4.036090970039367676e-01
4.753820598125457764e-01 2.843968756496906281e-02
5.001079440116882324e-01 4.032464623451232910e-01
5.484744310379028320e-01 1.613776683807373047e-01
9.999142289161682129e-01 8.847207427024841309e-01
1.545784473419189453e-01 5.539971590042114258e-01
3.606881499290466309e-01 1.844178587198257446e-01
1.274449098855257034e-02 3.768875598907470703e-01
2.026882953941822052e-02 3.254342973232269287e-01
4.356088638305664062e-01 1.966463625431060791e-01
6.390112042427062988e-01 2.453356385231018066e-01
7.856409549713134766e-01 8.497071862220764160e-01
6.302666068077087402e-01 2.340051233768463135e-01
5.799428224563598633e-01 1.309652924537658691e-01
9.300844073295593262e-01 7.858282327651977539e-01
2.072197049856185913e-01 4.925561845302581787e-01
9.919590950012207031e-01 3.739551603794097900e-01
3.735262751579284668e-01 2.702860832214355469e-01
8.462110757827758789e-01 9.983455538749694824e-01
9.517284035682678223e-01 2.957552671432495117e-01
6.847892403602600098e-01 8.264719247817993164e-01
1.634911820292472839e-02 7.623070478439331055e-02
2.144252508878707886e-01 8.260366320610046387e-01
9.988209009170532227e-01 8.269973993301391602e-01
3.889469206333160400e-01 8.795359730720520020e-02
4.284026622772216797e-01 4.567674696445465088e-01
3.408575356006622314e-01 4.874610602855682373e-01
7.235505580902099609e-01 1.831710487604141235e-01
4.354655146598815918e-01 6.616412997245788574e-01
4.225018322467803955e-01 9.099646806716918945e-01
9.982843995094299316e-01 4.868331551551818848e-02
3.550008237361907959e-01 9.743067026138305664e-01
5.050954222679138184e-01 7.983759641647338867e-01
1.357500255107879639e-01 2.075647413730621338e-01
1.437303572893142700e-01 5.315183997154235840e-01
7.082237601280212402e-01 7.917146384716033936e-02
1.520189493894577026e-01 9.122895598411560059e-01
6.949437260627746582e-01 9.908375144004821777e-01
3.356604874134063721e-01 8.387283086776733398e-01
8.234876990318298340e-01 9.426791071891784668e-01
7.312912940979003906e-01 6.254714727401733398e-01
1.069544553756713867e-01 7.883421182632446289e-01
5.345945954322814941e-01 2.719707489013671875e-01
8.373410105705261230e-01 4.487679898738861084e-01
1.034678816795349121e-01 3.438610732555389404e-01
2.931332290172576904e-01 7.929689884185791016e-01
8.273126482963562012e-01 8.864771723747253418e-01
6.389985084533691406e-01 8.539450168609619141e-01
9.138338565826416016e-01 4.839114546775817871e-01
4.866573214530944824e-01 1.487834155559539795e-01
9.732311964035034180e-01 3.221043646335601807e-01
6.709636449813842773e-01 9.345201253890991211e-01
9.068471193313598633e-01 6.797049641609191895e-01
8.926950097084045410e-01 9.890556931495666504e-01
7.171116024255752563e-02 1.436071544885635376e-01
4.258694872260093689e-02 2.357911616563796997e-01
3.079945743083953857e-01 4.981427490711212158e-01
9.926182627677917480e-01 3.495622277259826660e-01
6.825342178344726562e-01 2.798926234245300293e-01
9.319090843200683594e-01 2.397092431783676147e-01
7.290993928909301758e-01 3.767547011375427246e-01
3.170437812805175781e-01 3.416263759136199951e-01
9.743415713310241699e-01 2.561280131340026855e-02
8.355780243873596191e-01 2.594036161899566650e-01
3.259473741054534912e-01 2.339764386415481567e-01
5.640954971313476562e-01 4.442576169967651367e-01
3.494778275489807129e-01 7.665190100669860840e-02
4.498657584190368652e-01 6.574108600616455078e-01
4.886167943477630615e-01 4.514696300029754639e-01
9.476477503776550293e-01 8.372078090906143188e-02
2.663810551166534424e-01 1.239092871546745300e-01
6.031098961830139160e-01 9.886714220046997070e-01
5.499266982078552246e-01 2.749807834625244141e-01
6.407532095909118652e-01 3.104568719863891602e-01
2.278211265802383423e-01 7.197987437248229980e-01
3.484870791435241699e-01 3.309108912944793701e-01
3.688504695892333984e-01 6.865217089653015137e-01
9.266846179962158203e-01 3.649900853633880615e-01
9.063405394554138184e-01 1.896727234125137329e-01
5.817034244537353516e-01 6.119465231895446777e-01
1.720687374472618103e-03 2.664512395858764648e-01
1.942559778690338135e-01 9.122417569160461426e-01
6.556443572044372559e-01 2.900459468364715576e-01
1.164671182632446289e-01 2.347617149353027344e-01
2.687741518020629883e-01 2.587805092334747314e-01
7.760332822799682617e-01 9.414510726928710938e-01
8.843895792961120605e-01 5.528771281242370605e-01
3.590324521064758301e-02 5.533910989761352539e-01
1.433995813131332397e-01 4.909401386976242065e-02
1.054929941892623901e-01 8.280732631683349609e-01
5.589628815650939941e-01 1.978624612092971802e-01
6.362159252166748047e-01 2.101999223232269287e-01
9.816411137580871582e-01 8.915932774543762207e-01
5.872154831886291504e-01 9.558728933334350586e-01
3.569760173559188843e-02 9.182631373405456543e-01
1.476198434829711914e-01 6.431581974029541016e-01
8.714706301689147949e-01 8.751984238624572754e-01
3.407530188560485840e-01 1.714424341917037964e-01
5.863049626350402832e-01 9.315922856330871582e-01
4.710478782653808594e-01 1.821146756410598755e-01
8.959358930587768555e-01 7.995803952217102051e-01
7.365182638168334961e-01 6.098523736000061035e-01
4.893541634082794189e-01 9.795749187469482422e-01
4.999103248119354248e-01 7.110310196876525879e-01
2.193317860364913940e-01 6.127505898475646973e-01
5.237429961562156677e-02 1.565372049808502197e-01
6.187334060668945312e-01 1.651557385921478271e-01
8.020012974739074707e-01 8.816953301429748535e-01
4.498361051082611084e-01 6.432281732559204102e-01
8.452530503273010254e-01 3.888286650180816650e-01
7.941419482231140137e-01 1.932169348001480103e-01
2.964782118797302246e-01 4.207194447517395020e-01
1.912688612937927246e-01 3.990669250488281250e-01
1.436524838209152222e-01 6.592565029859542847e-02
1.732639968395233154e-01 4.482302665710449219e-01
1.887754052877426147e-01 8.791329860687255859e-01
6.537703275680541992e-01 6.951895952224731445e-01
9.449329972267150879e-01 4.197061061859130859e-01
6.091960668563842773e-01 9.374594688415527344e-01
1.636284440755844116e-01 8.403846025466918945e-01
5.233031511306762695e-01 9.078017473220825195e-01
1.817504316568374634e-01 4.249838590621948242e-01
3.018538653850555420e-01 9.476381540298461914e-01
1.266461610794067383e-02 2.348492294549942017e-01
9.994584918022155762e-01 2.341695874929428101e-01
9.159586429595947266e-01 3.325212299823760986e-01
4.292663037776947021e-01 4.898063540458679199e-01
3.807300031185150146e-01 5.656336545944213867e-01
2.623001039028167725e-01 9.438962936401367188e-01
4.517157971858978271e-01 9.826666712760925293e-01
1.309054493904113770e-01 8.354271054267883301e-01
1.716640144586563110e-01 1.219840198755264282e-01
6.304845213890075684e-02 8.377617597579956055e-01
8.523494601249694824e-01 5.833399891853332520e-01
3.926075994968414307e-01 8.033822178840637207e-01
9.806814193725585938e-01 6.473926901817321777e-01
2.748191058635711670e-01 4.803218841552734375e-01
1.925390064716339111e-01 4.965830445289611816e-01
2.572968602180480957e-01 6.123532056808471680e-01
8.010029196739196777e-01 9.822798371315002441e-01
8.969886898994445801e-01 3.280264139175415039e-01
8.507218956947326660e-01 6.404421329498291016e-01
5.268228426575660706e-02 5.446186661720275879e-01
2.053792476654052734e-01 1.793070286512374878e-01
2.815727293491363525e-01 1.338814646005630493e-01
4.286496639251708984e-01 4.258899390697479248e-01
9.195426106452941895e-01 1.682815849781036377e-01
9.266538619995117188e-01 4.011966884136199951e-01
3.788668215274810791e-01 3.118777573108673096e-01
5.154496431350708008e-01 8.203576803207397461e-01
3.667070567607879639e-01 2.436934262514114380e-01
2.692010402679443359e-01 5.448167212307453156e-03
2.369232326745986938e-01 6.370663642883300781e-01
6.810933351516723633e-01 5.791648626327514648e-01
9.213050454854965210e-02 4.254296422004699707e-01
1.547426432371139526e-01 3.171027600765228271e-01
6.358336210250854492e-01 9.722829461097717285e-01
5.813338160514831543e-01 7.995693683624267578e-01
3.729126751422882080e-01 3.233467936515808105e-01
7.493354678153991699e-01 6.017670035362243652e-01
5.797825455665588379e-01 5.571279525756835938e-01
9.160895943641662598e-01 5.580298304557800293e-01
5.690850019454956055e-01 9.882913231849670410e-01
1.570593863725662231e-01 9.248618483543395996e-01
6.837127208709716797e-01 1.244614124298095703e-01
3.371244668960571289e-01 9.231888651847839355e-01
9.063754081726074219e-01 4.528564866632223129e-03
1.953549832105636597e-01 8.150193095207214355e-01
7.111051678657531738e-01 6.336771249771118164e-01
1.679035276174545288e-01 8.952040672302246094e-01
8.057919740676879883e-01 2.507416009902954102e-01
5.548245310783386230e-01 7.243856787681579590e-01
2.967896163463592529e-01 4.367853999137878418e-01
4.257466495037078857e-01 4.387544468045234680e-02
8.384613990783691406e-01 6.408945322036743164e-01
5.637182593345642090e-01 8.285303115844726562e-01
4.378553926944732666e-01 2.699083983898162842e-01
3.921582996845245361e-01 8.455255031585693359e-01
4.318376481533050537e-01 7.510355710983276367e-01
4.433234035968780518e-02 5.910683274269104004e-01
6.928160786628723145e-01 6.074386239051818848e-01
8.578739166259765625e-01 4.425171017646789551e-01
2.931371629238128662e-01 9.249744415283203125e-01
9.889061003923416138e-02 8.490505218505859375e-01
9.005776047706604004e-01 7.842873334884643555e-01
3.715623021125793457e-01 5.061560273170471191e-01
1.393227465450763702e-02 2.602680623531341553e-01
3.719051778316497803e-01 2.429901808500289917e-01
4.352273046970367432e-01 7.095702886581420898e-01
7.563429474830627441e-01 6.249097585678100586e-01
9.194829463958740234e-01 5.077342391014099121e-01
3.195905983448028564e-01 7.422779686748981476e-03
2.305820435285568237e-01 7.853333353996276855e-01
4.009700417518615723e-01 3.609485924243927002e-01
4.854120612144470215e-01 5.969011187553405762e-01
1.918605864048004150e-01 2.960960380733013153e-02
8.650673031806945801e-01 4.706655442714691162e-02
8.391205668449401855e-01 6.758269667625427246e-01
3.108314871788024902e-01 5.825181007385253906e-01
9.385684132575988770e-01 3.143664449453353882e-02
4.841282367706298828e-01 9.768637269735336304e-02
4.746514856815338135e-01 2.316996157169342041e-01
6.728406548500061035e-01 2.798646986484527588e-01
5.271333456039428711e-01 2.136219590902328491e-01
2.131373435258865356e-01 2.335856854915618896e-01
8.156070709228515625e-01 6.718249642290174961e-04
7.909662723541259766e-01 5.019954442977905273e-01
6.267021298408508301e-01 8.665127158164978027e-01
3.001290559768676758e-01 9.439885616302490234e-02
4.587779939174652100e-01 6.058613657951354980e-01
8.056145906448364258e-01 3.816723451018333435e-02
2.395137697458267212e-01 7.482960820198059082e-01
7.205342054367065430e-01 2.902585566043853760e-01
9.929769635200500488e-01 6.632565259933471680e-01
2.292646616697311401e-01 8.166759610176086426e-01
5.572634339332580566e-01 9.622170925140380859e-01
8.191699385643005371e-01 5.350031256675720215e-01
5.514914393424987793e-01 9.724743366241455078e-01
3.003400266170501709e-01 9.692430496215820312e-01
9.007695913314819336e-01 9.993419647216796875e-01
1.463596969842910767e-01 4.840235114097595215e-01
4.875748418271541595e-03 3.281256258487701416e-01
8.876847624778747559e-01 6.080961823463439941e-01
5.257577896118164062e-01 5.419005751609802246e-01
6.098612025380134583e-02 4.783650338649749756e-01
8.787680864334106445e-01 9.806438088417053223e-01
4.551731646060943604e-01 8.857033252716064453e-01
4.916289746761322021e-01 3.614083230495452881e-01
2.081112861633300781e-01 9.838356375694274902e-01
3.883784413337707520e-01 3.695150315761566162e-01
2.873326838016510010e-02 4.886454343795776367e-02
3.986913859844207764e-01 6.396660208702087402e-01
9.294949173927307129e-01 9.223318099975585938e-01
6.190847158432006836e-01 4.622699320316314697e-02
3.544300794601440430e-01 1.451538205146789551e-01
2.894845902919769287e-01 7.706788182258605957e-01
1.858112215995788574e-01 8.457255959510803223e-01
4.565055072307586670e-01 7.237816601991653442e-02
4.118833839893341064e-01 5.065480470657348633e-01
2.675656378269195557e-01 3.282260596752166748e-01
7.036217451095581055e-01 1.662997752428054810e-01
1.426374614238739014e-01 3.042446374893188477e-01
8.837119936943054199e-01 4.699128866195678711e-01
6.277940869331359863e-01 9.896987676620483398e-01
7.998107075691223145e-01 8.083075284957885742e-01
8.250895738601684570e-01 8.088766336441040039e-01
5.432151556015014648e-01 7.847000360488891602e-01
1.786137819290161133e-01 7.216215133666992188e-01
9.669625759124755859e-01 5.439937114715576172e-01
8.243193626403808594e-01 1.841832399368286133e-01
2.255286425352096558e-01 8.679255843162536621e-01
2.911451458930969238e-01 8.190804719924926758e-01
9.728741645812988281e-01 7.019525766372680664e-01
5.090230703353881836e-01 4.211236238479614258e-01
5.686408877372741699e-01 9.008520245552062988e-01
9.346852898597717285e-01 9.733273764140903950e-04
7.240294218063354492e-01 5.483568310737609863e-01
7.430268079042434692e-02 6.621115803718566895e-01
7.169681787490844727e-01 6.418750286102294922e-01
8.144101500511169434e-01 6.570623517036437988e-01
1.247179955244064331e-01 1.751921256072819233e-03
8.332859277725219727e-01 3.167524700984358788e-03
2.350081503391265869e-01 4.064887166023254395e-01
9.568411707878112793e-01 1.793494075536727905e-02
8.990228176116943359e-01 8.957155793905258179e-02
5.443124771118164062e-01 9.064341187477111816e-01
9.373280405998229980e-01 5.428473353385925293e-01
1.310429424047470093e-01 7.173937559127807617e-01
6.473008394241333008e-01 9.277821779251098633e-01
8.523389101028442383e-01 3.988166749477386475e-01
8.319582939147949219e-01 8.378276228904724121e-02
6.633749008178710938e-01 8.218966722488403320e-01
4.540228247642517090e-01 5.220761299133300781e-01
5.538377761840820312e-01 5.720029473304748535e-01
5.294526219367980957e-01 3.767338395118713379e-02
7.170938253402709961e-01 1.627088338136672974e-01
5.925691127777099609e-01 5.351319909095764160e-02
6.233900785446166992e-01 4.771764576435089111e-01
1.392878293991088867e-01 9.096215665340423584e-02
8.753681778907775879e-01 1.002665162086486816e-01
6.316062211990356445e-01 7.457529306411743164e-01
5.754244923591613770e-01 9.851158261299133301e-01
8.024762272834777832e-01 6.497618556022644043e-01
7.557806372642517090e-02 3.852820694446563721e-01
7.795351743698120117e-01 7.001495957374572754e-01
4.718738794326782227e-01 7.943093776702880859e-01
5.745872259140014648e-01 6.273287534713745117e-01
8.488706946372985840e-01 3.073071837425231934e-01
2.044770866632461548e-01 7.656145691871643066e-01
3.065201342105865479e-01 8.353500366210937500e-01
5.685721039772033691e-01 7.611453533172607422e-01
7.714711427688598633e-01 7.559214234352111816e-01
2.222409546375274658e-01 6.500315666198730469e-01
3.734198212623596191e-01 6.715831905603408813e-02
8.621931076049804688e-01 9.011113047599792480e-01
1.774340271949768066e-01 7.521883845329284668e-01
4.726395905017852783e-01 3.015788197517395020e-01
4.856984913349151611e-01 6.049752235412597656e-01
9.963538646697998047e-01 2.045427709817886353e-01
7.701236605644226074e-01 2.825333476066589355e-01
6.341320872306823730e-01 7.018848061561584473e-01
6.776838898658752441e-01 1.386496424674987793e-01
5.819843411445617676e-01 4.019726216793060303e-01
9.259642660617828369e-02 5.703735351562500000e-01
9.253450036048889160e-01 7.338802814483642578e-01
1.207104474306106567e-01 2.067144066095352173e-01
6.415061950683593750e-01 3.364813625812530518e-01
6.248678565025329590e-01 1.295077204704284668e-01
4.449463188648223877e-01 4.249033629894256592e-01
8.715367913246154785e-01 6.367490291595458984e-01
8.538044095039367676e-01 4.018419682979583740e-01
8.258134722709655762e-01 4.282462894916534424e-01
6.053144931793212891e-01 4.685024023056030273e-01
9.120261073112487793e-01 3.892042636871337891e-01
8.435463905334472656e-01 2.681146264076232910e-01
3.654642105102539062e-01 5.317510366439819336e-01
6.088931560516357422e-01 1.800716966390609741e-01
1.889055371284484863e-01 5.803605318069458008e-01
2.872148752212524414e-01 4.534989595413208008e-01
5.337083935737609863e-01 8.471402525901794434e-01
3.916064798831939697e-01 9.315714240074157715e-01
3.641639351844787598e-01 8.747730851173400879e-01
6.831497699022293091e-02 3.752069473266601562e-01
7.762008905410766602e-01 7.557159662246704102e-01
1.249798312783241272e-01 6.638111919164657593e-02
7.322470545768737793e-01 5.690835714340209961e-01
4.177167080342769623e-03 4.437981843948364258e-01
4.011009931564331055e-01 1.690885424613952637e-01
2.262673676013946533e-01 1.575406081974506378e-02
1.610669046640396118e-01 7.310432791709899902e-01
3.814663290977478027e-01 4.939160645008087158e-01
4.031097888946533203e-01 4.331931769847869873e-01
1.944164633750915527e-01 9.793764352798461914e-01
9.296808838844299316e-01 5.913041234016418457e-01
4.713916480541229248e-01 9.374979138374328613e-01
7.987267524003982544e-02 7.078843712806701660e-01
2.621888369321823120e-02 6.754855513572692871e-01
2.069217562675476074e-01 5.978898406028747559e-01
7.160693407058715820e-01 3.293156027793884277e-01
4.994007647037506104e-01 5.340733528137207031e-01
4.230514168739318848e-01 4.089091718196868896e-01
7.938966751098632812e-01 2.827743291854858398e-01
3.718155324459075928e-01 8.247329592704772949e-01
5.973727703094482422e-01 1.597561687231063843e-01
8.603119254112243652e-01 6.164693236351013184e-01
2.533058822154998779e-01 3.670906722545623779e-01
4.850087165832519531e-01 8.236373066902160645e-01
9.151787161827087402e-01 1.128492206335067749e-01
9.613003730773925781e-01 3.067098855972290039e-01
2.418390214443206787e-01 3.836603164672851562e-01
6.594452261924743652e-01 4.384132027626037598e-01
8.904021978378295898e-01 2.965616285800933838e-01
4.950886070728302002e-01 7.145900130271911621e-01
9.659246802330017090e-01 5.891926884651184082e-01
9.649277329444885254e-01 7.299929857254028320e-01
3.188914805650711060e-02 7.029880285263061523e-01
7.327431440353393555e-01 9.286023378372192383e-01
2.146960198879241943e-01 1.223809719085693359e-01
2.528162002563476562e-01 2.365154027938842773e-01
2.920089066028594971e-01 7.472347617149353027e-01
5.125017762184143066e-01 7.539485692977905273e-01
5.119669437408447266e-01 1.058094017207622528e-02
9.305457472801208496e-01 1.829390674829483032e-01
4.247551560401916504e-01 6.663590073585510254e-01
1.610932499170303345e-01 9.960671514272689819e-02
4.427885711193084717e-01 5.495765209197998047e-01
2.511791586875915527e-01 5.564249157905578613e-01
1.444707512855529785e-01 5.632392764091491699e-01
7.653754949569702148e-01 1.844222284853458405e-02
3.064456582069396973e-01 1.024233102798461914e-01
4.394332468509674072e-01 3.534491658210754395e-01
6.935806572437286377e-02 5.287361517548561096e-02
5.186541676521301270e-01 1.170218735933303833e-01
6.469692587852478027e-01 1.976645141839981079e-01
3.651520907878875732e-01 4.343957602977752686e-01
5.001404881477355957e-01 8.385324478149414062e-01
1.564152240753173828e-01 1.228655874729156494e-01
9.029614925384521484e-01 7.407791018486022949e-01
8.074564933776855469e-01 7.574813812971115112e-02
9.269369244575500488e-01 2.989114820957183838e-01
7.310981154441833496e-01 9.355655312538146973e-01
6.397955417633056641e-01 4.444653391838073730e-01
9.039409756660461426e-01 6.037714481353759766e-01
7.831500172615051270e-01 1.142914295196533203e-01
5.724863409996032715e-01 2.476537972688674927e-01
1.001669317483901978e-01 7.187583446502685547e-01
8.269340991973876953e-01 8.572523593902587891e-01
9.542878866195678711e-01 4.223920870572328568e-03
1.335929781198501587e-01 6.053978800773620605e-01
4.072546362876892090e-01 3.654514849185943604e-01
8.965621143579483032e-02 2.337849587202072144e-01
9.255046844482421875e-01 8.724988698959350586e-01
8.173922300338745117e-01 6.760264635086059570e-01
2.533889114856719971e-01 8.209260702133178711e-01
7.567778825759887695e-01 7.308022379875183105e-01
1.640028208494186401e-01 2.364133298397064209e-01
3.258217871189117432e-01 4.580594003200531006e-01
2.400699257850646973e-01 2.196383923292160034e-01
3.463427424430847168e-01 6.111323237419128418e-01
8.088044077157974243e-02 6.442933082580566406e-01
8.934528231620788574e-01 5.618554353713989258e-01
9.256876707077026367e-01 1.792747229337692261e-01
7.359772324562072754e-01 4.620499908924102783e-01
7.004436254501342773e-01 7.272685170173645020e-01
3.259373009204864502e-01 2.576071619987487793e-01
3.596059679985046387e-01 1.044066399335861206e-01
4.710708856582641602e-01 9.074204564094543457e-01
4.355622231960296631e-01 3.633035123348236084e-01
3.446579575538635254e-01 6.166800260543823242e-01
5.578103661537170410e-01 7.557132244110107422e-01
2.239147573709487915e-01 8.200302720069885254e-01
9.641373753547668457e-01 7.673243880271911621e-01
5.650365948677062988e-01 3.588175475597381592e-01
6.011970043182373047e-01 9.809767603874206543e-01
1.573970615863800049e-01 1.896214634180068970e-01
2.642088197171688080e-02 5.340663194656372070e-01
2.377522885799407959e-01 1.170635074377059937e-01
3.849907517433166504e-01 5.473002195358276367e-01
3.197890520095825195e-01 6.257153749465942383e-01
4.871395230293273926e-01 1.759056746959686279e-01
5.045317411422729492e-01 6.553488969802856445e-01
6.076317429542541504e-01 7.907844781875610352e-01
4.614748954772949219e-01 8.476278185844421387e-01
9.546040296554565430e-01 3.678050041198730469e-01
8.312482833862304688e-01 2.598750293254852295e-01
5.199976563453674316e-01 9.407631158828735352e-01
2.168594747781753540e-01 9.268598556518554688e-01
1.523987501859664917e-01 2.149880975484848022e-01
2.314809709787368774e-01 1.377893537282943726e-01
9.562839865684509277e-01 3.796926140785217285e-01
4.166785180568695068e-01 2.295124232769012451e-01
7.119250297546386719e-01 2.207236588001251221e-01
5.781914591789245605e-01 2.433612383902072906e-02
1.574597209692001343e-01 2.401407659053802490e-01
4.024647641927003860e-04 8.429901003837585449e-01
6.573764681816101074e-01 9.135279059410095215e-01
5.568751096725463867e-01 9.365033507347106934e-01
2.722006440162658691e-01 4.818753004074096680e-01
7.296602725982666016e-01 5.189416185021400452e-02
8.043120503425598145e-01 5.877528190612792969e-01
9.452409744262695312e-01 5.173221826553344727e-01
2.738009393215179443e-01 9.566035121679306030e-02
6.568049192428588867e-01 8.720498085021972656e-01
7.697962522506713867e-01 3.140388429164886475e-01
2.996581196784973145e-01 6.801208853721618652e-01
3.161607682704925537e-01 5.438006520271301270e-01
4.119356870651245117e-01 4.440281987190246582e-01
9.191704392433166504e-01 2.776977717876434326e-01
7.031669020652770996e-01 4.421576261520385742e-01
1.806239932775497437e-01 9.588515162467956543e-01
9.193555116653442383e-01 7.972956299781799316e-01
8.800323009490966797e-01 4.759261608123779297e-01
3.205849602818489075e-02 4.671639204025268555e-01
6.559947729110717773e-01 1.510167270898818970e-01
3.167918324470520020e-01 5.350545048713684082e-01
4.091672301292419434e-01 9.633460640907287598e-01
9.823483973741531372e-02 6.241170167922973633e-01
3.313666284084320068e-01 9.985433220863342285e-01
9.616912007331848145e-01 7.527981996536254883e-01
5.063015818595886230e-01 1.838760683313012123e-03
3.776529431343078613e-01 8.872157335281372070e-01
9.146614670753479004e-01 5.537334084510803223e-01
7.275211811065673828e-01 4.181351065635681152e-01
3.218262195587158203e-01 4.500246644020080566e-01
9.147956967353820801e-03 9.965407848358154297e-01
6.961773633956909180e-01 2.839458882808685303e-01
5.877460837364196777e-01 5.483667552471160889e-02
3.448566496372222900e-01 1.514371186494827271e-01
9.622767567634582520e-01 4.959715008735656738e-01
6.558103561401367188e-01 2.188289910554885864e-01
4.667253196239471436e-01 9.279430508613586426e-01
8.222193121910095215e-01 2.986278235912322998e-01
9.819198250770568848e-01 2.165242582559585571e-01
1.798011213541030884e-01 8.214405179023742676e-01
1.230306997895240784e-01 3.563862740993499756e-01
7.452883720397949219e-01 6.206983327865600586e-01
9.948703646659851074e-01 3.350601792335510254e-01
3.595809638500213623e-01 7.254918813705444336e-01
1.704543083906173706e-01 1.605696082115173340e-01
4.906638860702514648e-01 1.667204126715660095e-02
5.510280728340148926e-01 8.945338129997253418e-01
5.256424546241760254e-01 2.768181562423706055e-01
6.562770605087280273e-01 1.853135228157043457e-01
1.709865480661392212e-01 9.968823194503784180e-01
3.637104630470275879e-01 3.426339328289031982e-01
7.899662852287292480e-01 7.263866066932678223e-01
7.888600230216979980e-01 8.147748112678527832e-01
9.579641222953796387e-01 2.062302380800247192e-01
9.407600760459899902e-01 1.049452945590019226e-01
5.961617231369018555e-01 5.377815365791320801e-01
9.467726945877075195e-01 6.496148705482482910e-01
5.595173239707946777e-01 3.243581950664520264e-01
4.007231295108795166e-01 3.847083449363708496e-01
5.952858924865722656e-01 5.105020403861999512e-01
5.188036561012268066e-01 8.982449769973754883e-02
2.934169471263885498e-01 9.191372990608215332e-01
4.507122337818145752e-01 2.643199265003204346e-01
5.780665278434753418e-01 2.773328721523284912e-01
3.444376587867736816e-01 5.788142085075378418e-01
6.462562680244445801e-01 5.962744951248168945e-01
1.353477537631988525e-01 4.515072405338287354e-01
2.521946728229522705e-01 5.763029679656028748e-02
3.723117709159851074e-01 8.742616176605224609e-01
1.448016166687011719e-01 9.230291247367858887e-01
1.154567226767539978e-01 4.658025205135345459e-01
7.312291860580444336e-01 2.090317606925964355e-01
4.154186546802520752e-01 2.233384102582931519e-01
6.297622323036193848e-01 6.514664292335510254e-01
2.722574956715106964e-02 2.804735302925109863e-01
2.143104523420333862e-01 9.455628991127014160e-01
3.914967477321624756e-01 3.183801174163818359e-01
2.787464261054992676e-01 7.357915639877319336e-01
7.554652094841003418e-01 9.679737091064453125e-01
5.727530121803283691e-01 3.300201594829559326e-01
9.348909258842468262e-01 7.060079574584960938e-01
5.635072588920593262e-01 1.784366369247436523e-01
8.430497646331787109e-01 9.711298346519470215e-01
8.337559103965759277e-01 1.490993704646825790e-02
7.942484021186828613e-01 9.461353421211242676e-01
2.185963392257690430e-01 5.706715583801269531e-01
5.805860161781311035e-01 2.738266289234161377e-01
8.589704036712646484e-01 1.446054689586162567e-02
7.785806804895401001e-02 9.200856685638427734e-01
6.043562293052673340e-01 1.325694322586059570e-01
8.139080405235290527e-01 3.970277030020952225e-03
1.860261261463165283e-01 5.573247671127319336e-01
7.124485373497009277e-01 9.376533031463623047e-01
9.082186222076416016e-01 8.623834252357482910e-01
2.158725410699844360e-01 4.452041387557983398e-01
2.952058613300323486e-01 6.432250142097473145e-02
5.010940432548522949e-01 9.418898224830627441e-01
6.455440074205398560e-02 3.728105127811431885e-01
7.638021558523178101e-02 1.995257288217544556e-01
9.769778847694396973e-01 2.230013161897659302e-01
5.189367532730102539e-01 1.836434602737426758e-01
5.665401220321655273e-01 8.067030906677246094e-01
