8.935407996177673340e-01 9.477120637893676758e-01
6.135516762733459473e-01 2.531178593635559082e-01
8.517078757286071777e-01 4.535142481327056885e-01
1.470165997743606567e-01 9.640695452690124512e-01
6.128149032592773438e-01 7.724233865737915039e-01
8.977900147438049316e-01 3.281522393226623535e-01
3.566585779190063477e-01 7.740499377250671387e-01
7.878515124320983887e-01 9.879131913185119629e-01
5.053877234458923340e-01 2.248880565166473389e-01
6.237660646438598633e-01 6.071369051933288574e-01
8.195582628250122070e-01 3.451917171478271484e-01
2.010840326547622681e-01 8.484501838684082031e-01
1.409240365028381348e-01 4.279426634311676025e-01
1.043040584772825241e-02 8.059656620025634766e-01
8.293393254280090332e-01 8.791111111640930176e-01
5.297126173973083496e-01 6.288519501686096191e-01
9.026108980178833008e-01 5.310872793197631836e-01
3.919866979122161865e-01 2.559669911861419678e-01
3.437101840972900391e-01 5.460119247436523438e-01
2.727925181388854980e-01 8.227806687355041504e-01
4.031378626823425293e-01 7.731814384460449219e-01
9.858630895614624023e-01 5.980458259582519531e-01
5.720828771591186523e-01 5.223765373229980469e-01
3.071353733539581299e-01 3.640021681785583496e-01
3.460850119590759277e-01 4.717152416706085205e-01
9.577745199203491211e-02 2.858021855354309082e-01
8.256794810295104980e-01 6.529592871665954590e-01
8.143685460090637207e-01 1.104482337832450867e-01
7.564805746078491211e-01 9.120191931724548340e-01
3.295821547508239746e-01 9.164916872978210449e-01
3.362348377704620361e-01 5.973066091537475586e-01
2.290032356977462769e-01 9.209996461868286133e-01
3.015041649341583252e-01 1.578330695629119873e-01
1.987223327159881592e-01 3.190927803516387939e-01
7.017088532447814941e-01 8.010675907135009766e-01
9.139605760574340820e-01 4.741979837417602539e-01
4.717026054859161377e-01 7.774292230606079102e-01
8.833859562873840332e-01 9.617829322814941406e-01
6.570519804954528809e-01 9.684430956840515137e-01
6.245481222867965698e-02 9.592480063438415527e-01
6.458743810653686523e-01 9.023290872573852539e-01
6.762640476226806641e-01 8.028228878974914551e-01
1.936582773923873901e-01 4.294624626636505127e-01
3.639613687992095947e-01 1.219538040459156036e-02
3.463199734687805176e-01 6.442714929580688477e-01
8.355804681777954102e-01 8.213779330253601074e-01
6.166926622390747070e-01 5.907342433929443359e-01
1.749423705041408539e-02 6.096034646034240723e-01
8.219767808914184570e-01 8.014075756072998047e-01
4.393854141235351562e-01 3.645507395267486572e-01
7.929105758666992188e-01 1.819111555814743042e-01
4.170263111591339111e-01 5.591662526130676270e-01
4.627071917057037354e-01 8.984039425849914551e-01
6.679446995258331299e-02 2.192563712596893311e-01
9.091054201126098633e-01 6.876329779624938965e-01
6.858100295066833496e-01 2.869493067264556885e-01
5.040627717971801758e-01 3.293454647064208984e-01
9.825997948646545410e-01 9.600867033004760742e-01
6.462087035179138184e-01 6.952464580535888672e-01
4.636088013648986816e-01 9.305137395858764648e-01
8.783869147300720215e-01 6.339968442916870117e-01
8.508323431015014648e-01 5.978085398674011230e-01
5.766984224319458008e-01 2.338767945766448975e-01
9.195621609687805176e-01 7.264029979705810547e-01
4.218432679772377014e-02 1.266140490770339966e-01
9.284628629684448242e-01 6.438378244638442993e-02
5.846793651580810547e-01 2.136755287647247314e-01
8.555098772048950195e-01 9.702231287956237793e-01
1.078337877988815308e-01 9.211924672126770020e-01
9.314266443252563477e-01 9.965792894363403320e-01
9.599069952964782715e-01 9.355493783950805664e-01
5.330181717872619629e-01 6.053915619850158691e-01
2.864396572113037109e-01 8.129091262817382812e-01
1.012644767761230469e-01 8.604883551597595215e-01
2.258864343166351318e-01 8.049508333206176758e-01
8.759993314743041992e-01 2.764990739524364471e-02
2.963784337043762207e-01 1.246453542262315750e-02
5.827193260192871094e-01 2.028386890888214111e-01
1.575577408075332642e-01 6.847808361053466797e-01
4.878585636615753174e-01 5.389154553413391113e-01
4.236179888248443604e-01 9.103384613990783691e-01
2.565765380859375000e-02 4.642175734043121338e-01
8.413258790969848633e-01 2.170931994915008545e-01
5.249275565147399902e-01 8.443525433540344238e-01
9.654843211174011230e-01 2.157443016767501831e-01
3.285844624042510986e-02 1.892553567886352539e-01
1.959200650453567505e-01 5.096257328987121582e-01
9.093745350837707520e-01 8.224219083786010742e-01
9.725150465965270996e-02 8.282440304756164551e-01
9.689656496047973633e-01 5.760887861251831055e-01
4.070222973823547363e-01 5.554043650627136230e-01
6.570939421653747559e-01 6.093655824661254883e-01
6.994104385375976562e-01 3.411547839641571045e-02
7.754071950912475586e-01 9.157898426055908203e-01
3.005548715591430664e-01 8.608529567718505859e-01
1.958486735820770264e-01 3.867664337158203125e-01
2.204942554235458374e-01 2.936466932296752930e-01
5.689460039138793945e-01 1.872965991497039795e-01
3.774951696395874023e-01 2.042578905820846558e-01
2.619536519050598145e-01 8.849214911460876465e-01
2.190134972333908081e-01 2.390236854553222656e-01
3.249838054180145264e-01 9.151813387870788574e-01
2.892409861087799072e-01 9.344782829284667969e-01
9.991506934165954590e-01 1.167666539549827576e-01
4.980162084102630615e-01 8.276944160461425781e-01
9.697927832603454590e-01 5.653591156005859375e-01
5.755102634429931641e-01 5.952195525169372559e-01
5.064994096755981445e-01 2.251524925231933594e-01
8.447974920272827148e-01 6.465108692646026611e-02
6.364249438047409058e-02 3.597346246242523193e-01
9.091049432754516602e-01 4.470653235912322998e-01
3.816152215003967285e-01 4.474036693572998047e-01
2.482932358980178833e-01 1.593561619520187378e-01
2.946837842464447021e-01 3.690975308418273926e-01
5.390607714653015137e-01 4.731825888156890869e-01
4.893294274806976318e-01 1.967335045337677002e-01
8.658498525619506836e-01 5.563538670539855957e-01
9.538823366165161133e-02 3.204587996006011963e-01
3.673986494541168213e-01 3.663995265960693359e-01
1.331970542669296265e-01 6.320121288299560547e-01
7.514635473489761353e-02 6.939546465873718262e-01
3.674541413784027100e-01 2.566277980804443359e-01
3.350019827485084534e-02 3.712904155254364014e-01
8.613011837005615234e-01 7.735044956207275391e-01
8.957133293151855469e-01 7.600871920585632324e-01
7.630562782287597656e-01 5.925710499286651611e-02
6.761935353279113770e-01 8.977156132459640503e-02
7.736771106719970703e-01 5.557566285133361816e-01
1.562215834856033325e-01 2.213380485773086548e-01
5.335217714309692383e-01 6.453207135200500488e-01
5.699293613433837891e-01 5.725948810577392578e-01
2.552680075168609619e-01 4.027784764766693115e-01
7.048310041427612305e-01 6.927019953727722168e-01
7.122787088155746460e-02 7.383797764778137207e-01
4.051132798194885254e-01 6.865019202232360840e-01
1.174752712249755859e-01 4.657983481884002686e-01
2.411938756704330444e-01 1.658798754215240479e-01
3.128335624933242798e-02 1.294508278369903564e-01
1.160150617361068726e-01 9.070237874984741211e-01
9.193557500839233398e-01 5.922497510910034180e-01
8.739020824432373047e-01 9.937756657600402832e-01
6.690140962600708008e-01 5.122721791267395020e-01
7.116065025329589844e-01 2.874453067779541016e-01
5.728140473365783691e-01 5.469362139701843262e-01
5.731677636504173279e-02 4.826304316520690918e-01
4.100136756896972656e-01 9.563934206962585449e-01
4.699766337871551514e-01 2.334541827440261841e-01
9.284666776657104492e-01 8.700649738311767578e-01
8.290954828262329102e-01 2.630961239337921143e-01
6.726610064506530762e-01 4.357664883136749268e-01
2.439154088497161865e-01 3.402945399284362793e-01
3.334438800811767578e-01 1.153248026967048645e-01
3.955825269222259521e-01 7.325778603553771973e-01
3.941507041454315186e-01 7.805655896663665771e-02
9.044075012207031250e-01 7.491676211357116699e-01
6.216865181922912598e-01 1.404559016227722168e-01
9.819797277450561523e-01 4.151325225830078125e-01
7.747967243194580078e-01 7.825049757957458496e-01
7.881054878234863281e-01 5.756796002388000488e-01
1.007274985313415527e-01 7.828292250633239746e-01
3.315473496913909912e-01 1.555680483579635620e-01
9.067860841751098633e-01 2.766292393207550049e-01
1.742107048630714417e-02 9.493666887283325195e-01
4.238953888416290283e-01 2.415048778057098389e-01
2.760683298110961914e-01 4.285880923271179199e-02
8.512924909591674805e-01 9.734027385711669922e-01
4.027615785598754883e-01 5.206199735403060913e-02
4.308058023452758789e-01 8.045659661293029785e-01
8.863375186920166016e-01 5.283385515213012695e-01
7.555987834930419922e-01 4.265283644199371338e-01
7.446051239967346191e-01 1.797647029161453247e-01
3.577516078948974609e-01 1.609117090702056885e-01
3.903254494071006775e-02 4.802452921867370605e-01
9.816235303878784180e-01 6.002371311187744141e-01
1.603482067584991455e-01 7.883467674255371094e-01
4.341866821050643921e-02 1.605802178382873535e-01
7.332392930984497070e-01 3.331777751445770264e-01
8.182766437530517578e-01 6.268714666366577148e-01
7.897738218307495117e-01 2.015867680311203003e-01
2.240713983774185181e-01 5.996944308280944824e-01
2.320534437894821167e-01 1.065255552530288696e-01
1.228437572717666626e-01 5.728692412376403809e-01
3.846356570720672607e-01 3.222910463809967041e-01
3.841908574104309082e-01 4.680139198899269104e-02
1.983848661184310913e-01 3.996465504169464111e-01
3.922795951366424561e-01 1.559593677520751953e-01
6.954772472381591797e-01 8.509579896926879883e-01
6.796578764915466309e-01 8.160277605056762695e-01
8.256315588951110840e-01 7.981147170066833496e-01
8.793575167655944824e-01 3.186840415000915527e-01
1.487224102020263672e-01 5.043833330273628235e-02
1.873095929622650146e-01 3.351475596427917480e-01
6.954545974731445312e-01 3.886803686618804932e-01
1.525848358869552612e-01 7.461636662483215332e-01
9.535362720489501953e-01 8.054264634847640991e-02
7.608577609062194824e-01 6.097921729087829590e-01
4.570868313312530518e-01 3.961589038372039795e-01
9.490270018577575684e-01 4.354080185294151306e-02
5.152543783187866211e-01 5.055601596832275391e-01
8.160908222198486328e-01 1.440019905567169189e-01
8.098160624504089355e-01 8.647721409797668457e-01
8.050289154052734375e-01 6.449553966522216797e-01
2.325027585029602051e-01 3.318579494953155518e-01
9.098590016365051270e-01 4.536910057067871094e-01
2.901866137981414795e-01 2.465198487043380737e-01
6.364989876747131348e-01 7.362349033355712891e-01
8.146704435348510742e-01 6.293572187423706055e-01
4.887281954288482666e-01 1.800861060619354248e-01
2.611546218395233154e-01 1.173558160662651062e-01
3.322935700416564941e-01 8.226396441459655762e-01
1.973986178636550903e-01 6.776129007339477539e-01
4.148962497711181641e-01 9.001544713973999023e-01
2.922726608812808990e-02 3.911351859569549561e-01
1.475996077060699463e-01 9.474760890007019043e-01
7.353785037994384766e-01 9.760428071022033691e-01
4.560208693146705627e-02 4.569106101989746094e-01
2.084727138280868530e-01 9.219666719436645508e-01
6.043502688407897949e-01 3.941606879234313965e-01
2.331680953502655029e-01 8.610491156578063965e-01
6.254625916481018066e-01 5.320782661437988281e-01
7.627374529838562012e-01 9.345119595527648926e-01
7.373352050781250000e-01 7.224553227424621582e-01
8.710745722055435181e-02 3.804444074630737305e-01
1.092644780874252319e-01 5.720887780189514160e-01
3.695289194583892822e-01 9.849370121955871582e-01
6.441690027713775635e-02 4.453263580799102783e-01
3.727585673332214355e-01 5.715482831001281738e-01
5.629699230194091797e-01 7.416576147079467773e-01
8.334093540906906128e-02 8.538773655891418457e-01
8.454833626747131348e-01 5.399795770645141602e-01
5.115068554878234863e-01 6.506122648715972900e-02
8.574642539024353027e-01 7.194674611091613770e-01
8.114448189735412598e-01 2.457993030548095703e-01
8.845350742340087891e-01 9.659085869789123535e-01
3.171046674251556396e-01 4.701283276081085205e-01
3.207740783691406250e-01 2.728646099567413330e-01
6.628049015998840332e-01 4.321431815624237061e-01
8.141201138496398926e-01 4.390675425529479980e-01
8.729451894760131836e-01 2.077734321355819702e-01
4.949029982089996338e-01 3.537703454494476318e-01
7.886517643928527832e-01 3.914825618267059326e-01
1.120520308613777161e-01 4.554004073143005371e-01
1.661877483129501343e-01 8.911342024803161621e-01
7.203145623207092285e-01 7.959246039390563965e-01
6.533859372138977051e-01 1.171502396464347839e-01
5.492190644145011902e-02 9.819127321243286133e-01
5.439332127571105957e-01 7.371619939804077148e-01
8.385234475135803223e-01 7.270430922508239746e-01
8.432033658027648926e-01 5.584770441055297852e-01
1.463873535394668579e-01 9.731827974319458008e-01
9.619147777557373047e-01 7.785426378250122070e-01
7.439375519752502441e-01 9.354215860366821289e-01
6.047933101654052734e-01 4.797551780939102173e-02
4.040298759937286377e-01 9.647219181060791016e-01
1.549919843673706055e-01 9.181527495384216309e-01
1.540784984827041626e-01 4.457278549671173096e-01
4.871241152286529541e-01 6.538401246070861816e-01
1.699710339307785034e-01 1.097616553306579590e-01
4.709734618663787842e-01 9.111435413360595703e-01
4.403365850448608398e-01 1.278441399335861206e-01
2.845797240734100342e-01 5.248883962631225586e-01
3.929988741874694824e-01 4.016068577766418457e-01
3.321779370307922363e-01 1.933045238256454468e-01
8.684644103050231934e-01 9.569218158721923828e-01
3.490162789821624756e-01 2.282417863607406616e-01
4.928273558616638184e-01 1.984553784132003784e-01
4.843038022518157959e-01 9.910289049148559570e-01
3.331701755523681641e-01 3.759103119373321533e-01
4.205555617809295654e-01 7.607061862945556641e-01
3.169237077236175537e-01 4.381297901272773743e-02
2.009101770818233490e-02 4.864758253097534180e-01
4.119537770748138428e-01 6.245810985565185547e-01
7.140970230102539062e-01 9.409936666488647461e-01
4.715632796287536621e-01 5.890011787414550781e-01
3.676390051841735840e-01 8.330196142196655273e-01
1.881586313247680664e-01 4.084036946296691895e-01
3.686922192573547363e-01 5.885534733533859253e-02
2.855021059513092041e-01 2.596246600151062012e-01
8.261644840240478516e-01 9.145037531852722168e-01
7.130661010742187500e-01 4.533137977123260498e-01
1.422059834003448486e-01 6.639568805694580078e-01
3.060974776744842529e-01 1.503764986991882324e-01
5.495479106903076172e-01 4.095357060432434082e-01
5.991302728652954102e-01 8.095604181289672852e-01
6.369683146476745605e-01 8.510339856147766113e-01
7.839595079421997070e-01 4.452691376209259033e-01
7.297986745834350586e-01 8.788608312606811523e-01
5.727541446685791016e-01 4.585474133491516113e-01
1.846120059490203857e-01 8.375916481018066406e-01
5.637375637888908386e-02 3.656060099601745605e-01
3.387547731399536133e-01 3.226726651191711426e-01
3.940369784832000732e-01 5.932801365852355957e-01
1.600503176450729370e-01 7.704032659530639648e-01
1.487051993608474731e-01 6.022574901580810547e-01
8.714395761489868164e-01 9.366788864135742188e-01
6.559371948242187500e-01 2.092000097036361694e-01
4.330025315284729004e-01 3.324148952960968018e-01
3.658625781536102295e-01 1.170529425144195557e-01
4.483312964439392090e-01 7.919839024543762207e-01
3.181693255901336670e-01 3.690687939524650574e-02
9.044820035342127085e-05 2.545767724514007568e-01
3.372439444065093994e-01 7.815399169921875000e-01
5.214920639991760254e-01 2.153350859880447388e-01
1.056495532393455505e-01 6.599900126457214355e-01
4.763481020927429199e-01 3.382829129695892334e-01
9.713582992553710938e-01 7.410003542900085449e-01
5.468425899744033813e-02 5.054466128349304199e-01
2.690885365009307861e-01 8.734336495399475098e-01
7.441368103027343750e-01 9.823231101036071777e-01
9.443066120147705078e-01 1.575258076190948486e-01
6.196390390396118164e-01 3.041836917400360107e-01
4.147776067256927490e-01 6.551354527473449707e-01
3.497645556926727295e-01 4.750466644763946533e-01
8.842871785163879395e-01 8.324227929115295410e-01
6.812466979026794434e-01 9.839225411415100098e-01
5.413696169853210449e-01 7.972265481948852539e-01
6.347850561141967773e-01 1.365616023540496826e-01
9.844000935554504395e-01 5.417020320892333984e-01
4.201709032058715820e-01 4.667103588581085205e-01
2.302517294883728027e-01 7.713819146156311035e-01
6.156532168388366699e-01 3.425068855285644531e-01
6.068277731537818909e-02 2.406374216079711914e-01
8.104938268661499023e-01 6.992276906967163086e-01
9.478801488876342773e-01 5.895853638648986816e-01
2.333695814013481140e-02 2.963650226593017578e-01
1.830768436193466187e-01 8.588664531707763672e-01
3.201130405068397522e-02 6.933090686798095703e-01
1.219084784388542175e-01 7.189208865165710449e-01
2.110322713851928711e-01 6.179826855659484863e-01
8.113263845443725586e-01 4.407503306865692139e-01
1.350907236337661743e-01 1.928560733795166016e-01
3.877238929271697998e-01 3.400644958019256592e-01
4.567057192325592041e-01 2.200758159160614014e-01
3.681600987911224365e-01 3.810566663742065430e-01
2.572427392005920410e-01 5.080187320709228516e-02
9.907862544059753418e-01 7.345680594444274902e-01
4.814671576023101807e-01 7.098222970962524414e-01
4.148204922676086426e-01 6.900474429130554199e-01
2.774568796157836914e-01 4.549893438816070557e-01
3.350819647312164307e-01 9.480445384979248047e-01
5.284619331359863281e-01 1.469570696353912354e-01
7.788949608802795410e-01 2.537447214126586914e-01
3.144640028476715088e-01 3.374297618865966797e-01
6.942385435104370117e-01 6.094299554824829102e-01
9.701840281486511230e-01 7.562184333801269531e-01
2.800062596797943115e-01 1.644977629184722900e-01
3.635596930980682373e-01 4.837607145309448242e-01
7.329955101013183594e-01 3.518027365207672119e-01
4.407376348972320557e-01 8.964629471302032471e-02
8.762576580047607422e-01 5.349792838096618652e-01
4.401886463165283203e-01 1.041859313845634460e-01
6.385493278503417969e-01 5.609360933303833008e-01
4.949643611907958984e-01 6.156356930732727051e-01
2.330797165632247925e-01 4.056443646550178528e-02
8.378100991249084473e-01 2.475080788135528564e-01
6.718135476112365723e-01 7.403579354286193848e-01
9.808825254440307617e-01 3.076623380184173584e-01
7.438492774963378906e-01 4.127330183982849121e-01
5.303309559822082520e-01 4.718250036239624023e-01
7.708049416542053223e-01 5.880815982818603516e-01
2.275144457817077637e-01 8.575699329376220703e-01
3.404694497585296631e-01 9.557664394378662109e-02
3.049355447292327881e-01 8.130140304565429688e-01
5.626594424247741699e-01 9.346817135810852051e-01
2.233386635780334473e-01 3.977532982826232910e-01
7.701028585433959961e-01 5.648350119590759277e-01
5.414918661117553711e-01 7.869073152542114258e-01
2.626627087593078613e-01 1.284458441659808159e-03
3.032972216606140137e-01 2.180562764406204224e-01
3.704458475112915039e-01 7.510302662849426270e-01
4.147766530513763428e-01 2.646501958370208740e-01
6.781702637672424316e-01 4.706108570098876953e-01
7.889810204505920410e-01 1.932096332311630249e-01
8.112351894378662109e-01 8.746110200881958008e-01
3.572967946529388428e-01 7.744362205266952515e-02
9.356172084808349609e-01 7.804958224296569824e-01
1.965635865926742554e-01 7.568899393081665039e-01
9.988912940025329590e-01 3.932372629642486572e-01
8.799761533737182617e-01 2.563379406929016113e-01
3.109114766120910645e-01 8.115133047103881836e-01
7.613925933837890625e-01 7.805361151695251465e-01
1.409671306610107422e-01 2.943679392337799072e-01
9.440687298774719238e-01 1.536648273468017578e-01
9.257738590240478516e-01 3.357459604740142822e-01
8.102049231529235840e-01 3.292850852012634277e-01
3.395846188068389893e-01 5.671025514602661133e-01
2.789944112300872803e-01 7.265710830688476562e-01
6.364939212799072266e-01 6.191250085830688477e-01
9.017921686172485352e-01 7.347481250762939453e-01
9.136252403259277344e-01 2.718773186206817627e-01
1.564314216375350952e-01 3.275917470455169678e-01
3.342301547527313232e-01 2.564139664173126221e-01
3.008226454257965088e-01 3.269290328025817871e-01
3.196472525596618652e-01 4.341128170490264893e-01
5.041059255599975586e-01 4.674184918403625488e-01
3.069318085908889771e-02 7.848845720291137695e-01
4.526258707046508789e-01 5.591438338160514832e-02
9.309830665588378906e-01 2.205253243446350098e-01
7.299227118492126465e-01 5.882639288902282715e-01
3.148588836193084717e-01 7.063533067703247070e-01
8.725489974021911621e-01 2.332629114389419556e-01
9.087050706148147583e-02 8.846226930618286133e-01
1.712118834257125854e-01 4.014910161495208740e-01
9.041812419891357422e-01 5.538113117218017578e-01
3.363050818443298340e-01 6.027307361364364624e-02
7.432566881179809570e-01 5.189644545316696167e-02
6.767045259475708008e-01 7.887356914579868317e-03
4.031606316566467285e-01 4.495894014835357666e-01
8.397117853164672852e-01 6.275963187217712402e-01
2.066274434328079224e-01 8.531959056854248047e-01
6.746497154235839844e-01 3.867019116878509521e-01
8.797117471694946289e-01 3.702103346586227417e-02
9.522508480586111546e-04 5.450195074081420898e-01
2.831089496612548828e-01 8.897269368171691895e-01
7.825764417648315430e-01 2.013729065656661987e-01
8.204255104064941406e-01 3.782673776149749756e-01
8.034384809434413910e-03 1.623362898826599121e-01
3.364398181438446045e-01 4.576031267642974854e-01
7.513281106948852539e-01 4.876149594783782959e-01
2.675863206386566162e-01 5.503017082810401917e-02
6.444715857505798340e-01 7.144701480865478516e-01
8.357802033424377441e-02 9.824430942535400391e-02
2.489460706710815430e-01 2.694794237613677979e-01
1.935260742902755737e-01 1.775346547365188599e-01
4.484152495861053467e-01 9.733212590217590332e-01
9.196857362985610962e-02 5.242149829864501953e-01
1.138529647141695023e-02 2.579743564128875732e-01
9.457074850797653198e-02 8.870972990989685059e-01
1.009356528520584106e-01 6.807942390441894531e-01
6.387747707776725292e-04 6.003928184509277344e-01
4.903204143047332764e-01 8.827528953552246094e-01
9.263598918914794922e-01 9.412469267845153809e-01
2.318140119314193726e-02 8.848523497581481934e-01
4.753442406654357910e-01 3.013432621955871582e-01
2.471213489770889282e-01 5.053758025169372559e-01
7.234789133071899414e-01 9.265357255935668945e-02
1.457079946994781494e-01 5.427331924438476562e-01
5.525513291358947754e-01 4.733691513538360596e-01
1.896438002586364746e-01 3.766272366046905518e-01
7.605208754539489746e-01 5.998482108116149902e-01
8.993499875068664551e-01 9.779042601585388184e-01
8.286927938461303711e-01 6.743587851524353027e-01
2.936812937259674072e-01 2.493359297513961792e-01
6.982535868883132935e-02 4.090715348720550537e-01
5.309030413627624512e-01 3.255853950977325439e-01
3.510601520538330078e-01 6.421595215797424316e-01
6.123677641153335571e-02 5.930453538894653320e-01
6.068457961082458496e-01 7.181172370910644531e-01
6.141629815101623535e-01 6.965813040733337402e-01
9.062272310256958008e-01 4.395859539508819580e-01
3.540740907192230225e-01 9.413099288940429688e-01
5.024404525756835938e-01 9.978213906288146973e-01
3.274042010307312012e-01 2.416931390762329102e-01
3.010796308517456055e-01 8.411918580532073975e-02
1.786746084690093994e-01 1.829534070566296577e-03
9.939042329788208008e-01 9.563493728637695312e-01
6.975416541099548340e-01 4.413573145866394043e-01
2.487423568964004517e-01 5.383564829826354980e-01
3.233786523342132568e-01 7.049562335014343262e-01
6.154999732971191406e-01 4.104850590229034424e-01
6.848669052124023438e-01 9.552966356277465820e-01
8.601820468902587891e-01 3.582151830196380615e-01
6.939100623130798340e-01 4.095455706119537354e-01
8.326802253723144531e-01 5.488791465759277344e-01
6.883679032325744629e-01 4.463649392127990723e-01
3.516805469989776611e-01 9.415569901466369629e-01
1.540577262639999390e-01 4.610384106636047363e-01
9.851009845733642578e-01 7.516698241233825684e-01
3.847605884075164795e-01 9.251170754432678223e-01
6.987420320510864258e-01 9.780164361000061035e-01
8.821760863065719604e-02 3.543958663940429688e-01
2.419485896825790405e-02 2.562374770641326904e-01
9.335759878158569336e-01 2.920472621917724609e-01
8.424074202775955200e-02 1.253979951143264771e-01
3.905472159385681152e-01 9.022253751754760742e-01
2.261766940355300903e-01 3.987803310155868530e-02
3.302837312221527100e-01 6.255570650100708008e-01
2.850303985178470612e-02 8.286674320697784424e-02
7.932192683219909668e-01 2.116025239229202271e-01
6.034975051879882812e-01 4.025659859180450439e-01
5.478404164314270020e-01 9.367687702178955078e-01
9.897158145904541016e-01 7.634891867637634277e-01
1.469847410917282104e-01 9.898900389671325684e-01
9.945386648178100586e-01 3.718470633029937744e-01
3.360182940959930420e-01 5.150317400693893433e-02
3.834259212017059326e-01 4.166484475135803223e-01
3.166745603084564209e-01 8.459331840276718140e-02
3.313729465007781982e-01 4.740249812602996826e-01
2.708799391984939575e-02 7.871499657630920410e-01
5.018816590309143066e-01 4.873446524143218994e-01
3.844595551490783691e-01 5.482525825500488281e-01
2.533392310142517090e-01 6.005085706710815430e-01
9.718138575553894043e-01 7.004126310348510742e-01
4.667415618896484375e-01 1.761216111481189728e-02
5.536930561065673828e-01 1.241961345076560974e-01
5.815343260765075684e-01 9.585713744163513184e-01
6.801921129226684570e-02 5.071809887886047363e-01
9.048251509666442871e-01 7.766224741935729980e-01
2.206351310014724731e-01 4.954356551170349121e-01
7.159861326217651367e-01 3.337464332580566406e-01
7.805081009864807129e-01 4.578777253627777100e-01
1.494737118482589722e-01 1.450454294681549072e-01
3.668321967124938965e-01 3.392366170883178711e-01
1.547683775424957275e-01 5.536659955978393555e-01
2.951092422008514404e-01 4.450263082981109619e-01
3.038258552551269531e-01 8.794015049934387207e-01
1.603281199932098389e-01 4.714716970920562744e-01
2.785552144050598145e-01 7.599918842315673828e-01
2.207055985927581787e-01 2.444669604301452637e-01
4.292150437831878662e-01 8.362888097763061523e-01
2.935962677001953125e-01 3.585254549980163574e-01
9.389630556106567383e-01 3.603310585021972656e-01
7.779817581176757812e-01 6.538383960723876953e-01
7.727895379066467285e-01 7.897042632102966309e-01
6.602329015731811523e-02 2.563518285751342773e-01
7.564141750335693359e-01 5.986866950988769531e-01
4.858897998929023743e-02 3.227562308311462402e-01
4.007625207304954529e-02 5.130268335342407227e-01
2.994814515113830566e-02 8.998563140630722046e-02
3.954092860221862793e-01 5.373336672782897949e-01
2.122248858213424683e-01 5.634417533874511719e-01
3.953257203102111816e-01 8.686824440956115723e-01
4.720567762851715088e-01 8.068207502365112305e-01
9.907547235488891602e-01 6.588068008422851562e-01
3.906490206718444824e-01 3.661085963249206543e-01
8.649507761001586914e-01 9.099745154380798340e-01
1.319724023342132568e-01 6.327586770057678223e-01
5.163255929946899414e-01 7.081755995750427246e-01
3.611898124217987061e-01 3.603130877017974854e-01
2.113871425390243530e-01 5.521947145462036133e-01
8.977417349815368652e-01 7.640827894210815430e-01
5.988954901695251465e-01 1.948593109846115112e-01
9.925836920738220215e-01 4.271767437458038330e-01
1.675443649291992188e-01 8.098463416099548340e-01
4.321832060813903809e-01 2.962508797645568848e-01
6.298066973686218262e-01 4.601336419582366943e-01
2.408759742975234985e-01 1.339733321219682693e-02
2.648282647132873535e-01 1.607097834348678589e-01
2.125710695981979370e-01 3.609935343265533447e-01
7.187693119049072266e-01 9.459711909294128418e-01
4.162300229072570801e-01 7.276854664087295532e-02
5.485604405403137207e-01 5.585960745811462402e-01
4.017206132411956787e-01 1.244877725839614868e-01
9.860462546348571777e-01 8.401587605476379395e-01
7.253243923187255859e-01 1.567587107419967651e-01
7.544869929552078247e-02 7.035355567932128906e-01
4.768232703208923340e-01 4.039543569087982178e-01
8.936126828193664551e-01 9.626442939043045044e-02
3.200162947177886963e-01 9.781133532524108887e-01
3.692212104797363281e-01 2.774164676666259766e-01
8.681526780128479004e-01 3.345761299133300781e-01
7.872114330530166626e-02 8.359458446502685547e-01
6.421333551406860352e-01 2.610477507114410400e-01
8.811518549919128418e-01 9.031787514686584473e-01
2.521488368511199951e-01 4.158918932080268860e-02
2.638118565082550049e-01 9.290642142295837402e-01
5.868383124470710754e-02 5.502387285232543945e-01
1.369059681892395020e-01 9.385957121849060059e-01
9.033805876970291138e-02 3.152786791324615479e-01
3.968662619590759277e-01 3.198699057102203369e-01
5.990927815437316895e-01 1.462502926588058472e-01
2.624975750222802162e-03 7.209135293960571289e-01
4.300787448883056641e-01 2.124285399913787842e-01
2.172834426164627075e-01 6.938372850418090820e-01
1.789302527904510498e-01 2.821009457111358643e-01
8.304750323295593262e-01 6.636639833450317383e-01
5.117920637130737305e-01 7.433454990386962891e-01
9.109987020492553711e-01 8.637700974941253662e-02
6.230285763740539551e-02 7.379348278045654297e-01
3.835450112819671631e-01 6.882078647613525391e-01
3.184011280536651611e-01 9.540327787399291992e-01
2.370951473712921143e-01 3.753877580165863037e-01
9.603347778320312500e-01 6.963652372360229492e-01
1.328439414501190186e-01 6.100281476974487305e-01
5.858687162399291992e-01 9.833958745002746582e-01
8.153890967369079590e-01 8.099139332771301270e-01
6.255832910537719727e-01 1.038009971380233765e-01
4.571238532662391663e-02 3.772508502006530762e-01
4.494940340518951416e-01 4.925879836082458496e-01
9.268003106117248535e-01 2.705548889935016632e-02
3.938679695129394531e-01 7.706291973590850830e-02
5.862319841980934143e-02 3.069058433175086975e-02
9.127075672149658203e-01 2.009425610303878784e-01
6.302688717842102051e-01 2.370421290397644043e-01
2.158429771661758423e-01 4.639168083667755127e-01
7.448731660842895508e-01 6.834122538566589355e-01
1.034652218222618103e-01 9.708148837089538574e-01
8.743302226066589355e-01 2.155136764049530029e-01
1.307447850704193115e-01 5.414273738861083984e-01
4.993272423744201660e-01 7.588760256767272949e-01
2.795362472534179688e-01 5.273662209510803223e-01
3.311430811882019043e-01 5.239127874374389648e-01
2.817119657993316650e-01 6.464102864265441895e-01
6.142338514328002930e-01 6.392729282379150391e-01
5.395421981811523438e-01 6.557630896568298340e-01
8.386550545692443848e-01 4.509695470333099365e-01
8.102213144302368164e-01 7.574322223663330078e-01
9.616867899894714355e-01 7.102141976356506348e-01
5.478549003601074219e-01 3.253048658370971680e-01
3.718139231204986572e-01 6.875807642936706543e-01
8.898779749870300293e-01 6.683677434921264648e-01
1.507969349622726440e-01 8.337839245796203613e-01
5.542227029800415039e-01 2.737425863742828369e-01
7.102588415145874023e-01 6.865693926811218262e-01
8.190441131591796875e-01 6.860734224319458008e-01
5.904382467269897461e-01 6.221686005592346191e-01
5.777254104614257812e-01 6.925267577171325684e-01
8.455745577812194824e-01 8.219618201255798340e-01
8.554827570915222168e-01 4.898121207952499390e-02
5.820354819297790527e-01 5.529340505599975586e-01
5.654823407530784607e-02 5.594396591186523438e-01
1.464277654886245728e-01 4.759665131568908691e-01
2.053352743387222290e-01 4.404285177588462830e-02
3.940817415714263916e-01 1.180126592516899109e-01
3.188242912292480469e-01 4.667630791664123535e-02
8.779222369194030762e-01 7.190415263175964355e-01
5.153291225433349609e-01 8.590205311775207520e-01
6.417472958564758301e-01 5.208504199981689453e-01
5.330048203468322754e-01 8.029481768608093262e-01
3.813332915306091309e-01 4.786819815635681152e-01
5.165294408798217773e-01 4.503341019153594971e-01
9.221425056457519531e-01 3.504467010498046875e-01
7.352348566055297852e-01 3.053911030292510986e-01
6.741862297058105469e-01 8.302093744277954102e-01
9.383060038089752197e-02 2.150458395481109619e-01
6.892159581184387207e-02 6.342980265617370605e-01
7.060005664825439453e-01 4.882820248603820801e-01
1.175168603658676147e-01 7.916591167449951172e-01
1.007149964570999146e-01 7.198157310485839844e-01
3.371756374835968018e-01 2.063496410846710205e-01
8.131798505783081055e-01 5.452282428741455078e-01
9.563089013099670410e-01 9.594688415527343750e-01
1.922203153371810913e-01 3.721790313720703125e-01
2.349350154399871826e-01 1.934218406677246094e-01
3.387552499771118164e-01 4.037867486476898193e-01
4.814425706863403320e-01 1.622021794319152832e-01
3.229711651802062988e-01 2.406191378831863403e-01
4.418508708477020264e-01 3.525162637233734131e-01
9.268816113471984863e-01 9.327009320259094238e-01
9.481126070022583008e-01 9.339487552642822266e-01
1.836463809013366699e-01 8.563292026519775391e-02
3.294334411621093750e-01 6.123804450035095215e-01
2.547627985477447510e-01 8.571697473526000977e-01
8.568531274795532227e-01 5.773847103118896484e-01
7.415158152580261230e-01 1.607326418161392212e-01
9.822858572006225586e-01 5.008223652839660645e-02
3.409370034933090210e-02 2.562510669231414795e-01
8.528761267662048340e-01 8.995163440704345703e-01
6.330348849296569824e-01 9.849775433540344238e-01
2.164208739995956421e-01 8.479883074760437012e-01
4.437769297510385513e-03 9.479100108146667480e-01
3.155161440372467041e-01 2.134699970483779907e-01
3.360327184200286865e-01 6.306963562965393066e-01
8.820824623107910156e-01 8.902925252914428711e-01
7.710044980049133301e-01 6.936845779418945312e-01
8.335661292076110840e-01 3.877199292182922363e-01
3.604980409145355225e-01 5.074852108955383301e-01
8.082699179649353027e-01 4.676940739154815674e-01
4.362623095512390137e-01 5.565812587738037109e-01
1.038267239928245544e-01 2.346907258033752441e-01
3.560621142387390137e-01 1.808594614267349243e-01
2.831176519393920898e-01 2.747921943664550781e-01
4.177309572696685791e-01 5.121266245841979980e-01
3.714141249656677246e-01 9.220170378684997559e-01
7.913090586662292480e-01 1.778534650802612305e-01
1.544398218393325806e-01 9.271718263626098633e-01
6.021282076835632324e-01 6.429417133331298828e-01
4.656004905700683594e-01 1.709795594215393066e-01
7.724348902702331543e-01 2.921700477600097656e-01
3.995904698967933655e-02 1.250883638858795166e-01
1.608310043811798096e-01 4.437961280345916748e-01
1.584286615252494812e-02 1.853501982986927032e-02
5.556806325912475586e-01 4.493750631809234619e-01
6.717936396598815918e-01 5.264449119567871094e-01
9.925543069839477539e-01 7.958932518959045410e-01
9.050614833831787109e-01 7.751107215881347656e-01
2.736934721469879150e-01 1.868208050727844238e-01
7.856158614158630371e-01 6.640399694442749023e-01
4.307831525802612305e-01 6.320700049400329590e-01
1.303138136863708496e-01 3.975403010845184326e-01
2.799312174320220947e-01 6.741314530372619629e-01
6.246301531791687012e-01 9.963412582874298096e-02
1.223910823464393616e-01 1.780252903699874878e-01
3.237938284873962402e-01 8.625415563583374023e-01
9.209850430488586426e-01 8.940073251724243164e-01
2.426857054233551025e-01 2.125910818576812744e-01
4.668428599834442139e-01 2.742385864257812500e-01
8.219571113586425781e-01 4.920246899127960205e-01
3.783612251281738281e-01 3.559930995106697083e-02
1.518337726593017578e-01 9.764516949653625488e-01
6.883736848831176758e-01 9.370455741882324219e-01
9.734818339347839355e-01 9.303869605064392090e-01
9.795182943344116211e-01 8.954303264617919922e-01
3.190912306308746338e-01 6.816449165344238281e-01
4.387656748294830322e-01 4.718982875347137451e-01
8.592448383569717407e-02 1.520631611347198486e-01
7.397105097770690918e-01 8.880977630615234375e-01
6.123566031455993652e-01 1.700565814971923828e-01
7.905329018831253052e-02 2.831290960311889648e-01
8.692404627799987793e-01 7.439485788345336914e-01
4.466773867607116699e-01 2.152028307318687439e-02
4.490310251712799072e-01 7.807366251945495605e-01
1.776525229215621948e-01 1.056237220764160156e-01
4.837184250354766846e-01 6.811721920967102051e-01
3.347476199269294739e-02 4.379979968070983887e-01
6.760006397962570190e-02 2.238698601722717285e-01
9.088895320892333984e-01 5.926424264907836914e-01
5.616215467453002930e-01 4.887601733207702637e-01
8.313543200492858887e-01 6.057256460189819336e-01
4.405265450477600098e-01 6.130269169807434082e-01
9.629825353622436523e-01 7.186168432235717773e-01
8.197029232978820801e-01 2.650543153285980225e-01
7.869323343038558960e-02 3.051629066467285156e-01
8.892251253128051758e-01 8.768173456192016602e-01
3.162354230880737305e-01 4.989263713359832764e-01
4.848125576972961426e-01 8.980058431625366211e-01
4.026186764240264893e-01 2.234165966510772705e-01
3.672533035278320312e-01 3.885351717472076416e-01
6.874415278434753418e-01 3.860766589641571045e-01
1.217758506536483765e-01 4.202221333980560303e-01
1.776283681392669678e-01 8.156348466873168945e-01
2.839184999465942383e-01 2.149337232112884521e-01
1.988530158996582031e-01 3.326158523559570312e-01
2.956755459308624268e-01 3.401957750320434570e-01
8.156571984291076660e-01 8.135119676589965820e-01
7.593004107475280762e-01 8.727209568023681641e-01
9.263581633567810059e-01 1.217994838953018188e-01
4.115772843360900879e-01 4.657690227031707764e-02
2.287517488002777100e-01 5.883738398551940918e-02
5.980905294418334961e-01 7.555533945560455322e-02
2.671862244606018066e-01 2.261150777339935303e-01
5.300021171569824219e-01 9.196337461471557617e-01
5.933288931846618652e-01 9.536129832267761230e-01
1.813728064298629761e-01 3.687573075294494629e-01
3.910131156444549561e-01 7.031502127647399902e-01
3.835226595401763916e-01 4.238095879554748535e-01
3.607318401336669922e-01 4.933185577392578125e-01
9.631845951080322266e-01 6.113127470016479492e-01
8.039032816886901855e-01 7.990938425064086914e-01
1.176844090223312378e-01 9.087576270103454590e-01
5.506756901741027832e-02 7.915885448455810547e-01
8.217356801033020020e-01 3.671018183231353760e-01
8.125402331352233887e-01 9.123052954673767090e-01
1.710795015096664429e-01 2.898948788642883301e-01
3.440943956375122070e-01 6.393065452575683594e-01
6.000323295593261719e-01 3.843694329261779785e-01
1.303472071886062622e-01 2.206093519926071167e-01
5.680519938468933105e-01 2.934487164020538330e-02
6.863796114921569824e-01 6.756764054298400879e-01
4.097454994916915894e-02 8.607810735702514648e-01
8.987035751342773438e-01 4.524803161621093750e-01
3.167349696159362793e-01 9.999892711639404297e-01
8.833066225051879883e-01 3.430766463279724121e-01
5.279619693756103516e-01 7.816388607025146484e-01
3.332670032978057861e-01 9.526013135910034180e-01
2.318101972341537476e-01 5.364426374435424805e-01
5.139112100005149841e-02 7.448929548263549805e-01
1.364597827196121216e-01 8.140706419944763184e-01
7.830643057823181152e-01 8.715289831161499023e-01
2.439459413290023804e-01 2.887230813503265381e-01
4.420817494392395020e-01 9.178671836853027344e-01
4.714029133319854736e-01 3.909828066825866699e-01
7.726326584815979004e-02 9.509376883506774902e-01
2.546760626137256622e-02 8.661139011383056641e-01
3.858028352260589600e-01 2.351563274860382080e-01
6.572745442390441895e-01 7.578108310699462891e-01
7.127130031585693359e-01 4.756142199039459229e-01
2.615423500537872314e-01 6.847203969955444336e-01
3.069290220737457275e-01 7.974415421485900879e-01
5.362110957503318787e-02 8.418870568275451660e-01
7.175083160400390625e-01 9.840909838676452637e-01
9.286389350891113281e-01 3.725968897342681885e-01
6.682262420654296875e-01 3.961792290210723877e-01
6.716486811637878418e-01 5.720255970954895020e-01
8.165422677993774414e-01 4.173321127891540527e-01
2.998115718364715576e-01 8.966926932334899902e-01
8.058581352233886719e-01 7.177176475524902344e-01
7.790546417236328125e-01 9.585805237293243408e-02
8.802734613418579102e-01 9.482478499412536621e-01
8.492181301116943359e-01 4.000456333160400391e-01
7.583003044128417969e-01 4.414209425449371338e-01
6.758106350898742676e-01 6.622784137725830078e-01
1.947328597307205200e-01 8.247959613800048828e-01
8.648177385330200195e-01 1.037755236029624939e-01
4.051628112792968750e-01 1.341805607080459595e-01
2.894037067890167236e-01 6.246049404144287109e-01
7.954036593437194824e-01 4.748959094285964966e-03
8.055327534675598145e-01 5.482857823371887207e-01
8.516291975975036621e-01 3.354465365409851074e-01
4.097046852111816406e-01 9.281303733587265015e-02
6.946240663528442383e-01 8.937807083129882812e-01
2.984548509120941162e-01 9.376122951507568359e-01
8.038225173950195312e-01 9.973464608192443848e-01
8.070331811904907227e-01 5.290536284446716309e-01
4.975096285343170166e-01 1.659559756517410278e-01
5.932470560073852539e-01 7.896926999092102051e-01
7.748534083366394043e-01 3.384813368320465088e-01
1.592441052198410034e-01 7.093261480331420898e-01
2.037857472896575928e-02 5.083779692649841309e-01
1.910038292407989502e-01 2.156419605016708374e-01
8.757212162017822266e-01 4.609111547470092773e-01
2.979683578014373779e-01 7.658945024013519287e-02
9.180203080177307129e-01 9.701377153396606445e-01
6.186874508857727051e-01 9.849575161933898926e-02
7.140659689903259277e-01 3.752151131629943848e-01
7.392580509185791016e-01 3.314283192157745361e-01
4.313438385725021362e-02 4.136487543582916260e-01
3.846583366394042969e-01 3.435032963752746582e-01
8.092929124832153320e-01 5.830483436584472656e-01
5.449737310409545898e-01 6.839364767074584961e-01
5.865211039781570435e-02 2.922469973564147949e-01
1.904306709766387939e-01 6.127452254295349121e-01
9.984669685363769531e-01 5.256786942481994629e-01
9.026294350624084473e-01 2.878541350364685059e-01
5.339649319648742676e-01 3.564476072788238525e-01
7.207805514335632324e-01 9.291718006134033203e-01
4.646517336368560791e-01 2.055822461843490601e-01
9.689254164695739746e-01 5.864893198013305664e-01
6.464247107505798340e-01 4.650480747222900391e-01
7.271406054496765137e-01 6.119379401206970215e-01
4.544419348239898682e-01 2.925391495227813721e-01
4.494827985763549805e-01 6.736589670181274414e-01
4.441160857677459717e-01 1.000258550047874451e-01
7.584877610206604004e-01 4.624978005886077881e-01
1.504873931407928467e-01 5.787217020988464355e-01
9.992144107818603516e-01 9.084570407867431641e-01
2.314926534891128540e-01 1.535541713237762451e-01
6.021659374237060547e-01 3.112413883209228516e-01
6.263473033905029297e-01 5.770483613014221191e-02
1.529247313737869263e-02 4.580972194671630859e-01
1.636470407247543335e-01 8.427830040454864502e-02
6.651610136032104492e-02 9.404092431068420410e-01
2.659495770931243896e-01 9.547174721956253052e-02
4.226860702037811279e-01 1.507418900728225708e-01
9.280279278755187988e-01 3.951872587203979492e-01
5.855795741081237793e-01 1.673555076122283936e-01
8.073446750640869141e-01 9.721092581748962402e-01
5.393385291099548340e-01 1.214331854134798050e-02
7.471283674240112305e-01 2.254983410239219666e-02
4.322747886180877686e-01 4.146035611629486084e-01
5.538048744201660156e-01 2.566016614437103271e-01
7.225177884101867676e-01 2.062839716672897339e-01
5.608028769493103027e-01 4.111933112144470215e-01
8.049912005662918091e-02 1.069688349962234497e-01
8.894483447074890137e-01 5.091815590858459473e-01
7.362213730812072754e-01 2.678652107715606689e-01
2.578270435333251953e-01 4.843915700912475586e-01
3.875508606433868408e-01 6.597568839788436890e-02
5.855647921562194824e-01 5.557501316070556641e-01
9.937053918838500977e-02 4.620441198348999023e-01
7.776023149490356445e-01 7.053754329681396484e-01
9.286327362060546875e-01 6.495867967605590820e-01
9.415800124406814575e-02 6.181241869926452637e-01
8.700294792652130127e-02 8.564317226409912109e-01
2.841995656490325928e-01 6.813275814056396484e-01
8.569883704185485840e-01 8.256747126579284668e-01
9.292046427726745605e-01 9.640677571296691895e-01
1.214234605431556702e-01 9.708086848258972168e-01
8.023908138275146484e-01 4.868444502353668213e-01
7.215851545333862305e-01 1.279040873050689697e-01
1.282503902912139893e-01 2.254147231578826904e-01
5.365008711814880371e-01 7.756468057632446289e-01
2.710218131542205811e-01 2.157304435968399048e-01
2.917609363794326782e-02 2.044245600700378418e-01
4.786868691444396973e-01 9.569207429885864258e-01
6.921234130859375000e-01 3.709364235401153564e-01
3.601662814617156982e-01 4.896560311317443848e-02
5.243551135063171387e-01 3.888800740242004395e-01
7.113988995552062988e-01 3.904906213283538818e-01
8.194782733917236328e-01 6.200934946537017822e-02
4.909781813621520996e-01 1.327678002417087555e-02
4.755806028842926025e-01 1.639921516180038452e-01
3.289492726325988770e-01 7.567759156227111816e-01
4.461459219455718994e-01 1.762243658304214478e-01
8.637141585350036621e-01 6.278287768363952637e-01
8.682793378829956055e-02 2.593117952346801758e-01
4.971115291118621826e-01 6.720779091119766235e-02
2.960508763790130615e-01 1.596086770296096802e-01
1.772657036781311035e-01 2.227661758661270142e-01
7.184991240501403809e-01 9.875708222389221191e-01
8.172555565834045410e-01 2.331341207027435303e-01
9.287393093109130859e-02 4.694692492485046387e-01
9.416978359222412109e-01 9.733267426490783691e-01
2.154375463724136353e-01 1.768001168966293335e-01
3.931855559349060059e-01 5.049248933792114258e-01
8.907653689384460449e-01 2.700203061103820801e-01
2.031198740005493164e-01 9.544251561164855957e-01
1.737294197082519531e-01 7.283616662025451660e-01
5.549212694168090820e-01 1.397784203290939331e-01
2.019253969192504883e-01 2.800615429878234863e-01
1.160162240266799927e-01 3.760891556739807129e-01
5.354715585708618164e-01 1.961351633071899414e-01
8.104912638664245605e-01 8.158425092697143555e-01
4.490551352500915527e-01 7.388789653778076172e-01
1.702072620391845703e-01 4.735834002494812012e-01
6.965759992599487305e-01 4.338347911834716797e-01
7.611372470855712891e-01 9.752001762390136719e-01
3.624903857707977295e-01 9.584589600563049316e-01
1.515702158212661743e-01 5.130747556686401367e-01
1.800337731838226318e-01 2.059676796197891235e-01
2.142870426177978516e-01 9.867312312126159668e-01
4.197619259357452393e-01 1.176990866661071777e-01
6.189996004104614258e-02 1.841974258422851562e-01
7.893611192703247070e-01 8.094478249549865723e-01
2.351968139410018921e-01 2.029155045747756958e-01
2.953301072120666504e-01 1.581019163131713867e-02
7.465748786926269531e-01 6.529567837715148926e-01
7.514545321464538574e-01 8.663433790206909180e-01
5.395640730857849121e-01 1.380528658628463745e-01
8.619816899299621582e-01 6.319733262062072754e-01
5.525572896003723145e-01 4.068804979324340820e-01
8.635432720184326172e-01 6.970831155776977539e-01
2.751571312546730042e-02 4.536284804344177246e-01
9.545377492904663086e-01 2.086279215291142464e-03
6.061094403266906738e-01 6.230114102363586426e-01
2.351520955562591553e-01 7.798506021499633789e-01
6.712713837623596191e-01 5.838093757629394531e-01
2.762615866959095001e-02 3.354043662548065186e-01
3.760603964328765869e-01 9.299083352088928223e-01
4.230771362781524658e-01 2.158912867307662964e-01
9.071315526962280273e-01 7.125015258789062500e-01
8.448433876037597656e-01 4.246046841144561768e-01
1.629860103130340576e-01 7.294724583625793457e-01
2.309258580207824707e-01 2.521083354949951172e-01
4.299230277538299561e-01 2.499774247407913208e-01
2.078068256378173828e-01 3.319335877895355225e-01
5.459046363830566406e-01 8.922771215438842773e-01
3.174028396606445312e-01 9.990478307008743286e-02
7.358084917068481445e-01 4.260907471179962158e-01
4.643074572086334229e-01 1.964063495397567749e-01
3.793242201209068298e-02 6.265953779220581055e-01
4.524715244770050049e-01 5.518374443054199219e-01
4.619690477848052979e-01 9.333413243293762207e-01
2.956479489803314209e-01 2.027552276849746704e-01
2.017117440700531006e-01 4.478315412998199463e-01
5.683012604713439941e-01 6.043240893632173538e-03
6.232600212097167969e-01 1.152323484420776367e-01
7.302831113338470459e-02 5.402476191520690918e-01
7.087569832801818848e-01 7.631751298904418945e-01
5.440557599067687988e-01 4.570530652999877930e-01
9.370812773704528809e-01 6.898333430290222168e-01
3.956147432327270508e-01 4.536343514919281006e-01
3.865403831005096436e-01 5.985975265502929688e-01
9.648658633232116699e-01 6.255370378494262695e-01
2.802713513374328613e-01 8.227460980415344238e-01
8.804566860198974609e-01 7.890803813934326172e-01
5.697880312800407410e-02 1.220922246575355530e-01
8.772781491279602051e-01 5.004169344902038574e-01
3.954515159130096436e-01 9.040436148643493652e-01
5.825017690658569336e-01 4.076690375804901123e-01
6.849631071090698242e-01 3.215988576412200928e-01
7.798498272895812988e-01 9.085879921913146973e-01
3.305799961090087891e-01 5.898790359497070312e-01
2.243449240922927856e-01 4.345732927322387695e-01
4.006711244583129883e-01 8.624476790428161621e-01
4.411395192146301270e-01 8.148063421249389648e-01
1.480257958173751831e-01 8.330884575843811035e-01
5.597916841506958008e-01 5.482430458068847656e-01
1.624037921428680420e-01 7.969746589660644531e-01
4.187879860401153564e-01 6.853194236755371094e-01
8.886394500732421875e-01 9.766734242439270020e-01
9.193196296691894531e-01 7.361988425254821777e-01
9.814032316207885742e-01 4.697496592998504639e-01
5.955622792243957520e-01 2.972425520420074463e-01
3.422538936138153076e-01 1.968107372522354126e-01
9.724393486976623535e-01 8.440853953361511230e-01
8.291494250297546387e-01 6.459276080131530762e-01
1.192533895373344421e-01 8.131661415100097656e-01
3.089136183261871338e-01 4.474041461944580078e-01
3.738672137260437012e-01 5.847059488296508789e-01
3.211084902286529541e-01 4.105533361434936523e-01
1.343490928411483765e-01 6.028264164924621582e-01
2.455355413258075714e-02 9.059145450592041016e-01
4.057439565658569336e-01 9.651373624801635742e-01
9.593772292137145996e-01 7.571712136268615723e-01
3.895091712474822998e-01 2.240115851163864136e-01
3.601222857832908630e-02 3.169587254524230957e-01
6.215828061103820801e-01 1.581521034240722656e-01
3.334502875804901123e-01 3.254974782466888428e-01
3.067787177860736847e-02 7.281704246997833252e-02
7.590564489364624023e-01 1.716924458742141724e-01
3.299896717071533203e-01 4.541321694850921631e-01
8.167688250541687012e-01 5.473238825798034668e-01
6.265893578529357910e-01 2.880331277847290039e-01
4.510151594877243042e-02 1.447172760963439941e-01
9.256300330162048340e-01 7.001131772994995117e-01
3.344476222991943359e-01 1.618226021528244019e-01
8.875870108604431152e-01 3.404478132724761963e-01
1.488140374422073364e-01 7.488430738449096680e-01
1.689791381359100342e-01 5.331292152404785156e-01
5.037088990211486816e-01 3.469631075859069824e-01
8.468183875083923340e-01 6.415266394615173340e-01
8.244910240173339844e-01 1.081361994147300720e-01
7.642408013343811035e-01 3.988659474998712540e-03
6.956075429916381836e-01 1.119153797626495361e-01
3.420068919658660889e-01 4.424042701721191406e-01
8.028058409690856934e-01 1.486757397651672363e-02
6.820728182792663574e-01 2.114171236753463745e-01
9.300101995468139648e-01 1.888878643512725830e-01
3.936536610126495361e-01 2.252974063158035278e-01
9.778135418891906738e-01 7.608212232589721680e-01
8.401978611946105957e-01 5.098155140876770020e-01
1.633081436157226562e-01 3.738077878952026367e-01
5.678873658180236816e-01 9.202423095703125000e-01
3.876433372497558594e-01 5.974490046501159668e-01
9.628518670797348022e-02 5.880437493324279785e-01
5.738185048103332520e-01 1.709368675947189331e-01
9.552700072526931763e-02 7.273340225219726562e-01
5.938024520874023438e-01 6.814453601837158203e-01
5.885813832283020020e-01 3.013551533222198486e-01
9.816970229148864746e-01 5.044174790382385254e-01
7.962616682052612305e-01 6.075839400291442871e-01
4.389600753784179688e-01 8.490498065948486328e-01
1.029253304004669189e-01 6.320872306823730469e-01
4.010481536388397217e-01 9.685993194580078125e-01
1.560178101062774658e-01 4.988559484481811523e-01
2.670080363750457764e-01 4.424221813678741455e-02
1.642388552427291870e-01 4.935654103755950928e-01
7.345252633094787598e-01 2.380844503641128540e-01
2.635700702667236328e-01 4.573346078395843506e-01
7.011647224426269531e-01 9.530172348022460938e-01
9.416039586067199707e-01 1.323850601911544800e-01
7.790056616067886353e-02 7.538391947746276855e-01
6.981216371059417725e-02 9.745343029499053955e-02
