2.033155411481857300e-01 6.278198361396789551e-01
7.963692545890808105e-01 4.961186349391937256e-01
3.959821760654449463e-01 6.147701144218444824e-01
4.480970501899719238e-01 1.855053156614303589e-01
5.286245346069335938e-01 7.105365395545959473e-01
3.006645143032073975e-01 3.346987664699554443e-01
2.610765397548675537e-01 2.436814457178115845e-01
7.245923280715942383e-01 1.699077188968658447e-01
4.326117634773254395e-01 7.214193940162658691e-01
1.760778948664665222e-02 7.998605370521545410e-01
2.338104546070098877e-01 5.475271940231323242e-01
5.177533626556396484e-01 8.523643612861633301e-01
3.056434094905853271e-01 1.181655004620552063e-01
6.018744781613349915e-02 1.098380237817764282e-01
9.363677501678466797e-01 8.883396536111831665e-02
5.237914323806762695e-01 8.377972841262817383e-01
6.306767463684082031e-01 1.791903227567672729e-01
7.245698571205139160e-02 6.669556498527526855e-01
4.397992193698883057e-01 2.270425707101821899e-01
8.885740041732788086e-01 6.258702278137207031e-01
3.979345262050628662e-01 9.610728025436401367e-01
4.164977967739105225e-01 2.066156566143035889e-01
1.493612676858901978e-01 3.340116441249847412e-01
4.421419277787208557e-02 3.089947253465652466e-02
2.947987318038940430e-01 1.638785749673843384e-01
5.783572793006896973e-01 6.227837800979614258e-01
3.752674162387847900e-01 8.479459583759307861e-02
3.595710396766662598e-01 9.023131132125854492e-01
6.140820980072021484e-01 5.433121323585510254e-01
8.502625823020935059e-01 2.198935002088546753e-01
3.325243294239044189e-01 6.805098056793212891e-01
1.288029849529266357e-01 3.221425414085388184e-01
5.479991436004638672e-01 8.734500408172607422e-02
2.460802942514419556e-01 1.109818667173385620e-01
6.493799686431884766e-01 2.477905154228210449e-02
7.512808442115783691e-01 9.241368174552917480e-01
1.641783267259597778e-01 8.907661586999893188e-02
4.478697478771209717e-01 9.119955897331237793e-01
7.860780358314514160e-01 1.864555478096008301e-01
5.247199535369873047e-01 3.915279507637023926e-01
5.675092935562133789e-01 7.395518422126770020e-01
5.425173044204711914e-01 6.721454858779907227e-01
3.980534076690673828e-01 8.838490247726440430e-01
2.774398922920227051e-01 6.802418828010559082e-01
2.069033980369567871e-01 8.040599822998046875e-01
8.677181005477905273e-01 5.769177675247192383e-01
3.606300354003906250e-01 7.087914943695068359e-01
5.236531496047973633e-01 5.418399572372436523e-01
7.103686332702636719e-01 7.725887894630432129e-01
1.873625814914703369e-01 6.513111591339111328e-01
4.831823110580444336e-01 3.403341472148895264e-01
5.872165560722351074e-01 1.588135361671447754e-01
9.684132337570190430e-01 2.025424987077713013e-01
6.197181940078735352e-01 8.367011547088623047e-01
1.742139160633087158e-01 1.244274079799652100e-01
5.977314114570617676e-01 5.440641641616821289e-01
2.227352261543273926e-01 3.717288672924041748e-01
3.998365625739097595e-02 2.602024003863334656e-02
4.825606048107147217e-01 6.454685926437377930e-01
9.306512475013732910e-01 8.279534578323364258e-01
4.400546550750732422e-01 8.062155544757843018e-02
5.627483725547790527e-01 9.167737960815429688e-01
4.373698234558105469e-01 4.002275764942169189e-01
8.386864066123962402e-01 5.287973284721374512e-01
6.632668972015380859e-01 7.601843476295471191e-01
6.745020747184753418e-01 2.444148510694503784e-01
6.137279868125915527e-01 8.448933064937591553e-02
1.422819048166275024e-01 8.389254212379455566e-01
5.070900917053222656e-01 8.683893680572509766e-01
6.244624853134155273e-01 4.469260871410369873e-01
1.837217435240745544e-02 7.900618910789489746e-01
4.499951750040054321e-02 2.792704105377197266e-01
3.510189950466156006e-01 3.491236269474029541e-01
5.779297947883605957e-01 4.737543687224388123e-02
6.288386583328247070e-01 2.693236768245697021e-01
6.177312731742858887e-01 5.847743153572082520e-01
4.655397534370422363e-01 7.871188521385192871e-01
5.071368217468261719e-01 6.354389786720275879e-01
7.457285523414611816e-01 6.416986584663391113e-01
4.767684340476989746e-01 7.714005708694458008e-01
5.852338075637817383e-01 3.734170496463775635e-01
1.567346304655075073e-01 5.060082077980041504e-01
7.368200421333312988e-01 5.619390606880187988e-01
6.918463110923767090e-01 5.042328238487243652e-01
8.103357553482055664e-01 8.679594099521636963e-02
4.279210567474365234e-01 7.476179003715515137e-01
5.657999515533447266e-01 7.916131615638732910e-01
3.890759050846099854e-01 8.554947376251220703e-01
9.717920422554016113e-02 5.231882333755493164e-01
8.364765048027038574e-01 8.204574584960937500e-01
5.957766771316528320e-01 9.447275400161743164e-01
9.418936967849731445e-01 7.722936868667602539e-01
9.529667496681213379e-01 5.767770856618881226e-02
8.402976393699645996e-01 8.789958357810974121e-01
6.971912980079650879e-01 2.548620998859405518e-01
5.827229470014572144e-02 1.627319604158401489e-01
9.490748047828674316e-01 2.499638646841049194e-01
9.623201489448547363e-01 6.995730400085449219e-01
6.865653395652770996e-02 7.886650562286376953e-01
7.642422914505004883e-01 3.330892622470855713e-01
9.434767365455627441e-01 8.200106620788574219e-01
5.784158706665039062e-01 4.272707402706146240e-01
4.808878004550933838e-01 5.534504055976867676e-01
3.027086853981018066e-01 2.922939360141754150e-01
9.938908815383911133e-01 8.311115503311157227e-01
8.933606147766113281e-01 4.445179998874664307e-01
4.649233520030975342e-01 6.311647891998291016e-01
1.354488134384155273e-01 8.606498837471008301e-01
3.538939952850341797e-01 6.874711066484451294e-02
1.926207691431045532e-01 3.866089880466461182e-01
1.251774579286575317e-01 3.713280335068702698e-02
4.470753669738769531e-01 3.029138147830963135e-01
4.242788851261138916e-01 7.343752682209014893e-02
8.786613941192626953e-01 8.980406522750854492e-01
6.449953913688659668e-01 9.684249162673950195e-01
5.636262893676757812e-01 3.334223926067352295e-01
4.803618788719177246e-01 8.585018664598464966e-02
5.420819520950317383e-01 1.096604764461517334e-01
4.388367235660552979e-01 7.140688300132751465e-01
5.435112714767456055e-01 7.001543045043945312e-01
8.785458803176879883e-01 6.638983488082885742e-01
9.627004861831665039e-01 9.313113689422607422e-01
7.342234849929809570e-01 7.209677696228027344e-01
9.564474225044250488e-01 5.640583038330078125e-01
8.591316640377044678e-02 1.105612050741910934e-02
5.758638679981231689e-02 4.697533249855041504e-01
4.922906160354614258e-01 6.440360546112060547e-01
6.259463429450988770e-01 3.797997534275054932e-01
4.432351589202880859e-01 5.903636217117309570e-01
4.644529223442077637e-01 6.460917592048645020e-01
9.050931930541992188e-01 1.126690283417701721e-01
9.200592637062072754e-01 6.784592568874359131e-02
2.226427048444747925e-01 2.853374779224395752e-01
6.669929623603820801e-01 6.268815398216247559e-01
1.214610561728477478e-01 6.950731873512268066e-01
3.309323787689208984e-01 9.296607971191406250e-01
4.178503751754760742e-01 2.479149252176284790e-01
5.793188214302062988e-01 2.058601230382919312e-01
4.340730607509613037e-01 6.601143479347229004e-01
6.597554683685302734e-01 1.240404695272445679e-01
4.403361082077026367e-01 9.392811059951782227e-01
6.656584739685058594e-01 6.159240379929542542e-02
1.027480512857437134e-02 6.551969647407531738e-01
9.031876921653747559e-01 6.106103658676147461e-01
7.347038388252258301e-01 9.066555649042129517e-02
8.601890802383422852e-01 5.731808543205261230e-01
5.258976221084594727e-01 8.918345570564270020e-01
8.786121606826782227e-01 9.160875082015991211e-01
7.805200815200805664e-01 6.485598087310791016e-01
9.648570418357849121e-01 3.853346407413482666e-01
5.167738348245620728e-02 7.630485892295837402e-01
3.639302849769592285e-01 9.173164367675781250e-01
9.626598954200744629e-01 7.811217904090881348e-01
9.604922533035278320e-01 4.497621953487396240e-01
6.823000907897949219e-01 5.267676711082458496e-01
2.348059415817260742e-01 6.535220742225646973e-01
1.056331247091293335e-01 3.857524991035461426e-01
4.874242544174194336e-01 9.555185437202453613e-01
6.972308754920959473e-01 4.199272766709327698e-02
5.597363412380218506e-02 3.074268698692321777e-01
2.923946380615234375e-01 9.737885594367980957e-01
9.925276041030883789e-01 8.325617909431457520e-01
8.287758827209472656e-01 1.658898591995239258e-01
8.026103377342224121e-01 8.101171851158142090e-01
9.968808293342590332e-01 4.964489042758941650e-01
2.531600296497344971e-01 2.700672745704650879e-01
8.137448430061340332e-01 7.358347773551940918e-01
9.081080555915832520e-01 2.783770859241485596e-01
6.927112936973571777e-01 3.456258773803710938e-01
4.452077150344848633e-01 2.867407500743865967e-01
2.811218798160552979e-01 6.795224547386169434e-02
8.687094449996948242e-01 3.732077181339263916e-01
7.576740533113479614e-02 1.958149671554565430e-01
6.985335797071456909e-02 4.468236863613128662e-01
6.160665750503540039e-01 4.989474117755889893e-01
6.303146481513977051e-01 4.975313246250152588e-01
2.158963829278945923e-01 6.261134743690490723e-01
4.902831315994262695e-01 4.513978064060211182e-01
5.521784424781799316e-01 3.197894096374511719e-01
3.651168644428253174e-01 7.841729521751403809e-01
8.674681782722473145e-01 5.929725989699363708e-02
9.369532018899917603e-02 2.174717336893081665e-01
9.897957444190979004e-01 6.024240851402282715e-01
9.020438790321350098e-02 2.123284935951232910e-01
2.949548065662384033e-01 7.302920222282409668e-01
3.036405146121978760e-02 3.387172818183898926e-01
9.057773351669311523e-01 4.372926950454711914e-01
1.374022960662841797e-01 6.397176533937454224e-02
8.684682250022888184e-01 7.114505860954523087e-03
9.949313998222351074e-01 9.422953724861145020e-01
5.181601047515869141e-01 8.034750819206237793e-01
1.728158742189407349e-01 1.323564350605010986e-01
8.720726966857910156e-01 3.603128790855407715e-01
9.623734951019287109e-01 7.205901741981506348e-01
2.388677597045898438e-01 8.686605691909790039e-01
3.988302946090698242e-01 5.937007665634155273e-01
6.721625924110412598e-01 2.459967434406280518e-01
8.385590910911560059e-01 3.385438919067382812e-01
9.092490673065185547e-01 5.439038872718811035e-01
7.266992330551147461e-01 5.406841635704040527e-01
1.066167131066322327e-01 1.681986600160598755e-01
7.750343084335327148e-01 5.054749250411987305e-01
6.098766326904296875e-01 8.731546998023986816e-01
3.544789552688598633e-01 6.521865129470825195e-01
2.890815734863281250e-01 3.067743480205535889e-01
5.934799909591674805e-01 9.977834224700927734e-01
4.665187895298004150e-01 6.350036263465881348e-01
1.771681159734725952e-01 3.067590296268463135e-01
3.683629930019378662e-01 4.475875794887542725e-01
6.085571646690368652e-01 2.082485854625701904e-01
5.356516689062118530e-02 3.089980408549308777e-02
8.700101971626281738e-01 4.219875633716583252e-01
9.557195901870727539e-01 8.461037278175354004e-01
6.887346506118774414e-02 9.531698375940322876e-02
6.814530491828918457e-01 9.294297695159912109e-01
7.364434599876403809e-01 2.908402979373931885e-01
8.325319886207580566e-01 6.955936551094055176e-01
7.140319943428039551e-01 4.018597900867462158e-01
4.740475118160247803e-01 9.079945087432861328e-01
2.302487492561340332e-01 3.101371414959430695e-02
9.856943488121032715e-01 4.913853108882904053e-01
7.388777732849121094e-01 2.364378720521926880e-01
6.687839031219482422e-01 6.541893482208251953e-01
1.006651818752288818e-01 1.387058794498443604e-01
9.035553336143493652e-01 3.840290009975433350e-01
3.884854912757873535e-01 2.108267843723297119e-01
5.801102519035339355e-01 3.119806051254272461e-01
5.173390507698059082e-01 3.690800070762634277e-01
2.038168311119079590e-01 9.097196459770202637e-01
7.200920581817626953e-01 7.541571259498596191e-01
7.595560550689697266e-01 9.870378375053405762e-01
4.374933838844299316e-01 2.866058051586151123e-01
4.465987086296081543e-01 8.325032591819763184e-01
1.078471392393112183e-01 2.767588794231414795e-01
5.644165873527526855e-01 4.117025807499885559e-02
4.268938899040222168e-01 6.031049489974975586e-01
5.410414189100265503e-02 4.357836544513702393e-01
3.353546559810638428e-01 6.781183183193206787e-02
4.033928811550140381e-01 8.023221492767333984e-01
5.890065431594848633e-01 2.627437114715576172e-01
1.689497977495193481e-01 6.062764525413513184e-01
5.439681410789489746e-01 5.952377915382385254e-01
2.475678920745849609e-01 4.908427298069000244e-01
6.174347996711730957e-01 3.176530003547668457e-01
9.870471358299255371e-01 2.332995980978012085e-01
5.318390130996704102e-01 6.330226063728332520e-01
3.455613553524017334e-01 2.343281954526901245e-01
6.622672080993652344e-01 6.195876002311706543e-01
4.038462042808532715e-01 2.856655120849609375e-01
6.975475549697875977e-01 4.646954536437988281e-01
3.652474582195281982e-01 8.477095961570739746e-01
4.343362450599670410e-01 2.679011821746826172e-01
6.322757005691528320e-01 1.256806999444961548e-01
7.901501655578613281e-01 4.832888841629028320e-01
5.090031400322914124e-02 3.651914000511169434e-01
9.646638035774230957e-01 8.310424685478210449e-01
4.236180707812309265e-02 7.308933734893798828e-01
6.351177096366882324e-01 5.083996653556823730e-01
7.748167514801025391e-01 8.388654589653015137e-01
7.326637506484985352e-01 2.228267341852188110e-01
8.331890404224395752e-02 8.126397728919982910e-01
8.368334770202636719e-01 9.774835705757141113e-01
8.760784566402435303e-02 9.309332817792892456e-02
6.789032816886901855e-01 2.517197728157043457e-01
2.094684690237045288e-01 4.044691622257232666e-01
4.395570456981658936e-01 9.700269997119903564e-02
6.981242299079895020e-01 1.219731569290161133e-01
5.019015073776245117e-01 5.804036259651184082e-01
6.848241090774536133e-01 1.174130886793136597e-01
4.803660213947296143e-01 9.779395461082458496e-01
6.267160177230834961e-01 8.573459982872009277e-01
1.316431015729904175e-01 7.659107446670532227e-02
7.541224360466003418e-01 2.663272917270660400e-01
9.116775393486022949e-01 8.146171569824218750e-01
4.688095748424530029e-01 3.733011186122894287e-01
9.106817655265331268e-03 4.883361160755157471e-01
7.859825342893600464e-02 6.382792592048645020e-01
9.005110263824462891e-01 7.175095081329345703e-01
6.374105215072631836e-01 1.136814802885055542e-01
5.887724161148071289e-01 2.210887819528579712e-01
9.283640980720520020e-01 8.291819691658020020e-01
9.150490164756774902e-01 3.248837590217590332e-01
5.567613244056701660e-01 6.355925798416137695e-01
7.596203088760375977e-01 5.533609390258789062e-01
9.875777959823608398e-01 3.538962602615356445e-01
5.395311117172241211e-01 2.480074018239974976e-01
3.811688721179962158e-01 9.713786840438842773e-01
6.291236281394958496e-01 6.469038724899291992e-01
3.472809791564941406e-01 8.071016073226928711e-01
3.686712384223937988e-01 9.179212450981140137e-01
2.057016491889953613e-01 4.961400330066680908e-01
5.909380912780761719e-01 8.919386863708496094e-01
2.988271415233612061e-01 5.816619396209716797e-01
8.508890271186828613e-01 4.104518294334411621e-01
5.080260038375854492e-01 8.878136277198791504e-01
3.364705741405487061e-01 6.549623012542724609e-01
8.104594945907592773e-01 3.960581719875335693e-01
5.178986787796020508e-01 1.616946458816528320e-01
4.682368338108062744e-01 2.094697952270507812e-02
5.404826998710632324e-01 5.490012764930725098e-01
9.129061102867126465e-01 6.127303838729858398e-01
5.368638634681701660e-01 2.802799940109252930e-01
9.164168834686279297e-01 3.898043930530548096e-01
1.685052365064620972e-01 1.949705332517623901e-01
2.721770107746124268e-01 7.223234772682189941e-01
9.055945873260498047e-01 6.807626485824584961e-01
1.890879683196544647e-02 7.407715916633605957e-01
7.076939940452575684e-01 3.550054430961608887e-01
4.317948222160339355e-01 6.366230249404907227e-01
5.361555814743041992e-01 2.905452549457550049e-01
7.156595587730407715e-01 5.778019428253173828e-01
5.773322582244873047e-01 4.871510565280914307e-01
5.352661013603210449e-01 5.128543972969055176e-01
5.377896130084991455e-03 7.645658850669860840e-01
5.935316905379295349e-02 5.507022142410278320e-01
1.437301188707351685e-01 6.757310032844543457e-01
1.302683800458908081e-01 8.886167407035827637e-01
6.196228265762329102e-01 8.098788261413574219e-01
1.556175500154495239e-01 3.491352498531341553e-01
8.945891261100769043e-01 1.110634654760360718e-01
4.951968193054199219e-01 8.976889252662658691e-01
6.272019147872924805e-01 5.043299198150634766e-01
7.335845232009887695e-01 3.600578308105468750e-01
1.612825691699981689e-01 9.591076374053955078e-01
8.438059687614440918e-01 8.683455586433410645e-01
9.072680473327636719e-01 3.432925641536712646e-01
4.528436660766601562e-01 2.776329219341278076e-01
4.048849940299987793e-01 2.567017972469329834e-01
7.531868219375610352e-01 1.654169894754886627e-02
3.846300244331359863e-01 8.481934666633605957e-01
5.187488347291946411e-02 2.197033166885375977e-01
8.878933191299438477e-01 1.032177805900573730e-01
8.864032477140426636e-02 9.168484807014465332e-01
3.052213490009307861e-01 3.096179664134979248e-01
3.703664243221282959e-02 2.516891360282897949e-01
7.829460501670837402e-01 3.025365471839904785e-01
5.827347636222839355e-01 5.976632833480834961e-01
8.334273695945739746e-01 5.643356591463088989e-03
4.236691296100616455e-01 9.169450998306274414e-01
1.204740479588508606e-01 5.048748254776000977e-01
1.531797200441360474e-01 5.833170413970947266e-01
5.583484172821044922e-01 8.281614184379577637e-01
9.203747510910034180e-01 4.767886996269226074e-01
2.245718389749526978e-01 4.699662029743194580e-01
9.636524915695190430e-01 5.366064906120300293e-01
6.022565960884094238e-01 1.629805266857147217e-01
2.329879552125930786e-01 4.001472145318984985e-02
1.499861665070056915e-02 1.997548788785934448e-01
1.752823591232299805e-01 4.473619163036346436e-01
7.402427792549133301e-01 6.553205847740173340e-01
8.070289492607116699e-01 8.846908807754516602e-02
6.013117432594299316e-01 5.409711003303527832e-01
7.145005464553833008e-01 4.556064903736114502e-01
4.711374342441558838e-01 7.884851098060607910e-01
6.706775426864624023e-01 8.080031275749206543e-01
2.691334486007690430e-01 7.322049140930175781e-01
4.863488972187042236e-01 2.513378560543060303e-01
6.777396798133850098e-01 3.279207348823547363e-01
1.272017359733581543e-01 1.385193914175033569e-01
7.380100488662719727e-01 5.512267947196960449e-01
7.726849317550659180e-01 5.933881402015686035e-01
9.538446664810180664e-01 6.134262681007385254e-02
8.726956844329833984e-01 1.383871734142303467e-01
7.874516248703002930e-01 8.555322289466857910e-01
5.928657054901123047e-01 6.309965848922729492e-01
4.077323377132415771e-01 3.503457605838775635e-01
8.372759819030761719e-01 4.901419878005981445e-01
9.437065124511718750e-01 5.666693300008773804e-02
9.429166913032531738e-01 4.818396270275115967e-01
8.232137560844421387e-01 6.748256683349609375e-01
3.251891732215881348e-01 8.274047970771789551e-01
3.986588120460510254e-01 6.632975935935974121e-01
7.314187288284301758e-01 6.367918848991394043e-01
7.119995951652526855e-01 7.212526798248291016e-01
3.842775523662567139e-01 3.072544038295745850e-01
2.987662851810455322e-01 8.428244590759277344e-01
1.404280122369527817e-02 6.551309227943420410e-01
2.877747714519500732e-01 9.643169641494750977e-01
3.261031210422515869e-01 6.133430600166320801e-01
4.294394701719284058e-02 2.429584115743637085e-01
7.899616956710815430e-01 3.448607921600341797e-01
2.586231827735900879e-01 8.039351105690002441e-01
2.032089829444885254e-01 8.001660704612731934e-01
5.438347458839416504e-01 6.751078367233276367e-01
8.276421427726745605e-01 1.719042062759399414e-01
9.551845490932464600e-02 2.421067096292972565e-02
1.067004725337028503e-01 4.690299034118652344e-01
8.648458719253540039e-01 4.313483238220214844e-01
4.289169311523437500e-01 6.387872099876403809e-01
3.332495987415313721e-01 8.742980957031250000e-01
6.844374537467956543e-01 7.526366710662841797e-01
2.880544662475585938e-01 5.123234391212463379e-01
2.063321322202682495e-01 7.734484076499938965e-01
1.973291933536529541e-01 1.780008673667907715e-01
1.595951914787292480e-01 2.136919498443603516e-01
6.767475605010986328e-01 4.250018298625946045e-01
8.256270885467529297e-01 3.801480531692504883e-01
7.674033045768737793e-01 3.392405509948730469e-01
1.756227612495422363e-01 6.446418166160583496e-01
6.154540777206420898e-01 5.646737217903137207e-01
9.022716879844665527e-01 9.544559717178344727e-01
3.598335087299346924e-01 3.998539447784423828e-01
3.537270128726959229e-01 1.529592573642730713e-01
4.725738167762756348e-01 2.634551823139190674e-01
5.174413919448852539e-01 2.690573632717132568e-01
1.684986427426338196e-02 4.277629852294921875e-01
7.810695767402648926e-01 9.235814809799194336e-01
4.876948893070220947e-01 3.932802975177764893e-01
4.098513126373291016e-01 7.683256864547729492e-01
6.125048995018005371e-01 9.728247523307800293e-01
8.681493997573852539e-02 2.260981202125549316e-01
7.876903414726257324e-01 1.705784350633621216e-01
4.629026949405670166e-01 3.133476674556732178e-01
3.935104310512542725e-01 8.008497208356857300e-02
5.514714121818542480e-01 6.147553324699401855e-01
3.341519534587860107e-01 6.369991600513458252e-02
4.497356116771697998e-01 3.996912240982055664e-01
3.304336965084075928e-01 2.309682816267013550e-01
1.626571714878082275e-01 9.856777787208557129e-01
4.947615563869476318e-01 8.497316390275955200e-02
8.146110177040100098e-01 4.958356022834777832e-01
8.878445625305175781e-01 3.569614887237548828e-01
7.762683033943176270e-01 4.755985140800476074e-01
9.251639246940612793e-01 9.276428818702697754e-02
8.637121915817260742e-01 5.177053213119506836e-01
4.892729222774505615e-01 9.519636631011962891e-01
9.253709912300109863e-01 5.890893191099166870e-02
8.023943305015563965e-01 5.171535611152648926e-01
8.303588628768920898e-01 1.484668552875518799e-01
5.345143675804138184e-01 6.824397444725036621e-01
5.213788151741027832e-01 7.683056592941284180e-01
9.831545948982238770e-01 5.716526508331298828e-01
2.852390110492706299e-01 5.408678650856018066e-01
1.721310317516326904e-01 6.873098015785217285e-01
4.116844832897186279e-01 9.288792014122009277e-01
8.155879378318786621e-01 9.154239892959594727e-01
8.396590352058410645e-01 5.044869780540466309e-01
7.256568968296051025e-02 6.088886857032775879e-01
8.337762355804443359e-01 2.911086976528167725e-01
7.838245630264282227e-01 1.954409629106521606e-01
8.648439645767211914e-01 5.356834530830383301e-01
3.514040112495422363e-01 9.705970287322998047e-01
5.670474767684936523e-01 2.706334292888641357e-01
5.380125045776367188e-01 1.978449290618300438e-03
6.070948839187622070e-01 8.799361586570739746e-01
4.859742522239685059e-02 9.956381916999816895e-01
6.777918338775634766e-01 9.546028375625610352e-01
1.925461366772651672e-02 3.902744352817535400e-01
8.045065402984619141e-01 6.364737153053283691e-01
6.287871599197387695e-01 7.483549118041992188e-01
9.898645281791687012e-01 2.277330309152603149e-01
9.695326089859008789e-01 9.152427315711975098e-01
5.743820667266845703e-01 8.878781795501708984e-01
3.961694836616516113e-01 6.295725703239440918e-01
8.288570642471313477e-01 5.668340325355529785e-01
9.662719964981079102e-01 6.569862961769104004e-01
5.357015132904052734e-01 1.999251395463943481e-01
5.940238237380981445e-01 2.569451332092285156e-01
9.672845155000686646e-02 1.451084315776824951e-01
8.004003167152404785e-01 4.058167934417724609e-01
7.722614407539367676e-01 3.863946795463562012e-01
6.504187732934951782e-02 9.496210515499114990e-02
8.841481804847717285e-01 3.504570424556732178e-01
9.884963035583496094e-01 9.617689847946166992e-01
1.303619444370269775e-01 1.970549486577510834e-02
5.569130778312683105e-01 6.442748308181762695e-01
5.384172201156616211e-01 5.099532008171081543e-01
5.436002016067504883e-01 1.472717523574829102e-01
1.338042765855789185e-01 1.498785316944122314e-01
5.809029936790466309e-01 2.369446307420730591e-01
7.038354873657226562e-01 1.724914610385894775e-01
6.948421001434326172e-01 9.482561945915222168e-01
1.880724877119064331e-01 4.254435598850250244e-01
8.855366706848144531e-01 7.933741807937622070e-01
2.317568063735961914e-01 9.204178452491760254e-01
1.740497350692749023e-01 9.558672308921813965e-01
8.316073566675186157e-03 6.332653760910034180e-01
1.094985529780387878e-01 9.535251259803771973e-01
4.580963850021362305e-01 7.316454648971557617e-01
8.014420866966247559e-01 2.153498493134975433e-02
6.148442029953002930e-01 9.468763470649719238e-01
9.222866892814636230e-01 6.237374544143676758e-01
3.984746038913726807e-01 3.693441674113273621e-02
7.467314004898071289e-01 6.109763979911804199e-01
8.418262004852294922e-01 5.520337224006652832e-01
2.842072211205959320e-02 1.854077330790460110e-03
9.516038894653320312e-01 8.090261816978454590e-01
6.476886272430419922e-01 1.095579192042350769e-01
4.287397563457489014e-01 9.762223362922668457e-01
8.672328591346740723e-01 4.272113144397735596e-01
9.786924123764038086e-01 1.465440541505813599e-01
7.664493322372436523e-01 5.063713192939758301e-01
6.622280180454254150e-02 5.232899785041809082e-01
8.059024214744567871e-01 3.171895146369934082e-01
9.216405153274536133e-01 8.235670328140258789e-01
6.209290027618408203e-01 9.935134053230285645e-01
8.378676176071166992e-01 8.431344628334045410e-01
7.524383068084716797e-01 1.466110646724700928e-01
6.768238544464111328e-01 1.860070973634719849e-01
7.968416213989257812e-01 3.511324524879455566e-01
9.111231565475463867e-01 7.411640286445617676e-01
9.058625102043151855e-01 1.982851177453994751e-01
6.062805056571960449e-01 3.540713191032409668e-01
1.003858894109725952e-01 2.718712687492370605e-01
8.548910021781921387e-01 9.540032744407653809e-01
4.191200435161590576e-01 7.128698229789733887e-01
1.475838124752044678e-01 5.990507602691650391e-01
6.484036445617675781e-01 6.774129867553710938e-01
6.049537062644958496e-01 5.656195282936096191e-01
3.327909409999847412e-01 4.511071741580963135e-01
7.562734484672546387e-01 6.264513134956359863e-01
8.890040516853332520e-01 9.268659949302673340e-01
8.893672227859497070e-01 2.085430473089218140e-01
2.739163674414157867e-02 5.441353321075439453e-01
8.781486153602600098e-01 2.790217697620391846e-01
5.783327221870422363e-01 8.644089102745056152e-01
2.929090522229671478e-02 3.260622620582580566e-01
8.574827909469604492e-01 3.431673943996429443e-01
3.942636549472808838e-01 6.699818968772888184e-01
7.701625823974609375e-01 8.892716765403747559e-01
3.972415626049041748e-01 9.865074157714843750e-01
3.106642365455627441e-01 3.963020145893096924e-01
3.147510290145874023e-01 4.786317646503448486e-01
6.687349081039428711e-01 1.562261674553155899e-02
8.261107802391052246e-01 5.393513441085815430e-01
4.009659886360168457e-01 9.270175099372863770e-01
2.666144967079162598e-01 5.887023806571960449e-01
9.530885219573974609e-01 6.534476280212402344e-01
8.116582632064819336e-01 9.927076697349548340e-01
6.236771345138549805e-01 9.972822666168212891e-01
3.012515008449554443e-01 1.314761638641357422e-01
4.336881935596466064e-01 1.182730793952941895e-01
2.919086515903472900e-01 5.193592309951782227e-01
2.171791791915893555e-01 7.174144983291625977e-01
5.448538064956665039e-01 8.455960750579833984e-01
1.015476584434509277e-01 4.562889635562896729e-01
5.964590311050415039e-01 5.247802138328552246e-01
6.933313012123107910e-01 4.692133367061614990e-01
6.737801432609558105e-01 8.349184989929199219e-01
1.681097783148288727e-02 1.866302341222763062e-01
8.635274767875671387e-01 4.253863990306854248e-01
2.178639173507690430e-02 7.669991999864578247e-02
6.354178190231323242e-01 8.216450214385986328e-01
6.873176097869873047e-01 7.681612968444824219e-01
9.155622720718383789e-01 6.656797528266906738e-01
7.946036458015441895e-01 2.288406044244766235e-01
3.967816531658172607e-01 1.340675801038742065e-01
1.355947852134704590e-01 9.745439887046813965e-01
7.367081046104431152e-01 1.434926837682723999e-01
4.431477189064025879e-01 8.085466623306274414e-01
4.814733564853668213e-01 9.709477424621582031e-01
7.391899824142456055e-01 1.269938889890909195e-02
1.747837662696838379e-01 9.119660258293151855e-01
8.726506829261779785e-01 1.689417958259582520e-01
6.884713768959045410e-01 1.924522370100021362e-01
3.620761334896087646e-01 2.635677456855773926e-01
2.647097110748291016e-01 8.383564352989196777e-01
8.241740614175796509e-02 3.771807625889778137e-02
7.426886558532714844e-01 3.214681744575500488e-01
3.443881869316101074e-01 7.838732600212097168e-01
4.663957655429840088e-01 4.244046807289123535e-01
5.803664326667785645e-01 6.362963318824768066e-01
1.953537389636039734e-02 5.607305765151977539e-01
4.200717434287071228e-03 7.734597921371459961e-01
8.026080727577209473e-01 7.332525253295898438e-01
7.654595971107482910e-01 9.187256693840026855e-01
8.651074171066284180e-01 8.454514741897583008e-01
2.098190486431121826e-01 5.075972080230712891e-01
3.458687961101531982e-01 8.932146430015563965e-01
1.019738689064979553e-01 8.394607305526733398e-01
6.728541105985641479e-02 2.303435653448104858e-01
4.658145084977149963e-02 9.403342008590698242e-01
3.796120285987854004e-01 4.421127736568450928e-01
5.626577734947204590e-01 3.377890884876251221e-01
9.879350066184997559e-01 2.637639939785003662e-01
6.052885651588439941e-01 4.877290725708007812e-01
4.820598959922790527e-01 6.458423137664794922e-01
4.002241790294647217e-01 9.823484420776367188e-01
6.137299537658691406e-01 7.730225324630737305e-01
8.112809658050537109e-01 4.423693288117647171e-03
4.936203956604003906e-01 1.402265876531600952e-01
6.255889534950256348e-01 7.294858694076538086e-01
7.554355859756469727e-01 1.653076112270355225e-01
9.035680294036865234e-01 8.878428936004638672e-01
8.078940510749816895e-01 5.762432813644409180e-01
9.973698854446411133e-01 2.691451311111450195e-01
2.882460132241249084e-02 1.669148355722427368e-01
6.504024863243103027e-01 8.836259841918945312e-01
5.885862112045288086e-01 2.229966521263122559e-01
7.586126923561096191e-01 2.023563832044601440e-01
6.473628431558609009e-02 3.030741512775421143e-01
8.513208031654357910e-01 2.484440952539443970e-01
9.255371093750000000e-01 2.123139500617980957e-01
1.217329278588294983e-01 4.222664982080459595e-02
4.833631515502929688e-01 1.145601794123649597e-01
8.642649054527282715e-01 6.085780858993530273e-01
9.058388471603393555e-01 7.531258463859558105e-01
6.785790622234344482e-02 2.380894720554351807e-01
9.565288424491882324e-01 6.866986751556396484e-01
7.457172274589538574e-01 5.554572492837905884e-02
3.765857815742492676e-01 4.811542630195617676e-01
5.132252573966979980e-01 9.849546551704406738e-01
9.054786562919616699e-01 2.858681976795196533e-01
4.480052888393402100e-01 5.645070672035217285e-01
8.696927428245544434e-01 9.515793919563293457e-01
8.868057131767272949e-01 2.383900135755538940e-01
6.234520673751831055e-01 2.171268910169601440e-01
8.270087838172912598e-01 9.582126140594482422e-01
3.756798803806304932e-01 9.613922834396362305e-01
6.954120397567749023e-01 5.789655447006225586e-01
7.275931835174560547e-01 3.551246225833892822e-01
6.159744262695312500e-01 9.564142227172851562e-01
5.732235312461853027e-01 7.354499101638793945e-01
9.735631942749023438e-01 7.808541655540466309e-01
1.129212900996208191e-01 1.084054782986640930e-01
3.412788212299346924e-01 3.815285861492156982e-01
8.559111356735229492e-01 6.028921008110046387e-01
4.805197417736053467e-01 5.602312684059143066e-01
5.715916752815246582e-01 3.639778792858123779e-01
8.406751155853271484e-01 3.703811764717102051e-01
8.665040731430053711e-01 6.075481176376342773e-01
7.835719585418701172e-01 4.548504650592803955e-01
3.560122549533843994e-01 6.463285684585571289e-01
2.506400048732757568e-01 5.072348713874816895e-01
7.529633641242980957e-01 2.253189384937286377e-01
7.095146775245666504e-01 6.589736938476562500e-01
8.191065192222595215e-01 3.517290055751800537e-01
4.763279855251312256e-01 9.501625895500183105e-01
9.680301547050476074e-01 8.198909759521484375e-01
4.754213988780975342e-01 1.192227900028228760e-01
6.540019810199737549e-02 3.829651474952697754e-01
7.232761383056640625e-01 7.206900119781494141e-01
1.813369542360305786e-01 5.684186220169067383e-01
3.213903605937957764e-01 3.973504304885864258e-01
6.229549050331115723e-01 4.939957857131958008e-01
8.377417922019958496e-01 2.670218944549560547e-01
4.419692158699035645e-01 6.893008202314376831e-02
7.332138419151306152e-01 6.422089934349060059e-01
2.734512686729431152e-01 9.520426988601684570e-01
2.753161080181598663e-02 9.966762065887451172e-01
8.980382680892944336e-01 4.573008716106414795e-01
9.629142284393310547e-01 9.511119127273559570e-01
6.909965276718139648e-01 1.381934285163879395e-01
6.197328567504882812e-01 3.395707309246063232e-01
9.290528893470764160e-01 8.596761226654052734e-01
3.021763265132904053e-01 7.161584496498107910e-01
6.655346751213073730e-01 9.363299608230590820e-01
8.467165827751159668e-01 9.934087991714477539e-01
4.258145987987518311e-01 8.545022457838058472e-02
3.793996870517730713e-01 9.235277175903320312e-01
1.931993365287780762e-01 5.352288484573364258e-02
6.220853924751281738e-01 9.975956678390502930e-01
8.082197308540344238e-01 6.790953129529953003e-02
1.329455822706222534e-01 5.172927975654602051e-01
8.775684833526611328e-01 8.308175802230834961e-01
4.596683979034423828e-01 9.911240637302398682e-02
7.196407914161682129e-01 2.315080165863037109e-01
8.488727211952209473e-01 5.521133542060852051e-01
8.637061715126037598e-01 3.312661051750183105e-01
3.465147912502288818e-01 9.690774083137512207e-01
3.463739156723022461e-02 6.626526713371276855e-01
6.600571274757385254e-01 2.483464628458023071e-01
8.482854366302490234e-01 7.849958539009094238e-01
6.980418562889099121e-01 2.992189489305019379e-02
1.330765336751937866e-01 7.138866782188415527e-01
6.196687221527099609e-01 7.026235461235046387e-01
9.256355762481689453e-01 7.263905555009841919e-02
6.790167689323425293e-01 6.926000118255615234e-01
6.886370182037353516e-01 2.842555344104766846e-01
8.375180363655090332e-01 5.634816884994506836e-01
1.758666187524795532e-01 3.540650904178619385e-01
3.404146432876586914e-01 5.354048609733581543e-01
9.043291211128234863e-01 7.551307678222656250e-01
3.350623846054077148e-01 2.324228733777999878e-01
2.181682921946048737e-02 2.870691418647766113e-01
5.173068046569824219e-01 2.212043404579162598e-01
5.291422605514526367e-01 1.103023067116737366e-02
2.366138696670532227e-01 6.666279435157775879e-01
5.989268422126770020e-01 8.655136227607727051e-01
7.379910945892333984e-01 6.573186516761779785e-01
6.598973870277404785e-01 6.922463774681091309e-01
7.534432411193847656e-01 6.406476497650146484e-01
7.320589423179626465e-01 8.198024034500122070e-01
3.572227954864501953e-01 9.375847578048706055e-01
3.005420323461294174e-03 2.426882237195968628e-01
9.630737900733947754e-01 3.234673440456390381e-01
9.132157564163208008e-01 8.494933843612670898e-01
3.883772343397140503e-02 4.201374948024749756e-01
8.856837749481201172e-01 4.087907075881958008e-01
4.049200415611267090e-01 4.807712435722351074e-01
5.728128179907798767e-02 3.387540578842163086e-01
7.094812989234924316e-01 6.585812568664550781e-02
5.773526430130004883e-01 3.976994380354881287e-02
9.899286031723022461e-01 6.685919165611267090e-01
7.578856348991394043e-01 7.815094590187072754e-01
8.414592146873474121e-01 7.787281274795532227e-02
2.040812671184539795e-01 9.580196142196655273e-01
9.384685754776000977e-01 7.446399927139282227e-01
9.231181740760803223e-01 3.499088883399963379e-01
9.379428029060363770e-01 7.133604288101196289e-01
4.687213897705078125e-01 8.469907045364379883e-01
9.630010724067687988e-01 9.999741911888122559e-01
9.665827453136444092e-02 6.622426509857177734e-01
1.628511101007461548e-01 3.268795609474182129e-01
3.723877072334289551e-01 6.838741302490234375e-01
3.056064434349536896e-02 5.661649703979492188e-01
6.801812052726745605e-01 7.060474157333374023e-01
4.712230265140533447e-01 2.193942815065383911e-01
7.874684333801269531e-01 7.525130361318588257e-02
6.039145588874816895e-01 6.552496552467346191e-01
9.761530160903930664e-01 1.844744086265563965e-01
9.714030623435974121e-01 4.308591485023498535e-01
7.388613820075988770e-01 6.150022149085998535e-01
3.478724658489227295e-01 3.420545160770416260e-02
1.824557483196258545e-01 3.894493877887725830e-01
8.763242363929748535e-01 1.224941462278366089e-01
3.903768956661224365e-01 1.010456755757331848e-01
7.583459019660949707e-01 4.796612560749053955e-01
5.031315684318542480e-01 9.639138579368591309e-01
9.143778085708618164e-01 7.322290539741516113e-01
4.885852038860321045e-01 8.854019641876220703e-01
9.604442715644836426e-01 3.564894199371337891e-01
9.295433163642883301e-01 4.470552206039428711e-01
2.084843665361404419e-01 5.874595642089843750e-01
6.593132019042968750e-02 4.774616956710815430e-01
2.055341899394989014e-01 7.464326620101928711e-01
8.355386853218078613e-01 7.131375074386596680e-01
5.158466696739196777e-01 5.578868985176086426e-01
7.397070527076721191e-01 6.902294158935546875e-01
1.082863435149192810e-01 5.702130198478698730e-01
2.825156152248382568e-01 4.135017991065979004e-01
4.783716499805450439e-01 3.019299209117889404e-01
7.908446788787841797e-01 6.407390832901000977e-01
4.167043864727020264e-01 1.982242912054061890e-01
5.149741172790527344e-01 6.886875033378601074e-01
3.726648539304733276e-02 7.061783075332641602e-01
1.894706040620803833e-01 2.512749433517456055e-01
3.222009241580963135e-01 4.055830836296081543e-01
9.836339950561523438e-02 4.654321074485778809e-01
6.477515697479248047e-01 6.505275964736938477e-01
4.756447970867156982e-01 9.296901226043701172e-01
4.191260635852813721e-01 4.966665506362915039e-01
8.226935863494873047e-01 3.130148053169250488e-01
5.476552248001098633e-01 8.049583435058593750e-01
6.924656629562377930e-01 5.879128575325012207e-01
9.607319533824920654e-02 6.806667447090148926e-01
3.121179938316345215e-01 3.712584674358367920e-01
7.904434800148010254e-01 6.517037749290466309e-01
2.535856962203979492e-01 8.129549026489257812e-01
4.420210719108581543e-01 8.626893162727355957e-01
5.675374269485473633e-01 6.296400427818298340e-01
1.632494293153285980e-02 5.618378892540931702e-02
7.379338145256042480e-01 4.747099578380584717e-01
6.146577596664428711e-01 9.533926099538803101e-02
6.229910254478454590e-01 6.848042011260986328e-01
5.936713814735412598e-01 2.770330905914306641e-01
9.791088104248046875e-01 4.082404971122741699e-01
4.405671656131744385e-01 1.358653008937835693e-01
8.455090522766113281e-01 5.291723012924194336e-01
1.679180711507797241e-01 6.490558981895446777e-01
2.001302391290664673e-01 1.145684998482465744e-02
5.762754678726196289e-01 5.725994706153869629e-02
3.021190464496612549e-01 7.137368917465209961e-01
8.224722743034362793e-01 7.784942388534545898e-01
4.013505280017852783e-01 6.357446312904357910e-01
6.614491343498229980e-01 6.840240955352783203e-01
4.806519448757171631e-01 8.360616862773895264e-02
7.490414381027221680e-01 2.041086368262767792e-02
9.280515313148498535e-01 3.176134824752807617e-01
5.930637717247009277e-01 1.932702772319316864e-02
3.118183612823486328e-01 1.252960115671157837e-01
9.292144179344177246e-01 1.560219973325729370e-01
4.729584455490112305e-01 4.353731274604797363e-01
8.642992377281188965e-01 8.628439307212829590e-01
5.461758971214294434e-01 8.349975943565368652e-01
6.402033567428588867e-01 3.488283753395080566e-01
8.536469936370849609e-01 8.033280372619628906e-01
8.253432512283325195e-01 3.951429128646850586e-01
7.960606217384338379e-01 6.315860748291015625e-01
8.192009329795837402e-01 4.225485622882843018e-01
4.950325489044189453e-01 9.223945736885070801e-01
3.762425184249877930e-01 7.762732505798339844e-01
2.049457281827926636e-02 1.626357734203338623e-01
9.349192976951599121e-01 1.930770128965377808e-01
1.179838776588439941e-01 4.200164377689361572e-01
4.924244582653045654e-01 1.887827962636947632e-01
7.192798852920532227e-01 5.816841125488281250e-01
1.880103647708892822e-01 6.281216740608215332e-01
1.713141351938247681e-01 9.319167137145996094e-01
5.243433117866516113e-01 5.127295255661010742e-01
4.166907668113708496e-01 7.002499699592590332e-01
9.994354844093322754e-01 7.268004417419433594e-01
4.244303703308105469e-01 5.744019150733947754e-01
6.117993220686912537e-02 6.250246167182922363e-01
6.038365364074707031e-01 3.203610181808471680e-01
4.195608496665954590e-01 8.372187018394470215e-01
7.077780961990356445e-01 4.045016169548034668e-01
7.257717251777648926e-01 8.888942599296569824e-01
2.866891324520111084e-01 2.601595520973205566e-01
2.520082332193851471e-02 5.951656103134155273e-01
1.094272956252098083e-01 1.707977503538131714e-01
4.075450599193572998e-01 1.641070842742919922e-01
2.312675863504409790e-01 1.172516122460365295e-01
7.753162980079650879e-01 2.930172383785247803e-01
7.273653149604797363e-01 7.209863662719726562e-01
6.727552413940429688e-02 1.248607635498046875e-01
8.091717958450317383e-02 5.401202440261840820e-01
7.331146001815795898e-01 5.473701357841491699e-01
5.890156030654907227e-01 1.248303204774856567e-01
3.656179085373878479e-02 6.405591964721679688e-01
2.657445371150970459e-01 2.859089672565460205e-01
5.749152302742004395e-01 8.008481860160827637e-01
7.021832466125488281e-01 1.751926541328430176e-01
9.461261034011840820e-01 2.198495268821716309e-01
9.142352342605590820e-01 2.940621376037597656e-01
2.179506272077560425e-01 9.800193905830383301e-01
4.075713157653808594e-01 3.856658339500427246e-01
8.783299475908279419e-02 8.911294937133789062e-01
4.672610163688659668e-01 1.272537559270858765e-01
9.091738462448120117e-01 2.266437262296676636e-01
7.614173889160156250e-01 1.760899424552917480e-01
5.729715228080749512e-01 8.527422547340393066e-01
3.739901781082153320e-01 9.085716009140014648e-01
9.189090132713317871e-01 3.333607912063598633e-01
4.213578104972839355e-01 2.462977021932601929e-01
7.242022156715393066e-01 1.882168352603912354e-01
1.671460717916488647e-01 2.537791430950164795e-01
8.274027146399021149e-03 7.645830512046813965e-01
9.574450254440307617e-01 9.048445820808410645e-01
1.121532097458839417e-01 1.297675520181655884e-01
2.970435619354248047e-01 7.744417190551757812e-01
5.357016995549201965e-02 8.931270241737365723e-01
9.541264176368713379e-01 3.002983331680297852e-01
2.130288332700729370e-01 8.155453205108642578e-02
9.012934565544128418e-01 2.536920011043548584e-01
7.854675650596618652e-01 4.134359955787658691e-01
9.713566303253173828e-01 7.233098745346069336e-01
5.993414521217346191e-01 8.524338155984878540e-02
4.037641584873199463e-01 6.360699534416198730e-01
5.657181143760681152e-01 4.541093409061431885e-01
6.196090579032897949e-01 1.406438350677490234e-01
6.532195210456848145e-01 9.231972098350524902e-01
5.846590995788574219e-01 2.583446204662322998e-01
3.951394557952880859e-01 8.256162405014038086e-01
2.235062122344970703e-01 4.885044097900390625e-01
7.527301311492919922e-01 7.202078402042388916e-02
4.988544285297393799e-01 7.318822145462036133e-01
6.451861262321472168e-01 2.058108001947402954e-01
5.068507790565490723e-01 7.390008568763732910e-01
7.284063100814819336e-01 8.728231191635131836e-01
1.480447351932525635e-01 2.805082201957702637e-01
3.250935673713684082e-01 6.346200108528137207e-01
3.409813642501831055e-01 8.532662391662597656e-01
2.466882467269897461e-01 5.728420615196228027e-01
8.977298736572265625e-01 8.072260022163391113e-01
1.044077351689338684e-01 2.673790603876113892e-02
8.208641409873962402e-01 4.532743990421295166e-01
5.068643689155578613e-01 9.218590855598449707e-01
4.261951148509979248e-02 4.452729523181915283e-01
5.792142152786254883e-01 9.010546207427978516e-01
5.067725777626037598e-01 3.208334743976593018e-02
8.565250039100646973e-01 3.346083462238311768e-01
8.669350147247314453e-01 4.139557480812072754e-01
3.501481711864471436e-01 7.766104340553283691e-01
7.470510601997375488e-01 6.233361363410949707e-01
8.418132364749908447e-02 7.156677544116973877e-02
8.661757707595825195e-01 6.750276684761047363e-01
1.122812777757644653e-01 7.409361600875854492e-01
8.456445932388305664e-01 4.531545042991638184e-01
9.294238090515136719e-01 7.561827301979064941e-01
8.908544778823852539e-01 9.974563121795654297e-01
2.247035801410675049e-01 5.690096020698547363e-01
9.062765240669250488e-01 3.039940493181347847e-03
7.162121534347534180e-01 6.075338721275329590e-01
7.403547763824462891e-01 9.754896163940429688e-01
1.412730943411588669e-02 2.278755307197570801e-01
7.027504444122314453e-01 5.940342545509338379e-01
7.558149099349975586e-01 5.173668265342712402e-01
4.791898652911186218e-02 9.839479327201843262e-01
8.523335456848144531e-01 3.813867866992950439e-01
5.992366075515747070e-01 7.927104234695434570e-01
4.221495687961578369e-01 1.243865862488746643e-01
8.851447105407714844e-01 2.484283000230789185e-01
3.463983535766601562e-01 3.357838094234466553e-01
7.977498769760131836e-01 5.149078369140625000e-01
3.824656307697296143e-01 8.535239696502685547e-01
8.572986721992492676e-01 3.801460862159729004e-01
5.113979578018188477e-01 2.213181257247924805e-01
2.395104169845581055e-01 9.669998288154602051e-01
3.371191918849945068e-01 8.611552715301513672e-01
8.351941108703613281e-01 9.572107791900634766e-01
4.020712375640869141e-01 7.786804437637329102e-01
6.445206403732299805e-01 7.781285047531127930e-01
7.834630608558654785e-01 3.660228550434112549e-01
6.173069775104522705e-02 8.289855122566223145e-01
4.129838943481445312e-01 5.321595072746276855e-01
6.141902878880500793e-02 7.044657319784164429e-02
8.345184326171875000e-01 3.107446990907192230e-02
1.739352643489837646e-01 8.917120695114135742e-01
6.543555259704589844e-01 3.104227222502231598e-02
8.974637985229492188e-01 4.022711515426635742e-01
8.170425146818161011e-02 6.136740446090698242e-01
5.150151252746582031e-01 2.704083621501922607e-01
6.939428448677062988e-01 5.563720464706420898e-01
5.750977396965026855e-01 4.557388424873352051e-01
5.819905400276184082e-01 7.439734935760498047e-01
4.261890053749084473e-01 8.833635449409484863e-01
5.013846158981323242e-01 9.950099587440490723e-01
4.503599107265472412e-01 1.124878376722335815e-01
4.132698774337768555e-01 2.903349399566650391e-01
6.528913974761962891e-01 7.521481513977050781e-01
9.792419672012329102e-01 6.955587267875671387e-01
5.966089963912963867e-01 1.297112107276916504e-01
1.823511868715286255e-01 4.014963209629058838e-01
5.194806456565856934e-01 8.891959190368652344e-01
5.301688313484191895e-01 4.595982730388641357e-01
2.915470898151397705e-01 4.433638155460357666e-01
6.242589950561523438e-01 1.696463525295257568e-01
4.474231004714965820e-01 5.839456617832183838e-02
4.506990611553192139e-01 2.505904436111450195e-01
9.655373692512512207e-01 2.697814404964447021e-01
1.575528383255004883e-01 6.267895102500915527e-01
6.090354323387145996e-01 2.801739275455474854e-01
7.927995324134826660e-01 2.002533227205276489e-01
2.792321518063545227e-02 7.444315552711486816e-01
5.411333218216896057e-02 6.083466410636901855e-01
1.047148108482360840e-01 2.280896604061126709e-01
4.895887896418571472e-02 3.155504763126373291e-01
4.421400129795074463e-01 5.692423582077026367e-01
7.468476295471191406e-01 8.118090629577636719e-01
4.811365008354187012e-01 4.579617679119110107e-01
9.688503146171569824e-01 5.993863940238952637e-02
4.074459671974182129e-01 4.285944402217864990e-01
5.523275136947631836e-01 3.359084129333496094e-01
3.083481788635253906e-01 3.849596530199050903e-02
7.277733087539672852e-01 8.452922105789184570e-01
8.525043129920959473e-01 6.308975219726562500e-01
8.808451890945434570e-01 8.604646325111389160e-01
7.744484543800354004e-01 7.657086849212646484e-01
6.974257826805114746e-01 7.308910042047500610e-02
7.641806006431579590e-01 2.297655493021011353e-02
7.820194959640502930e-01 3.819850683212280273e-01
9.893371909856796265e-02 6.979521512985229492e-01
1.678001582622528076e-01 8.966667056083679199e-01
4.061035215854644775e-01 8.958023041486740112e-02
1.562056839466094971e-01 6.712751388549804688e-01
6.768708825111389160e-01 2.531684041023254395e-01
2.652231752872467041e-01 9.319586157798767090e-01
5.466553568840026855e-01 4.565838277339935303e-01
9.111227393150329590e-01 8.027892112731933594e-01
8.823062479496002197e-02 5.348643660545349121e-01
6.826643943786621094e-01 1.919301152229309082e-01
4.463647305965423584e-01 1.715148687362670898e-01
5.912642478942871094e-01 2.392042130231857300e-01
2.704998850822448730e-01 9.843323826789855957e-01
3.478275537490844727e-01 7.285450100898742676e-01
9.409170746803283691e-01 7.114206254482269287e-02
5.885066390037536621e-01 1.261650323867797852e-01
6.571512818336486816e-01 8.100934624671936035e-01
8.271735906600952148e-01 4.361265897750854492e-01
9.663812518119812012e-01 4.925021529197692871e-01
4.423357844352722168e-01 6.673408746719360352e-01
7.767041325569152832e-01 2.660128474235534668e-01
6.797891259193420410e-01 8.117075264453887939e-02
7.293751835823059082e-01 2.217969596385955811e-01
7.868098616600036621e-01 1.826093792915344238e-01
8.694950938224792480e-01 4.475755393505096436e-01
8.839257359504699707e-01 9.360630512237548828e-01
6.663624942302703857e-02 6.220340728759765625e-01
6.843919157981872559e-01 2.889920771121978760e-01
8.336675167083740234e-01 3.696034550666809082e-01
9.044383764266967773e-01 6.276106834411621094e-01
8.777417540550231934e-01 8.917277306318283081e-02
4.964757859706878662e-01 1.955136656761169434e-01
5.927935242652893066e-01 9.064632654190063477e-02
8.912820219993591309e-01 9.412454962730407715e-01
9.652388840913772583e-02 1.529942750930786133e-01
8.901568651199340820e-01 5.319792628288269043e-01
5.458394289016723633e-01 9.310290217399597168e-02
4.744667410850524902e-01 8.802534341812133789e-01
3.476733565330505371e-01 4.929028451442718506e-01
3.991271257400512695e-01 9.107242226600646973e-01
8.513392806053161621e-01 9.899706244468688965e-01
2.687219064682722092e-03 2.946326136589050293e-01
6.667005419731140137e-01 4.864458143711090088e-01
8.356866240501403809e-01 1.090118288993835449e-01
1.038460284471511841e-01 3.739130795001983643e-01
6.641407012939453125e-01 7.568793296813964844e-01
7.843613028526306152e-01 9.236642718315124512e-02
3.101049065589904785e-01 4.198997318744659424e-01
7.596241831779479980e-01 8.975962996482849121e-01
9.410875439643859863e-01 4.050172120332717896e-02
1.869038492441177368e-01 4.156727194786071777e-01
2.544532418251037598e-01 7.523572444915771484e-01
3.678687512874603271e-01 6.703035235404968262e-01
7.904234528541564941e-01 2.073388993740081787e-01
3.499884307384490967e-01 3.279702067375183105e-01
6.577252745628356934e-01 3.986556529998779297e-01
2.767579555511474609e-01 7.080956548452377319e-02
6.678594946861267090e-01 9.240769147872924805e-01
3.449522852897644043e-01 2.766101360321044922e-01
4.255765378475189209e-01 3.544884622097015381e-01
6.697738170623779297e-01 6.627493500709533691e-01
7.255387902259826660e-01 7.774575948715209961e-01
8.432523608207702637e-01 2.941661477088928223e-01
6.742614507675170898e-01 8.199481964111328125e-01
8.645845055580139160e-01 9.773577749729156494e-02
3.352659046649932861e-01 3.987606167793273926e-01
7.273241877555847168e-01 1.090408191084861755e-01
1.809061914682388306e-01 5.675846338272094727e-01
5.262974500656127930e-01 6.947309970855712891e-01
9.153437614440917969e-01 4.880129098892211914e-01
9.087243676185607910e-01 7.248857021331787109e-01
6.028106808662414551e-01 5.618572235107421875e-01
9.468996524810791016e-01 9.182230830192565918e-01
9.087458252906799316e-01 9.186190962791442871e-01
3.529244363307952881e-01 5.126115679740905762e-01
3.315882384777069092e-01 8.770012259483337402e-01
1.974023133516311646e-01 8.443154096603393555e-01
9.300214052200317383e-01 3.941376209259033203e-01
6.093548536300659180e-01 9.826943874359130859e-01
4.703288674354553223e-01 6.692199707031250000e-01
1.230880692601203918e-01 6.320039629936218262e-01
2.901614606380462646e-01 1.091753542423248291e-01
