5.279914140701293945e-01 9.129367470741271973e-01
2.857441902160644531e-01 7.393234372138977051e-01
7.468682527542114258e-02 8.119646310806274414e-01
4.000008702278137207e-01 7.602065801620483398e-01
1.965952813625335693e-01 7.420095205307006836e-01
4.759972095489501953e-01 9.324129223823547363e-01
7.466268539428710938e-01 5.030704140663146973e-01
3.620627522468566895e-01 8.721669912338256836e-01
4.772233963012695312e-01 5.082960128784179688e-01
6.574834883213043213e-02 6.988598704338073730e-01
6.742023229598999023e-01 1.211100220680236816e-01
7.355308532714843750e-01 6.158770322799682617e-01
2.158242166042327881e-01 6.688827276229858398e-01
2.084698379039764404e-01 6.008861660957336426e-01
6.878089904785156250e-01 3.390206396579742432e-01
3.656051456928253174e-01 4.093124568462371826e-01
3.298004865646362305e-01 8.808423876762390137e-01
7.397909164428710938e-01 1.585368812084197998e-01
3.132965862751007080e-01 7.415037751197814941e-01
9.377569556236267090e-01 7.560335397720336914e-01
1.730413548648357391e-02 9.439564347267150879e-01
2.912383377552032471e-01 9.305138587951660156e-01
1.491666585206985474e-01 8.103073239326477051e-01
9.077989459037780762e-01 8.348548412322998047e-02
4.850305616855621338e-01 1.624205335974693298e-02
6.517757177352905273e-01 8.821954727172851562e-01
2.829061448574066162e-02 1.536891609430313110e-01
3.766677677631378174e-01 5.944600701332092285e-01
2.193360179662704468e-01 2.941166758537292480e-01
9.104300737380981445e-01 2.292918860912322998e-01
3.383967280387878418e-01 6.773232221603393555e-01
2.369675226509571075e-02 1.364927440881729126e-01
7.743541896343231201e-02 5.971683263778686523e-01
4.998755082488059998e-02 6.505638360977172852e-01
3.525937795639038086e-01 4.238285720348358154e-01
1.923712193965911865e-01 1.518415808677673340e-01
1.854523271322250366e-01 5.760630369186401367e-01
5.998912453651428223e-01 7.252272963523864746e-01
8.095832467079162598e-01 1.843745261430740356e-01
8.900493383407592773e-01 5.835796594619750977e-01
2.514469027519226074e-01 8.220052719116210938e-01
5.444701313972473145e-01 2.377101033926010132e-01
7.850424200296401978e-02 5.694315433502197266e-01
5.257720127701759338e-02 8.015599250793457031e-01
5.461914539337158203e-01 3.662419319152832031e-01
3.286490440368652344e-01 9.240725636482238770e-01
2.558771669864654541e-01 1.481077224016189575e-01
9.166997075080871582e-01 9.025105237960815430e-01
4.252614676952362061e-01 5.248742699623107910e-01
8.187758326530456543e-01 9.913476109504699707e-01
6.663756370544433594e-01 6.449106931686401367e-01
7.356256842613220215e-01 1.673014014959335327e-01
5.182172060012817383e-01 2.028627544641494751e-01
8.747249245643615723e-01 8.823369145393371582e-01
7.792159318923950195e-01 8.568449020385742188e-01
5.252457782626152039e-02 9.837518930435180664e-01
2.377597987651824951e-01 8.606537580490112305e-01
8.652007579803466797e-01 2.943094670772552490e-01
8.452899754047393799e-03 4.101131856441497803e-01
2.417560815811157227e-01 6.965383887290954590e-01
5.690837502479553223e-01 4.063089936971664429e-02
2.601986527442932129e-01 3.167508542537689209e-01
4.719778299331665039e-01 3.113511502742767334e-01
5.043372139334678650e-02 8.262203335762023926e-01
6.815913319587707520e-01 3.671527802944183350e-01
9.759082198143005371e-01 3.612682819366455078e-01
1.824218779802322388e-01 9.627176523208618164e-01
2.537408769130706787e-01 7.436643838882446289e-01
3.711233735084533691e-01 9.851705431938171387e-01
4.330453276634216309e-01 1.980999559164047241e-01
2.438018620014190674e-01 8.706129789352416992e-01
7.617385983467102051e-01 8.283894062042236328e-01
9.706312417984008789e-01 4.573554545640945435e-02
9.035157412290573120e-02 9.785382747650146484e-01
6.161606907844543457e-01 8.643404841423034668e-01
9.288979172706604004e-01 8.040053248405456543e-01
7.902252674102783203e-01 5.112721920013427734e-01
1.369573622941970825e-01 9.954154491424560547e-01
9.305609464645385742e-01 3.909699916839599609e-01
4.286170005798339844e-02 8.863806128501892090e-01
7.064585387706756592e-02 9.739723056554794312e-02
7.038933038711547852e-01 9.053091406822204590e-01
1.448281705379486084e-01 7.181310057640075684e-01
6.728324294090270996e-01 3.932849690318107605e-02
6.189256310462951660e-01 9.418296813964843750e-01
7.914998531341552734e-01 1.557932645082473755e-01
2.464111521840095520e-02 3.688110709190368652e-01
8.202717304229736328e-01 1.923897564411163330e-01
1.153540238738059998e-01 9.786325097084045410e-01
2.122317999601364136e-01 2.576052211225032806e-02
1.556996442377567291e-02 4.094173908233642578e-01
3.101481199264526367e-01 3.415575921535491943e-01
8.183923363685607910e-01 1.273557394742965698e-01
6.568934768438339233e-02 2.377382367849349976e-01
8.781098127365112305e-01 8.929603099822998047e-01
6.527619361877441406e-01 9.922379255294799805e-01
3.626690208911895752e-01 7.832424044609069824e-01
7.825759053230285645e-02 8.426052927970886230e-01
4.220401942729949951e-01 8.748448491096496582e-01
3.496914803981781006e-01 2.526706755161285400e-01
8.708221316337585449e-01 6.954783797264099121e-01
5.390378236770629883e-01 3.269189000129699707e-01
5.640884637832641602e-01 8.747982382774353027e-01
5.717518329620361328e-01 1.229009777307510376e-01
2.493658103048801422e-03 1.349519789218902588e-01
8.789433240890502930e-01 5.183230042457580566e-01
1.154287382960319519e-01 5.228289365768432617e-01
8.505209088325500488e-01 1.378663033246994019e-01
2.949184775352478027e-01 9.959498643875122070e-01
2.045717388391494751e-01 5.271829366683959961e-01
2.477139830589294434e-01 8.865391612052917480e-01
4.106694832444190979e-03 8.270465135574340820e-01
3.303936123847961426e-01 3.256093561649322510e-01
2.320552021265029907e-01 9.774765372276306152e-01
1.043919399380683899e-01 7.308902144432067871e-01
9.819921106100082397e-02 2.848494648933410645e-01
1.162826940417289734e-01 4.536311328411102295e-01
2.157522141933441162e-01 4.448455870151519775e-01
8.814510107040405273e-01 1.023771241307258606e-01
6.526682972908020020e-01 8.335082530975341797e-01
2.092981636524200439e-01 6.880972534418106079e-02
1.794818192720413208e-01 1.417885571718215942e-01
8.274259977042675018e-03 8.447649478912353516e-01
4.630222618579864502e-01 8.343660235404968262e-01
5.637431740760803223e-01 8.027141690254211426e-01
4.612982869148254395e-01 1.858810633420944214e-01
4.830081760883331299e-01 4.509376585483551025e-01
2.744295448064804077e-02 2.612513601779937744e-01
1.670705340802669525e-02 8.848231434822082520e-01
9.861902594566345215e-01 2.548609077930450439e-01
4.696593880653381348e-01 3.345451056957244873e-01
8.140221238136291504e-01 7.972707152366638184e-01
6.453201174736022949e-01 8.315773606300354004e-01
1.677956283092498779e-01 7.629156112670898438e-01
2.990118563175201416e-01 7.463545799255371094e-01
6.455849409103393555e-01 2.668640613555908203e-01
5.380541086196899414e-01 6.837969422340393066e-01
3.748995661735534668e-01 9.800568222999572754e-01
4.844365715980529785e-01 1.656831242144107819e-02
4.592497944831848145e-01 4.978606104850769043e-01
5.551733374595642090e-01 7.873351871967315674e-02
8.727306723594665527e-01 7.385027408599853516e-01
7.848385572433471680e-01 3.645954728126525879e-01
9.171675443649291992e-01 6.719978898763656616e-02
1.698526889085769653e-01 6.746680140495300293e-01
7.290097475051879883e-01 8.783473372459411621e-01
1.524084359407424927e-01 6.189860105514526367e-01
2.349887788295745850e-01 6.324818730354309082e-01
5.385816097259521484e-01 7.991569638252258301e-01
5.564548373222351074e-01 4.667375087738037109e-01
8.013511896133422852e-01 9.560024738311767578e-01
2.712712287902832031e-01 8.349642157554626465e-01
4.638126790523529053e-01 9.575894474983215332e-01
7.665244340896606445e-01 9.211975932121276855e-01
5.801237225532531738e-01 9.560140967369079590e-01
9.271202087402343750e-01 5.571736693382263184e-01
4.107153713703155518e-01 2.894923090934753418e-01
1.132638081908226013e-01 7.479922771453857422e-01
3.003005981445312500e-01 7.243905663490295410e-01
2.071621268987655640e-01 3.083329796791076660e-01
4.898074567317962646e-01 4.342272579669952393e-01
2.303114086389541626e-01 7.702321410179138184e-01
7.007348537445068359e-01 6.729545593261718750e-01
1.020574718713760376e-01 9.788301587104797363e-01
6.297547817230224609e-01 1.659879982471466064e-01
4.843085631728172302e-02 6.478389501571655273e-01
4.487224668264389038e-02 3.566862940788269043e-01
5.027842521667480469e-01 7.493905425071716309e-01
3.988179266452789307e-01 9.332066178321838379e-01
6.663368940353393555e-01 8.662156462669372559e-01
9.403947591781616211e-01 1.701491922140121460e-01
9.695925116539001465e-01 3.589993119239807129e-01
5.642193555831909180e-01 3.328664600849151611e-01
9.810173511505126953e-01 8.962270617485046387e-01
8.870571851730346680e-01 9.399195909500122070e-01
7.329976558685302734e-01 8.582813739776611328e-01
4.267233014106750488e-01 1.654501259326934814e-01
1.643917113542556763e-01 8.584402799606323242e-01
5.388960242271423340e-01 2.477449476718902588e-01
1.303594410419464111e-01 7.491416931152343750e-01
5.358366966247558594e-01 9.298244714736938477e-01
8.214615583419799805e-01 2.310965359210968018e-01
2.673931121826171875e-01 2.151103168725967407e-01
1.695243418216705322e-01 4.408493340015411377e-01
4.883169382810592651e-02 7.779551148414611816e-01
8.593873977661132812e-01 3.637965917587280273e-01
1.504321098327636719e-01 4.702800884842872620e-02
6.426976323127746582e-01 7.693806290626525879e-01
9.819262027740478516e-01 9.761176705360412598e-01
1.603168994188308716e-02 7.686272263526916504e-01
7.411897182464599609e-01 3.373577892780303955e-01
6.106426715850830078e-01 2.289999276399612427e-01
4.336838424205780029e-01 4.377458989620208740e-01
6.826172471046447754e-01 9.085852652788162231e-02
4.784049987792968750e-01 2.795361578464508057e-01
1.737330257892608643e-01 1.301620900630950928e-01
5.900182127952575684e-01 9.143580794334411621e-01
8.358235955238342285e-01 2.708725929260253906e-01
3.084743320941925049e-01 5.475821495056152344e-01
6.119929552078247070e-01 8.223616480827331543e-01
1.860435456037521362e-01 9.861748218536376953e-01
2.508019804954528809e-01 7.318035960197448730e-01
4.048334434628486633e-02 2.362260818481445312e-01
1.782923936843872070e-01 6.916345357894897461e-01
9.367267489433288574e-01 5.284807085990905762e-01
1.923067867755889893e-01 3.578163087368011475e-01
8.143276572227478027e-01 2.523286342620849609e-01
2.753528356552124023e-01 4.794060587882995605e-01
9.531818628311157227e-01 6.756173372268676758e-01
4.905385971069335938e-01 5.211843848228454590e-01
5.251424312591552734e-01 1.472495496273040771e-01
2.874108850955963135e-01 8.435608744621276855e-01
7.955949902534484863e-01 5.562314391136169434e-01
3.674027323722839355e-01 4.296585619449615479e-01
9.173467159271240234e-01 3.218925893306732178e-01
1.747924685478210449e-01 6.497123092412948608e-02
5.918656475841999054e-03 4.866087436676025391e-01
8.134047985076904297e-01 4.471080303192138672e-01
6.629636883735656738e-02 9.530379772186279297e-01
5.119614601135253906e-01 8.289641141891479492e-01
8.978487849235534668e-01 1.561832726001739502e-01
5.420984029769897461e-01 9.424317479133605957e-01
4.453551396727561951e-02 9.367617964744567871e-01
1.620024293661117554e-01 6.320096254348754883e-01
9.548571109771728516e-01 7.580345273017883301e-01
1.607441455125808716e-01 4.307852387428283691e-01
4.168760478496551514e-01 9.441986083984375000e-01
8.968269824981689453e-01 8.932276964187622070e-01
6.690756976604461670e-02 3.195278113707900047e-04
6.070868372917175293e-01 8.728001117706298828e-01
9.877930283546447754e-01 2.851746678352355957e-01
1.970184892416000366e-01 7.515216469764709473e-01
1.577094793319702148e-01 3.277437686920166016e-01
7.851790785789489746e-01 2.644682526588439941e-01
6.412672400474548340e-01 4.355179965496063232e-01
1.244267672300338745e-01 8.041116595268249512e-01
3.803831040859222412e-01 4.384206831455230713e-01
8.901772499084472656e-01 3.991138637065887451e-01
6.719508022069931030e-02 3.967595472931861877e-02
1.995007246732711792e-01 8.916522860527038574e-01
1.658279150724411011e-01 1.350166462361812592e-02
4.944151341915130615e-01 5.579544305801391602e-01
1.400462239980697632e-01 2.908652722835540771e-01
6.862220764160156250e-01 6.271882057189941406e-01
7.385958433151245117e-01 4.422395527362823486e-01
2.989286184310913086e-01 3.272167742252349854e-01
4.783850908279418945e-01 4.889644980430603027e-01
3.005121350288391113e-01 1.109594479203224182e-01
5.627961754798889160e-01 2.693419754505157471e-01
9.169716238975524902e-01 5.138999819755554199e-01
5.329498052597045898e-01 8.389813303947448730e-01
2.893490791320800781e-01 6.968255043029785156e-01
9.329471588134765625e-01 9.618531465530395508e-01
2.594086527824401855e-01 9.022611975669860840e-01
4.759681597352027893e-02 9.251973032951354980e-01
6.495501399040222168e-01 1.232239138334989548e-02
7.530220746994018555e-01 8.226187825202941895e-01
3.320516943931579590e-01 6.823235154151916504e-01
7.467635869979858398e-01 3.203884959220886230e-01
2.585314810276031494e-01 5.055311322212219238e-01
8.352262973785400391e-01 2.766138315200805664e-01
9.039168357849121094e-01 1.331979185342788696e-01
8.529019951820373535e-01 6.927421689033508301e-01
9.224449098110198975e-02 9.022898674011230469e-01
6.039107441902160645e-01 2.329254336655139923e-02
1.130340173840522766e-01 1.050875112414360046e-01
2.361114025115966797e-01 2.287870347499847412e-01
8.550687432289123535e-01 4.019303619861602783e-01
1.879067867994308472e-01 9.790770411491394043e-01
7.217367291450500488e-01 2.215026617050170898e-01
2.044938951730728149e-01 5.759708285331726074e-01
6.981503963470458984e-01 5.379781723022460938e-01
4.313213229179382324e-01 7.336661219596862793e-01
8.326414823532104492e-01 9.367117285728454590e-01
6.790304183959960938e-01 8.693822622299194336e-01
7.749509811401367188e-02 3.815365731716156006e-01
5.605718493461608887e-01 2.078810185194015503e-01
2.727060616016387939e-01 4.374184310436248779e-01
6.335650086402893066e-01 1.052627637982368469e-01
9.426805973052978516e-01 1.188270524144172668e-01
9.661343693733215332e-01 8.645032048225402832e-01
1.621603518724441528e-01 8.541455864906311035e-01
4.408990740776062012e-01 4.375086724758148193e-01
2.196931838989257812e-01 7.093763351440429688e-01
1.201217323541641235e-01 7.135217189788818359e-01
2.555545866489410400e-01 6.592093706130981445e-01
1.744014471769332886e-01 9.765522480010986328e-01
2.467462420463562012e-01 6.729430705308914185e-02
5.315647125244140625e-01 1.922799944877624512e-01
2.953505814075469971e-01 4.736363291740417480e-01
1.866357475519180298e-01 6.415243446826934814e-02
7.609537243843078613e-01 8.816743642091751099e-02
9.650769829750061035e-02 1.192660480737686157e-01
3.810630738735198975e-01 6.868630647659301758e-01
9.957571625709533691e-01 9.608636051416397095e-02
5.529197454452514648e-01 4.303908646106719971e-01
3.490171730518341064e-01 4.916209876537322998e-01
6.014479994773864746e-01 4.007782638072967529e-01
3.347192108631134033e-01 6.293280422687530518e-02
2.811198234558105469e-01 8.316590189933776855e-01
4.221597015857696533e-01 2.877252995967864990e-01
3.867582604289054871e-02 3.224980533123016357e-01
5.099821090698242188e-01 6.547734141349792480e-01
1.168079748749732971e-01 7.797568440437316895e-01
5.099936947226524353e-02 6.135087013244628906e-01
3.100051879882812500e-01 2.929299771785736084e-01
7.210108041763305664e-01 6.195812821388244629e-01
8.723636865615844727e-01 4.669390320777893066e-01
3.047137856483459473e-01 7.389074563980102539e-01
4.201156198978424072e-01 8.803107142448425293e-01
9.935570359230041504e-01 7.859848141670227051e-01
6.835518479347229004e-01 5.062071084976196289e-01
8.289731293916702271e-02 2.087785899639129639e-01
7.539659142494201660e-01 5.435008406639099121e-01
1.199824269860982895e-03 8.411331176757812500e-01
9.261937141418457031e-01 8.801085948944091797e-01
2.853915095329284668e-01 6.578236222267150879e-01
1.167234331369400024e-01 6.026246547698974609e-01
6.168858408927917480e-01 9.611958265304565430e-01
2.717104367911815643e-02 4.240214526653289795e-01
1.828960180282592773e-01 1.557554155588150024e-01
2.503054738044738770e-01 5.787739753723144531e-01
6.474691033363342285e-01 4.459671378135681152e-01
9.735006093978881836e-01 8.746032714843750000e-01
3.479315042495727539e-01 4.722385704517364502e-01
7.326195240020751953e-01 9.800477623939514160e-01
1.477873176336288452e-01 6.633298397064208984e-01
2.344387620687484741e-01 6.803485751152038574e-01
1.222361400723457336e-01 7.059416770935058594e-01
4.870991036295890808e-02 1.060085445642471313e-01
7.847034931182861328e-01 4.247832298278808594e-01
4.921972155570983887e-01 7.359717041254043579e-02
7.318663597106933594e-01 3.321107923984527588e-01
7.346397638320922852e-01 1.921310871839523315e-01
7.637060284614562988e-01 7.430194318294525146e-02
4.663546979427337646e-01 2.342609912157058716e-01
6.977877020835876465e-01 4.651317298412322998e-01
5.489735398441553116e-03 5.710141062736511230e-01
2.602726817131042480e-01 8.152678012847900391e-01
1.576030552387237549e-01 8.071144223213195801e-01
5.835914015769958496e-01 6.169404983520507812e-01
2.553623318672180176e-01 9.659142494201660156e-01
6.829739212989807129e-01 8.917583823204040527e-01
3.362764418125152588e-01 6.988852620124816895e-01
6.604352593421936035e-01 4.736820459365844727e-01
9.675233960151672363e-01 9.714325070381164551e-01
4.903276860713958740e-01 4.210434257984161377e-01
3.301829099655151367e-01 8.739192485809326172e-01
4.283879697322845459e-01 9.824070334434509277e-01
7.072025537490844727e-02 3.136537373065948486e-01
8.855810165405273438e-01 3.277904689311981201e-01
1.244832053780555725e-01 4.987262487411499023e-01
2.877061963081359863e-01 5.914898216724395752e-02
6.394090652465820312e-01 2.354234308004379272e-01
2.397618144750595093e-01 8.094621896743774414e-01
8.832215666770935059e-01 1.715267300605773926e-01
6.006939411163330078e-01 4.847805202007293701e-01
1.759573072195053101e-01 7.971448898315429688e-01
3.835997581481933594e-01 8.646942973136901855e-01
7.404417991638183594e-01 5.413481593132019043e-01
5.098640322685241699e-01 6.249324679374694824e-01
6.709921360015869141e-01 1.287240386009216309e-01
7.335408329963684082e-01 2.778779268264770508e-01
3.496260344982147217e-01 7.378366589546203613e-01
6.100559234619140625e-01 6.983525156974792480e-01
8.241079002618789673e-02 9.879992008209228516e-01
5.240684747695922852e-01 6.449787616729736328e-01
4.193013310432434082e-01 7.799513339996337891e-01
5.534161925315856934e-01 5.430135130882263184e-01
5.108219385147094727e-01 5.019515752792358398e-01
2.082533240318298340e-01 8.448687195777893066e-01
8.012003302574157715e-01 9.627246856689453125e-01
1.698647439479827881e-01 8.262483477592468262e-01
2.807928025722503662e-01 3.249788284301757812e-01
4.236924648284912109e-02 7.248753309249877930e-01
5.014359354972839355e-01 8.527734279632568359e-01
4.141701757907867432e-01 4.371312558650970459e-01
3.874184191226959229e-01 1.402517110109329224e-01
4.249111413955688477e-01 9.596825838088989258e-01
6.738722920417785645e-01 3.634198009967803955e-01
3.123438060283660889e-01 2.852492332458496094e-01
5.519610047340393066e-01 5.834356546401977539e-01
9.871324524283409119e-03 6.695404648780822754e-01
4.540837407112121582e-01 3.648369014263153076e-01
4.225226491689682007e-02 5.875752568244934082e-01
8.506789803504943848e-02 5.832536816596984863e-01
3.734923526644706726e-02 7.095871567726135254e-01
6.285768151283264160e-01 9.295029044151306152e-01
2.848414182662963867e-01 2.367340922355651855e-01
9.234075546264648438e-01 5.788824558258056641e-01
8.017764091491699219e-01 2.820839285850524902e-01
9.781950712203979492e-01 2.406736463308334351e-01
9.929119944572448730e-01 5.169364809989929199e-01
4.722169041633605957e-01 9.873570203781127930e-01
3.656361103057861328e-01 9.162405878305435181e-02
6.481589078903198242e-01 1.722122579813003540e-01
7.144755125045776367e-01 1.277741640806198120e-01
2.250124216079711914e-01 4.743095934391021729e-01
2.557120025157928467e-01 9.870483279228210449e-01
9.243555665016174316e-01 4.308692216873168945e-01
3.802602291107177734e-01 3.846305012702941895e-01
2.357513904571533203e-01 4.225022494792938232e-01
6.632375121116638184e-01 2.120937854051589966e-01
7.370694875717163086e-01 3.444445133209228516e-01
3.646951913833618164e-01 4.849405586719512939e-01
6.515514850616455078e-02 9.778218865394592285e-01
7.578210234642028809e-01 9.672186374664306641e-01
4.152783453464508057e-01 4.104580879211425781e-01
7.528149485588073730e-01 2.261829376220703125e-01
1.871444880962371826e-01 8.739681839942932129e-01
2.790572643280029297e-01 3.183779120445251465e-01
6.967927217483520508e-01 6.430220603942871094e-01
3.186009228229522705e-01 4.934815168380737305e-01
8.668088316917419434e-01 1.211175918579101562e-01
9.134557843208312988e-01 4.053074121475219727e-01
3.028089702129364014e-01 6.892636418342590332e-01
3.317241668701171875e-01 7.124784588813781738e-02
3.073479533195495605e-01 3.377120494842529297e-01
2.047811821103096008e-02 4.975875616073608398e-01
5.484784245491027832e-01 1.761899702250957489e-02
8.480543643236160278e-02 8.051880002021789551e-01
8.669185042381286621e-01 9.653337001800537109e-01
3.924975097179412842e-01 5.759690999984741211e-01
9.424741268157958984e-01 7.217634320259094238e-01
4.239977896213531494e-01 7.277768254280090332e-01
2.919983267784118652e-01 9.296704083681106567e-02
7.642525434494018555e-01 6.184447407722473145e-01
1.190337389707565308e-01 6.327124238014221191e-01
1.599737256765365601e-01 7.775916457176208496e-01
7.627924084663391113e-01 8.390148282051086426e-01
1.896044984459877014e-02 2.325967699289321899e-02
1.154058352112770081e-01 3.288758099079132080e-01
1.645912975072860718e-02 9.046360254287719727e-01
3.024972379207611084e-01 1.687264591455459595e-01
2.479654401540756226e-01 7.638298720121383667e-02
8.612798452377319336e-01 4.937951564788818359e-01
9.601486921310424805e-01 7.234635949134826660e-02
8.370164036750793457e-01 2.266266345977783203e-01
6.209849193692207336e-02 6.328570246696472168e-01
7.782242894172668457e-01 3.507782220840454102e-01
2.114256285130977631e-02 9.415372461080551147e-02
9.072283655405044556e-02 9.655804038047790527e-01
1.177872642874717712e-01 6.020541191101074219e-01
2.525861561298370361e-01 2.677275836467742920e-01
8.293820917606353760e-02 4.171524345874786377e-01
9.900221824645996094e-01 9.245204329490661621e-01
9.699211120605468750e-01 2.815031111240386963e-01
2.132751941680908203e-01 9.114019870758056641e-01
2.207895368337631226e-01 8.684766888618469238e-01
3.963977843523025513e-02 7.106412649154663086e-01
8.955935239791870117e-01 2.160719782114028931e-01
8.872308135032653809e-01 8.404212594032287598e-01
3.668772280216217041e-01 3.306323289871215820e-01
7.324060201644897461e-01 7.430374622344970703e-01
3.214501738548278809e-01 1.429397016763687134e-01
8.407330140471458435e-03 2.951173484325408936e-01
1.445965766906738281e-01 5.850758552551269531e-01
2.363162934780120850e-01 5.734786391258239746e-01
1.448151618242263794e-01 1.455011367797851562e-01
2.710609138011932373e-01 8.280639648437500000e-01
6.070951819419860840e-01 1.613533794879913330e-01
8.396889567375183105e-01 1.350160837173461914e-01
3.035265207290649414e-01 8.109697699546813965e-01
4.866456687450408936e-01 1.939396113157272339e-01
4.414156079292297363e-01 7.326382398605346680e-01
6.665874719619750977e-01 2.306466847658157349e-01
9.541415572166442871e-01 1.809779852628707886e-01
5.753863453865051270e-01 4.038124680519104004e-01
7.637745141983032227e-01 8.842095136642456055e-01
6.202850341796875000e-01 1.171200349926948547e-01
3.730044960975646973e-01 6.742684245109558105e-01
2.858814001083374023e-01 7.690280079841613770e-01
1.328529417514801025e-01 5.235769152641296387e-01
5.515568852424621582e-01 1.728233844041824341e-01
3.630371987819671631e-01 8.141450285911560059e-01
6.324919462203979492e-01 9.886865615844726562e-01
4.786550402641296387e-01 6.240407824516296387e-01
9.812707304954528809e-01 8.659994006156921387e-01
8.311062306165695190e-02 1.495067924261093140e-01
5.477825999259948730e-01 3.350560665130615234e-01
6.692688465118408203e-01 9.347193688154220581e-02
2.908010035753250122e-03 5.235178470611572266e-01
5.163441300392150879e-01 2.118158340454101562e-02
8.143770694732666016e-01 3.177328109741210938e-01
7.898817062377929688e-01 2.214024960994720459e-01
8.352072834968566895e-01 3.160462379455566406e-01
1.407589018344879150e-01 7.197033762931823730e-01
2.331609874963760376e-01 6.994599103927612305e-01
2.121796309947967529e-01 5.014359951019287109e-01
9.318677186965942383e-01 2.727455198764801025e-01
5.696018934249877930e-01 3.052280470728874207e-02
1.059328541159629822e-01 2.708352804183959961e-01
9.561902284622192383e-01 9.237262010574340820e-01
5.093996524810791016e-01 4.588729739189147949e-01
4.833622276782989502e-01 4.555304348468780518e-01
3.604387640953063965e-01 7.910713553428649902e-01
2.045020461082458496e-01 6.353254914283752441e-01
9.201567173004150391e-01 5.693299770355224609e-01
9.514445066452026367e-01 2.810341715812683105e-01
8.875507712364196777e-01 8.345084190368652344e-01
9.191525578498840332e-01 9.406856298446655273e-01
2.218458950519561768e-01 8.926999568939208984e-01
2.574538886547088623e-01 5.032887458801269531e-01
4.296064674854278564e-01 3.366222679615020752e-01
5.287856459617614746e-01 1.204284280538558960e-01
6.179496645927429199e-01 4.396265838295221329e-03
9.153667092323303223e-01 6.540503501892089844e-01
8.086556196212768555e-01 9.340918064117431641e-01
8.877155780792236328e-01 3.650902211666107178e-01
3.604575395584106445e-01 2.370845824480056763e-01
2.790104746818542480e-01 8.070837259292602539e-01
4.691110253334045410e-01 7.372746467590332031e-01
4.133109450340270996e-01 8.657859563827514648e-01
8.184497058391571045e-02 1.081882417201995850e-02
3.908939361572265625e-01 5.475758314132690430e-01
3.298298269510269165e-02 6.819269061088562012e-01
2.421317100524902344e-01 8.815789222717285156e-01
9.561337232589721680e-01 2.662459313869476318e-01
3.899560272693634033e-01 9.051476418972015381e-02
3.607524633407592773e-01 5.366898179054260254e-01
6.681259870529174805e-01 7.159106135368347168e-01
7.592456340789794922e-01 9.384427666664123535e-01
2.785464227199554443e-01 2.470091432332992554e-01
9.654867053031921387e-01 3.504261076450347900e-01
6.781045347452163696e-02 7.604781389236450195e-01
2.354541979730129242e-02 2.773086428642272949e-01
7.420807480812072754e-01 1.796745508909225464e-01
7.015123367309570312e-01 6.294670104980468750e-01
3.690177202224731445e-01 8.208124041557312012e-01
9.650185108184814453e-01 3.024750351905822754e-01
9.615842700004577637e-01 8.567872047424316406e-01
6.339232325553894043e-01 6.393867731094360352e-02
3.503467738628387451e-01 1.320962514728307724e-02
2.053839415311813354e-01 3.449093103408813477e-01
2.757203876972198486e-01 5.221782922744750977e-01
9.979447722434997559e-01 4.700482189655303955e-01
1.379041522741317749e-01 5.226744413375854492e-01
8.179501444101333618e-02 3.161915540695190430e-01
5.616628527641296387e-01 6.479894518852233887e-01
2.373493611812591553e-01 7.707037776708602905e-02
5.076735019683837891e-01 6.137895584106445312e-01
7.162653803825378418e-01 1.422748714685440063e-01
7.424845099449157715e-01 2.232622355222702026e-01
3.615637123584747314e-01 3.737607598304748535e-01
4.514719843864440918e-01 3.638239502906799316e-01
7.961761951446533203e-01 1.401646435260772705e-01
3.765969276428222656e-01 4.029961526393890381e-01
6.081840395927429199e-01 9.766074419021606445e-01
2.404491156339645386e-01 3.011039793491363525e-01
6.765652298927307129e-01 9.048638939857482910e-01
1.037850826978683472e-01 4.564155042171478271e-01
2.303115725517272949e-01 9.866093993186950684e-01
6.734969019889831543e-01 2.607333660125732422e-01
1.531605888158082962e-02 1.070563048124313354e-01
5.698879361152648926e-01 1.571505963802337646e-01
7.448377609252929688e-01 1.489925980567932129e-01
4.602307379245758057e-01 2.364157885313034058e-01
7.623441815376281738e-01 2.048320025205612183e-01
3.661686182022094727e-02 8.548659682273864746e-01
8.921670317649841309e-01 4.501129984855651855e-01
5.724190473556518555e-01 2.093962281942367554e-01
7.726884484291076660e-01 8.546723984181880951e-03
1.136570572853088379e-01 5.340535044670104980e-01
7.482915520668029785e-01 1.103487014770507812e-01
9.499078392982482910e-01 2.734526991844177246e-01
8.729283809661865234e-01 7.629552483558654785e-01
1.273977756500244141e-01 3.072884082794189453e-01
1.559758484363555908e-01 4.640962183475494385e-02
4.270198643207550049e-01 1.360631883144378662e-01
2.890537083148956299e-01 1.402773112058639526e-01
1.733649075031280518e-01 4.699073135852813721e-01
1.627836674451828003e-01 6.329550743103027344e-01
1.392371654510498047e-01 2.203133553266525269e-01
9.945260286331176758e-01 3.336433470249176025e-01
1.748714745044708252e-01 2.721704840660095215e-01
1.168391034007072449e-01 2.847772240638732910e-01
8.868241310119628906e-01 4.012037217617034912e-01
3.043389618396759033e-01 8.524740934371948242e-01
4.718513786792755127e-01 5.204693228006362915e-02
7.203860878944396973e-01 9.512839317321777344e-01
9.208206534385681152e-01 1.503212153911590576e-01
8.058380484580993652e-01 3.863803148269653320e-01
1.919318884611129761e-01 8.475370407104492188e-01
5.571934580802917480e-01 2.616098821163177490e-01
8.542256057262420654e-02 3.617718219757080078e-01
5.041600465774536133e-01 1.333954483270645142e-01
2.645148038864135742e-01 4.079765677452087402e-01
9.835505485534667969e-01 3.003673851490020752e-01
4.208259284496307373e-01 7.260403633117675781e-01
5.207988619804382324e-01 7.610650658607482910e-01
4.420426189899444580e-01 8.524594306945800781e-01
4.489578008651733398e-01 6.642115116119384766e-01
7.418399676680564880e-03 9.274652600288391113e-01
5.630072355270385742e-01 6.021859869360923767e-02
8.621057868003845215e-01 1.694220453500747681e-01
2.348175197839736938e-01 1.308420002460479736e-01
3.316003680229187012e-01 1.327044814825057983e-01
5.659207105636596680e-01 1.615954488515853882e-01
1.586782932281494141e-01 4.693805873394012451e-01
3.701769188046455383e-02 2.553069889545440674e-01
1.698842048645019531e-01 8.514241576194763184e-01
1.436314433813095093e-01 3.370847702026367188e-01
5.886004567146301270e-01 9.833703041076660156e-01
2.784440815448760986e-01 9.838460683822631836e-01
6.117926836013793945e-01 2.932212650775909424e-01
4.248429536819458008e-01 3.118060231208801270e-01
9.135189652442932129e-01 3.629750311374664307e-01
6.982201933860778809e-01 9.839668273925781250e-01
8.178403377532958984e-01 3.246576189994812012e-01
2.141378223896026611e-01 2.229825258255004883e-01
7.496368288993835449e-01 3.018716573715209961e-01
9.589726924896240234e-01 7.509724050760269165e-02
7.056017965078353882e-02 6.718841791152954102e-01
6.044708490371704102e-01 7.073137760162353516e-01
5.086458325386047363e-01 8.105412721633911133e-01
7.436178326606750488e-01 4.528568983078002930e-01
4.298244789242744446e-02 2.456372380256652832e-01
5.169855430722236633e-02 7.116306424140930176e-01
2.932363376021385193e-02 9.210997819900512695e-01
1.646048128604888916e-01 2.208177596330642700e-01
9.047282934188842773e-01 1.455802172422409058e-01
1.126065617427229881e-03 8.177709579467773438e-01
8.860406465828418732e-03 2.184808403253555298e-01
7.984846234321594238e-01 6.668349504470825195e-01
1.400738656520843506e-01 4.802949726581573486e-01
5.934427380561828613e-01 2.007245868444442749e-01
4.664161205291748047e-01 1.528912037611007690e-02
9.400432556867599487e-02 8.892231583595275879e-01
3.623156249523162842e-01 8.155897259712219238e-01
7.822266221046447754e-01 7.398598790168762207e-01
6.773600578308105469e-01 8.717446923255920410e-01
1.395618766546249390e-01 9.013431668281555176e-01
4.721423685550689697e-01 6.430755853652954102e-01
8.209496154449880123e-04 7.139609456062316895e-01
1.247930005192756653e-01 3.557211160659790039e-01
3.131107687950134277e-01 6.843692064285278320e-01
7.179501056671142578e-01 7.190444469451904297e-01
4.342287778854370117e-01 3.972150385379791260e-01
1.443080008029937744e-01 6.114691123366355896e-02
1.241505071520805359e-01 1.901629567146301270e-02
8.273116946220397949e-01 6.781975924968719482e-02
3.385324478149414062e-01 4.526743665337562561e-03
6.479911208152770996e-01 4.058604836463928223e-01
9.902868866920471191e-01 4.943750500679016113e-01
3.229783773422241211e-01 4.697330296039581299e-01
1.537910103797912598e-01 3.528160154819488525e-01
9.869403392076492310e-02 8.873275667428970337e-02
7.611976861953735352e-01 4.580307006835937500e-01
7.159634232521057129e-01 5.386775135993957520e-01
7.662111520767211914e-02 5.450918674468994141e-01
4.867832660675048828e-01 6.582091450691223145e-01
2.277601659297943115e-01 7.253549695014953613e-01
8.895813822746276855e-01 9.770821928977966309e-01
1.142131164669990540e-01 4.387549757957458496e-01
7.244452834129333496e-01 6.589163541793823242e-01
7.437824606895446777e-01 8.950554728507995605e-01
4.458876252174377441e-01 6.764075756072998047e-01
4.555103927850723267e-02 6.290433406829833984e-01
1.653466969728469849e-01 6.607980728149414062e-01
5.699446201324462891e-01 6.632561087608337402e-01
6.333876252174377441e-01 3.978958129882812500e-01
7.246925830841064453e-01 1.202375218272209167e-01
3.410811424255371094e-01 9.311598539352416992e-01
1.463426202535629272e-01 8.697290420532226562e-01
4.133674502372741699e-01 1.632528007030487061e-01
8.358848094940185547e-01 7.106971144676208496e-01
4.445059001445770264e-01 2.534982860088348389e-01
4.186641871929168701e-01 8.025864362716674805e-01
1.281270682811737061e-01 8.115658164024353027e-01
9.565654397010803223e-01 6.817193627357482910e-01
2.929968535900115967e-01 1.289395987987518311e-01
4.957485198974609375e-02 5.048621892929077148e-01
6.010534241795539856e-02 7.400860786437988281e-01
4.522229135036468506e-01 6.623568534851074219e-01
5.456565022468566895e-01 3.198819458484649658e-01
6.109794378280639648e-01 4.488817453384399414e-01
3.957238793373107910e-01 9.660830497741699219e-01
6.288274526596069336e-01 7.796133756637573242e-01
4.513447880744934082e-01 8.181596398353576660e-01
4.141586720943450928e-01 1.701618880033493042e-01
1.815034002065658569e-01 6.119653582572937012e-01
2.696155905723571777e-01 1.100475490093231201e-01
7.462654113769531250e-01 8.719248771667480469e-01
2.120257765054702759e-01 4.981788620352745056e-02
5.675616860389709473e-01 1.980172991752624512e-01
6.681002974510192871e-01 6.698082685470581055e-01
7.994171977043151855e-01 4.221203923225402832e-01
4.723160341382026672e-02 9.834295511245727539e-02
5.050760507583618164e-01 8.082290291786193848e-01
9.251278638839721680e-01 8.579192310571670532e-02
9.078956246376037598e-01 1.348016858100891113e-01
2.888955473899841309e-01 2.404725253582000732e-01
5.815164446830749512e-01 3.150189816951751709e-01
1.612094044685363770e-01 4.742738306522369385e-01
8.791765570640563965e-01 3.015381097793579102e-01
6.178542375564575195e-01 8.223897814750671387e-01
8.595879375934600830e-02 1.206034719944000244e-01
9.205188602209091187e-02 3.820977210998535156e-01
9.372795373201370239e-02 1.984024494886398315e-01
6.221504211425781250e-01 8.014649152755737305e-02
8.259733319282531738e-01 3.991290628910064697e-01
1.419461369514465332e-01 4.465128779411315918e-01
9.276497364044189453e-01 6.811584830284118652e-01
5.223384499549865723e-01 4.618138670921325684e-01
5.537794232368469238e-01 6.583226323127746582e-01
6.337494254112243652e-01 8.375508189201354980e-01
2.262569218873977661e-01 7.288286089897155762e-01
2.792301476001739502e-01 9.267053008079528809e-01
6.577098369598388672e-01 9.194966554641723633e-01
6.259745359420776367e-01 6.334902048110961914e-01
8.604051470756530762e-01 4.007000923156738281e-01
3.171407580375671387e-01 4.404917955398559570e-01
1.064918935298919678e-01 3.913576528429985046e-02
9.053407609462738037e-02 1.240506470203399658e-01
1.496438682079315186e-01 6.070070862770080566e-01
2.150292992591857910e-01 4.556056559085845947e-01
5.481628775596618652e-01 4.979472160339355469e-01
9.681154489517211914e-01 4.666141271591186523e-01
4.904865920543670654e-01 6.818110942840576172e-01
6.043014675378799438e-02 8.742111325263977051e-01
5.134491324424743652e-01 6.401912569999694824e-01
6.222618818283081055e-01 7.550309896469116211e-01
3.669166862964630127e-01 9.547989964485168457e-01
7.789270877838134766e-01 4.763133525848388672e-01
2.316416501998901367e-01 5.526962876319885254e-01
1.702151298522949219e-01 7.903978228569030762e-01
8.851709961891174316e-02 6.698935031890869141e-01
3.825994431972503662e-01 8.183541297912597656e-01
2.634447813034057617e-01 6.794590950012207031e-01
4.608916342258453369e-01 1.099081635475158691e-01
1.082644797861576080e-02 2.447605133056640625e-01
4.505963325500488281e-01 9.861217737197875977e-01
6.904985308647155762e-01 7.930886745452880859e-01
3.555946946144104004e-01 6.778745055198669434e-01
5.207492709159851074e-01 1.623003482818603516e-01
2.121305018663406372e-01 4.873234033584594727e-01
1.277035176753997803e-01 2.873873710632324219e-01
6.131727695465087891e-01 9.467532038688659668e-01
7.667109370231628418e-01 1.412227451801300049e-01
7.500323653221130371e-01 2.250806987285614014e-01
5.968923494219779968e-02 7.192140221595764160e-01
4.711054563522338867e-01 6.005992367863655090e-02
8.573558926582336426e-01 2.005394101142883301e-01
8.888366222381591797e-01 9.555002450942993164e-01
4.014216959476470947e-01 7.447444200515747070e-01
7.394447326660156250e-01 8.268696069717407227e-01
1.153619363903999329e-01 8.734073638916015625e-01
3.935976624488830566e-01 5.462726950645446777e-01
1.457306183874607086e-02 1.756927818059921265e-01
1.658978611230850220e-01 2.990800738334655762e-01
7.864023447036743164e-01 4.391779303550720215e-01
1.162312254309654236e-01 4.046788811683654785e-02
5.973566770553588867e-01 3.622471094131469727e-01
5.327900052070617676e-01 8.772999048233032227e-01
6.919888854026794434e-01 8.911929726600646973e-01
6.871293783187866211e-01 1.678960025310516357e-01
8.439649939537048340e-01 1.097099259495735168e-01
4.599971473217010498e-01 8.496913909912109375e-01
2.305107861757278442e-01 9.668655991554260254e-01
9.387002587318420410e-01 2.465281039476394653e-01
6.787747740745544434e-01 6.247338652610778809e-01
5.456344485282897949e-01 6.974832415580749512e-01
7.359762191772460938e-01 3.579004704952239990e-01
2.335102260112762451e-01 9.507712125778198242e-01
8.208612799644470215e-01 1.668680012226104736e-01
9.168781042098999023e-01 1.742437630891799927e-01
7.116631865501403809e-01 2.765901088714599609e-01
2.106431871652603149e-01 6.936960816383361816e-01
4.026098549365997314e-01 5.716898441314697266e-01
9.954731464385986328e-01 9.276050329208374023e-01
4.048657119274139404e-01 5.098142027854919434e-01
3.175953924655914307e-01 5.725178122520446777e-01
5.507329106330871582e-01 4.286605715751647949e-01
9.480819702148437500e-01 8.485940843820571899e-02
6.400402188301086426e-01 3.022724390029907227e-01
5.765158534049987793e-01 3.610429465770721436e-01
9.329444169998168945e-02 6.706833243370056152e-01
4.381716251373291016e-02 6.681189537048339844e-01
6.791096329689025879e-01 8.887859582901000977e-01
5.624226927757263184e-01 1.907062530517578125e-01
6.264523267745971680e-01 8.303493261337280273e-01
9.976141452789306641e-01 3.651759624481201172e-01
1.124671697616577148e-01 4.845230579376220703e-01
1.530705690383911133e-01 5.556101202964782715e-01
3.796784281730651855e-01 9.735643863677978516e-01
5.747033953666687012e-01 3.335983753204345703e-01
2.565135955810546875e-01 8.948923349380493164e-01
1.500170379877090454e-01 4.019142687320709229e-01
7.139365375041961670e-02 5.968636274337768555e-01
8.484044075012207031e-01 4.912105202674865723e-01
9.466399997472763062e-02 3.814154267311096191e-01
8.370165228843688965e-01 9.978476166725158691e-01
1.580839604139328003e-01 5.117074847221374512e-01
9.155032634735107422e-01 6.650163531303405762e-01
2.383181750774383545e-01 7.944895625114440918e-01
3.725733458995819092e-01 8.614286184310913086e-01
4.340060353279113770e-01 7.681281566619873047e-01
2.182910293340682983e-01 5.741912722587585449e-01
3.845927417278289795e-01 9.672943353652954102e-01
4.312324523925781250e-01 1.339578926563262939e-01
9.381792545318603516e-01 4.053035676479339600e-01
6.531491875648498535e-01 8.003888130187988281e-01
9.499530196189880371e-01 6.936573386192321777e-01
8.735077977180480957e-01 5.153287053108215332e-01
4.731672108173370361e-01 1.441557984799146652e-02
6.819394826889038086e-01 2.974193096160888672e-01
4.629638791084289551e-01 7.143830060958862305e-01
1.188377514481544495e-01 3.655172288417816162e-01
1.800859421491622925e-01 2.358907312154769897e-01
7.661188244819641113e-01 2.636346220970153809e-01
5.728096142411231995e-02 4.198938012123107910e-01
6.977065801620483398e-01 9.467742443084716797e-01
9.440375566482543945e-01 5.390350148081779480e-02
6.600472927093505859e-01 8.739277124404907227e-01
7.985039800405502319e-02 1.123485565185546875e-01
3.435885012149810791e-01 4.441701471805572510e-01
5.105516910552978516e-01 8.380505442619323730e-01
2.180278003215789795e-01 3.715459406375885010e-01
4.504141807556152344e-01 6.045025214552879333e-02
2.781347930431365967e-01 6.263757944107055664e-01
1.163609549403190613e-01 1.808969527482986450e-01
6.690065860748291016e-01 7.755689620971679688e-01
8.444492220878601074e-01 4.194447696208953857e-01
9.750211834907531738e-01 1.369237601757049561e-01
3.109548985958099365e-01 6.738797426223754883e-01
4.449979215860366821e-02 1.394605040550231934e-01
5.707980394363403320e-01 9.855657815933227539e-01
1.331700384616851807e-01 5.393138527870178223e-01
1.893447525799274445e-02 8.797932267189025879e-01
3.801162540912628174e-01 8.063259720802307129e-01
5.260584354400634766e-01 4.647789150476455688e-02
3.613222539424896240e-01 6.425439715385437012e-01
2.163261622190475464e-01 5.332744717597961426e-01
4.854256287217140198e-02 5.868391990661621094e-01
9.600465297698974609e-01 9.160652011632919312e-02
1.062017604708671570e-01 1.469429135322570801e-01
8.632020354270935059e-01 2.614745199680328369e-01
9.575086236000061035e-01 8.790428042411804199e-01
4.205586016178131104e-01 1.440044641494750977e-01
6.288967132568359375e-01 7.233676314353942871e-01
3.330199792981147766e-02 6.662406921386718750e-01
9.789796471595764160e-01 9.924240112304687500e-01
8.208860158920288086e-01 2.649288773536682129e-01
7.137346267700195312e-01 9.499773979187011719e-01
2.056265771389007568e-01 3.582763075828552246e-01
7.704413533210754395e-01 3.919014632701873779e-01
3.464827835559844971e-01 5.794557929039001465e-01
6.425749659538269043e-01 9.867665767669677734e-01
2.827709019184112549e-01 9.029958844184875488e-01
7.817953228950500488e-01 1.439837962388992310e-01
2.266122996807098389e-01 9.880647659301757812e-01
4.002064168453216553e-01 3.444334566593170166e-01
7.591252326965332031e-01 3.768663406372070312e-01
3.537055552005767822e-01 5.269527435302734375e-01
4.469246864318847656e-01 9.742072820663452148e-01
7.799893021583557129e-01 9.812704920768737793e-01
2.626960575580596924e-01 7.875462174415588379e-01
2.465956211090087891e-01 4.687535166740417480e-01
8.520441055297851562e-01 4.731926694512367249e-02
2.425429224967956543e-01 4.150610268115997314e-01
1.003407314419746399e-01 3.347210586071014404e-01
4.371556043624877930e-01 9.641589522361755371e-01
2.255166023969650269e-01 1.465372443199157715e-01
2.663561403751373291e-01 1.549641937017440796e-01
5.925336387008428574e-03 7.240942865610122681e-02
8.309718966484069824e-01 1.808969974517822266e-01
5.278930068016052246e-01 8.848145604133605957e-01
9.572569727897644043e-01 3.189159035682678223e-01
5.885670185089111328e-01 9.927448630332946777e-01
8.792137503623962402e-01 6.058661937713623047e-01
5.135718584060668945e-01 6.936964392662048340e-01
1.397111713886260986e-01 3.212444484233856201e-01
6.581428647041320801e-01 9.113764166831970215e-01
4.878589510917663574e-02 7.757570147514343262e-01
5.299180150032043457e-01 9.491544216871261597e-02
4.503670334815979004e-01 1.321723759174346924e-01
7.436048388481140137e-01 5.604887604713439941e-01
5.339949131011962891e-01 7.093258500099182129e-01
1.148423328995704651e-01 6.235724687576293945e-01
2.901666760444641113e-01 6.713219285011291504e-01
3.681501448154449463e-01 1.266247034072875977e-01
2.327418029308319092e-01 8.129518628120422363e-01
2.282679229974746704e-01 2.039031535387039185e-01
3.800300955772399902e-01 1.302489489316940308e-01
1.689909845590591431e-01 6.762060523033142090e-01
3.353975415229797363e-01 4.249568581581115723e-01
1.679696589708328247e-01 3.475089669227600098e-01
4.094737470149993896e-01 8.952149152755737305e-01
1.018864363431930542e-01 7.359026074409484863e-01
8.309882134199142456e-02 1.195371374487876892e-01
9.807412028312683105e-01 3.412212729454040527e-01
1.943674832582473755e-01 6.787607669830322266e-01
1.448044180870056152e-01 8.090694248676300049e-02
8.105145096778869629e-01 1.003844942897558212e-02
3.853664994239807129e-01 5.000187158584594727e-01
7.084083557128906250e-01 2.497080713510513306e-01
5.487330555915832520e-01 9.161155223846435547e-01
8.142504096031188965e-02 1.553979963064193726e-01
4.518943428993225098e-01 7.723330259323120117e-01
6.305658817291259766e-01 8.076020479202270508e-01
7.739048451185226440e-02 6.973873376846313477e-01
9.417245388031005859e-01 6.553530693054199219e-02
3.788479566574096680e-01 6.495665013790130615e-02
1.683648973703384399e-01 1.252514570951461792e-01
4.029464721679687500e-01 7.847657799720764160e-02
5.786584019660949707e-01 4.229410588741302490e-01
5.344476178288459778e-02 9.616704583168029785e-01
6.307647228240966797e-01 9.318615496158599854e-02
3.778731822967529297e-01 6.436001062393188477e-01
6.037586331367492676e-01 8.752567172050476074e-01
3.068266212940216064e-01 4.267920255661010742e-01
4.136231541633605957e-01 2.752766907215118408e-01
6.598684787750244141e-01 8.468683362007141113e-01
5.626795291900634766e-01 1.171576380729675293e-01
2.562386542558670044e-02 6.662002205848693848e-01
3.091314435005187988e-01 5.304613709449768066e-01
1.661931276321411133e-01 9.495368003845214844e-01
7.685068845748901367e-01 9.422731995582580566e-01
9.305457025766372681e-02 9.582060575485229492e-01
5.873144865036010742e-01 6.115445494651794434e-01
8.811667561531066895e-01 8.576843142509460449e-02
7.053501904010772705e-02 8.517279624938964844e-01
8.940747380256652832e-01 5.253912210464477539e-01
9.884274601936340332e-01 2.053372859954833984e-01
9.455011487007141113e-01 2.596358656883239746e-01
2.822395861148834229e-01 4.132403135299682617e-01
7.287393808364868164e-01 6.981446146965026855e-01
8.135662674903869629e-01 7.633779644966125488e-01
3.093625009059906006e-01 6.216546297073364258e-01
4.679085314273834229e-02 1.987818479537963867e-01
6.149748340249061584e-02 4.285756945610046387e-01
5.861741900444030762e-01 9.808561801910400391e-01
2.426373586058616638e-02 6.951878070831298828e-01
8.834338784217834473e-01 2.457861602306365967e-01
5.225595831871032715e-01 7.794088125228881836e-01
2.230055779218673706e-01 4.612390697002410889e-01
3.321634531021118164e-01 4.672808647155761719e-01
3.895968571305274963e-02 1.825950443744659424e-01
8.096603304147720337e-02 3.992132842540740967e-01
8.839400410652160645e-01 2.739422023296356201e-01
2.409242987632751465e-01 7.547481060028076172e-01
4.844406843185424805e-01 5.648313760757446289e-01
2.055344283580780029e-01 8.689065575599670410e-01
2.647927403450012207e-01 4.967436790466308594e-01
1.081137061119079590e-01 6.305710077285766602e-01
8.278921246528625488e-02 7.246112823486328125e-01
9.918583631515502930e-01 7.429354190826416016e-01
8.458002805709838867e-01 9.029481410980224609e-01
2.712403982877731323e-02 3.552400171756744385e-01
2.611407339572906494e-01 1.379638910293579102e-01
7.028151303529739380e-02 2.188796848058700562e-01
4.652461707592010498e-01 8.398271352052688599e-02
2.852688133716583252e-01 5.982987210154533386e-02
8.519257307052612305e-01 4.821240305900573730e-01
9.963451027870178223e-01 5.321735739707946777e-01
3.262186348438262939e-01 1.335759460926055908e-01
4.204728603363037109e-01 7.431743144989013672e-01
4.066696763038635254e-01 1.484236419200897217e-01
3.392390906810760498e-01 7.356397509574890137e-01
9.324237108230590820e-01 4.304347336292266846e-01
7.686770558357238770e-01 7.994797825813293457e-01
7.873291969299316406e-01 4.362275302410125732e-01
3.047986328601837158e-01 9.847326874732971191e-01
3.696546256542205811e-01 6.581602096557617188e-01
7.255694270133972168e-01 2.704582214355468750e-01
3.325496017932891846e-01 3.121379613876342773e-01
3.249706029891967773e-01 4.970001280307769775e-01
8.757838010787963867e-01 8.745170831680297852e-01
1.721363365650177002e-01 9.237322211265563965e-01
6.808954477310180664e-01 7.440851926803588867e-01
1.498659551143646240e-01 6.097776293754577637e-01
8.103747963905334473e-01 2.230260223150253296e-01
4.871591329574584961e-01 1.202913448214530945e-01
1.523584872484207153e-01 4.727328717708587646e-01
5.500082969665527344e-01 3.101599216461181641e-01
3.627901077270507812e-01 4.229796677827835083e-02
5.722805261611938477e-01 8.429298400878906250e-01
5.098050460219383240e-02 8.504278659820556641e-01
6.061204075813293457e-01 4.538850784301757812e-01
4.264201819896697998e-01 3.399800658226013184e-01
9.928036332130432129e-01 3.187291622161865234e-01
1.918100565671920776e-01 3.122895359992980957e-01
1.460374742746353149e-01 6.759967207908630371e-01
2.369284927845001221e-01 9.159744977951049805e-01
8.288553357124328613e-01 9.564110636711120605e-01
8.019685149192810059e-01 3.170675635337829590e-01
9.632944464683532715e-01 2.315080612897872925e-01
5.433006882667541504e-01 5.617801547050476074e-01
5.455718040466308594e-01 3.316905796527862549e-01
1.366871148347854614e-01 3.476038277149200439e-01
6.830359697341918945e-01 9.564663171768188477e-01
5.279546976089477539e-01 4.893719553947448730e-01
5.249730944633483887e-01 6.586821675300598145e-01
1.564435958862304688e-01 6.620635390281677246e-01
2.156439125537872314e-01 4.350504577159881592e-01
1.630865037441253662e-01 4.631921350955963135e-01
3.693379759788513184e-01 9.090420603752136230e-01
5.872633457183837891e-01 9.319884181022644043e-01
1.810223311185836792e-01 4.749334752559661865e-01
7.180055379867553711e-01 6.894012093544006348e-01
9.003841876983642578e-01 6.991527080535888672e-01
1.673487275838851929e-01 7.402887940406799316e-01
6.196754425764083862e-02 8.239518404006958008e-01
3.257508575916290283e-01 4.934096336364746094e-01
4.405290186405181885e-01 7.077183723449707031e-01
4.003033638000488281e-01 4.241181313991546631e-01
2.152694948017597198e-02 2.264546006917953491e-01
5.658339858055114746e-01 9.224742650985717773e-01
1.904271394014358521e-01 8.819373846054077148e-01
2.387604266405105591e-01 7.669823765754699707e-01
7.542845010757446289e-01 3.374680876731872559e-01
8.955565094947814941e-01 5.356983747333288193e-03
8.094614148139953613e-01 5.463221296668052673e-02
8.478695750236511230e-01 2.758283913135528564e-01
7.340537849813699722e-03 3.115941882133483887e-01
8.994323611259460449e-01 1.749288141727447510e-01
2.541088163852691650e-01 4.624476432800292969e-01
1.845901459455490112e-01 8.094224929809570312e-01
8.376677632331848145e-01 9.118209481239318848e-01
2.099585682153701782e-01 9.632757306098937988e-01
3.561322689056396484e-01 9.026557803153991699e-01
3.801558911800384521e-02 5.960685610771179199e-01
4.455034807324409485e-02 2.043510824441909790e-01
4.423199295997619629e-01 8.262380957603454590e-01
