1.238207817077636719e-01 7.588342428207397461e-01
4.729660749435424805e-01 4.948210716247558594e-01
4.146573543548583984e-01 1.044813022017478943e-01
6.900707483291625977e-01 6.077251434326171875e-01
7.553059458732604980e-01 6.597979664802551270e-01
9.674506187438964844e-01 8.121652007102966309e-01
9.226595163345336914e-01 4.646033942699432373e-01
4.989990890026092529e-01 1.356229484081268311e-01
7.235513925552368164e-01 9.832038283348083496e-01
1.124963834881782532e-01 2.062235623598098755e-01
9.450284242630004883e-01 1.116778776049613953e-01
7.268706560134887695e-01 4.689213335514068604e-01
8.401945233345031738e-01 7.294033169746398926e-01
9.799302816390991211e-01 4.830063879489898682e-02
5.117285251617431641e-01 6.556667685508728027e-01
3.034928441047668457e-01 1.470996290445327759e-01
2.517647743225097656e-01 3.166482448577880859e-01
6.990010142326354980e-01 1.987861990928649902e-01
1.984450668096542358e-01 3.252258896827697754e-01
8.144016265869140625e-01 7.857356667518615723e-01
2.180212736129760742e-01 2.454507201910018921e-01
4.692105054855346680e-01 1.561932861804962158e-01
7.489812970161437988e-01 4.682682454586029053e-01
3.758663833141326904e-01 7.392911911010742188e-01
3.162207305431365967e-01 3.650762140750885010e-01
8.556628227233886719e-01 9.344089627265930176e-01
9.706218838691711426e-01 3.669250607490539551e-01
8.002097010612487793e-01 2.050813883543014526e-01
5.107219219207763672e-01 9.407544881105422974e-02
7.791807651519775391e-01 5.036150291562080383e-02
4.370635151863098145e-01 1.703834831714630127e-01
9.601749777793884277e-01 9.044620394706726074e-01
8.077340126037597656e-01 4.688473641872406006e-01
8.782432675361633301e-01 6.859474778175354004e-01
2.096201926469802856e-01 4.303141832351684570e-01
3.499963879585266113e-01 8.030650019645690918e-01
9.195818305015563965e-01 7.963020205497741699e-01
3.568305671215057373e-01 3.475035429000854492e-01
8.959382176399230957e-01 2.413185983896255493e-01
6.254845261573791504e-01 1.560969203710556030e-01
7.127904295921325684e-01 7.539623379707336426e-01
8.111762404441833496e-01 3.995354473590850830e-01
3.064834177494049072e-01 7.684300541877746582e-01
7.951088547706604004e-01 4.094974398612976074e-01
2.497434914112091064e-01 3.809701800346374512e-01
2.292223274707794189e-01 4.890406131744384766e-01
9.605597853660583496e-01 9.962765574455261230e-01
3.793258070945739746e-01 7.767006158828735352e-01
5.093711018562316895e-01 5.781994462013244629e-01
6.601896286010742188e-01 3.393979966640472412e-01
7.984073758125305176e-01 8.610008358955383301e-01
6.884092688560485840e-01 1.871988177299499512e-01
2.222228944301605225e-01 9.150402545928955078e-01
8.169773817062377930e-01 5.105415731668472290e-02
7.149636149406433105e-01 4.289571046829223633e-01
4.982383251190185547e-01 1.460422724485397339e-01
5.411399006843566895e-01 9.510974287986755371e-01
4.831327199935913086e-01 4.190675318241119385e-01
2.636379934847354889e-02 9.034265279769897461e-01
7.000440359115600586e-01 6.720742583274841309e-01
8.844344615936279297e-01 2.089344114065170288e-01
6.533201336860656738e-01 9.881113171577453613e-01
8.400754928588867188e-01 8.063109517097473145e-01
9.950022697448730469e-01 2.051305025815963745e-01
4.318878650665283203e-01 7.156273722648620605e-01
6.418531537055969238e-01 3.138155937194824219e-01
5.534871295094490051e-02 2.227363437414169312e-01
3.371910750865936279e-01 7.113457918167114258e-01
2.314697802066802979e-01 6.545805931091308594e-02
9.339928627014160156e-01 3.895947933197021484e-01
2.224992960691452026e-01 1.966463476419448853e-01
3.830135464668273926e-01 5.062904357910156250e-01
8.307083249092102051e-01 4.920774996280670166e-01
8.778118491172790527e-01 1.630577631294727325e-02
1.211829558014869690e-01 8.131368756294250488e-01
1.729944944381713867e-01 2.472708076238632202e-01
5.890777111053466797e-01 9.632326364517211914e-01
1.219829469919204712e-01 3.340363129973411560e-02
6.388066411018371582e-01 1.416154652833938599e-01
2.994167804718017578e-01 6.155785918235778809e-01
7.271183729171752930e-01 5.850569605827331543e-01
9.233574867248535156e-01 6.796411275863647461e-01
5.286691188812255859e-01 2.269372344017028809e-01
9.599556326866149902e-01 6.658245325088500977e-01
6.344407796859741211e-01 1.314209550619125366e-01
2.126754820346832275e-01 6.857697963714599609e-01
8.924241662025451660e-01 9.287912845611572266e-01
7.790915966033935547e-01 7.170157432556152344e-01
3.102865815162658691e-01 9.568157792091369629e-01
6.693795323371887207e-01 4.701031744480133057e-01
3.681399226188659668e-01 9.853842258453369141e-01
7.543162107467651367e-01 5.255985856056213379e-01
7.326922416687011719e-01 8.647004961967468262e-01
7.870849370956420898e-01 3.055935502052307129e-01
9.816215038299560547e-01 4.897322654724121094e-01
7.956164479255676270e-01 5.167912319302558899e-02
5.870686769485473633e-01 4.738199710845947266e-01
3.071541488170623779e-01 4.068795442581176758e-01
6.776952147483825684e-01 2.664091885089874268e-01
3.250462412834167480e-01 9.837875366210937500e-01
9.298461079597473145e-01 9.571065902709960938e-01
8.854350075125694275e-03 6.680167317390441895e-01
7.650265693664550781e-01 7.724988460540771484e-01
2.769983112812042236e-01 8.587045669555664062e-01
8.114011883735656738e-01 9.060878157615661621e-01
6.273750215768814087e-02 4.627009108662605286e-02
7.384142875671386719e-01 4.466091096401214600e-01
2.851686775684356689e-01 2.958931624889373779e-01
2.012372761964797974e-01 2.742697596549987793e-01
4.909679591655731201e-01 4.552940428256988525e-01
5.835085511207580566e-01 7.957484722137451172e-01
4.114473462104797363e-01 2.452479153871536255e-01
8.624522686004638672e-01 8.535829782485961914e-01
5.762966275215148926e-01 6.634434461593627930e-01
2.443133294582366943e-01 2.284783571958541870e-01
1.215380877256393433e-01 3.185573220252990723e-01
7.532216906547546387e-01 6.961832046508789062e-01
5.249173194169998169e-02 8.809984922409057617e-01
7.344852089881896973e-01 8.758188486099243164e-01
4.335829913616180420e-01 4.204040169715881348e-01
4.289728701114654541e-01 3.132356107234954834e-01
7.569133043289184570e-01 9.648928642272949219e-01
7.635841369628906250e-01 1.794835031032562256e-01
1.185204535722732544e-01 7.032030820846557617e-01
1.797040104866027832e-01 1.210240349173545837e-01
6.281464695930480957e-01 2.040209919214248657e-01
8.351283073425292969e-01 4.063399732112884521e-01
2.948888540267944336e-01 4.786376357078552246e-01
3.003172576427459717e-01 9.496351331472396851e-02
6.133322045207023621e-02 8.452012538909912109e-01
1.914753019809722900e-01 4.530313909053802490e-01
8.286541700363159180e-01 8.907660841941833496e-01
5.763152241706848145e-01 1.385269463062286377e-01
4.433380365371704102e-01 4.546634852886199951e-01
4.455412626266479492e-01 2.322747744619846344e-02
7.670341730117797852e-01 3.585544526576995850e-01
5.320621728897094727e-01 5.592151284217834473e-01
9.491614103317260742e-01 5.897667258977890015e-02
1.750254631042480469e-01 3.085104823112487793e-01
2.247730493545532227e-01 7.909429818391799927e-02
6.772667765617370605e-01 7.222357988357543945e-01
3.522587120532989502e-01 8.778100013732910156e-01
5.847175121307373047e-01 9.090939760208129883e-01
6.708607077598571777e-03 5.553395673632621765e-02
7.709199786186218262e-01 5.946550369262695312e-01
7.718288302421569824e-01 2.910371422767639160e-01
7.981317043304443359e-01 5.953151583671569824e-01
1.644434630870819092e-01 5.683517456054687500e-01
7.963116168975830078e-01 8.049612045288085938e-01
9.982125759124755859e-01 6.473552584648132324e-01
4.675711691379547119e-01 1.862911581993103027e-01
8.137431144714355469e-01 5.401462912559509277e-01
8.331016898155212402e-01 2.892498672008514404e-01
4.548535645008087158e-01 8.382670283317565918e-01
7.522158622741699219e-01 2.989340722560882568e-01
5.161101818084716797e-01 7.399949431419372559e-01
5.551659464836120605e-01 5.654702782630920410e-01
4.150074422359466553e-01 7.236047983169555664e-01
8.544750213623046875e-01 1.864790022373199463e-01
1.603924036026000977e-01 8.015514016151428223e-01
9.161252379417419434e-01 3.513436019420623779e-01
3.490679264068603516e-01 1.548878550529479980e-01
6.509265303611755371e-01 3.192068934440612793e-01
2.700370252132415771e-01 2.190897613763809204e-01
3.164294660091400146e-01 3.772602677345275879e-01
7.750732302665710449e-01 7.912288308143615723e-01
5.649703145027160645e-01 2.365986406803131104e-01
4.611164033412933350e-01 9.384368360042572021e-02
8.652569055557250977e-01 7.647854089736938477e-01
8.412691950798034668e-01 9.709798693656921387e-01
9.385297894477844238e-01 8.275660872459411621e-01
9.944815635681152344e-01 3.267341256141662598e-01
9.333242177963256836e-01 5.816924571990966797e-01
1.563521772623062134e-01 3.014367818832397461e-01
1.932379305362701416e-01 3.015869259834289551e-01
3.690680265426635742e-01 5.213047862052917480e-01
6.259742975234985352e-01 6.833926439285278320e-01
9.683284163475036621e-01 5.571127533912658691e-01
5.193074345588684082e-01 3.447741270065307617e-02
7.467334270477294922e-01 4.980318844318389893e-01
1.690088957548141479e-02 1.005567014217376709e-01
1.882622987031936646e-01 2.705850005149841309e-01
2.422272711992263794e-01 3.915206789970397949e-01
1.523969769477844238e-01 4.450235664844512939e-01
3.856673538684844971e-01 2.452863901853561401e-01
5.424355268478393555e-01 4.940010905265808105e-01
8.716340661048889160e-01 4.098381698131561279e-01
8.886978626251220703e-01 9.048557281494140625e-01
6.413571238517761230e-01 4.488719105720520020e-01
4.625319540500640869e-01 4.623644649982452393e-01
9.681409597396850586e-01 9.537457823753356934e-01
7.703417539596557617e-01 8.098941445350646973e-01
8.584098815917968750e-01 9.226251244544982910e-01
6.989477276802062988e-01 8.926740288734436035e-01
8.564650416374206543e-01 1.020784974098205566e-01
4.587009549140930176e-01 6.703715324401855469e-01
2.025411725044250488e-01 3.368686735630035400e-01
8.970456570386886597e-02 6.983734965324401855e-01
7.184557318687438965e-01 8.488594889640808105e-01
6.534811854362487793e-02 8.358123302459716797e-01
8.544010668992996216e-02 9.287543892860412598e-01
4.647892117500305176e-01 1.338305324316024780e-01
7.039456963539123535e-01 6.180549860000610352e-01
6.359080076217651367e-01 3.806156516075134277e-01
3.080025613307952881e-01 3.294416964054107666e-01
1.596439331769943237e-01 8.767008781433105469e-02
2.876312732696533203e-01 6.588138937950134277e-01
9.518494009971618652e-01 7.091206964105367661e-03
9.743120074272155762e-01 5.400567650794982910e-01
4.162608981132507324e-01 3.932650983333587646e-01
4.883971810340881348e-01 8.929634690284729004e-01
3.541537523269653320e-01 6.112657189369201660e-01
8.805917501449584961e-01 7.222634553909301758e-01
2.237762659788131714e-01 5.217045545578002930e-01
7.982910871505737305e-01 6.008380651473999023e-01
8.269677758216857910e-01 9.240667223930358887e-01
6.577806472778320312e-01 1.230133622884750366e-01
8.307740092277526855e-01 9.980846047401428223e-01
2.033224254846572876e-01 9.503255486488342285e-01
9.083608984947204590e-01 1.187621727585792542e-01
5.039919018745422363e-01 7.466448098421096802e-02
2.024161964654922485e-01 5.077307224273681641e-01
8.282712101936340332e-01 8.147232532501220703e-01
4.192959368228912354e-01 9.075433611869812012e-01
4.081593155860900879e-01 6.597509980201721191e-01
3.507642745971679688e-01 9.636614918708801270e-01
6.239610314369201660e-01 3.992838785052299500e-02
5.882948637008666992e-01 3.783749639987945557e-01
5.878950953483581543e-01 6.457903236150741577e-02
7.871775627136230469e-01 8.263548016548156738e-01
8.758019804954528809e-01 2.525837123394012451e-01
8.560509681701660156e-01 7.199000120162963867e-01
9.370139241218566895e-01 7.755215279757976532e-03
6.392514705657958984e-01 7.532492280006408691e-01
3.694314658641815186e-01 3.199515640735626221e-01
5.716646313667297363e-01 3.231549859046936035e-01
7.606647610664367676e-01 9.930371493101119995e-02
7.977141737937927246e-01 7.571827173233032227e-01
4.105901420116424561e-01 3.465825319290161133e-02
2.031248807907104492e-01 7.700419425964355469e-01
4.103473387658596039e-03 9.350910186767578125e-01
3.243139088153839111e-01 3.537113070487976074e-01
7.849438786506652832e-01 6.284179091453552246e-01
5.599207282066345215e-01 4.140237867832183838e-01
7.124373316764831543e-01 4.687469005584716797e-01
8.546316027641296387e-01 1.688932627439498901e-01
5.156688094139099121e-01 8.797447681427001953e-01
5.127108469605445862e-02 2.330900281667709351e-01
5.505734086036682129e-01 6.224013566970825195e-01
9.174125790596008301e-01 4.939177632331848145e-01
2.742693424224853516e-01 6.081900000572204590e-01
1.241243928670883179e-01 2.105794250965118408e-01
3.723892569541931152e-01 4.097626805305480957e-01
6.133823394775390625e-01 3.392885029315948486e-01
7.328510880470275879e-01 4.266706705093383789e-01
9.387864470481872559e-01 5.783210396766662598e-01
6.619038581848144531e-01 8.599361181259155273e-01
6.406807303428649902e-01 9.195436239242553711e-01
3.638961315155029297e-01 9.027899503707885742e-01
7.439907193183898926e-01 9.966188669204711914e-02
7.048353552818298340e-01 6.404275298118591309e-01
3.422435373067855835e-02 9.584782123565673828e-01
4.933063685894012451e-01 6.567977070808410645e-01
1.380012333393096924e-01 5.483916029334068298e-03
2.471604347229003906e-01 8.058012127876281738e-01
9.934100508689880371e-01 5.466617345809936523e-01
8.620338439941406250e-01 9.818598628044128418e-01
6.930885314941406250e-01 4.863945841789245605e-01
6.265920996665954590e-01 5.637452006340026855e-01
3.924112915992736816e-01 5.783227682113647461e-01
6.498394608497619629e-01 5.349576473236083984e-01
4.431897103786468506e-01 7.414308190345764160e-02
9.162910580635070801e-01 3.814350441098213196e-02
8.260018825531005859e-01 7.514309883117675781e-01
1.223008632659912109e-01 5.618259906768798828e-01
9.271336793899536133e-01 9.418767690658569336e-02
8.472808003425598145e-01 5.512404441833496094e-01
1.660729795694351196e-01 8.264557719230651855e-01
2.194105237722396851e-01 5.722206234931945801e-01
7.230557203292846680e-01 3.064921796321868896e-01
9.384540319442749023e-01 4.681113362312316895e-01
5.428718924522399902e-01 9.243782162666320801e-01
9.244346022605895996e-01 5.836593508720397949e-01
2.914879918098449707e-01 4.717278182506561279e-01
5.458434224128723145e-01 2.641779482364654541e-01
5.407925844192504883e-01 1.294192969799041748e-01
7.985420823097229004e-01 7.576668262481689453e-01
9.142191410064697266e-01 7.429257631301879883e-01
9.042923450469970703e-01 6.023923754692077637e-01
1.881118118762969971e-01 5.848352313041687012e-01
4.744144082069396973e-01 7.178742885589599609e-01
2.856799066066741943e-01 3.395954668521881104e-01
1.841998398303985596e-01 8.213734030723571777e-01
8.179280906915664673e-02 6.293948888778686523e-01
8.735529780387878418e-01 2.259946763515472412e-01
9.080156683921813965e-01 6.210936307907104492e-01
7.935929894447326660e-01 8.083602190017700195e-01
7.696910500526428223e-01 7.827900648117065430e-01
3.885220363736152649e-02 5.373994112014770508e-01
2.169295847415924072e-01 6.137093901634216309e-01
5.942958593368530273e-01 4.347959756851196289e-01
8.592493534088134766e-01 9.960195422172546387e-01
9.547621607780456543e-01 8.741389513015747070e-01
5.700246691703796387e-01 2.991019189357757568e-01
3.195252120494842529e-01 8.698020577430725098e-01
6.941718459129333496e-01 4.790255725383758545e-01
9.324356913566589355e-01 1.884583234786987305e-01
4.097900688648223877e-01 7.942489981651306152e-01
9.948998689651489258e-01 4.418730437755584717e-01
3.805696964263916016e-01 2.260295301675796509e-01
5.780098438262939453e-01 7.472289800643920898e-01
1.991203725337982178e-01 9.247881770133972168e-01
3.396533131599426270e-01 5.417501330375671387e-01
6.629982590675354004e-01 6.031683087348937988e-01
5.029392614960670471e-02 6.896633505821228027e-01
9.607954621315002441e-01 1.120471358299255371e-01
5.933575630187988281e-01 3.601235151290893555e-02
9.812300801277160645e-01 6.864938735961914062e-01
2.454992532730102539e-01 3.438719511032104492e-01
9.537255167961120605e-01 4.522547423839569092e-01
7.733916044235229492e-01 6.559445261955261230e-01
8.164595961570739746e-01 3.649834692478179932e-01
2.701732814311981201e-01 8.245390653610229492e-01
1.871964037418365479e-01 4.848278760910034180e-01
9.967191219329833984e-01 3.043373227119445801e-01
4.548168480396270752e-01 6.724559068679809570e-01
4.599204063415527344e-01 9.533912539482116699e-01
5.882272124290466309e-01 7.141520977020263672e-01
7.002816796302795410e-01 5.704331398010253906e-01
9.187157154083251953e-01 6.754943132400512695e-01
9.356185793876647949e-02 6.970805525779724121e-01
8.720142245292663574e-01 4.470687806606292725e-01
5.393733456730842590e-02 4.058440625667572021e-01
3.895167112350463867e-01 8.607477545738220215e-01
9.560995697975158691e-01 2.214905172586441040e-01
5.705635249614715576e-02 4.211995899677276611e-01
2.930228412151336670e-01 5.356185883283615112e-02
1.967620104551315308e-01 9.051715731620788574e-01
7.241693735122680664e-01 5.071147680282592773e-01
8.227657526731491089e-03 7.412527203559875488e-01
2.430419772863388062e-01 1.547160595655441284e-01
4.238240122795104980e-01 1.700045317411422729e-01
6.546930670738220215e-01 5.425307154655456543e-01
7.251759767532348633e-01 5.481411814689636230e-01
3.750410079956054688e-01 2.387013137340545654e-01
6.784976124763488770e-01 3.391665220260620117e-01
2.712059617042541504e-01 5.236999318003654480e-02
2.327902615070343018e-01 8.061414361000061035e-01
8.648568391799926758e-01 5.508337616920471191e-01
2.109676748514175415e-01 7.506815791130065918e-01
9.361773729324340820e-01 9.214476943016052246e-01
8.310000300407409668e-01 1.678830385208129883e-01
3.297682702541351318e-01 2.850236892700195312e-01
3.166746497154235840e-01 6.386412978172302246e-01
7.988865375518798828e-01 1.675786525011062622e-01
9.094293713569641113e-01 3.268713057041168213e-01
9.708473086357116699e-01 8.838006854057312012e-01
7.325791716575622559e-01 5.111898183822631836e-01
2.556947991251945496e-02 7.985097765922546387e-01
6.148925423622131348e-01 4.534124732017517090e-01
1.695904135704040527e-01 6.767426133155822754e-01
9.091576933860778809e-01 8.629406988620758057e-02
6.654253602027893066e-01 8.562658429145812988e-01
5.669947266578674316e-01 8.466916531324386597e-02
9.223261475563049316e-02 3.573254942893981934e-01
7.044217586517333984e-01 5.748887062072753906e-01
9.982583671808242798e-02 4.675822854042053223e-01
1.360167413949966431e-01 8.636500835418701172e-01
1.676760762929916382e-01 5.407879948616027832e-01
9.071097970008850098e-01 2.848125100135803223e-01
5.169211626052856445e-01 5.962522029876708984e-01
1.214528270065784454e-02 4.176965653896331787e-01
8.400404453277587891e-01 6.316118240356445312e-01
5.286571383476257324e-01 2.299059480428695679e-01
8.919560909271240234e-01 7.704027891159057617e-01
4.023784101009368896e-01 8.603539317846298218e-02
2.641305029392242432e-01 2.074087709188461304e-01
6.229304671287536621e-01 7.078106999397277832e-01
3.003889024257659912e-01 1.837348341941833496e-01
5.211393237113952637e-01 2.085141539573669434e-01
5.173558592796325684e-01 8.830841779708862305e-01
5.096828937530517578e-01 7.209888696670532227e-01
4.070778787136077881e-01 6.844201087951660156e-01
8.463919758796691895e-01 3.655250668525695801e-01
8.600298166275024414e-01 7.621722817420959473e-01
2.457166016101837158e-01 3.959914743900299072e-01
4.768407046794891357e-01 2.046748548746109009e-01
6.139960289001464844e-01 6.455905437469482422e-01
6.514000296592712402e-01 6.835731863975524902e-01
8.459198474884033203e-01 2.215888947248458862e-01
2.805188596248626709e-01 2.848879396915435791e-01
1.726597845554351807e-01 7.024288773536682129e-01
6.593453884124755859e-01 7.081211805343627930e-01
6.234554052352905273e-01 8.739314675331115723e-01
7.197216153144836426e-01 4.801172614097595215e-01
4.266031086444854736e-01 6.037333011627197266e-01
8.045005202293395996e-01 8.433830738067626953e-01
7.602843046188354492e-01 8.823635578155517578e-01
4.627242386341094971e-01 3.045230358839035034e-02
9.884374141693115234e-01 6.090083718299865723e-01
4.379397630691528320e-01 4.933643341064453125e-01
5.102251172065734863e-01 9.129486232995986938e-02
6.496200561523437500e-01 4.410440325736999512e-01
8.990547657012939453e-01 5.477242469787597656e-01
1.212296169251203537e-02 6.365668773651123047e-01
7.074105143547058105e-01 4.576905071735382080e-01
1.846279203891754150e-01 9.376309514045715332e-01
5.615798234939575195e-01 2.121111145243048668e-03
3.281475305557250977e-01 6.836811304092407227e-01
1.173038184642791748e-01 7.891687154769897461e-01
3.157863318920135498e-01 6.032617688179016113e-01
2.637141644954681396e-01 3.762150406837463379e-01
9.176889061927795410e-01 4.371977746486663818e-01
6.096162274479866028e-02 8.693680763244628906e-01
4.866469502449035645e-01 2.616132199764251709e-01
5.404748916625976562e-01 5.312733352184295654e-03
9.745659232139587402e-01 5.202607437968254089e-02
4.981816709041595459e-01 6.370725631713867188e-01
6.800845265388488770e-01 6.156365275382995605e-01
2.952975928783416748e-01 6.949608922004699707e-01
4.408994615077972412e-01 6.605927944183349609e-01
8.760578632354736328e-01 8.780728578567504883e-01
8.610808849334716797e-01 7.588123679161071777e-01
5.301029682159423828e-01 1.782538890838623047e-01
3.347156345844268799e-01 8.600187301635742188e-01
2.735361158847808838e-01 6.415840983390808105e-01
9.349921941757202148e-01 7.995933890342712402e-01
7.380319237709045410e-01 3.933081626892089844e-01
2.256344705820083618e-01 2.996311187744140625e-01
4.681418538093566895e-01 8.866664767265319824e-01
8.477168083190917969e-01 3.831252455711364746e-01
8.236948251724243164e-01 5.411605834960937500e-01
6.803908348083496094e-01 1.347491145133972168e-01
9.260626435279846191e-01 2.940995395183563232e-01
4.018145501613616943e-01 3.063715398311614990e-01
3.014781177043914795e-01 5.267002582550048828e-01
3.329822719097137451e-01 3.421586453914642334e-01
2.601914703845977783e-01 6.280267238616943359e-01
4.231863617897033691e-01 1.337216049432754517e-01
6.625292897224426270e-01 7.569693326950073242e-01
9.302642941474914551e-02 5.622353553771972656e-01
7.238812744617462158e-02 1.730405241250991821e-01
4.180017858743667603e-02 5.614032745361328125e-01
6.236556768417358398e-01 3.981871008872985840e-01
7.448104619979858398e-01 7.241721451282501221e-02
3.070795536041259766e-01 5.969121456146240234e-01
6.377705931663513184e-01 7.215047627687454224e-02
1.399761736392974854e-01 5.820273160934448242e-01
6.965448260307312012e-01 3.844274580478668213e-01
5.164067745208740234e-01 3.745998442173004150e-01
6.687982678413391113e-01 6.294415593147277832e-01
9.971662759780883789e-01 2.062632739543914795e-01
3.339763879776000977e-01 1.061556115746498108e-01
3.123390488326549530e-02 8.154469132423400879e-01
7.818734645843505859e-01 9.747077822685241699e-01
7.798266410827636719e-01 9.805220961570739746e-01
1.845822632312774658e-01 5.955005884170532227e-01
4.300232529640197754e-01 3.394662439823150635e-01
7.324264645576477051e-01 8.689227700233459473e-01
2.802770957350730896e-02 7.678259611129760742e-01
6.655456423759460449e-01 5.027868151664733887e-01
5.781350135803222656e-01 8.456031084060668945e-01
1.246687173843383789e-01 4.877883493900299072e-01
8.573830723762512207e-01 7.357358336448669434e-01
9.973266720771789551e-01 9.010210037231445312e-01
6.694557666778564453e-01 1.976944208145141602e-01
9.928418397903442383e-01 8.874285221099853516e-02
4.617048799991607666e-01 3.140230849385261536e-02
8.919194936752319336e-01 1.784257739782333374e-01
6.895647048950195312e-01 8.527307510375976562e-01
7.151801586151123047e-01 6.581061482429504395e-01
3.745240569114685059e-01 6.077638864517211914e-01
1.905993968248367310e-01 8.755311965942382812e-01
7.575641870498657227e-01 9.535614252090454102e-01
1.517035812139511108e-01 4.815701544284820557e-01
9.288656711578369141e-01 3.505556285381317139e-01
6.308936476707458496e-01 9.158908724784851074e-01
5.678642988204956055e-01 4.001444578170776367e-01
3.723694980144500732e-01 8.104539513587951660e-01
4.330789148807525635e-01 3.483441891148686409e-03
2.336379587650299072e-01 6.807744503021240234e-01
5.056351423263549805e-01 8.560045957565307617e-01
6.695284843444824219e-01 1.273058652877807617e-01
7.791858315467834473e-01 5.503249764442443848e-01
1.564831584692001343e-01 3.497599959373474121e-01
5.182248950004577637e-01 2.949104011058807373e-01
1.619538813829421997e-01 7.450452446937561035e-01
3.333162367343902588e-01 7.637817263603210449e-01
9.752050042152404785e-01 2.423683702945709229e-01
2.618522644042968750e-01 4.502549171447753906e-01
7.323856949806213379e-01 1.650386452674865723e-01
4.775824844837188721e-01 9.528447985649108887e-01
5.294925570487976074e-01 8.130018115043640137e-01
8.929230570793151855e-01 9.818364977836608887e-01
2.622366547584533691e-01 5.156713724136352539e-01
4.137168526649475098e-01 2.149691432714462280e-01
1.194011569023132324e-01 7.032104134559631348e-01
2.930771708488464355e-01 1.712282374501228333e-02
1.417300254106521606e-01 7.334914207458496094e-01
7.013002038002014160e-01 3.023442625999450684e-01
8.804541826248168945e-01 3.807822242379188538e-02
7.046249508857727051e-01 4.668696820735931396e-01
2.260214835405349731e-02 9.482632875442504883e-01
3.589239716529846191e-01 5.230503678321838379e-01
9.767252802848815918e-01 6.588899064809083939e-03
1.854712814092636108e-01 2.389039695262908936e-01
9.939891695976257324e-01 8.699632436037063599e-02
7.258916497230529785e-01 8.572912812232971191e-01
5.428521037101745605e-01 6.113041639328002930e-01
5.184071063995361328e-01 8.083361387252807617e-01
9.396689534187316895e-01 8.829483985900878906e-01
7.473962306976318359e-01 5.211629271507263184e-01
2.837197780609130859e-01 4.203397035598754883e-01
9.616156220436096191e-01 2.604028880596160889e-01
7.628169655799865723e-01 8.136427998542785645e-01
4.082981050014495850e-01 7.962958216667175293e-01
2.880094051361083984e-01 7.320801615715026855e-01
1.320128440856933594e-01 5.213145017623901367e-01
2.775091528892517090e-01 8.857133388519287109e-01
2.803807556629180908e-01 7.806789278984069824e-01
2.934848964214324951e-01 4.241798222064971924e-01
1.194099783897399902e-01 7.214999943971633911e-02
2.761503756046295166e-01 2.084268778562545776e-01
5.881890654563903809e-01 6.269539594650268555e-01
8.708651065826416016e-01 5.728078484535217285e-01
8.487870693206787109e-01 3.962431550025939941e-01
1.026172339916229248e-01 4.808706045150756836e-02
4.099591672420501709e-01 5.063832998275756836e-01
4.349483847618103027e-01 3.420477211475372314e-01
4.645111858844757080e-01 1.841452717781066895e-02
1.287023425102233887e-01 7.856341004371643066e-01
8.500454425811767578e-01 9.216274619102478027e-01
2.488576322793960571e-01 5.414639785885810852e-02
9.477064609527587891e-01 9.987093210220336914e-01
4.302765130996704102e-01 9.611724615097045898e-01
9.008367061614990234e-01 2.396742403507232666e-01
5.461344122886657715e-01 2.224686890840530396e-01
2.542357742786407471e-01 4.687090963125228882e-02
8.600469231605529785e-01 5.838962197303771973e-01
4.844021499156951904e-01 6.872857213020324707e-01
4.720237851142883301e-01 2.705844342708587646e-01
8.551273941993713379e-01 8.061639666557312012e-01
1.025495752692222595e-01 9.068191051483154297e-01
9.219053387641906738e-01 7.778720855712890625e-01
9.222968816757202148e-01 1.491207182407379150e-01
2.990004718303680420e-01 1.991325765848159790e-01
5.338940024375915527e-01 9.472406506538391113e-01
5.389138460159301758e-01 4.284902513027191162e-01
3.149335384368896484e-01 5.934966802597045898e-01
8.575821518898010254e-01 4.498266428709030151e-02
8.929411172866821289e-01 9.705696105957031250e-01
6.936095356941223145e-01 4.861626625061035156e-01
4.976916015148162842e-01 5.270214080810546875e-01
5.694625154137611389e-02 2.417651563882827759e-01
1.758888214826583862e-01 1.105481758713722229e-02
5.036116838455200195e-01 6.263319849967956543e-01
7.768812775611877441e-01 7.586022019386291504e-01
8.362917304039001465e-01 7.709850668907165527e-01
6.224003434181213379e-01 6.595396399497985840e-01
4.401229023933410645e-01 7.966122627258300781e-01
9.318108558654785156e-01 2.964255511760711670e-01
4.984505474567413330e-01 6.111353635787963867e-01
9.960671663284301758e-01 6.592054963111877441e-01
9.642581343650817871e-01 7.424902915954589844e-01
3.494241833686828613e-01 8.825240731239318848e-01
6.033335924148559570e-01 6.327916383743286133e-01
9.191889762878417969e-01 4.337375760078430176e-01
7.543894648551940918e-01 8.764290213584899902e-01
7.356639504432678223e-01 7.431690096855163574e-01
7.884430885314941406e-01 6.213852763175964355e-01
8.973650932312011719e-01 1.290315091609954834e-01
4.438800811767578125e-01 8.375266790390014648e-01
1.211774349212646484e-02 9.760364890098571777e-01
3.454277813434600830e-01 9.394186139106750488e-01
6.717562079429626465e-01 2.597340643405914307e-01
9.513638615608215332e-01 6.116651892662048340e-01
5.680330395698547363e-01 6.962430477142333984e-01
3.908312022686004639e-01 9.328576922416687012e-01
2.351483404636383057e-01 5.082068443298339844e-01
7.116420269012451172e-01 3.901317417621612549e-01
8.632277250289916992e-01 8.359742909669876099e-02
5.737577080726623535e-01 8.120221495628356934e-01
7.348683476448059082e-01 9.152649641036987305e-01
6.440470814704895020e-01 8.094787597656250000e-01
9.871772527694702148e-01 8.039247244596481323e-02
7.837547659873962402e-01 7.222777009010314941e-01
4.194591939449310303e-01 2.172925509512424469e-02
3.164236247539520264e-01 8.917484879493713379e-01
4.569662734866142273e-02 7.687950134277343750e-01
4.004853665828704834e-01 3.779467344284057617e-01
6.536887288093566895e-01 4.171399772167205811e-01
2.457046657800674438e-01 7.876082658767700195e-01
9.158629775047302246e-01 1.627363860607147217e-01
7.791738510131835938e-01 6.306401491165161133e-01
1.933961063623428345e-01 7.425225973129272461e-01
6.050044298171997070e-02 5.331040620803833008e-01
7.381460070610046387e-01 2.248903959989547729e-01
4.547464251518249512e-01 8.963922262191772461e-01
2.968444526195526123e-01 6.595919132232666016e-01
3.426898717880249023e-01 7.887854576110839844e-01
5.581942796707153320e-01 6.271283030509948730e-01
9.381749629974365234e-01 8.554726243019104004e-01
9.212493151426315308e-02 4.516891837120056152e-01
1.209342926740646362e-01 3.790688812732696533e-01
9.418969154357910156e-01 2.402265667915344238e-01
2.709608972072601318e-01 6.903473734855651855e-01
1.772358715534210205e-01 4.352751374244689941e-02
1.362171471118927002e-01 6.938086450099945068e-02
5.614686608314514160e-01 9.998942613601684570e-01
4.044051468372344971e-01 7.523312419652938843e-02
5.584682226181030273e-01 7.848924994468688965e-01
8.982428312301635742e-01 3.785091638565063477e-01
2.859449684619903564e-01 6.115378737449645996e-01
1.517259329557418823e-01 9.364581108093261719e-01
5.770318508148193359e-01 5.629919171333312988e-01
9.438820481300354004e-01 9.385256171226501465e-01
2.421176880598068237e-01 3.038308322429656982e-01
1.798107028007507324e-01 8.637524843215942383e-01
7.125401496887207031e-01 8.941135406494140625e-01
6.846331954002380371e-01 2.598560452461242676e-01
5.579199790954589844e-01 8.595876693725585938e-01
6.517675518989562988e-01 1.332108229398727417e-01
4.411085546016693115e-01 9.069455862045288086e-01
6.622853875160217285e-01 9.260250926017761230e-01
9.406394958496093750e-01 8.240170478820800781e-01
1.050595566630363464e-01 6.768435239791870117e-01
9.096810817718505859e-01 9.792519360780715942e-02
4.336395561695098877e-01 9.418239593505859375e-01
4.520238935947418213e-01 5.393844842910766602e-01
6.715993881225585938e-01 5.336523056030273438e-01
8.085066080093383789e-01 8.690063953399658203e-01
6.685901880264282227e-01 6.292610168457031250e-01
2.005892843008041382e-01 9.923102855682373047e-01
1.277820169925689697e-01 2.368376702070236206e-01
6.308387517929077148e-01 6.410384774208068848e-01
3.608260452747344971e-01 8.488911986351013184e-01
3.952682912349700928e-01 7.002682685852050781e-01
3.243852555751800537e-01 4.762367159128189087e-02
9.819484353065490723e-01 2.914338707923889160e-01
8.772841095924377441e-01 5.000196099281311035e-01
6.500804424285888672e-01 3.519854247570037842e-01
4.681406021118164062e-01 4.350424408912658691e-01
5.753657221794128418e-01 8.133370280265808105e-01
5.626492500305175781e-01 5.840353965759277344e-01
7.883925437927246094e-01 6.331935524940490723e-02
7.681418061256408691e-01 1.739166676998138428e-01
1.376282274723052979e-01 1.773182600736618042e-01
8.432790040969848633e-01 4.194675385951995850e-01
1.960372924804687500e-01 2.120663076639175415e-01
4.358717203140258789e-01 3.723402619361877441e-01
7.053360939025878906e-01 9.253722429275512695e-01
7.548184394836425781e-01 7.877539098262786865e-02
9.070399999618530273e-01 9.015984535217285156e-01
9.473974108695983887e-01 7.170311808586120605e-01
7.215198874473571777e-01 7.986939549446105957e-01
7.136447429656982422e-01 9.060043096542358398e-01
8.345119655132293701e-02 6.290381550788879395e-01
7.961816787719726562e-01 6.160268783569335938e-01
6.610071063041687012e-01 9.640735387802124023e-01
8.585886955261230469e-01 3.615293800830841064e-01
6.613821983337402344e-01 6.271195411682128906e-01
8.762427568435668945e-01 1.343654394149780273e-01
4.536986052989959717e-01 4.322271049022674561e-01
3.585751056671142578e-01 1.589579284191131592e-01
6.015233397483825684e-01 1.266797333955764771e-01
1.934832930564880371e-01 3.085407316684722900e-01
6.877993941307067871e-01 4.311383143067359924e-02
8.831266760826110840e-01 6.181492209434509277e-01
6.789106726646423340e-01 9.458040595054626465e-01
9.653996229171752930e-01 2.126758098602294922e-01
5.218463540077209473e-01 6.664036512374877930e-01
9.866403341293334961e-01 2.215714603662490845e-01
6.064333021640777588e-02 1.873693019151687622e-01
9.724921584129333496e-01 7.083787322044372559e-01
7.462906837463378906e-01 2.335722595453262329e-01
4.154818952083587646e-01 8.504416942596435547e-01
1.839394867420196533e-01 7.407492399215698242e-01
2.722859978675842285e-01 4.361940920352935791e-01
7.030299305915832520e-01 6.450215578079223633e-01
1.290091276168823242e-01 2.799135446548461914e-01
1.990738660097122192e-01 7.670384049415588379e-01
9.779107570648193359e-01 4.526035487651824951e-02
8.166784048080444336e-01 6.271693706512451172e-01
7.989542484283447266e-01 6.264688968658447266e-01
8.687636256217956543e-01 2.109695523977279663e-01
9.543464779853820801e-01 6.751063466072082520e-01
6.764075160026550293e-01 5.168617367744445801e-01
8.355543613433837891e-01 2.510997653007507324e-01
1.563372761011123657e-01 7.783474326133728027e-01
1.993552446365356445e-01 5.594780296087265015e-02
4.729471206665039062e-01 8.092150092124938965e-01
7.527725100517272949e-01 9.653990268707275391e-01
4.679201245307922363e-01 2.236035019159317017e-01
7.425962686538696289e-01 5.517914518713951111e-02
2.679292559623718262e-01 8.176374435424804688e-01
5.198978185653686523e-01 4.348861575126647949e-01
3.089010119438171387e-01 1.065750494599342346e-01
1.171976551413536072e-01 3.410633504390716553e-01
5.521497726440429688e-01 3.947119116783142090e-01
4.220034480094909668e-01 6.661969423294067383e-01
6.109677553176879883e-01 8.227489590644836426e-01
5.052521228790283203e-01 9.132465720176696777e-01
8.353726863861083984e-01 2.472454905509948730e-01
5.356839299201965332e-01 6.912896633148193359e-01
1.809308081865310669e-01 4.243610501289367676e-01
4.487119615077972412e-01 5.686575770378112793e-01
8.985575437545776367e-01 2.022522389888763428e-01
9.982040524482727051e-01 8.825522065162658691e-01
3.891495168209075928e-01 1.471142917871475220e-01
8.919424414634704590e-01 7.395792007446289062e-01
3.277966678142547607e-01 2.040991000831127167e-02
7.521067261695861816e-01 5.463544651865959167e-02
6.722341179847717285e-01 4.330748915672302246e-01
7.843289971351623535e-01 7.171521782875061035e-01
7.827278226613998413e-02 1.376952975988388062e-01
7.029663920402526855e-01 6.385310888290405273e-01
4.064192473888397217e-01 7.303290963172912598e-01
3.747698068618774414e-01 4.620956778526306152e-01
6.035111546516418457e-01 1.587444990873336792e-01
7.138931155204772949e-01 7.755972743034362793e-01
3.891113400459289551e-01 4.808269143104553223e-01
2.505777180194854736e-01 5.717133283615112305e-01
6.408240646123886108e-02 7.806516289710998535e-01
2.182256728410720825e-01 5.346115231513977051e-01
4.243789315223693848e-01 5.487657785415649414e-01
2.530235052108764648e-01 3.599235415458679199e-01
1.997092515230178833e-01 8.455897867679595947e-02
1.304325908422470093e-01 7.746236324310302734e-01
6.072931736707687378e-02 8.997656702995300293e-01
2.978005409240722656e-01 9.856682419776916504e-01
2.898579239845275879e-01 3.337245285511016846e-01
8.313663005828857422e-01 5.585864186286926270e-01
3.481190204620361328e-01 4.218477904796600342e-01
5.577004551887512207e-01 2.763574421405792236e-01
2.522111535072326660e-01 4.104334115982055664e-01
5.962957739830017090e-01 9.616541266441345215e-01
8.577930331230163574e-01 3.107848763465881348e-01
9.324389100074768066e-01 4.196005463600158691e-01
2.313843220472335815e-01 4.319835305213928223e-01
5.808182954788208008e-01 8.232467770576477051e-01
5.977939963340759277e-01 3.547485172748565674e-01
1.508794277906417847e-01 6.284683346748352051e-01
9.224714636802673340e-01 7.606635689735412598e-01
4.912149310111999512e-01 1.710152029991149902e-01
3.499892950057983398e-01 2.293150275945663452e-01
2.094879746437072754e-02 1.308867335319519043e-01
4.152546823024749756e-01 5.745431184768676758e-01
3.704290390014648438e-01 5.423471927642822266e-01
8.798199892044067383e-01 7.129840850830078125e-01
4.072071015834808350e-01 4.945487976074218750e-01
4.965260326862335205e-01 1.607506908476352692e-02
7.570564746856689453e-01 2.380676865577697754e-01
8.559685945510864258e-01 7.100598216056823730e-01
9.996485710144042969e-01 7.343164682388305664e-01
9.723664522171020508e-01 5.544203519821166992e-01
8.047919869422912598e-01 8.088768124580383301e-01
9.315893054008483887e-01 4.198893010616302490e-01
3.448900282382965088e-01 3.080448508262634277e-01
5.862619280815124512e-01 8.764889240264892578e-01
8.050564527511596680e-01 8.322494029998779297e-01
7.145485281944274902e-01 9.680941700935363770e-01
4.887413084506988525e-01 3.062943518161773682e-01
3.018943071365356445e-01 2.062113434076309204e-01
3.072488307952880859e-01 5.663828253746032715e-01
7.175948619842529297e-01 5.618991851806640625e-01
5.171582698822021484e-01 9.613389521837234497e-02
8.227666616439819336e-01 4.647120833396911621e-01
9.005592465400695801e-01 9.546039104461669922e-01
6.768007874488830566e-01 8.910536766052246094e-01
1.705608814954757690e-01 3.638531863689422607e-01
9.753621816635131836e-01 8.635134100914001465e-01
7.452149987220764160e-01 3.611530065536499023e-01
3.479401767253875732e-01 3.789262771606445312e-01
2.581430673599243164e-01 2.010352462530136108e-01
5.240340232849121094e-01 8.442754149436950684e-01
9.590186476707458496e-01 7.051569819450378418e-01
7.646000981330871582e-01 7.256977558135986328e-01
7.375342845916748047e-01 7.169016599655151367e-01
4.027773737907409668e-01 9.966520071029663086e-01
2.911701202392578125e-01 6.259524822235107422e-01
4.075325727462768555e-01 6.433761119842529297e-01
7.233557701110839844e-01 7.171878814697265625e-01
6.762549877166748047e-01 4.418013095855712891e-01
9.706789851188659668e-01 5.403814911842346191e-01
6.969735622406005859e-01 3.404010534286499023e-01
1.009982079267501831e-01 4.602276086807250977e-01
3.608783781528472900e-01 3.105196654796600342e-01
8.755341768264770508e-01 4.482896924018859863e-01
1.871127933263778687e-01 7.320827841758728027e-01
1.413610428571701050e-01 6.807938218116760254e-01
9.188868105411529541e-02 8.057675361633300781e-01
1.105465739965438843e-01 9.117201566696166992e-01
2.295597642660140991e-01 4.295893311500549316e-01
2.785152494907379150e-01 4.269959628582000732e-01
5.963209271430969238e-01 9.286042451858520508e-01
1.834120899438858032e-01 8.732613325119018555e-01
6.010293364524841309e-01 4.630315303802490234e-01
3.179479241371154785e-01 9.046040177345275879e-01
8.747300505638122559e-01 4.042475521564483643e-01
8.197770714759826660e-01 2.967222929000854492e-01
8.911861181259155273e-01 2.346625626087188721e-01
9.926745891571044922e-01 2.841505594551563263e-02
2.940561175346374512e-01 7.684049010276794434e-01
5.628196597099304199e-01 8.305530548095703125e-01
7.614445686340332031e-01 2.171669006347656250e-01
1.386309564113616943e-01 6.219366192817687988e-01
1.373597234487533569e-01 6.635308265686035156e-02
3.145513236522674561e-01 6.886052489280700684e-01
1.787180304527282715e-01 8.461487889289855957e-01
3.882077634334564209e-01 9.866186380386352539e-01
6.790257096290588379e-01 6.068291664123535156e-01
4.961780607700347900e-01 5.401161909103393555e-01
6.266775727272033691e-01 7.927466183900833130e-02
2.740009725093841553e-01 4.820308089256286621e-01
8.281603455543518066e-01 1.383491903543472290e-01
2.755609154701232910e-01 5.248756147921085358e-03
9.209567904472351074e-01 5.166019201278686523e-01
4.485156834125518799e-01 1.170906871557235718e-01
3.383052349090576172e-01 4.770825505256652832e-01
1.670081764459609985e-01 9.350026249885559082e-01
7.756836414337158203e-01 2.015123814344406128e-01
7.886196970939636230e-01 8.452360033988952637e-01
5.130565166473388672e-01 1.802965700626373291e-01
4.699933826923370361e-01 8.567793965339660645e-01
7.277743890881538391e-03 6.679896116256713867e-01
9.070416688919067383e-01 6.006447672843933105e-01
9.863102436065673828e-02 6.191546916961669922e-01
1.988025456666946411e-01 7.157356142997741699e-01
7.229346036911010742e-01 6.526116281747817993e-02
7.496243715286254883e-01 3.592986762523651123e-01
6.615534424781799316e-01 5.729042887687683105e-01
2.318105399608612061e-01 5.193290710449218750e-01
6.364469528198242188e-01 6.153528690338134766e-01
8.606877326965332031e-01 3.347381651401519775e-01
3.232271969318389893e-02 2.524178028106689453e-01
2.136093825101852417e-01 1.876021921634674072e-01
6.092828512191772461e-01 3.444669246673583984e-01
1.500566676259040833e-02 1.124115660786628723e-02
6.642838120460510254e-01 6.765673756599426270e-01
4.165317118167877197e-01 1.018890738487243652e-01
3.585910797119140625e-01 9.045204520225524902e-01
8.209778666496276855e-01 1.903061866760253906e-01
2.220577597618103027e-01 7.345997095108032227e-01
7.192557454109191895e-01 8.607118725776672363e-01
4.313584566116333008e-01 9.144884943962097168e-01
9.356392025947570801e-01 8.996300101280212402e-01
9.897328019142150879e-01 6.697992086410522461e-01
4.203780293464660645e-01 7.035232782363891602e-01
1.774735152721405029e-01 3.475010693073272705e-01
1.995962411165237427e-01 9.341256618499755859e-01
2.247879207134246826e-01 5.680975914001464844e-01
2.552372217178344727e-01 3.287238478660583496e-01
4.258651435375213623e-01 6.084635481238365173e-02
4.686525464057922363e-01 5.663472414016723633e-01
3.602167963981628418e-02 5.853023529052734375e-01
3.800694048404693604e-01 6.901445388793945312e-01
2.019454240798950195e-01 9.989138245582580566e-01
3.186543881893157959e-01 9.619401693344116211e-01
7.908644676208496094e-01 8.344349265098571777e-01
8.724218606948852539e-01 2.908593416213989258e-01
3.035931885242462158e-01 2.033750116825103760e-01
9.862245917320251465e-01 5.926339626312255859e-01
5.014671087265014648e-01 3.432447910308837891e-01
1.802677065134048462e-01 6.382498741149902344e-01
4.296804964542388916e-01 6.643468886613845825e-02
3.687230497598648071e-02 4.962407648563385010e-01
5.390856266021728516e-01 6.104883551597595215e-01
6.171626448631286621e-01 6.413354873657226562e-01
1.760990619659423828e-01 8.089151978492736816e-01
8.621577620506286621e-01 6.828615665435791016e-01
9.113066792488098145e-01 9.291496872901916504e-01
7.566577196121215820e-01 5.120880007743835449e-01
1.276414543390274048e-01 6.080105304718017578e-01
7.826477885246276855e-01 7.720957398414611816e-01
4.478424787521362305e-02 9.484383463859558105e-01
9.635027647018432617e-01 6.369903087615966797e-01
5.248785950243473053e-03 5.728625655174255371e-01
2.127854675054550171e-01 1.900843232870101929e-01
3.736995160579681396e-01 4.698571860790252686e-01
7.059371471405029297e-01 2.366838604211807251e-02
1.300381720066070557e-01 3.640216588973999023e-01
7.526357769966125488e-01 5.781998485326766968e-02
2.213752120733261108e-01 6.011451780796051025e-02
8.289107680320739746e-01 2.655784487724304199e-01
5.725673958659172058e-02 2.275916340295225382e-04
3.276743888854980469e-01 3.780241608619689941e-01
8.564332723617553711e-01 8.031136989593505859e-01
9.980771541595458984e-01 5.271919965744018555e-01
5.020000934600830078e-01 7.981288433074951172e-01
6.909831762313842773e-01 5.524321794509887695e-01
9.741690754890441895e-01 9.339421391487121582e-01
8.341522216796875000e-01 7.136796116828918457e-01
2.551277279853820801e-01 5.529927611351013184e-01
4.799805283546447754e-01 4.672702848911285400e-01
3.929438814520835876e-02 5.723763704299926758e-01
2.672703266143798828e-01 9.416420459747314453e-01
7.602602243423461914e-01 9.505689144134521484e-01
8.658403158187866211e-01 9.754672646522521973e-01
2.216174155473709106e-01 5.333055853843688965e-01
4.848834499716758728e-02 5.236440300941467285e-01
5.121105313301086426e-01 1.472844183444976807e-01
6.006082296371459961e-01 5.217556953430175781e-01
5.235808491706848145e-01 7.223041653633117676e-01
6.106626391410827637e-01 4.199833273887634277e-01
3.458497673273086548e-02 7.389853894710540771e-02
1.458598077297210693e-01 2.427976727485656738e-01
1.473242603242397308e-02 5.872728824615478516e-01
6.026192307472229004e-01 8.009856343269348145e-01
2.863969206809997559e-01 6.984500288963317871e-01
5.131174921989440918e-01 3.301931321620941162e-01
6.727356314659118652e-01 8.137624263763427734e-01
9.593686461448669434e-01 7.569369673728942871e-01
4.779204428195953369e-01 5.495737195014953613e-01
8.394208550453186035e-01 7.521018981933593750e-01
6.577417254447937012e-01 4.179099500179290771e-01
6.822301149368286133e-01 7.019832730293273926e-01
6.738668084144592285e-01 3.392944633960723877e-01
6.764125823974609375e-01 2.592312991619110107e-01
7.905383110046386719e-01 5.451300740242004395e-01
8.029569983482360840e-01 1.836415827274322510e-01
9.250544756650924683e-02 6.172653436660766602e-01
7.325258105993270874e-02 9.971360117197036743e-02
1.449016034603118896e-01 8.586013913154602051e-01
5.713822245597839355e-01 9.245010018348693848e-01
8.008092045783996582e-01 3.507524728775024414e-01
6.696801185607910156e-01 9.112204909324645996e-01
5.146160721778869629e-01 2.628051638603210449e-01
2.180714309215545654e-01 2.866718173027038574e-01
3.635574579238891602e-01 7.599565982818603516e-01
4.587235301733016968e-02 5.838126540184020996e-01
8.090600967407226562e-01 3.604799509048461914e-01
3.921123147010803223e-01 9.863701462745666504e-01
9.323029518127441406e-01 8.122495412826538086e-01
6.147747635841369629e-01 9.664106965065002441e-01
7.597383260726928711e-01 4.564537703990936279e-01
8.574564456939697266e-01 7.529281973838806152e-01
3.583172857761383057e-01 7.164755463600158691e-01
8.642601370811462402e-01 2.604078054428100586e-01
8.934402465820312500e-01 9.614430069923400879e-01
4.929869771003723145e-01 6.865877509117126465e-01
6.447358131408691406e-01 4.111680388450622559e-01
7.175688743591308594e-01 6.229692697525024414e-01
2.917193174362182617e-01 7.509370446205139160e-01
4.905847087502479553e-02 5.524154901504516602e-01
2.033154517412185669e-01 6.566230654716491699e-01
5.347074270248413086e-01 9.954054951667785645e-01
4.914769232273101807e-01 3.702435791492462158e-01
7.605451345443725586e-01 4.398474693298339844e-01
9.399051219224929810e-02 5.429653525352478027e-01
6.272953748703002930e-01 3.494573235511779785e-01
4.861111640930175781e-01 8.830214291810989380e-02
2.034761309623718262e-01 1.728536188602447510e-01
6.654962897300720215e-01 9.855746030807495117e-01
2.939807176589965820e-01 4.405884444713592529e-01
5.280975699424743652e-01 2.643995285034179688e-01
3.622264042496681213e-02 4.129086136817932129e-01
3.835302889347076416e-01 9.068711996078491211e-01
7.981928586959838867e-01 8.810900449752807617e-01
4.958286583423614502e-01 9.657431840896606445e-01
1.234705448150634766e-01 2.634088695049285889e-01
8.628451228141784668e-01 2.349600940942764282e-01
2.149663716554641724e-01 9.280428886413574219e-01
1.955566704273223877e-01 3.658841848373413086e-01
9.753916263580322266e-01 7.815136015415191650e-02
4.309840202331542969e-01 7.162328958511352539e-01
3.944653570652008057e-01 5.091384053230285645e-01
9.595575332641601562e-01 3.106071352958679199e-01
7.786383032798767090e-01 8.845701217651367188e-01
7.481221109628677368e-02 3.393336236476898193e-01
6.866537332534790039e-01 8.539054393768310547e-01
8.824190497398376465e-02 9.643564224243164062e-01
6.391883492469787598e-01 5.167097449302673340e-01
8.732692003250122070e-01 2.221107780933380127e-01
4.117865264415740967e-01 6.607901453971862793e-01
6.066870689392089844e-01 8.362339138984680176e-01
6.149963736534118652e-01 1.603635251522064209e-01
5.709431767463684082e-01 9.197291135787963867e-01
5.225947499275207520e-01 1.702868193387985229e-01
7.642461061477661133e-01 7.866285443305969238e-01
7.259950786828994751e-02 8.457354903221130371e-01
6.140727549791336060e-02 3.350694477558135986e-02
3.479035198688507080e-01 7.435266375541687012e-01
3.591496646404266357e-01 1.006338074803352356e-01
9.570949077606201172e-01 2.317876964807510376e-01
6.782813072204589844e-01 6.351136136800050735e-03
9.817001223564147949e-01 3.916597366333007812e-01
2.950467355549335480e-02 9.200636744499206543e-01
2.363152503967285156e-01 3.094247914850711823e-02
2.520709633827209473e-01 6.162439584732055664e-01
1.803734600543975830e-01 7.142591476440429688e-01
4.409884214401245117e-01 8.754862546920776367e-01
9.703136682510375977e-01 2.984670102596282959e-01
7.985206246376037598e-01 5.161798596382141113e-01
6.437996625900268555e-01 1.395855545997619629e-01
8.543564677238464355e-01 3.808645308017730713e-01
6.127274632453918457e-01 9.539845585823059082e-01
6.078090071678161621e-01 1.689827889204025269e-01
9.197571873664855957e-01 3.329106569290161133e-01
5.484572649002075195e-01 1.593404114246368408e-01
2.220472246408462524e-01 4.344006478786468506e-01
4.275082945823669434e-01 9.985253810882568359e-01
9.711049199104309082e-01 1.760998368263244629e-01
5.506477952003479004e-01 9.971889257431030273e-01
3.424158692359924316e-01 1.895084977149963379e-01
5.721436440944671631e-02 3.093904256820678711e-01
2.462135404348373413e-01 6.481521129608154297e-01
7.100222706794738770e-01 9.850878715515136719e-01
1.410065442323684692e-01 2.335875332355499268e-01
4.983203113079071045e-01 5.581482052803039551e-01
2.997118234634399414e-01 1.018491014838218689e-01
2.311678975820541382e-01 7.812127470970153809e-01
2.450642287731170654e-01 1.819490343332290649e-01
6.400855779647827148e-01 7.654838562011718750e-01
1.941792219877243042e-01 5.419667363166809082e-01
7.237557172775268555e-01 6.281454563140869141e-01
6.059867739677429199e-01 5.219228863716125488e-01
8.833752870559692383e-01 5.586511492729187012e-01
2.153455764055252075e-01 5.034430027008056641e-01
6.944334506988525391e-01 9.697127342224121094e-01
8.531870841979980469e-01 2.481879591941833496e-01
1.400317102670669556e-01 5.432621240615844727e-01
8.286841511726379395e-01 5.677891373634338379e-01
2.246192991733551025e-01 5.237234830856323242e-01
1.406461000442504883e-01 3.426212370395660400e-01
