2.549418807029724121e-01 6.846615076065063477e-01
9.039389491081237793e-01 1.379355937242507935e-01
7.810749858617782593e-02 8.874225020408630371e-01
8.116924166679382324e-01 1.883618235588073730e-01
4.893408119678497314e-01 4.569388628005981445e-01
8.516737222671508789e-01 3.034313917160034180e-01
3.417935371398925781e-01 9.100919961929321289e-01
7.356156706809997559e-01 7.406784892082214355e-01
3.789648115634918213e-01 8.997948765754699707e-01
4.451313912868499756e-01 2.046607136726379395e-01
5.124778151512145996e-01 6.930075585842132568e-02
3.059287182986736298e-02 7.900143265724182129e-01
4.096366763114929199e-01 9.786665439605712891e-01
8.995944261550903320e-01 1.860928684473037720e-01
9.018228054046630859e-01 5.044066905975341797e-01
2.921290993690490723e-01 2.986975908279418945e-01
6.191151738166809082e-01 3.153834044933319092e-01
2.140596359968185425e-01 8.777444958686828613e-01
3.095878064632415771e-01 9.683881998062133789e-01
2.559095323085784912e-01 8.902426362037658691e-01
7.200029492378234863e-01 9.842663258314132690e-02
2.341431081295013428e-01 7.091286182403564453e-01
6.551852822303771973e-01 3.356612026691436768e-01
1.324668228626251221e-01 7.828298211097717285e-02
9.410421252250671387e-01 8.078508973121643066e-01
5.967361330986022949e-01 4.967184737324714661e-02
4.433566927909851074e-01 3.304473161697387695e-01
7.183713912963867188e-01 9.673117399215698242e-01
6.949100494384765625e-01 6.475574970245361328e-01
5.684580802917480469e-01 5.006205439567565918e-01
2.011047862470149994e-02 8.527924418449401855e-01
2.792660295963287354e-01 6.876794099807739258e-01
6.571636795997619629e-01 8.635632395744323730e-01
1.186444684863090515e-01 1.006179749965667725e-01
4.997751116752624512e-01 4.770026504993438721e-01
4.506770670413970947e-01 8.631768226623535156e-01
2.833937108516693115e-01 3.204641640186309814e-01
2.714561820030212402e-01 6.801876425743103027e-01
4.611226022243499756e-01 6.494211554527282715e-01
2.978706955909729004e-01 7.161609530448913574e-01
1.890202611684799194e-01 9.559319019317626953e-01
8.086332678794860840e-02 3.245855569839477539e-01
2.519398331642150879e-01 8.798781037330627441e-01
2.837475538253784180e-01 5.156359672546386719e-01
4.316264092922210693e-01 4.610592424869537354e-01
3.254459500312805176e-01 8.577757477760314941e-01
8.013271093368530273e-01 1.876930007711052895e-03
4.809466004371643066e-01 5.435425639152526855e-01
5.737705826759338379e-01 9.179018735885620117e-01
8.815906941890716553e-02 2.149554640054702759e-01
1.932121813297271729e-01 7.910692095756530762e-01
7.560350745916366577e-02 6.720216274261474609e-01
2.805060744285583496e-01 7.459566593170166016e-01
8.520057201385498047e-01 3.201136738061904907e-02
4.101347327232360840e-01 6.090888381004333496e-01
3.978318069130182266e-03 5.895085930824279785e-01
3.707209825515747070e-01 2.675180733203887939e-01
1.675833463668823242e-01 6.022961139678955078e-01
1.407072842121124268e-01 1.670884788036346436e-01
6.904394626617431641e-01 2.408859729766845703e-01
9.794504940509796143e-02 3.250521421432495117e-01
5.964055657386779785e-01 5.568109750747680664e-01
9.526305794715881348e-01 2.186599373817443848e-01
2.533617019653320312e-01 5.020850300788879395e-01
8.907783627510070801e-01 9.347776174545288086e-01
7.220938205718994141e-01 9.903305172920227051e-01
8.058985322713851929e-02 6.052989959716796875e-01
1.743859499692916870e-01 6.506625413894653320e-01
7.314532399177551270e-01 5.192424654960632324e-01
6.522446125745773315e-02 7.143157124519348145e-01
2.511824965476989746e-01 3.352873623371124268e-01
2.107143849134445190e-01 9.440825134515762329e-02
6.834809184074401855e-01 2.680081725120544434e-01
4.713056683540344238e-01 8.614205718040466309e-01
5.500636696815490723e-01 2.108829468488693237e-02
4.049112796783447266e-01 5.885764360427856445e-01
2.384377829730510712e-02 4.796219766139984131e-01
5.016148686408996582e-01 5.622889995574951172e-01
2.711584866046905518e-01 3.479534089565277100e-01
3.202373981475830078e-01 1.469827592372894287e-01
7.344770431518554688e-01 9.126371741294860840e-01
4.339902475476264954e-02 3.390555381774902344e-01
8.966950178146362305e-01 2.668031156063079834e-01
1.449057459831237793e-01 6.426029205322265625e-01
7.997440099716186523e-01 9.369818121194839478e-02
3.633400797843933105e-01 1.112806499004364014e-01
5.125833153724670410e-01 9.901484847068786621e-01
1.548504680395126343e-01 8.647457361221313477e-01
6.542431712150573730e-01 1.867969781160354614e-01
2.649812102317810059e-01 5.692722797393798828e-01
1.106740087270736694e-01 7.732571363449096680e-01
6.710773706436157227e-01 4.529967010021209717e-01
8.385574221611022949e-01 6.438942551612854004e-01
3.446616828441619873e-01 3.345401287078857422e-01
7.797948718070983887e-01 9.224766492843627930e-01
2.773457169532775879e-01 1.881483644247055054e-01
3.543168306350708008e-01 3.937816917896270752e-01
9.783588051795959473e-01 8.172942399978637695e-01
5.831032395362854004e-01 6.897232532501220703e-01
3.596233129501342773e-01 6.887577176094055176e-01
4.538118541240692139e-01 4.170977696776390076e-02
3.953086137771606445e-01 5.233259201049804688e-01
4.860664606094360352e-01 4.086224734783172607e-01
3.681608140468597412e-01 4.689990878105163574e-01
4.731180667877197266e-01 3.094264864921569824e-01
7.601404190063476562e-02 4.252159297466278076e-01
7.867185473442077637e-01 3.925318121910095215e-01
5.014343857765197754e-01 1.540393829345703125e-01
3.278245031833648682e-01 2.896676957607269287e-01
4.329827427864074707e-01 5.012350082397460938e-01
4.821418225765228271e-01 4.425689876079559326e-01
8.397148847579956055e-01 2.780217677354812622e-02
5.161957144737243652e-01 9.973188489675521851e-02
3.788078427314758301e-01 9.129785299301147461e-01
9.784248471260070801e-01 7.145962715148925781e-01
6.786813139915466309e-01 2.052667886018753052e-01
3.439512252807617188e-01 3.877556324005126953e-02
7.072455435991287231e-02 8.307575583457946777e-01
1.489860266447067261e-01 6.849519610404968262e-01
1.649655215442180634e-02 5.075992941856384277e-01
5.803455710411071777e-01 4.086104333400726318e-01
4.274753034114837646e-01 4.759201109409332275e-01
9.288693666458129883e-01 2.622215449810028076e-01
1.372031569480895996e-01 5.110547542572021484e-01
4.419879019260406494e-01 2.691888213157653809e-01
4.072715342044830322e-01 9.252100586891174316e-01
8.461634628474712372e-03 1.024162396788597107e-01
1.576842814683914185e-01 6.862080097198486328e-01
8.180931210517883301e-01 3.646934032440185547e-02
4.916696548461914062e-01 7.009581327438354492e-01
4.935084581375122070e-01 5.659872889518737793e-01
2.205945700407028198e-01 5.566760301589965820e-01
2.380798757076263428e-01 2.764337360858917236e-01
4.793569445610046387e-01 5.541681647300720215e-01
6.779990196228027344e-01 6.271069049835205078e-01
4.413194954395294189e-01 3.450773358345031738e-01
2.560234665870666504e-01 2.295177429914474487e-01
5.562448501586914062e-01 1.874329298734664917e-01
2.538205683231353760e-01 5.060939788818359375e-01
1.830569952726364136e-01 5.640345215797424316e-01
5.418832302093505859e-01 7.087645530700683594e-01
5.308219417929649353e-02 4.019970297813415527e-01
9.086591601371765137e-01 5.292498469352722168e-01
9.650337696075439453e-01 3.879620730876922607e-01
7.009512782096862793e-01 9.330247044563293457e-01
8.778544068336486816e-01 9.344512820243835449e-01
6.092483401298522949e-01 7.883676290512084961e-01
2.895119190216064453e-01 8.976475000381469727e-01
4.807114005088806152e-01 7.692424654960632324e-01
7.476526498794555664e-01 9.561905860900878906e-01
9.452894330024719238e-01 5.961143374443054199e-01
1.900599449872970581e-01 3.861046433448791504e-01
6.131767630577087402e-01 4.152424037456512451e-01
6.567239165306091309e-01 2.493371814489364624e-01
1.150500327348709106e-01 3.739977180957794189e-01
9.157583117485046387e-01 4.097200334072113037e-01
1.215348914265632629e-01 4.752197861671447754e-01
8.469320833683013916e-02 6.863216161727905273e-01
5.046663284301757812e-01 2.330698072910308838e-01
4.072571396827697754e-01 7.010060548782348633e-01
7.555875778198242188e-01 8.053619265556335449e-01
3.722670972347259521e-01 9.941891431808471680e-01
9.934548735618591309e-01 2.182028591632843018e-01
2.295488417148590088e-01 6.466324925422668457e-01
9.060999155044555664e-01 5.241292715072631836e-01
1.905798017978668213e-01 4.624944925308227539e-01
6.071634888648986816e-01 9.816725254058837891e-01
9.646251797676086426e-01 4.607711434364318848e-01
7.202904820442199707e-01 7.565446496009826660e-01
6.549469232559204102e-01 4.127517640590667725e-01
7.916642427444458008e-01 3.930049538612365723e-01
2.315234392881393433e-01 7.861012220382690430e-01
4.527098312973976135e-02 4.811989665031433105e-01
8.704538345336914062e-01 2.504354119300842285e-01
2.583467960357666016e-01 7.424390912055969238e-01
9.745463132858276367e-01 3.550277948379516602e-01
3.520776033401489258e-01 9.857656359672546387e-01
6.073145270347595215e-01 9.265777468681335449e-01
8.707668185234069824e-01 6.711421012878417969e-01
3.497374057769775391e-01 7.163940668106079102e-01
6.248207092285156250e-01 7.021876573562622070e-01
3.268126249313354492e-01 2.689952850341796875e-01
9.960667490959167480e-01 1.706153154373168945e-01
2.008784562349319458e-01 6.497209072113037109e-01
5.077106505632400513e-02 4.355762302875518799e-01
1.857745945453643799e-01 2.150534540414810181e-01
7.118036155588924885e-04 8.615993857383728027e-01
2.583622634410858154e-01 9.077049493789672852e-01
2.745695710182189941e-01 4.282358586788177490e-01
4.870924055576324463e-01 5.206583738327026367e-01
5.833820700645446777e-01 1.690295040607452393e-01
1.090135872364044189e-01 8.678096532821655273e-01
2.424342036247253418e-01 2.230388969182968140e-01
2.736365795135498047e-01 6.783246994018554688e-01
4.798785150051116943e-01 7.406064867973327637e-01
6.516833901405334473e-01 7.997626066207885742e-01
5.940952897071838379e-01 2.761493204161524773e-03
6.771994829177856445e-01 3.426130712032318115e-01
6.112423539161682129e-01 2.147316783666610718e-01
2.712859585881233215e-02 7.187023162841796875e-01
5.029387474060058594e-01 6.574729681015014648e-01
5.076481699943542480e-01 3.203853592276573181e-02
5.294294953346252441e-01 3.429600596427917480e-02
4.145125448703765869e-01 2.805745005607604980e-01
5.665048360824584961e-01 8.827152252197265625e-01
2.469380497932434082e-01 4.581485986709594727e-01
6.688246130943298340e-01 8.253038674592971802e-02
1.636116504669189453e-01 5.932933092117309570e-01
5.048709511756896973e-01 5.683639645576477051e-01
6.775740385055541992e-01 7.135220766067504883e-01
7.757079005241394043e-01 4.622459709644317627e-01
3.495036363601684570e-01 6.011700034141540527e-01
1.216643452644348145e-01 2.835058234632015228e-02
6.635783910751342773e-01 1.121348142623901367e-01
8.003239035606384277e-01 6.494006514549255371e-01
1.539820581674575806e-01 7.879303693771362305e-01
4.772818386554718018e-01 1.915210038423538208e-01
1.336937397718429565e-01 4.858960807323455811e-01
2.072789072990417480e-01 1.671050637960433960e-01
4.549262821674346924e-01 1.480682939291000366e-01
3.800323605537414551e-01 7.459148764610290527e-01
9.291234612464904785e-02 5.551530718803405762e-01
7.277580499649047852e-01 5.364680886268615723e-01
8.697981238365173340e-01 4.683234393596649170e-01
4.976483806967735291e-02 6.300532817840576172e-01
2.819427847862243652e-01 2.833922021090984344e-02
1.979211568832397461e-01 7.391697764396667480e-01
1.567399948835372925e-01 4.827903211116790771e-01
5.904250741004943848e-01 6.926197409629821777e-01
1.517186015844345093e-01 6.956789493560791016e-01
7.845357060432434082e-01 8.682860136032104492e-01
6.361727714538574219e-01 6.664778590202331543e-01
7.163894176483154297e-01 2.562316060066223145e-01
2.416418045759201050e-01 4.545619189739227295e-01
7.441974878311157227e-01 3.523957431316375732e-01
4.000990390777587891e-01 6.687823534011840820e-01
2.436177432537078857e-01 3.551176190376281738e-01
7.170123457908630371e-01 2.143227458000183105e-01
3.866085037589073181e-02 7.226527929306030273e-01
8.755964040756225586e-01 2.138961553573608398e-01
5.222538486123085022e-02 6.311339735984802246e-01
4.496344830840826035e-03 8.445277214050292969e-01
3.883088231086730957e-01 3.201755583286285400e-01
1.209359522908926010e-02 6.493282318115234375e-01
1.405767649412155151e-01 6.936430186033248901e-02
3.293718397617340088e-01 4.668961465358734131e-01
8.380783349275588989e-02 8.974928855895996094e-01
2.335630059242248535e-01 6.993895769119262695e-01
9.363607168197631836e-01 6.287546157836914062e-01
9.235036969184875488e-01 4.684687033295631409e-02
8.228392004966735840e-01 3.840067088603973389e-01
1.698459684848785400e-01 5.757251977920532227e-01
3.780411779880523682e-01 3.555243611335754395e-01
8.001856207847595215e-01 8.926641941070556641e-01
4.897456467151641846e-01 6.461708992719650269e-02
5.395154356956481934e-01 2.899761199951171875e-01
3.705927729606628418e-01 2.922067940235137939e-01
1.477786898612976074e-01 8.341670036315917969e-01
3.348670899868011475e-01 5.434387922286987305e-01
5.881638526916503906e-01 3.766028583049774170e-01
8.342176675796508789e-01 6.594294905662536621e-01
6.677743196487426758e-01 8.229612112045288086e-01
7.875940799713134766e-01 8.369709849357604980e-01
3.901946842670440674e-01 7.682603597640991211e-02
1.972324699163436890e-01 9.773818850517272949e-01
1.275468021631240845e-01 7.522749304771423340e-01
4.820264875888824463e-01 5.688639879226684570e-01
4.646087288856506348e-01 3.675392270088195801e-01
8.398308753967285156e-01 4.461729228496551514e-01
8.769454360008239746e-01 5.315694808959960938e-01
9.130581617355346680e-01 4.869005680084228516e-01
4.285463392734527588e-01 6.563314199447631836e-01
9.860691428184509277e-01 5.939476490020751953e-01
6.404862403869628906e-01 5.825116038322448730e-01
3.453565835952758789e-01 2.708327174186706543e-01
1.922648847103118896e-01 8.783860802650451660e-01
2.654913663864135742e-01 1.149385198950767517e-01
3.707432448863983154e-01 5.620853304862976074e-01
3.274841308593750000e-01 3.720118701457977295e-01
2.581521868705749512e-01 8.895930051803588867e-01
1.370140165090560913e-01 5.298417806625366211e-01
1.591402441263198853e-01 7.556096315383911133e-01
3.322277367115020752e-01 1.156157255172729492e-01
7.682328820228576660e-01 8.166339397430419922e-01
2.332206368446350098e-01 8.233972787857055664e-01
4.709141552448272705e-01 5.920667648315429688e-01
2.678273618221282959e-01 5.412404537200927734e-01
4.432300925254821777e-01 9.551916122436523438e-01
5.076975822448730469e-01 4.913357496261596680e-01
4.241164922714233398e-01 7.793763875961303711e-01
8.506899476051330566e-01 5.608742833137512207e-01
7.366290092468261719e-01 6.227277219295501709e-02
1.826156973838806152e-01 7.139411568641662598e-01
7.817071080207824707e-01 5.138211250305175781e-01
6.427131295204162598e-01 6.162164211273193359e-01
7.810669541358947754e-01 6.965330839157104492e-01
1.270063370466232300e-01 5.662533044815063477e-01
3.827496767044067383e-01 5.695129632949829102e-01
7.251005768775939941e-01 7.431604266166687012e-01
7.649366259574890137e-01 4.623045921325683594e-01
3.252179324626922607e-01 8.384819626808166504e-01
6.505474448204040527e-01 9.176181554794311523e-01
3.296864330768585205e-01 1.582781970500946045e-01
7.922217249870300293e-01 3.519729897379875183e-02
9.626849293708801270e-01 1.123973354697227478e-01
1.370326280593872070e-01 7.887278199195861816e-01
1.394247114658355713e-01 2.749150395393371582e-01
9.684146642684936523e-01 9.440281987190246582e-01
7.594987750053405762e-01 6.763055324554443359e-01
3.261648416519165039e-01 9.254085421562194824e-01
6.908009201288223267e-02 1.852821409702301025e-01
9.671947360038757324e-02 3.000955879688262939e-01
6.439706087112426758e-01 1.595132285729050636e-03
9.848242402076721191e-01 3.333949148654937744e-01
5.680471062660217285e-01 6.418097019195556641e-01
3.454910218715667725e-01 4.732081890106201172e-01
4.769366085529327393e-01 8.191455602645874023e-01
1.395036280155181885e-01 1.240562722086906433e-01
7.449692487716674805e-01 7.656937837600708008e-01
8.010141253471374512e-01 1.405264437198638916e-01
3.070774674415588379e-01 5.280810594558715820e-01
3.569021522998809814e-01 2.125827372074127197e-01
5.334919691085815430e-01 6.636907905340194702e-02
8.648944497108459473e-01 4.624048769474029541e-01
3.738834559917449951e-01 9.412529468536376953e-01
7.470118999481201172e-01 9.494748082943260670e-04
4.329942762851715088e-01 8.900108337402343750e-01
5.650174021720886230e-01 5.062610507011413574e-01
6.362708210945129395e-01 7.703627347946166992e-01
3.836199045181274414e-01 5.397415161132812500e-01
2.340620458126068115e-01 5.547870397567749023e-01
8.309416174888610840e-01 9.227420687675476074e-01
5.195355415344238281e-01 4.257494509220123291e-01
3.546978831291198730e-01 9.902603626251220703e-01
9.903428144752979279e-04 5.963351726531982422e-01
1.671674102544784546e-01 8.812965750694274902e-01
3.935083448886871338e-01 6.442818045616149902e-01
3.270504772663116455e-01 5.072877928614616394e-02
1.884361356496810913e-01 1.231635436415672302e-01
4.749972522258758545e-01 5.138381719589233398e-01
3.481009006500244141e-01 8.380508422851562500e-01
4.369911551475524902e-01 4.955185949802398682e-01
5.747063159942626953e-01 6.729966998100280762e-01
8.754879236221313477e-01 4.367744624614715576e-01
8.457953110337257385e-03 3.295421898365020752e-01
4.679949581623077393e-01 9.191691875457763672e-01
8.988384902477264404e-02 7.579526901245117188e-01
3.801661729812622070e-01 6.970859169960021973e-01
4.876656830310821533e-01 4.383958876132965088e-01
8.798148036003112793e-01 6.201390027999877930e-01
5.455585122108459473e-01 5.546029210090637207e-01
6.177899837493896484e-01 5.460650324821472168e-01
9.272807836532592773e-02 6.881379485130310059e-01
2.436550855636596680e-01 9.623664617538452148e-01
5.470216870307922363e-01 5.269352793693542480e-01
8.806208968162536621e-01 7.596492171287536621e-01
1.469054073095321655e-01 1.344894021749496460e-01
3.727105259895324707e-01 6.861984729766845703e-01
1.243781447410583496e-01 7.493477463722229004e-01
8.768885731697082520e-01 1.304328888654708862e-01
2.959933280944824219e-01 1.300684064626693726e-01
5.729968473315238953e-02 5.306259393692016602e-01
1.789688616991043091e-01 1.985666751861572266e-01
9.908970594406127930e-01 7.335352301597595215e-01
3.226056993007659912e-01 6.136402487754821777e-01
1.211720407009124756e-01 3.562295138835906982e-01
1.437886059284210205e-01 4.419000148773193359e-01
3.783303871750831604e-02 7.436757683753967285e-01
9.997271001338958740e-02 6.727113127708435059e-01
3.390173017978668213e-01 7.557990550994873047e-01
7.660813927650451660e-01 3.604618310928344727e-01
8.547878265380859375e-02 8.548745512962341309e-01
2.599945664405822754e-01 7.446250915527343750e-01
1.489317864179611206e-01 5.893363356590270996e-01
7.159757614135742188e-01 2.077847570180892944e-01
8.000984191894531250e-01 5.289855599403381348e-01
6.637266278266906738e-01 8.300606608390808105e-01
4.251798391342163086e-01 9.445083141326904297e-01
1.654494255781173706e-01 3.111296296119689941e-01
3.704268336296081543e-01 3.576542139053344727e-01
8.243663907051086426e-01 1.004773676395416260e-01
3.017267584800720215e-01 6.150888204574584961e-01
8.701838254928588867e-01 2.776767611503601074e-01
7.936921119689941406e-01 8.581269979476928711e-01
8.543975949287414551e-01 8.580994009971618652e-01
4.593261703848838806e-02 3.178519606590270996e-01
9.930387884378433228e-02 3.371576368808746338e-01
5.018429160118103027e-01 1.772514879703521729e-01
7.709469795227050781e-01 6.169726252555847168e-01
5.526246428489685059e-01 4.731031358242034912e-01
3.179779648780822754e-01 8.887879252433776855e-01
3.352284431457519531e-01 4.547474086284637451e-01
5.665887594223022461e-01 9.695059806108474731e-02
7.259430289268493652e-01 5.164514183998107910e-01
7.822903394699096680e-01 1.835363805294036865e-01
3.823224082589149475e-02 3.567784428596496582e-01
9.245959669351577759e-02 5.396772623062133789e-01
8.076055049896240234e-01 9.348044395446777344e-01
5.133911371231079102e-01 9.461368918418884277e-01
2.399525046348571777e-01 4.663963317871093750e-01
6.643620729446411133e-01 9.488598257303237915e-02
4.431046545505523682e-01 9.343729615211486816e-01
1.056685149669647217e-01 7.840271592140197754e-01
5.378066897392272949e-01 5.250482559204101562e-01
5.612188577651977539e-01 4.867332577705383301e-01
3.971676528453826904e-01 6.990652680397033691e-01
5.687423348426818848e-01 5.719313025474548340e-01
9.675322175025939941e-01 2.518438100814819336e-01
1.623075604438781738e-01 5.611301660537719727e-01
4.451763033866882324e-01 8.566430807113647461e-01
5.836788415908813477e-01 5.418533086776733398e-02
9.426777958869934082e-01 7.071964144706726074e-01
7.247906327247619629e-01 3.549867570400238037e-01
3.625140488147735596e-01 6.034121289849281311e-02
3.740722835063934326e-01 3.744457364082336426e-01
4.614457488059997559e-01 9.044119119644165039e-01
7.472393512725830078e-01 5.332190990447998047e-01
3.479751944541931152e-01 6.831277012825012207e-01
2.744787633419036865e-01 7.685780525207519531e-01
6.911764144897460938e-01 5.121935009956359863e-01
9.431176781654357910e-01 4.666125178337097168e-01
1.002561151981353760e-01 6.727706193923950195e-01
7.428885102272033691e-01 5.968395471572875977e-01
2.025636434555053711e-01 7.029896974563598633e-01
8.203155398368835449e-01 7.893086075782775879e-01
4.346669614315032959e-01 7.069535255432128906e-01
3.891025781631469727e-01 4.764226377010345459e-01
5.095117688179016113e-01 6.116895079612731934e-01
7.846696972846984863e-01 4.501299262046813965e-01
6.315069794654846191e-01 1.453871279954910278e-01
8.739361763000488281e-01 6.798391938209533691e-01
6.986652016639709473e-01 6.090859174728393555e-01
3.146250247955322266e-01 6.412226557731628418e-01
8.325610756874084473e-01 7.428684234619140625e-01
5.446270108222961426e-01 1.802933961153030396e-02
3.828531801700592041e-01 4.866873621940612793e-01
8.526101708412170410e-01 4.324695467948913574e-01
5.387714505195617676e-01 2.641856372356414795e-01
9.267990291118621826e-02 3.598968088626861572e-01
4.716502726078033447e-01 5.194033384323120117e-01
2.252515107393264771e-01 4.693497717380523682e-01
6.795312762260437012e-01 6.922959089279174805e-01
4.326942563056945801e-01 9.235131144523620605e-01
4.370627924799919128e-02 2.354280501604080200e-01
7.194746136665344238e-01 9.691933393478393555e-01
6.782829165458679199e-01 2.924255728721618652e-01
6.854916810989379883e-01 4.842539727687835693e-01
8.326979875564575195e-01 2.577684521675109863e-01
7.531418204307556152e-01 6.058188676834106445e-01
6.161006689071655273e-01 4.241596162319183350e-01
2.966497540473937988e-01 6.819769740104675293e-02
1.821006983518600464e-01 8.624169230461120605e-01
1.289717108011245728e-01 9.259861707687377930e-01
1.135020777583122253e-01 4.943336546421051025e-01
6.682414412498474121e-01 4.465840160846710205e-01
8.608152270317077637e-01 3.325255513191223145e-01
8.736827373504638672e-01 6.119617819786071777e-01
2.915872037410736084e-01 5.323516726493835449e-01
2.767987251281738281e-01 3.421678841114044189e-01
1.621589511632919312e-01 9.840993881225585938e-01
3.871109783649444580e-01 7.229562401771545410e-01
7.612901926040649414e-01 7.627575844526290894e-02
1.508390158414840698e-01 9.414864778518676758e-01
6.416465640068054199e-01 1.470826715230941772e-01
3.897420167922973633e-01 6.682453751564025879e-01
2.114761155098676682e-03 2.597177624702453613e-01
2.755541801452636719e-01 5.923315286636352539e-01
8.773488402366638184e-01 3.077985644340515137e-01
3.833357691764831543e-01 3.747940659523010254e-01
6.822897791862487793e-01 6.879608035087585449e-01
7.888703942298889160e-01 2.109601944684982300e-01
2.555762231349945068e-01 2.761161923408508301e-01
4.007024168968200684e-01 1.909402161836624146e-01
6.615495085716247559e-01 1.600669175386428833e-01
4.669464528560638428e-01 8.703559041023254395e-01
2.175319939851760864e-03 4.217285513877868652e-01
6.418186426162719727e-02 9.840500950813293457e-01
7.315509021282196045e-02 8.438182473182678223e-01
2.490605264902114868e-01 2.004845440387725830e-01
8.180049061775207520e-01 6.543655395507812500e-01
4.391784667968750000e-01 8.090040646493434906e-03
2.711698710918426514e-01 9.429750591516494751e-02
3.206519037485122681e-02 2.917805016040802002e-01
2.371816933155059814e-01 8.498750627040863037e-02
8.997995257377624512e-01 4.800074100494384766e-01
8.001842498779296875e-01 3.638728708028793335e-02
3.107829764485359192e-02 5.895575881004333496e-01
7.306582927703857422e-01 7.314549088478088379e-01
5.041655898094177246e-01 4.787315428256988525e-01
5.093516111373901367e-01 6.011008024215698242e-01
9.964604675769805908e-02 9.893181920051574707e-01
6.036067008972167969e-01 4.667878150939941406e-01
3.426783382892608643e-01 9.493880271911621094e-01
3.824948072433471680e-01 5.350664854049682617e-01
5.935372710227966309e-01 1.343067437410354614e-01
7.979556918144226074e-01 1.639575660228729248e-01
8.227582573890686035e-01 3.149093687534332275e-01
6.311360001564025879e-01 1.757181733846664429e-01
5.192829966545104980e-01 6.735118627548217773e-01
8.019226193428039551e-01 9.692273139953613281e-01
9.161077737808227539e-01 5.248585939407348633e-01
3.591278791427612305e-01 5.892925709486007690e-02
9.381752610206604004e-01 4.244149029254913330e-01
9.803787618875503540e-02 8.079969286918640137e-01
9.066932201385498047e-01 3.932246863842010498e-01
6.109634637832641602e-01 6.935436129570007324e-01
5.932122468948364258e-01 8.645024895668029785e-01
1.945408433675765991e-01 6.406546235084533691e-01
4.597329795360565186e-01 2.072847485542297363e-01
1.964512914419174194e-01 5.404729843139648438e-01
1.981000900268554688e-01 4.699867963790893555e-01
1.947545558214187622e-01 4.094685912132263184e-01
9.989307522773742676e-01 6.455013155937194824e-01
6.661311388015747070e-01 2.598682641983032227e-01
9.340956807136535645e-01 7.582995891571044922e-01
6.374081373214721680e-01 8.132352232933044434e-01
3.953841030597686768e-01 9.899511933326721191e-01
3.025147914886474609e-01 2.009501606225967407e-01
4.275507628917694092e-01 2.902402281761169434e-01
4.344981014728546143e-01 3.597470521926879883e-01
2.914451062679290771e-01 3.259917199611663818e-01
7.168037891387939453e-01 5.777474045753479004e-01
7.769932746887207031e-01 5.817803740501403809e-01
4.458333253860473633e-01 6.630067229270935059e-01
9.728990495204925537e-03 3.967204689979553223e-01
2.617378532886505127e-01 2.455158829689025879e-01
3.410541713237762451e-01 9.844250679016113281e-01
1.147940903902053833e-01 5.856485366821289062e-01
5.621569156646728516e-01 2.666630223393440247e-02
7.331205904483795166e-02 1.511600017547607422e-01
3.432319164276123047e-01 4.978459775447845459e-01
9.987660050392150879e-01 4.749186635017395020e-01
1.581607460975646973e-01 1.684198379516601562e-01
4.411560297012329102e-01 5.090540647506713867e-01
4.175778925418853760e-01 8.112762123346328735e-02
8.164593577384948730e-01 2.150175422430038452e-01
6.525866985321044922e-01 2.787790000438690186e-01
6.548262834548950195e-01 7.519270777702331543e-01
9.720356464385986328e-01 9.922912716865539551e-02
4.287723302841186523e-01 1.021304354071617126e-01
9.099039435386657715e-01 6.713554263114929199e-01
5.534859895706176758e-01 4.927255213260650635e-01
3.371975421905517578e-01 9.551845192909240723e-01
1.624742448329925537e-01 2.346926778554916382e-01
3.686356544494628906e-01 3.100531697273254395e-01
1.883880794048309326e-01 4.748967885971069336e-01
8.955061435699462891e-01 2.370032854378223419e-02
4.108805656433105469e-01 6.253355741500854492e-01
8.245012164115905762e-01 1.338361948728561401e-01
6.905201673507690430e-01 7.064849734306335449e-01
5.988440513610839844e-01 4.383723735809326172e-01
1.266828030347824097e-01 9.748385548591613770e-01
1.649855694267898798e-04 7.376043796539306641e-01
6.421857476234436035e-01 1.937776058912277222e-01
2.569938302040100098e-01 7.994984388351440430e-01
5.069071054458618164e-01 7.309759259223937988e-01
7.181708812713623047e-01 2.019521147012710571e-01
4.406751692295074463e-02 3.692749440670013428e-01
8.688323497772216797e-01 2.436848729848861694e-01
5.393372774124145508e-01 6.167393177747726440e-02
1.255173981189727783e-01 8.375567197799682617e-01
6.413542032241821289e-01 8.616568446159362793e-01
3.013547658920288086e-01 7.098664045333862305e-01
1.381216645240783691e-01 6.749633550643920898e-01
5.961750149726867676e-01 2.239262163639068604e-01
9.230439066886901855e-01 5.307224988937377930e-01
3.651534616947174072e-01 9.380024671554565430e-01
5.981075167655944824e-01 1.339906901121139526e-01
8.860604166984558105e-01 4.327035248279571533e-01
5.422495007514953613e-01 1.552610248327255249e-01
2.471727728843688965e-01 3.438015654683113098e-02
5.067667365074157715e-01 9.736088514328002930e-01
2.792440541088581085e-02 6.069618463516235352e-01
5.336256027221679688e-01 2.918954705819487572e-03
2.372420877218246460e-01 3.104685842990875244e-01
1.265395246446132660e-02 7.111548781394958496e-01
4.302124083042144775e-01 1.403096020221710205e-01
8.387525081634521484e-01 9.765278697013854980e-01
1.987545937299728394e-01 4.370706081390380859e-01
8.266887664794921875e-01 4.346925616264343262e-01
5.561157464981079102e-01 3.025499880313873291e-01
3.236746490001678467e-01 4.823709726333618164e-01
9.283699393272399902e-01 6.610298752784729004e-01
1.812952905893325806e-01 8.505301475524902344e-01
7.756690382957458496e-01 8.073928356170654297e-01
4.306353032588958740e-01 8.812126517295837402e-01
5.049920678138732910e-01 6.207535266876220703e-01
1.919696331024169922e-01 6.232933402061462402e-01
5.498800873756408691e-01 2.891503870487213135e-01
9.028750061988830566e-01 3.624870777130126953e-01
6.599836945533752441e-01 8.237323164939880371e-01
9.532365798950195312e-01 1.285718083381652832e-01
7.066572308540344238e-01 1.272809505462646484e-01
2.849519848823547363e-01 7.298207879066467285e-01
4.045703411102294922e-01 4.522963464260101318e-01
6.594825983047485352e-01 5.884498730301856995e-02
6.556918025016784668e-01 7.315728664398193359e-01
6.269447207450866699e-01 4.920861721038818359e-01
8.740096688270568848e-01 3.939950764179229736e-01
1.074295192956924438e-01 6.091923117637634277e-01
7.873544692993164062e-01 5.697414278984069824e-01
9.796410202980041504e-01 9.591415524482727051e-02
8.698489069938659668e-01 9.234876632690429688e-01
6.256626844406127930e-01 9.270203709602355957e-01
4.131874442100524902e-01 1.661346256732940674e-01
4.091969728469848633e-01 5.117709636688232422e-01
3.604210019111633301e-01 7.445177435874938965e-01
9.282271265983581543e-01 4.863476157188415527e-01
8.145872950553894043e-01 4.907859265804290771e-01
1.684746332466602325e-02 7.049303054809570312e-01
6.122186183929443359e-01 4.857131838798522949e-01
8.451957702636718750e-01 3.727897405624389648e-01
6.297435760498046875e-01 6.083561778068542480e-01
3.774160742759704590e-01 9.186997413635253906e-01
7.501303553581237793e-01 1.844842582941055298e-01
2.963704168796539307e-01 3.316738009452819824e-01
2.113320827484130859e-01 6.389882564544677734e-01
5.619425773620605469e-01 3.370864987373352051e-01
2.693327665328979492e-01 6.414330601692199707e-01
7.516062259674072266e-01 1.602837741374969482e-01
9.937478303909301758e-01 3.773291409015655518e-01
6.625885963439941406e-01 2.761183083057403564e-01
3.510020300745964050e-02 1.251048892736434937e-01
4.709915220737457275e-01 8.405697941780090332e-01
8.019777387380599976e-02 9.479361772537231445e-01
2.735412418842315674e-01 5.854995250701904297e-01
3.963090777397155762e-01 6.618124842643737793e-01
4.497733116149902344e-01 1.903198063373565674e-01
8.977428674697875977e-01 9.657058119773864746e-02
6.655497550964355469e-01 5.236549973487854004e-01
8.510369807481765747e-02 7.552644610404968262e-01
4.454326033592224121e-01 5.826191306114196777e-01
5.143129825592041016e-01 7.841031998395919800e-02
2.019764184951782227e-01 7.753131389617919922e-01
6.010934114456176758e-01 4.861600697040557861e-01
9.114477634429931641e-01 3.415921330451965332e-01
7.234227061271667480e-01 4.812735319137573242e-01
6.256251335144042969e-01 7.662011384963989258e-01
5.662756506353616714e-03 7.650993466377258301e-01
2.590612769126892090e-01 7.753194570541381836e-01
5.391725897789001465e-01 3.302810192108154297e-01
6.120768785476684570e-01 7.706885337829589844e-01
5.985646247863769531e-01 5.189900398254394531e-01
3.607443571090698242e-01 4.129690527915954590e-01
1.924924701452255249e-01 8.702714443206787109e-01
7.658383250236511230e-01 5.407661795616149902e-01
1.692199707031250000e-01 7.748905420303344727e-01
5.013137683272361755e-02 3.957369923591613770e-01
5.927603244781494141e-01 8.164829611778259277e-01
3.746384382247924805e-02 1.373381018638610840e-01
5.177653953433036804e-02 5.192025899887084961e-01
4.401510059833526611e-01 9.784430265426635742e-01
5.791051387786865234e-01 3.100403398275375366e-02
2.472898364067077637e-01 4.703505635261535645e-01
4.804637730121612549e-01 5.295826196670532227e-01
4.798834025859832764e-01 7.500537633895874023e-01
2.254825681447982788e-01 7.966520786285400391e-01
2.887714207172393799e-01 1.982028037309646606e-01
6.458221077919006348e-01 3.114355802536010742e-01
1.816434264183044434e-01 4.846446812152862549e-01
4.993222355842590332e-01 7.781131267547607422e-01
5.087828636169433594e-01 8.328621387481689453e-01
1.639697700738906860e-01 7.624989748001098633e-01
9.749833494424819946e-02 6.743588447570800781e-01
8.624478429555892944e-02 2.941098213195800781e-01
6.052536368370056152e-01 5.612889528274536133e-01
2.459630072116851807e-01 3.497252464294433594e-01
1.959114819765090942e-01 3.475574254989624023e-01
6.458087563514709473e-01 8.936904370784759521e-02
4.395309686660766602e-01 5.568817257881164551e-01
8.816207051277160645e-01 6.918880343437194824e-01
3.183479905128479004e-01 9.646517038345336914e-01
5.223962068557739258e-01 3.749341070652008057e-01
2.179471701383590698e-01 3.951722979545593262e-01
4.935429096221923828e-01 9.952527284622192383e-01
9.920442700386047363e-01 8.428280949592590332e-01
9.043226242065429688e-01 4.695251286029815674e-01
3.037923574447631836e-01 7.976067662239074707e-01
4.573654532432556152e-01 6.647046208381652832e-01
8.397967815399169922e-01 2.456710934638977051e-01
8.411862701177597046e-02 6.722295880317687988e-01
2.041178047657012939e-01 6.211237907409667969e-01
7.410934567451477051e-01 2.453111410140991211e-01
5.587247014045715332e-01 4.591412842273712158e-01
2.810027897357940674e-01 5.986932516098022461e-01
9.445493817329406738e-01 2.281254082918167114e-01
5.007802248001098633e-01 3.390563279390335083e-02
5.757529139518737793e-01 4.338315427303314209e-01
5.707725882530212402e-01 5.089500546455383301e-01
5.407252907752990723e-01 4.175447225570678711e-01
4.866245090961456299e-01 5.954696536064147949e-01
7.984642982482910156e-01 3.367340564727783203e-01
6.789502501487731934e-01 8.656973242759704590e-01
9.783125519752502441e-01 3.507207930088043213e-01
3.140717446804046631e-01 3.086032867431640625e-01
3.841698542237281799e-02 7.083528488874435425e-02
2.138116806745529175e-01 4.948455393314361572e-01
1.818890273571014404e-01 3.771139681339263916e-01
1.756985187530517578e-01 4.988106191158294678e-01
1.797331422567367554e-01 6.705667972564697266e-01
4.528163075447082520e-01 9.733771085739135742e-01
1.243340224027633667e-01 9.858542084693908691e-01
7.567899823188781738e-01 7.486686855554580688e-02
4.066087901592254639e-01 6.959085464477539062e-01
7.887983322143554688e-01 4.322778582572937012e-01
5.990684032440185547e-02 5.821515321731567383e-01
7.352076768875122070e-01 9.625275135040283203e-01
5.005232095718383789e-01 6.922131180763244629e-01
3.969491720199584961e-01 2.235006988048553467e-01
7.769141197204589844e-01 2.077766805887222290e-01
5.252019166946411133e-01 6.120009422302246094e-01
6.046746969223022461e-01 1.245747208595275879e-01
9.414927959442138672e-01 4.340666234493255615e-01
3.328731283545494080e-02 9.934567213058471680e-01
8.034625053405761719e-01 8.226148486137390137e-01
6.395557522773742676e-01 2.916524708271026611e-01
9.548224210739135742e-01 6.989513635635375977e-01
9.595246315002441406e-01 1.046291887760162354e-01
6.263433098793029785e-01 5.828087329864501953e-01
3.199155330657958984e-01 8.770132660865783691e-01
4.036128520965576172e-01 3.916162252426147461e-01
7.697578072547912598e-01 9.715977311134338379e-02
9.119971990585327148e-01 1.950789988040924072e-01
1.519749462604522705e-01 5.041630268096923828e-01
4.313268139958381653e-02 8.681131601333618164e-01
8.990246057510375977e-01 4.744993746280670166e-01
8.110390305519104004e-01 1.193664371967315674e-01
5.643478631973266602e-01 6.825413703918457031e-01
2.425543963909149170e-01 9.284350872039794922e-01
5.478228926658630371e-01 9.162023067474365234e-01
1.803449988365173340e-01 8.235157728195190430e-01
8.743450641632080078e-01 6.628618836402893066e-01
9.250153601169586182e-02 5.108817219734191895e-01
1.667597889900207520e-01 5.677908062934875488e-01
5.372940301895141602e-01 8.782405257225036621e-01
5.021632090210914612e-02 4.878582060337066650e-01
1.240764111280441284e-01 6.354830861091613770e-01
1.813895404338836670e-01 5.172507762908935547e-01
7.125341296195983887e-01 8.351795077323913574e-01
8.257823437452316284e-02 5.364852547645568848e-01
5.488528609275817871e-01 6.450068950653076172e-01
3.492893278598785400e-02 7.301210761070251465e-01
6.665849685668945312e-01 3.334681689739227295e-02
5.056731775403022766e-02 6.022416353225708008e-01
1.831154227256774902e-01 6.639561057090759277e-01
1.870966404676437378e-01 6.731756329536437988e-01
9.159776568412780762e-02 4.770905375480651855e-01
7.843956947326660156e-01 8.565861731767654419e-02
1.574880480766296387e-01 6.515083461999893188e-02
1.389311701059341431e-01 8.027555346488952637e-01
9.231073856353759766e-01 4.152246117591857910e-01
2.594141066074371338e-01 6.793262362480163574e-01
6.249829530715942383e-01 6.505458950996398926e-01
6.476273536682128906e-01 3.674060702323913574e-01
6.749244332313537598e-01 6.173376441001892090e-01
3.730002641677856445e-01 1.021512448787689209e-01
2.457792460918426514e-01 5.831585526466369629e-01
1.995652019977569580e-01 5.977529883384704590e-01
6.098803281784057617e-01 9.383082985877990723e-01
2.468353360891342163e-01 8.680015802383422852e-01
9.467248320579528809e-01 5.074724555015563965e-01
3.302691280841827393e-01 1.853715330362319946e-01
4.911227151751518250e-02 4.453059434890747070e-01
9.505937099456787109e-01 1.178548783063888550e-01
8.860229253768920898e-01 9.961852431297302246e-02
3.010714054107666016e-01 3.770615458488464355e-01
7.428126931190490723e-01 3.199678659439086914e-01
4.139461219310760498e-01 6.436549425125122070e-01
6.990257650613784790e-02 3.782642483711242676e-01
9.210866689682006836e-01 6.681572794914245605e-01
1.660530455410480499e-02 5.180683135986328125e-01
8.669474720954895020e-01 3.865652531385421753e-02
7.467798143625259399e-02 2.426160499453544617e-02
8.440816998481750488e-01 1.329838037490844727e-01
8.736649155616760254e-01 2.666402161121368408e-01
2.558362185955047607e-01 8.257254958152770996e-02
2.073936164379119873e-01 2.008576989173889160e-01
1.084671840071678162e-01 8.248134255409240723e-01
8.819888234138488770e-01 3.179419934749603271e-01
3.319877982139587402e-01 5.280001759529113770e-01
3.660276532173156738e-01 8.367505669593811035e-01
1.627861559391021729e-01 1.619938760995864868e-01
6.635483503341674805e-01 5.585671216249465942e-02
1.703204363584518433e-01 5.340959429740905762e-01
7.784980535507202148e-01 2.074828892946243286e-01
7.646251916885375977e-01 3.991908729076385498e-01
8.592522144317626953e-01 8.289643526077270508e-01
8.620743751525878906e-01 4.191747307777404785e-01
1.933407634496688843e-01 8.179625868797302246e-01
4.157459735870361328e-01 8.009099960327148438e-01
5.904382467269897461e-01 2.287422120571136475e-01
1.157024949789047241e-01 8.370901346206665039e-01
2.138025760650634766e-01 8.389525413513183594e-01
1.379510164260864258e-01 8.594976067543029785e-01
5.577245354652404785e-01 1.946337223052978516e-01
3.832112550735473633e-01 4.920180141925811768e-02
5.997549891471862793e-01 5.624379515647888184e-01
8.762149214744567871e-01 9.839453101158142090e-01
1.959352195262908936e-01 7.411645650863647461e-01
5.468869805335998535e-01 8.978482484817504883e-01
1.345563977956771851e-01 4.964368939399719238e-01
4.907009303569793701e-01 4.723734557628631592e-01
5.969346165657043457e-01 2.028202861547470093e-01
5.650777816772460938e-01 5.147861838340759277e-01
1.262854039669036865e-01 5.851470828056335449e-01
4.775491654872894287e-01 1.752030849456787109e-01
6.066972613334655762e-01 7.599548697471618652e-01
9.041985869407653809e-01 6.155327558517456055e-01
8.286319375038146973e-01 9.514765739440917969e-01
6.615135669708251953e-01 7.131968736648559570e-01
1.586688607931137085e-01 4.385713338851928711e-01
4.923672974109649658e-01 9.604546427726745605e-01
2.430430799722671509e-01 9.923552274703979492e-01
4.141916930675506592e-01 1.679287664592266083e-02
1.891557872295379639e-01 9.469285607337951660e-01
3.053111135959625244e-01 4.112284779548645020e-01
8.872563242912292480e-01 7.092419266700744629e-01
2.869980335235595703e-01 7.412394881248474121e-01
3.936351090669631958e-02 9.978324770927429199e-01
4.052544832229614258e-01 8.926198631525039673e-02
7.215238809585571289e-01 8.933779001235961914e-01
3.480077087879180908e-01 3.043294250965118408e-01
5.226923227310180664e-01 5.558364987373352051e-01
2.531457245349884033e-01 4.190420508384704590e-01
8.908191323280334473e-01 8.145684599876403809e-01
1.876422911882400513e-01 2.776878885924816132e-02
3.084283471107482910e-01 3.354448378086090088e-01
9.353716969490051270e-01 5.644292235374450684e-01
2.440153509378433228e-01 3.326889276504516602e-01
9.497683644294738770e-01 7.885435968637466431e-02
8.112902641296386719e-01 3.163116872310638428e-01
1.732460111379623413e-01 2.549099624156951904e-01
7.873542904853820801e-01 4.672833979129791260e-01
7.565127611160278320e-01 9.592648148536682129e-01
1.494217813014984131e-01 7.230197787284851074e-01
3.356412649154663086e-01 7.656687498092651367e-01
6.444575786590576172e-01 2.089708670973777771e-02
8.169873356819152832e-01 3.417878150939941406e-01
9.057556390762329102e-01 2.404966801404953003e-01
6.217378377914428711e-01 6.533319354057312012e-01
1.114784851670265198e-01 3.785706758499145508e-01
1.149752885103225708e-01 5.169811844825744629e-01
3.879680931568145752e-01 7.082680463790893555e-01
3.234400749206542969e-01 3.083901405334472656e-01
5.632603764533996582e-01 9.977222234010696411e-02
3.987650275230407715e-01 3.664672374725341797e-01
5.117975473403930664e-01 8.142048716545104980e-01
2.618479430675506592e-01 9.283158779144287109e-01
1.208539754152297974e-01 4.944711327552795410e-01
6.519364118576049805e-01 7.208414077758789062e-01
7.899586558341979980e-01 2.156459689140319824e-01
3.196325525641441345e-02 3.862787783145904541e-01
7.754461765289306641e-01 6.093405485153198242e-01
2.768115699291229248e-01 5.994313359260559082e-01
6.368672251701354980e-01 4.162862300872802734e-01
8.614278435707092285e-01 5.021159052848815918e-01
4.706542491912841797e-01 1.764683872461318970e-01
3.599137663841247559e-01 4.934005439281463623e-01
4.126527309417724609e-01 6.187404394149780273e-01
2.815933525562286377e-01 7.031401991844177246e-01
4.581120014190673828e-01 6.652461886405944824e-01
9.887877851724624634e-02 9.638957381248474121e-01
4.832732081413269043e-01 7.101241350173950195e-01
4.049820005893707275e-01 2.172274589538574219e-01
6.665876507759094238e-01 7.162701487541198730e-01
7.906433939933776855e-01 2.119812071323394775e-01
9.290233850479125977e-01 2.834072113037109375e-01
6.729767918586730957e-01 8.763761520385742188e-01
3.900199532508850098e-01 5.166620612144470215e-01
3.232609629631042480e-01 3.009594976902008057e-01
4.161736369132995605e-01 9.857394695281982422e-01
8.714545965194702148e-01 9.847760200500488281e-02
3.354472815990447998e-01 7.792583703994750977e-01
5.761248469352722168e-01 9.605457633733749390e-02
6.568028926849365234e-01 6.953060626983642578e-01
4.588197469711303711e-01 9.696726202964782715e-01
3.629909157752990723e-01 9.883674383163452148e-01
7.693678885698318481e-02 9.056302309036254883e-01
7.139053344726562500e-01 8.261897563934326172e-01
3.356895446777343750e-01 5.401303991675376892e-02
7.417411208152770996e-01 3.389065861701965332e-01
4.445614516735076904e-01 7.241536378860473633e-01
4.848468303680419922e-01 3.053610026836395264e-01
2.204413115978240967e-01 6.811434626579284668e-01
1.318266689777374268e-01 6.893033385276794434e-01
5.659586191177368164e-01 6.288629770278930664e-01
7.681888937950134277e-01 4.091726839542388916e-01
4.605256021022796631e-01 5.861784815788269043e-01
1.755772680044174194e-01 4.427202220540493727e-04
2.512076795101165771e-01 5.215840339660644531e-01
6.471061110496520996e-01 4.877566397190093994e-01
2.144052833318710327e-01 8.386550545692443848e-01
2.536600232124328613e-01 1.351222097873687744e-01
9.349027276039123535e-01 7.843604087829589844e-01
7.754917740821838379e-01 2.275774329900741577e-01
5.703772306442260742e-01 9.355234503746032715e-01
6.147893667221069336e-01 3.877469524741172791e-02
6.218733787536621094e-01 7.228822112083435059e-01
2.679507434368133545e-01 1.800513565540313721e-01
2.996800839900970459e-01 8.465532064437866211e-01
2.997473478317260742e-01 8.873651027679443359e-01
6.279945969581604004e-01 5.894305706024169922e-01
3.933480381965637207e-01 2.310250103473663330e-01
3.982249274849891663e-02 8.608781695365905762e-01
2.650859653949737549e-01 5.490620136260986328e-01
2.699982374906539917e-02 8.923543095588684082e-01
4.519800245761871338e-01 5.432146191596984863e-01
2.485472708940505981e-01 7.495018839836120605e-01
4.606732130050659180e-01 7.078170776367187500e-01
7.593367099761962891e-01 3.941829800605773926e-01
2.919149994850158691e-01 7.353257536888122559e-01
1.606055349111557007e-01 8.207246065139770508e-01
6.132026314735412598e-01 1.722196340560913086e-01
4.162100851535797119e-01 5.224536657333374023e-01
8.844086527824401855e-01 7.101339101791381836e-01
6.128852367401123047e-01 6.464458107948303223e-01
7.331281900405883789e-01 8.662098646163940430e-01
5.421540141105651855e-01 4.443192780017852783e-01
4.706670045852661133e-01 5.538583397865295410e-01
2.221594899892807007e-01 7.265446186065673828e-01
5.515927076339721680e-01 9.042307734489440918e-01
8.135960698127746582e-01 4.428119957447052002e-01
3.444049358367919922e-01 2.295505106449127197e-01
2.400833517313003540e-01 7.971305847167968750e-01
2.866689860820770264e-01 8.927767276763916016e-01
8.638448119163513184e-01 3.947673141956329346e-01
5.428056716918945312e-01 1.158035174012184143e-01
7.234890460968017578e-01 9.979385733604431152e-01
5.808153152465820312e-01 5.678536295890808105e-01
5.615407824516296387e-01 9.669665992259979248e-02
2.241443097591400146e-01 4.587785303592681885e-01
1.681790053844451904e-01 6.081063747406005859e-01
8.497908711433410645e-01 9.634237885475158691e-01
2.398681789636611938e-01 2.356965243816375732e-01
6.620594263076782227e-01 3.434608280658721924e-01
3.829972445964813232e-01 3.297523260116577148e-01
5.333774685859680176e-01 6.433058381080627441e-01
5.335114151239395142e-02 3.951857686042785645e-01
5.455271005630493164e-01 3.287686705589294434e-01
6.079910993576049805e-01 7.513336092233657837e-02
4.514742493629455566e-01 5.047224760055541992e-01
1.542489975690841675e-03 8.836534023284912109e-01
7.270126342773437500e-01 2.956940233707427979e-01
9.001238644123077393e-02 3.120113313198089600e-01
5.431380271911621094e-01 4.697633981704711914e-01
9.682872295379638672e-01 9.516586661338806152e-01
2.974960394203662872e-02 7.246634364128112793e-01
2.780147790908813477e-01 5.395326018333435059e-01
3.514614403247833252e-01 1.401240974664688110e-01
9.019998908042907715e-01 4.894640743732452393e-01
5.894148945808410645e-01 9.257857203483581543e-01
1.936399936676025391e-01 2.500836551189422607e-01
8.032616972923278809e-01 3.883422911167144775e-01
8.332006335258483887e-01 9.473753571510314941e-01
8.906947970390319824e-01 3.378526866436004639e-01
2.586380541324615479e-01 7.520191669464111328e-01
3.733897209167480469e-01 1.589517593383789062e-01
1.286374777555465698e-01 6.539243459701538086e-01
9.693171977996826172e-01 9.012073874473571777e-01
7.960423827171325684e-01 5.163214206695556641e-01
4.351063966751098633e-01 2.956078946590423584e-01
5.506369471549987793e-01 4.483061432838439941e-01
1.993122398853302002e-01 4.106303751468658447e-01
3.091451823711395264e-01 4.458247423171997070e-01
2.076064795255661011e-01 9.849534034729003906e-01
4.310897886753082275e-01 1.271504759788513184e-01
4.913312792778015137e-01 7.443290948867797852e-01
2.739666700363159180e-01 9.853416085243225098e-01
2.466928213834762573e-01 5.357263684272766113e-01
7.748373150825500488e-01 1.452211439609527588e-01
6.112302094697952271e-02 2.812660932540893555e-01
8.806036710739135742e-01 3.210215270519256592e-01
8.166534900665283203e-01 4.311261773109436035e-01
2.410400658845901489e-01 4.788683354854583740e-01
5.154958963394165039e-01 3.064492940902709961e-01
5.967192053794860840e-01 3.061939775943756104e-01
2.309330366551876068e-02 6.712525486946105957e-01
8.380588889122009277e-01 1.605793647468090057e-02
2.644782960414886475e-01 5.508618354797363281e-01
9.534102678298950195e-01 9.707610011100769043e-01
4.871101975440979004e-01 9.892157912254333496e-01
4.624666869640350342e-01 9.634531140327453613e-01
1.203086227178573608e-01 4.374810755252838135e-01
1.268244683742523193e-01 6.760888099670410156e-01
4.212262034416198730e-01 6.762547492980957031e-01
1.119839921593666077e-01 3.902491629123687744e-01
2.464375197887420654e-01 4.224938750267028809e-01
9.105980396270751953e-01 5.135129690170288086e-01
7.619397044181823730e-01 5.560386776924133301e-01
6.148412823677062988e-01 1.238924637436866760e-01
6.683704853057861328e-01 2.705298066139221191e-01
4.897788166999816895e-01 8.027558922767639160e-01
5.112756490707397461e-01 8.934795856475830078e-01
6.065111756324768066e-01 6.380531936883926392e-02
3.355642557144165039e-01 5.295940041542053223e-01
5.589317679405212402e-01 6.803169846534729004e-01
8.533985354006290436e-03 8.582841157913208008e-01
3.551029860973358154e-01 3.847215771675109863e-01
3.368510305881500244e-02 6.094468235969543457e-01
2.982508838176727295e-01 9.363613724708557129e-01
9.762985110282897949e-01 4.568476378917694092e-01
9.686428308486938477e-01 2.211920171976089478e-01
5.701027512550354004e-01 9.140025973320007324e-01
1.190386787056922913e-01 3.711083829402923584e-01
1.044297963380813599e-01 9.906597137451171875e-01
5.063707232475280762e-01 6.795923113822937012e-01
6.910238415002822876e-02 7.233029007911682129e-01
7.141745686531066895e-01 7.934690117835998535e-01
9.019129276275634766e-01 5.954702496528625488e-01
6.391593217849731445e-01 3.874122500419616699e-01
1.680468767881393433e-01 7.943076491355895996e-01
3.032956123352050781e-01 1.210576891899108887e-01
6.211467981338500977e-01 5.674329400062561035e-01
3.943735659122467041e-01 4.034749865531921387e-01
2.248056679964065552e-01 5.582426190376281738e-01
2.342855632305145264e-01 7.331010699272155762e-01
6.760509610176086426e-01 5.822082757949829102e-01
3.280478119850158691e-01 7.468463778495788574e-01
1.140761002898216248e-01 4.955366253852844238e-01
4.289214611053466797e-01 9.300721883773803711e-01
5.951520800590515137e-01 8.532627224922180176e-01
1.605862081050872803e-01 4.090857505798339844e-01
1.688423305749893188e-01 6.999397873878479004e-01
7.140162587165832520e-01 6.257489323616027832e-01
