3.367630243301391602e-01 5.465759038925170898e-01
5.123286843299865723e-01 6.461144685745239258e-01
5.585735440254211426e-01 2.633867561817169189e-01
2.736272215843200684e-01 7.946619987487792969e-01
6.765726804733276367e-01 9.400513172149658203e-01
2.869539260864257812e-01 1.791400462388992310e-01
4.782659932971000671e-02 2.792569063603878021e-02
1.933426707983016968e-01 7.750213146209716797e-01
5.966470241546630859e-01 8.059914708137512207e-01
6.230904459953308105e-01 6.348105669021606445e-01
5.349412560462951660e-01 9.663483500480651855e-01
8.064651489257812500e-01 3.899953961372375488e-01
7.900995016098022461e-01 3.244629204273223877e-01
7.361484169960021973e-01 8.388761281967163086e-01
2.597693800926208496e-01 4.574998319149017334e-01
3.969722390174865723e-01 9.143918752670288086e-01
2.737796679139137268e-02 3.077463507652282715e-01
5.270147919654846191e-01 4.047024846076965332e-01
3.201247751712799072e-01 5.383917689323425293e-01
1.704962365329265594e-02 2.625132203102111816e-01
1.810564994812011719e-01 8.319531381130218506e-02
4.346889555454254150e-01 6.725297570228576660e-01
8.230627775192260742e-01 9.895569831132888794e-02
2.044630497694015503e-01 9.675825238227844238e-01
5.332057550549507141e-02 2.091563642024993896e-01
1.175647601485252380e-01 5.197294354438781738e-01
5.425730943679809570e-01 5.103155970573425293e-01
2.356975972652435303e-01 3.704470396041870117e-01
8.761177659034729004e-01 4.953850209712982178e-01
5.366588234901428223e-01 6.563382744789123535e-01
1.514976173639297485e-01 7.744455337524414062e-01
4.779643714427947998e-01 4.618018269538879395e-01
5.735782384872436523e-01 2.847386002540588379e-01
2.661867141723632812e-01 7.609736323356628418e-01
6.909825801849365234e-01 9.063681364059448242e-01
2.296983897686004639e-01 3.480263054370880127e-01
2.434336990118026733e-01 6.293952465057373047e-01
6.513348221778869629e-02 7.224881052970886230e-01
6.209478378295898438e-01 8.349892497062683105e-01
5.630139708518981934e-01 2.858154773712158203e-01
1.254448145627975464e-01 8.713849782943725586e-01
1.719686686992645264e-01 7.901456952095031738e-01
7.654921412467956543e-01 7.459781765937805176e-01
7.215484380722045898e-01 2.643338218331336975e-02
7.011788487434387207e-01 4.753242731094360352e-01
4.611055552959442139e-01 6.847141981124877930e-01
9.995890259742736816e-01 7.252826690673828125e-01
9.444335699081420898e-01 1.487941201776266098e-02
2.228573113679885864e-01 5.154263973236083984e-01
4.722861349582672119e-01 2.280244678258895874e-01
2.642510235309600830e-01 6.213253140449523926e-01
6.793296933174133301e-01 3.472918570041656494e-01
3.083231151103973389e-01 2.132155597209930420e-01
7.559499889612197876e-02 6.297139525413513184e-01
8.198092579841613770e-01 1.158124487847089767e-02
8.466213345527648926e-01 9.404079616069793701e-02
9.449136853218078613e-01 1.653703600168228149e-01
1.081784293055534363e-01 2.500425577163696289e-01
7.052495479583740234e-01 4.969091415405273438e-01
1.264472752809524536e-01 5.251408815383911133e-01
1.663544028997421265e-01 7.146911621093750000e-01
4.976328015327453613e-01 5.639515817165374756e-02
2.943007349967956543e-01 7.910581231117248535e-01
6.240840554237365723e-01 5.436924099922180176e-01
3.906025588512420654e-01 6.895716488361358643e-02
2.473633438348770142e-01 2.826213538646697998e-01
1.906962245702743530e-01 1.914699934422969818e-02
3.477426618337631226e-02 2.199938595294952393e-01
1.391637176275253296e-01 9.549652338027954102e-01
9.731731414794921875e-01 8.200979232788085938e-01
4.779391288757324219e-01 8.450648188591003418e-01
3.636333048343658447e-01 7.150905132293701172e-01
4.442668706178665161e-02 2.868651151657104492e-01
4.358377158641815186e-01 9.164382815361022949e-01
1.743384748697280884e-01 2.924106121063232422e-01
7.791456580162048340e-01 5.565547943115234375e-01
6.323795914649963379e-01 7.736406922340393066e-01
7.001550793647766113e-01 7.930632233619689941e-01
2.654624879360198975e-01 4.191084802150726318e-01
1.237448453903198242e-01 1.414986699819564819e-01
7.971190810203552246e-01 5.593652129173278809e-01
6.177608966827392578e-01 9.222063422203063965e-01
5.944238901138305664e-01 7.226161658763885498e-02
7.601807713508605957e-01 7.210284471511840820e-01
5.096474289894104004e-01 7.204496115446090698e-02
2.948608100414276123e-01 8.730389177799224854e-02
5.837481617927551270e-01 5.321150179952383041e-03
1.966936588287353516e-01 5.022410154342651367e-01
6.710816621780395508e-01 9.772310853004455566e-01
6.265426874160766602e-01 8.741763234138488770e-01
6.013236641883850098e-01 8.152641057968139648e-01
5.071815103292465210e-02 2.569604218006134033e-01
9.141942858695983887e-01 2.674426436424255371e-01
6.790069937705993652e-01 6.841340065002441406e-01
6.799648404121398926e-01 5.476720929145812988e-01
5.513985753059387207e-01 6.618028879165649414e-01
6.102294325828552246e-01 1.322644054889678955e-01
7.641939520835876465e-01 8.018037080764770508e-01
8.795027732849121094e-01 2.296463996171951294e-01
3.761206567287445068e-01 1.173370033502578735e-01
5.595059320330619812e-02 3.969138264656066895e-01
6.650002598762512207e-01 8.275694847106933594e-01
4.484050273895263672e-01 8.315362334251403809e-01
2.922210991382598877e-01 9.622632861137390137e-01
8.095433115959167480e-01 1.926223784685134888e-01
9.278821349143981934e-01 2.125754356384277344e-01
8.226152509450912476e-02 2.533023059368133545e-01
1.637372076511383057e-01 2.246580272912979126e-01
5.571070313453674316e-01 1.051998287439346313e-01
2.966392338275909424e-01 8.612400889396667480e-01
1.758054643869400024e-01 9.883813261985778809e-01
6.241125464439392090e-01 9.735996127128601074e-01
4.405751824378967285e-01 9.400822222232818604e-02
6.743973493576049805e-01 5.708891153335571289e-01
6.671154499053955078e-02 8.540296554565429688e-02
3.801667392253875732e-01 6.718211770057678223e-01
2.892748117446899414e-01 3.625743836164474487e-02
9.660770893096923828e-01 9.644987583160400391e-01
6.964291334152221680e-01 2.304043024778366089e-01
7.094359993934631348e-01 6.991748809814453125e-01
1.862611770629882812e-01 7.559146285057067871e-01
2.312633395195007324e-01 7.961286306381225586e-01
7.920900583267211914e-01 5.392242670059204102e-01
6.255313754081726074e-02 4.009725749492645264e-01
2.324347198009490967e-01 3.496246635913848877e-01
8.350591063499450684e-01 5.645765662193298340e-01
9.046466946601867676e-01 8.345141410827636719e-01
7.502450793981552124e-02 8.386427760124206543e-01
8.672325611114501953e-01 7.237102389335632324e-01
9.934580326080322266e-02 9.954353570938110352e-01
4.154304563999176025e-01 3.789812624454498291e-01
7.492847740650177002e-02 8.911166787147521973e-01
2.775163948535919189e-01 8.377019166946411133e-01
4.278033971786499023e-01 8.912492990493774414e-01
3.037627935409545898e-01 2.732380330562591553e-01
3.331972658634185791e-01 9.907700866460800171e-02
7.126234769821166992e-01 7.960256934165954590e-01
6.171745657920837402e-01 7.315953373908996582e-01
7.039817422628402710e-02 4.799909591674804688e-01
2.466271817684173584e-01 3.712999224662780762e-01
3.327920734882354736e-01 3.220119476318359375e-01
3.164946287870407104e-02 5.669707059860229492e-02
3.303812071681022644e-02 3.465986847877502441e-01
8.132368922233581543e-01 9.163234829902648926e-01
5.247374773025512695e-01 7.958843708038330078e-01
4.564415812492370605e-01 7.898854017257690430e-01
2.025092691183090210e-01 7.525607198476791382e-02
5.313801169395446777e-01 6.618440151214599609e-01
7.301213145256042480e-01 1.414805091917514801e-02
5.092459321022033691e-01 1.188821792602539062e-01
8.689891695976257324e-01 2.989826202392578125e-01
3.077583312988281250e-01 3.908923268318176270e-01
6.112434267997741699e-01 4.481267929077148438e-01
9.344430565834045410e-01 1.954380720853805542e-01
5.114867091178894043e-01 9.665240049362182617e-01
7.269974946975708008e-01 5.699248611927032471e-02
4.453977048397064209e-01 2.283576130867004395e-02
6.581614017486572266e-01 5.526930689811706543e-01
9.911973476409912109e-01 7.878544330596923828e-01
6.325991153717041016e-01 1.775579005479812622e-01
8.261201381683349609e-01 3.991106748580932617e-01
9.498077630996704102e-01 3.446576893329620361e-01
8.505397439002990723e-01 2.514959275722503662e-01
3.635800480842590332e-01 7.986038923263549805e-01
2.596648335456848145e-01 4.424931704998016357e-01
5.796281099319458008e-01 2.830330729484558105e-01
6.167135238647460938e-01 5.558122396469116211e-01
1.127085387706756592e-01 5.899201631546020508e-01
4.886878728866577148e-01 4.701226055622100830e-01
2.400391995906829834e-01 1.656948029994964600e-02
7.965792417526245117e-01 8.276273012161254883e-01
6.920622587203979492e-01 1.186129599809646606e-01
8.060847222805023193e-02 8.315315246582031250e-01
8.639892339706420898e-01 6.925202608108520508e-01
2.831837236881256104e-01 6.573493778705596924e-02
2.007457762956619263e-01 4.585967063903808594e-01
1.267066895961761475e-01 6.808765232563018799e-03
8.421844244003295898e-01 8.541565537452697754e-01
1.069427654147148132e-02 1.077186986804008484e-01
8.013241291046142578e-01 3.672540485858917236e-01
8.013173937797546387e-01 8.601592779159545898e-01
5.468905568122863770e-01 8.544179201126098633e-01
8.039495348930358887e-02 3.231194913387298584e-01
1.983525902032852173e-01 8.816128224134445190e-02
4.774173498153686523e-01 6.434419155120849609e-01
2.564961910247802734e-01 4.104624688625335693e-01
5.166541934013366699e-01 8.823121190071105957e-01
8.702992200851440430e-01 6.687131524085998535e-01
5.188165307044982910e-01 6.586633324623107910e-01
5.080869793891906738e-01 8.967514038085937500e-01
7.729813456535339355e-01 6.147760748863220215e-01
4.609551131725311279e-01 1.992605477571487427e-01
7.012121081352233887e-01 7.904554605484008789e-01
3.804110586643218994e-01 4.294373393058776855e-01
4.482224583625793457e-01 2.233960330486297607e-01
3.020154312252998352e-02 5.444262623786926270e-01
6.537412405014038086e-01 7.206473946571350098e-01
5.048011541366577148e-01 5.452312231063842773e-01
7.157160341739654541e-02 5.134466290473937988e-01
2.969923317432403564e-01 1.789456233382225037e-02
1.336350589990615845e-01 7.386761158704757690e-02
4.539155960083007812e-01 9.938674569129943848e-01
9.080430865287780762e-01 2.251226603984832764e-01
7.668665647506713867e-01 4.193833470344543457e-01
2.422047257423400879e-01 7.599364519119262695e-01
5.750707387924194336e-01 8.942679166793823242e-01
6.652190685272216797e-01 1.073139160871505737e-01
6.791985630989074707e-01 1.127487048506736755e-01
8.320907354354858398e-01 8.216372132301330566e-01
3.291222155094146729e-01 7.427147030830383301e-01
2.210895270109176636e-01 8.048374652862548828e-01
1.452084928750991821e-01 4.325089156627655029e-01
1.630100160837173462e-01 8.992838859558105469e-01
7.592582106590270996e-01 6.123095154762268066e-01
7.493650168180465698e-02 8.297252058982849121e-01
2.749859094619750977e-01 9.284579157829284668e-01
4.810281395912170410e-01 5.480365157127380371e-01
8.035874366760253906e-01 3.747138977050781250e-01
3.114514648914337158e-01 8.584026694297790527e-01
2.441061586141586304e-01 9.368691444396972656e-01
3.452608594670891762e-03 9.794520139694213867e-01
6.676374673843383789e-01 6.477541923522949219e-01
6.376231908798217773e-01 7.535458803176879883e-01
7.371429204940795898e-01 9.310181140899658203e-01
6.301108002662658691e-01 7.168744206428527832e-01
5.578666329383850098e-01 8.838242292404174805e-01
6.793043017387390137e-01 5.030611753463745117e-01
5.887473747134208679e-02 5.680158734321594238e-01
4.835712313652038574e-01 5.366132855415344238e-01
8.772509694099426270e-01 2.672467529773712158e-01
7.520693540573120117e-01 8.879316449165344238e-01
1.052813455462455750e-01 4.724821150302886963e-01
1.616916209459304810e-01 8.323792815208435059e-01
7.565016746520996094e-01 4.726430773735046387e-01
6.615594029426574707e-01 4.316468909382820129e-02
5.382726192474365234e-01 9.160802960395812988e-01
5.465860962867736816e-01 2.708848416805267334e-01
8.090937137603759766e-01 5.142758488655090332e-01
9.940580725669860840e-01 3.184044063091278076e-01
2.871851921081542969e-01 1.830722689628601074e-01
3.196705579757690430e-01 1.829716265201568604e-01
6.329674720764160156e-01 9.719588756561279297e-01
4.134155511856079102e-01 9.974266886711120605e-01
9.028612971305847168e-01 1.520835906267166138e-01
4.416023194789886475e-02 1.337231397628784180e-01
3.440827131271362305e-01 7.163923978805541992e-01
6.589158177375793457e-01 3.369554877281188965e-01
4.398750662803649902e-01 1.933304220438003540e-01
5.965359807014465332e-01 9.107728600502014160e-01
2.244994491338729858e-01 6.224519610404968262e-01
3.804676234722137451e-01 9.785025119781494141e-01
8.183536529541015625e-01 6.853805780410766602e-01
9.766585230827331543e-01 9.848059415817260742e-01
3.400607034564018250e-02 5.392909981310367584e-03
8.275803327560424805e-01 6.186818480491638184e-01
6.470648646354675293e-01 7.001349925994873047e-01
1.240156292915344238e-01 9.515134692192077637e-01
2.531293332576751709e-01 2.771735489368438721e-01
8.410784006118774414e-01 4.596082866191864014e-01
2.028571218252182007e-01 3.845647275447845459e-01
6.956540346145629883e-01 9.509449601173400879e-01
2.922050654888153076e-01 8.772540092468261719e-01
9.326683282852172852e-01 3.903688192367553711e-01
1.255239546298980713e-01 9.009231328964233398e-01
7.889774441719055176e-02 2.944074571132659912e-01
7.023447155952453613e-01 7.694358229637145996e-01
8.267329931259155273e-01 5.508551597595214844e-01
1.322645097970962524e-01 3.998656868934631348e-01
5.045467242598533630e-02 3.333675116300582886e-02
4.029952362179756165e-02 2.239834070205688477e-01
9.556493163108825684e-01 5.015999674797058105e-01
9.442858695983886719e-01 9.236630201339721680e-01
3.577365577220916748e-01 3.613478243350982666e-01
2.319717556238174438e-01 5.073144435882568359e-01
4.218398034572601318e-01 6.288344860076904297e-01
5.056459084153175354e-02 3.630305081605911255e-02
3.551716506481170654e-01 2.064256183803081512e-02
9.125446081161499023e-01 4.668700695037841797e-01
3.360583186149597168e-01 7.496124505996704102e-01
1.583101302385330200e-01 2.621063590049743652e-01
7.274252176284790039e-01 8.257120251655578613e-01
1.225999277085065842e-02 9.085379838943481445e-01
6.080948561429977417e-02 7.646288871765136719e-01
2.461721897125244141e-01 2.236153185367584229e-01
6.131206750869750977e-01 2.158695645630359650e-02
9.666669964790344238e-01 9.508936782367527485e-04
2.234699428081512451e-01 9.836131334304809570e-01
9.034680724143981934e-01 2.735520899295806885e-01
6.924434304237365723e-01 4.572956264019012451e-01
5.101669430732727051e-01 8.961139917373657227e-01
9.555338025093078613e-01 5.537407994270324707e-01
7.603812217712402344e-02 6.043258309364318848e-01
3.714189827442169189e-01 8.321567773818969727e-01
9.210709333419799805e-01 2.168967872858047485e-01
2.475843280553817749e-01 8.236501216888427734e-01
3.657790720462799072e-01 7.341507673263549805e-01
3.508158028125762939e-01 6.167116761207580566e-01
3.492520749568939209e-01 3.029101192951202393e-01
2.062436938285827637e-01 2.732511460781097412e-01
2.830631844699382782e-02 6.929921507835388184e-01
3.761971890926361084e-01 8.791087865829467773e-01
2.266958206892013550e-01 3.715895116329193115e-02
4.821799695491790771e-01 4.011309742927551270e-01
9.582399725914001465e-01 1.238747537136077881e-01
5.339001417160034180e-01 9.008172750473022461e-01
1.344804912805557251e-01 2.257849425077438354e-01
9.292799234390258789e-01 2.042774409055709839e-01
3.033326864242553711e-01 8.848583102226257324e-01
7.231815457344055176e-01 7.627074718475341797e-01
1.881897896528244019e-01 2.409168183803558350e-01
9.763391613960266113e-01 7.481045722961425781e-01
9.275450110435485840e-01 5.137045383453369141e-01
6.046032309532165527e-01 8.167479634284973145e-01
5.703801512718200684e-01 7.979560494422912598e-01
3.751180469989776611e-01 6.437966823577880859e-01
3.090006113052368164e-01 6.191667914390563965e-01
2.528973817825317383e-01 1.366924047470092773e-01
7.518938183784484863e-01 7.785498499870300293e-01
3.264847695827484131e-01 8.156174421310424805e-01
9.630300402641296387e-01 4.822152853012084961e-01
8.195218443870544434e-01 7.916187644004821777e-01
1.844967603683471680e-01 4.790354073047637939e-01
5.917246937751770020e-01 7.751334905624389648e-01
3.906800150871276855e-01 1.634924113750457764e-01
4.801110923290252686e-01 7.904496192932128906e-01
1.393002122640609741e-01 5.354143381118774414e-01
6.278037428855895996e-01 8.152641057968139648e-01
2.057716101408004761e-01 7.679539173841476440e-02
7.416326552629470825e-02 5.788201093673706055e-01
2.376157641410827637e-01 6.970897912979125977e-01
1.970844119787216187e-01 2.239678651094436646e-01
8.682893961668014526e-02 2.461375445127487183e-01
3.140631318092346191e-01 2.806055359542369843e-02
8.509188890457153320e-01 1.398846656084060669e-01
5.592606067657470703e-01 1.794817894697189331e-01
3.550873696804046631e-02 7.970556020736694336e-01
4.972366616129875183e-02 3.349341750144958496e-01
9.069643914699554443e-02 8.263103365898132324e-01
6.803126633167266846e-02 4.870068728923797607e-01
2.177956104278564453e-01 6.105061769485473633e-01
4.196332991123199463e-01 8.342983126640319824e-01
6.548631787300109863e-01 1.963535696268081665e-01
2.292560636997222900e-01 5.916221141815185547e-01
8.182470202445983887e-01 9.398224949836730957e-01
1.030254513025283813e-01 7.474105954170227051e-01
7.382613420486450195e-01 7.966259717941284180e-01
5.667002797126770020e-01 8.305543661117553711e-01
6.470149755477905273e-01 2.071226388216018677e-01
3.610239028930664062e-01 6.686459183692932129e-01
6.090975999832153320e-01 6.585833430290222168e-01
2.312808632850646973e-01 9.108091592788696289e-01
5.116677880287170410e-01 1.642077118158340454e-01
5.817060470581054688e-01 3.203320205211639404e-01
1.380766034126281738e-01 9.656580090522766113e-01
6.272053718566894531e-01 3.112102150917053223e-01
1.563434451818466187e-01 9.281215667724609375e-01
5.736184716224670410e-01 9.541237354278564453e-01
9.693925082683563232e-02 5.828200578689575195e-01
4.646499752998352051e-01 8.781352043151855469e-01
1.155743971467018127e-01 2.149830907583236694e-01
6.716143488883972168e-01 9.282738566398620605e-01
3.881286978721618652e-01 9.420173764228820801e-01
3.332991898059844971e-01 8.373239636421203613e-01
9.596029520034790039e-01 6.872324943542480469e-01
9.561874866485595703e-01 4.365203678607940674e-01
8.395414352416992188e-01 5.603910684585571289e-01
2.322737872600555420e-01 1.582732200622558594e-01
1.311944425106048584e-01 8.962267637252807617e-02
1.315990537405014038e-01 3.633538782596588135e-01
9.005061984062194824e-01 1.438705772161483765e-01
6.641952991485595703e-01 6.550613641738891602e-01
2.425308823585510254e-01 9.619310498237609863e-01
6.118668317794799805e-01 2.636235952377319336e-01
8.400613069534301758e-01 7.439373433589935303e-02
8.388686180114746094e-01 2.742913365364074707e-02
4.978030622005462646e-01 6.482032537460327148e-01
3.971620500087738037e-01 2.394990324974060059e-01
2.125715836882591248e-02 7.512480020523071289e-01
4.832188785076141357e-01 8.185722827911376953e-01
4.106979370117187500e-01 7.157692909240722656e-01
3.787654042243957520e-01 7.574105858802795410e-01
7.340877056121826172e-01 7.985645532608032227e-01
9.433429837226867676e-01 2.944556474685668945e-01
2.119214683771133423e-01 8.707794547080993652e-01
3.581507802009582520e-01 2.162227034568786621e-01
8.194845318794250488e-01 5.533050894737243652e-01
8.209114074707031250e-01 1.310317367315292358e-01
5.805231332778930664e-01 9.597618579864501953e-01
7.183191776275634766e-01 2.665040194988250732e-01
9.804279804229736328e-01 9.595514088869094849e-02
7.561375498771667480e-01 9.359295964241027832e-01
9.070349931716918945e-01 6.823526024818420410e-01
7.272639274597167969e-01 4.076401889324188232e-01
4.621060788631439209e-01 8.142936229705810547e-01
2.158930301666259766e-01 8.935117721557617188e-01
6.581864953041076660e-01 9.900633692741394043e-01
7.842596173286437988e-01 5.417155027389526367e-01
5.468316003680229187e-02 1.218602135777473450e-01
5.299962162971496582e-01 9.516045451164245605e-01
4.493932053446769714e-02 5.032454729080200195e-01
8.806924223899841309e-01 3.222968876361846924e-01
9.204152822494506836e-01 9.103387594223022461e-01
7.686418890953063965e-01 7.779194712638854980e-01
9.034709930419921875e-01 4.752551913261413574e-01
6.818417906761169434e-01 8.597095608711242676e-01
1.836971640586853027e-01 7.937039732933044434e-01
3.226505517959594727e-01 6.601666212081909180e-01
1.100182160735130310e-01 8.418434262275695801e-01
7.810325026512145996e-01 7.937073707580566406e-01
1.212892532348632812e-01 2.438040822744369507e-01
8.727544546127319336e-01 4.962701201438903809e-01
1.640335619449615479e-01 6.071213483810424805e-01
2.429846525192260742e-01 5.278469920158386230e-01
1.808722019195556641e-01 1.502053886651992798e-01
4.728846624493598938e-02 8.183540403842926025e-02
7.398907542228698730e-01 9.147826433181762695e-01
7.957905530929565430e-01 6.107078194618225098e-01
9.104632139205932617e-01 4.241966009140014648e-01
8.219196796417236328e-01 2.444296181201934814e-01
6.330107450485229492e-01 8.897658586502075195e-01
1.966543644666671753e-01 1.864430010318756104e-01
9.094404578208923340e-01 5.972881987690925598e-02
5.863546729087829590e-01 9.097633361816406250e-01
6.922317296266555786e-02 8.201458454132080078e-01
9.421133995056152344e-01 6.101627349853515625e-01
3.823905289173126221e-01 7.727683782577514648e-01
6.477289795875549316e-01 8.105439543724060059e-01
9.873787760734558105e-01 5.135406255722045898e-01
7.908246517181396484e-01 8.655592203140258789e-01
1.690055280923843384e-01 1.055536568164825439e-01
9.922600984573364258e-01 3.061466515064239502e-01
7.159111499786376953e-01 4.226217865943908691e-01
1.336190551519393921e-01 9.792370796203613281e-01
5.792623162269592285e-01 1.886573731899261475e-01
1.972828656435012817e-01 2.827055156230926514e-01
4.998530745506286621e-01 8.045996427536010742e-01
5.948407053947448730e-01 8.054524064064025879e-01
3.920616507530212402e-01 9.497154355049133301e-01
7.959507703781127930e-01 8.849309086799621582e-01
2.549693919718265533e-02 4.912753403186798096e-02
2.414759434759616852e-02 5.845853686332702637e-01
2.759976387023925781e-01 7.382967472076416016e-01
6.472177505493164062e-01 1.602898091077804565e-01
4.199444651603698730e-01 2.084215134382247925e-01
2.706367336213588715e-02 8.964709639549255371e-01
3.875046968460083008e-01 7.843670248985290527e-01
1.240741182118654251e-02 2.695949375629425049e-01
2.774060666561126709e-01 3.501410484313964844e-01
2.132043242454528809e-01 5.922529101371765137e-01
5.163683295249938965e-01 8.155885934829711914e-01
4.640022292733192444e-02 1.694043427705764771e-01
5.750824213027954102e-01 8.806946873664855957e-01
1.794726252555847168e-01 3.463248312473297119e-01
2.255112230777740479e-01 6.503213644027709961e-01
5.381359457969665527e-01 9.231541752815246582e-01
6.568517684936523438e-01 9.606473445892333984e-01
7.903095334768295288e-02 8.665974140167236328e-01
7.703083157539367676e-01 6.966327428817749023e-01
5.160757899284362793e-01 1.666435152292251587e-01
3.127313554286956787e-01 8.371921777725219727e-01
6.980637907981872559e-01 1.556985825300216675e-01
2.164062261581420898e-01 8.057512044906616211e-01
1.965192109346389771e-01 3.713689744472503662e-01
5.036194920539855957e-01 7.826828360557556152e-01
4.236744344234466553e-01 6.053976416587829590e-01
1.115731596946716309e-01 1.587249040603637695e-01
3.242887258529663086e-01 6.197161674499511719e-01
2.044038474559783936e-01 9.584155082702636719e-01
2.782910168170928955e-01 7.836217880249023438e-01
5.659615993499755859e-01 8.288248181343078613e-01
2.535390555858612061e-01 9.088902175426483154e-02
8.854860067367553711e-01 8.685855865478515625e-01
3.301129937171936035e-01 8.288149833679199219e-01
8.823604583740234375e-01 3.602672219276428223e-01
9.727408885955810547e-01 8.617866635322570801e-01
4.462262392044067383e-01 6.469308137893676758e-01
3.122420310974121094e-01 3.772892430424690247e-02
2.478772401809692383e-01 9.255238175392150879e-01
3.526971042156219482e-01 8.693773150444030762e-01
8.641366362571716309e-01 9.603143930435180664e-01
4.118471592664718628e-02 6.865253448486328125e-01
2.586152851581573486e-01 3.526847362518310547e-01
7.476396560668945312e-01 7.455324530601501465e-01
5.297110080718994141e-01 5.076568573713302612e-02
2.524045407772064209e-01 9.312750101089477539e-01
6.348930597305297852e-01 4.086934328079223633e-01
4.527027904987335205e-01 9.349005818367004395e-01
9.786499142646789551e-01 3.509688079357147217e-01
3.400384187698364258e-01 4.705946147441864014e-01
6.877769827842712402e-01 8.769624233245849609e-01
8.689442276954650879e-01 3.004781305789947510e-01
4.831053316593170166e-01 7.916054725646972656e-01
6.439617872238159180e-01 7.419643402099609375e-01
6.237618327140808105e-01 7.442790865898132324e-01
4.509072005748748779e-01 8.647450208663940430e-01
1.465357001870870590e-02 3.633983433246612549e-02
7.191996574401855469e-01 4.037643373012542725e-01
7.796497344970703125e-01 8.800742626190185547e-01
9.083466529846191406e-01 8.062860369682312012e-01
5.216401219367980957e-01 5.407902002334594727e-01
8.759066462516784668e-01 9.822044968605041504e-01
6.567401885986328125e-01 9.379244446754455566e-01
5.431676506996154785e-01 5.570971965789794922e-02
9.549160599708557129e-01 1.397609114646911621e-01
1.097323745489120483e-01 3.803386390209197998e-01
8.219712376594543457e-01 1.988874375820159912e-01
7.401002049446105957e-01 9.139012098312377930e-01
4.164710342884063721e-01 8.470593690872192383e-01
9.534448385238647461e-01 3.494906052947044373e-02
7.158412337303161621e-01 8.870183825492858887e-01
4.987763464450836182e-01 8.543164134025573730e-01
2.985537946224212646e-01 4.621034022420644760e-03
6.857915520668029785e-01 7.829505801200866699e-01
7.902022004127502441e-01 7.930596470832824707e-01
5.313977003097534180e-01 4.806338623166084290e-02
2.997181117534637451e-01 1.632606685161590576e-01
1.356846243143081665e-01 2.566815614700317383e-01
4.172512143850326538e-02 6.980491876602172852e-01
7.320892810821533203e-01 3.690183162689208984e-01
7.075272798538208008e-01 9.404335618019104004e-01
8.835932612419128418e-01 3.332369029521942139e-01
6.989331841468811035e-01 8.811562657356262207e-01
7.080394625663757324e-01 5.564778447151184082e-01
6.826688647270202637e-01 7.666368484497070312e-01
5.035455226898193359e-01 6.801407337188720703e-01
5.437939763069152832e-01 2.793947160243988037e-01
4.412066340446472168e-01 4.847081601619720459e-01
2.531764805316925049e-01 5.471372008323669434e-01
6.397954821586608887e-01 4.456222057342529297e-01
6.192792057991027832e-01 5.864899158477783203e-01
7.495832443237304688e-01 3.239416182041168213e-01
6.733126044273376465e-01 2.195386290550231934e-01
5.708481669425964355e-01 8.696212172508239746e-01
9.838674664497375488e-01 8.393196463584899902e-01
1.566421389579772949e-01 7.871589064598083496e-01
9.812740087509155273e-01 1.925529837608337402e-01
4.173233211040496826e-01 1.250831037759780884e-01
7.619092464447021484e-01 3.617398068308830261e-02
5.315350890159606934e-01 9.981595873832702637e-01
4.414011836051940918e-01 8.879408240318298340e-01
2.674973011016845703e-01 8.766243457794189453e-01
1.998901367187500000e-01 1.159475073218345642e-01
7.045096158981323242e-01 7.725853919982910156e-01
8.643420338630676270e-01 7.189606428146362305e-01
7.859529852867126465e-01 8.464327454566955566e-01
1.576790660619735718e-01 4.099753499031066895e-01
6.368474364280700684e-01 4.357128739356994629e-01
9.405279755592346191e-01 8.675402402877807617e-01
8.934752941131591797e-01 8.839418888092041016e-01
9.032999873161315918e-01 6.544356942176818848e-01
3.360877931118011475e-01 9.165059924125671387e-01
7.882443070411682129e-01 3.023512959480285645e-01
6.870434284210205078e-01 6.503105163574218750e-01
2.839887142181396484e-02 6.795252561569213867e-01
9.816586971282958984e-01 9.607859849929809570e-01
3.630375564098358154e-01 2.077993154525756836e-01
2.937295939773321152e-03 3.635146021842956543e-01
1.038562785834074020e-02 5.704197287559509277e-01
6.173248984850943089e-04 3.909106254577636719e-01
7.343850135803222656e-01 6.921447515487670898e-01
7.860085964202880859e-01 4.256245195865631104e-01
3.632070124149322510e-01 9.058651924133300781e-01
4.121222496032714844e-01 3.769893050193786621e-01
2.630689442157745361e-01 7.801663875579833984e-01
8.449357748031616211e-01 5.147902965545654297e-01
7.996716499328613281e-01 9.630765914916992188e-01
6.732541918754577637e-01 9.779775142669677734e-01
8.482240438461303711e-01 2.709077596664428711e-01
8.668530583381652832e-01 6.028540730476379395e-01
9.177015423774719238e-01 8.802007436752319336e-01
2.404650747776031494e-01 3.159753680229187012e-01
6.046383380889892578e-01 7.224565148353576660e-01
5.966342687606811523e-01 4.260973930358886719e-01
9.589554667472839355e-01 8.975486755371093750e-01
5.789221525192260742e-01 8.704125881195068359e-02
6.321855783462524414e-01 4.139699041843414307e-01
9.260094165802001953e-01 2.764829993247985840e-01
6.062275171279907227e-01 5.606235265731811523e-01
4.952407181262969971e-01 4.861044287681579590e-01
1.447027474641799927e-01 1.645346134901046753e-01
2.541007995605468750e-01 9.407136440277099609e-01
6.125860288739204407e-02 6.930727362632751465e-01
5.997781157493591309e-01 8.388261198997497559e-01
6.529849767684936523e-01 2.264531850814819336e-01
4.270620346069335938e-01 5.421179533004760742e-01
4.527952149510383606e-02 8.894363045692443848e-01
9.316161870956420898e-01 8.470027446746826172e-01
6.557213068008422852e-01 6.375786066055297852e-01
3.466038703918457031e-01 6.653432250022888184e-01
6.865668892860412598e-01 1.743299514055252075e-01
8.307374119758605957e-01 4.608649015426635742e-01
9.619522094726562500e-01 4.984658658504486084e-01
3.946149647235870361e-01 7.552732229232788086e-01
5.545860156416893005e-02 6.466574072837829590e-01
4.279401302337646484e-01 2.082147449254989624e-01
9.147294759750366211e-01 5.730920433998107910e-01
6.386836171150207520e-01 9.029855132102966309e-01
2.273130714893341064e-01 1.269287765026092529e-01
9.886234998703002930e-01 6.959864497184753418e-01
8.556585907936096191e-01 6.251553297042846680e-01
7.861526012420654297e-01 5.583752393722534180e-01
3.115119934082031250e-01 6.973307728767395020e-01
2.023444026708602905e-01 7.565128803253173828e-02
7.385820746421813965e-01 2.298808544874191284e-01
8.109557628631591797e-02 6.278359889984130859e-01
1.197348684072494507e-01 1.192867606878280640e-01
3.372483253479003906e-01 2.919487357139587402e-01
3.835393190383911133e-01 7.648594975471496582e-01
8.374804854393005371e-01 6.488165855407714844e-01
4.548737704753875732e-01 7.858629822731018066e-01
8.509628772735595703e-01 4.199732840061187744e-01
8.116228878498077393e-02 6.666952967643737793e-01
3.292398154735565186e-01 8.219098448753356934e-01
4.357115030288696289e-01 8.079895973205566406e-01
5.093421339988708496e-01 8.800514936447143555e-01
1.199717298150062561e-01 8.162708878517150879e-01
2.531497180461883545e-01 3.046509325504302979e-01
2.904465496540069580e-01 8.039522171020507812e-01
3.138037919998168945e-01 6.680690646171569824e-01
4.540640115737915039e-01 5.291292071342468262e-01
6.276977062225341797e-01 7.203760743141174316e-01
6.329106688499450684e-01 2.795540988445281982e-01
6.802633404731750488e-01 6.994499564170837402e-01
8.217426538467407227e-01 3.604037761688232422e-01
1.054395455867052078e-02 7.944091558456420898e-01
5.311768651008605957e-01 3.126942217350006104e-01
3.556219637393951416e-01 9.408503770828247070e-01
5.285390615463256836e-01 9.688071608543395996e-01
3.709051609039306641e-01 7.037113308906555176e-01
9.803914465010166168e-03 6.526277065277099609e-01
5.194548368453979492e-01 3.111292719841003418e-01
4.121842980384826660e-01 9.114102125167846680e-01
2.336227744817733765e-01 3.960969150066375732e-01
3.959372639656066895e-01 8.574595451354980469e-01
6.199747920036315918e-01 6.354379653930664062e-01
2.158095240592956543e-01 9.366180002689361572e-02
9.498125314712524414e-01 2.751819789409637451e-01
2.448717057704925537e-01 7.400253415107727051e-01
1.987202912569046021e-01 1.384944915771484375e-01
4.571759700775146484e-01 5.151234865188598633e-01
9.261454343795776367e-01 7.567650079727172852e-01
2.691028118133544922e-01 4.126788675785064697e-01
9.653987735509872437e-02 7.673985362052917480e-01
7.889248728752136230e-01 5.411565303802490234e-01
6.360016763210296631e-02 6.729082465171813965e-01
1.207211241126060486e-01 8.026651740074157715e-01
8.669907450675964355e-01 9.323378205299377441e-01
4.022372066974639893e-01 7.031295299530029297e-01
3.952554166316986084e-01 2.489327788352966309e-01
5.289496183395385742e-01 6.614350080490112305e-01
7.363470196723937988e-01 6.790299415588378906e-01
7.225232720375061035e-01 2.225401401519775391e-01
2.673962712287902832e-01 8.036974072456359863e-01
4.817945063114166260e-01 6.788300871849060059e-01
4.512029290199279785e-01 3.321861326694488525e-01
5.113885998725891113e-01 1.640620380640029907e-01
8.476711511611938477e-01 9.309616088867187500e-01
1.785743166692554951e-03 6.751475930213928223e-01
8.936519622802734375e-01 7.077875733375549316e-01
3.503108024597167969e-01 3.397480025887489319e-02
2.828165292739868164e-01 3.514662683010101318e-01
3.039569258689880371e-01 8.021576404571533203e-01
9.797557443380355835e-02 2.175374887883663177e-02
5.743988752365112305e-01 3.162402212619781494e-01
2.133548855781555176e-01 3.014570176601409912e-01
9.872912764549255371e-01 4.529156982898712158e-01
5.090185627341270447e-02 3.106118738651275635e-01
3.956916034221649170e-01 8.517986536026000977e-01
3.908737003803253174e-01 6.908882856369018555e-01
3.235409259796142578e-01 9.099523425102233887e-01
4.631935805082321167e-02 6.976605951786041260e-02
9.260126948356628418e-01 7.897073030471801758e-01
5.508248209953308105e-01 7.769804596900939941e-01
4.014465212821960449e-01 9.107856750488281250e-01
1.232255920767784119e-01 4.517619609832763672e-01
7.540175318717956543e-01 6.089963316917419434e-01
2.536552250385284424e-01 6.377083063125610352e-01
5.771768689155578613e-01 9.769816398620605469e-01
5.439849495887756348e-01 6.183987259864807129e-01
5.595774054527282715e-01 8.098604679107666016e-01
6.470752954483032227e-01 4.061646461486816406e-01
6.892747282981872559e-01 6.911179423332214355e-01
8.935024738311767578e-01 3.347219824790954590e-01
7.817804068326950073e-02 4.533207118511199951e-01
9.690381884574890137e-01 2.949255406856536865e-01
4.054496288299560547e-01 8.909721374511718750e-01
1.900106370449066162e-01 8.390250205993652344e-01
8.713898062705993652e-01 5.926960110664367676e-01
7.243931889533996582e-01 2.255389094352722168e-01
5.307619571685791016e-01 7.619924545288085938e-01
8.807204961776733398e-01 8.213004469871520996e-01
6.867884397506713867e-01 1.951791346073150635e-01
2.225332893431186676e-02 7.784450650215148926e-01
1.472308486700057983e-01 2.210808247327804565e-01
1.190155670046806335e-01 5.481687784194946289e-01
6.024803519248962402e-01 9.693214893341064453e-01
7.634078264236450195e-01 3.023943006992340088e-01
4.775403738021850586e-01 6.463015079498291016e-01
2.580682374536991119e-02 6.665450930595397949e-01
3.011841177940368652e-01 9.053720235824584961e-01
7.296825200319290161e-02 1.579131036996841431e-01
2.346117049455642700e-01 9.559878706932067871e-02
7.931773662567138672e-01 8.523348569869995117e-01
8.093050718307495117e-01 6.944451928138732910e-01
6.808863282203674316e-01 7.767595648765563965e-01
6.255386769771575928e-02 5.763215422630310059e-01
4.353794753551483154e-01 9.063516855239868164e-01
2.384572476148605347e-01 3.853083848953247070e-01
1.552826613187789917e-01 7.462839782238006592e-02
6.735221743583679199e-01 2.343552559614181519e-01
3.489012718200683594e-01 7.238519191741943359e-01
6.833607554435729980e-01 8.155797123908996582e-01
2.182645797729492188e-01 2.948794364929199219e-01
3.776961266994476318e-01 7.203024029731750488e-01
4.621058404445648193e-01 5.187984704971313477e-01
7.527201771736145020e-01 1.823405735194683075e-02
7.865000963211059570e-01 7.433312535285949707e-01
2.266458570957183838e-01 3.225257098674774170e-01
1.949127316474914551e-01 6.674179434776306152e-01
6.104522347450256348e-01 2.089688628911972046e-01
8.620248734951019287e-02 6.753963977098464966e-02
1.986343413591384888e-02 1.606856733560562134e-01
6.678411364555358887e-01 2.903730273246765137e-01
5.069255232810974121e-01 2.269008308649063110e-01
6.113073229789733887e-01 6.431353688240051270e-01
4.914514422416687012e-01 8.300692588090896606e-02
4.980487823486328125e-01 6.547942161560058594e-01
2.416716702282428741e-02 1.961834877729415894e-01
2.169520258903503418e-01 2.181864529848098755e-02
3.112579286098480225e-01 4.050011634826660156e-01
4.967955648899078369e-01 5.460411310195922852e-01
5.495428666472434998e-02 2.502835094928741455e-01
8.694407939910888672e-01 1.986752152442932129e-01
9.939555525779724121e-01 8.818905353546142578e-01
6.427178978919982910e-01 7.699956297874450684e-01
8.623671531677246094e-01 1.162479296326637268e-01
4.268680512905120850e-01 8.369601368904113770e-01
7.159145474433898926e-01 8.637349009513854980e-01
2.485360801219940186e-01 9.055227041244506836e-02
3.095985054969787598e-01 9.766693115234375000e-01
8.090893030166625977e-01 6.637201905250549316e-01
8.539978265762329102e-01 5.542112588882446289e-01
9.334356784820556641e-01 8.305249810218811035e-01
5.406929850578308105e-01 7.149346470832824707e-01
4.871406853199005127e-01 5.252879261970520020e-01
3.481229543685913086e-01 9.086903333663940430e-01
7.681969404220581055e-01 8.756753206253051758e-01
6.176860332489013672e-01 3.347276449203491211e-01
5.299069285392761230e-01 2.155895233154296875e-01
7.862228155136108398e-01 3.478623628616333008e-01
4.204694032669067383e-01 3.256334960460662842e-01
3.272523581981658936e-01 7.240252494812011719e-01
6.480127573013305664e-01 3.795759677886962891e-01
6.281868219375610352e-01 9.224805831909179688e-01
2.903217077255249023e-01 3.175351023674011230e-01
3.863177001476287842e-01 9.627492427825927734e-01
2.484087198972702026e-01 8.508528582751750946e-03
3.335199058055877686e-01 6.639791131019592285e-01
5.182352662086486816e-02 2.237728536128997803e-01
1.584094166755676270e-01 8.764051795005798340e-01
9.273858070373535156e-01 5.310843586921691895e-01
5.195803046226501465e-01 3.580906391143798828e-01
7.852375507354736328e-01 8.824264407157897949e-01
8.807264566421508789e-01 1.472702622413635254e-01
2.376186549663543701e-01 3.009422719478607178e-01
5.383390188217163086e-01 4.217693507671356201e-01
4.917468428611755371e-01 1.633181571960449219e-01
7.776811718940734863e-01 2.221922129392623901e-01
7.516054511070251465e-01 9.686667919158935547e-01
6.814545989036560059e-01 4.728474318981170654e-01
9.159673005342483521e-02 1.513268500566482544e-01
4.926674067974090576e-03 4.717459082603454590e-01
5.773242712020874023e-01 4.949146211147308350e-01
3.391145914793014526e-02 2.134271860122680664e-01
6.611565500497817993e-02 9.807084202766418457e-01
1.333565711975097656e-01 9.723612666130065918e-01
6.257168203592300415e-02 6.362673044204711914e-01
7.999382615089416504e-01 6.658728718757629395e-01
6.560418009757995605e-01 7.813955545425415039e-01
8.176340460777282715e-01 8.374069333076477051e-01
3.826793283224105835e-02 6.366628408432006836e-01
6.861786246299743652e-01 7.242626547813415527e-01
8.266298770904541016e-01 8.085343241691589355e-01
5.921939611434936523e-01 4.632425904273986816e-01
4.813475608825683594e-01 9.633905887603759766e-01
4.596090316772460938e-01 5.978311300277709961e-01
7.193169593811035156e-01 7.647672891616821289e-01
6.080209612846374512e-01 9.489169120788574219e-01
9.897789359092712402e-01 6.722964048385620117e-01
3.503856658935546875e-01 6.414533257484436035e-01
8.884847760200500488e-01 5.424934029579162598e-01
1.218805238604545593e-01 7.698048949241638184e-01
6.083367392420768738e-02 6.346157193183898926e-01
2.041474170982837677e-02 5.705810189247131348e-01
9.193342328071594238e-01 5.461258888244628906e-01
3.362396359443664551e-02 7.849670052528381348e-01
1.092862412333488464e-01 7.488763332366943359e-01
1.445152461528778076e-01 5.562691688537597656e-01
7.380380630493164062e-01 9.627135396003723145e-01
6.289219260215759277e-01 9.904883503913879395e-01
5.827347040176391602e-01 8.628601431846618652e-01
2.243470214307308197e-02 1.462498754262924194e-01
5.372427105903625488e-01 8.153957724571228027e-01
6.843364238739013672e-01 5.712956786155700684e-01
8.529726862907409668e-01 1.546382457017898560e-01
6.802082061767578125e-01 6.281816363334655762e-01
6.080149412155151367e-01 6.234206557273864746e-01
5.370329618453979492e-01 7.328163981437683105e-01
5.700446963310241699e-01 8.119721412658691406e-01
9.905839562416076660e-01 2.312652468681335449e-01
6.963016986846923828e-01 8.101173043251037598e-01
5.741811394691467285e-01 9.260779023170471191e-01
8.079040646553039551e-01 8.475308418273925781e-01
1.272918134927749634e-01 6.461248397827148438e-01
6.830852031707763672e-01 7.438201904296875000e-01
4.362884759902954102e-01 7.436612993478775024e-02
8.945140838623046875e-01 5.465496778488159180e-01
6.383979320526123047e-02 7.232992649078369141e-01
2.480922937393188477e-01 1.962356567382812500e-01
3.887632489204406738e-01 6.818540096282958984e-01
7.703980803489685059e-01 7.623103260993957520e-01
1.914632767438888550e-01 5.774725079536437988e-01
9.739438295364379883e-01 9.109542369842529297e-01
8.632075190544128418e-01 6.043622493743896484e-01
4.333822429180145264e-02 6.365805268287658691e-01
1.121449992060661316e-01 5.412036180496215820e-01
5.466585159301757812e-01 1.747263967990875244e-02
9.066540002822875977e-01 9.969731569290161133e-01
5.680001974105834961e-01 1.857442557811737061e-01
5.148079991340637207e-01 6.176618337631225586e-01
4.858016502112150192e-03 8.092525005340576172e-01
4.765301644802093506e-01 6.449037194252014160e-01
4.921866953372955322e-01 6.139252185821533203e-01
4.835499227046966553e-01 5.865141749382019043e-01
6.460956335067749023e-01 6.393930315971374512e-01
1.627564132213592529e-01 9.336620569229125977e-01
7.238553166389465332e-01 9.044328331947326660e-01
2.728624641895294189e-01 8.696974515914916992e-01
7.599542140960693359e-01 7.183280587196350098e-02
4.022394716739654541e-01 2.153848409652709961e-01
3.747424483299255371e-01 9.361075758934020996e-01
8.890541195869445801e-01 1.287223100662231445e-01
1.578427106142044067e-01 8.938716650009155273e-01
6.509395837783813477e-01 9.568863511085510254e-01
8.567369580268859863e-01 7.812824249267578125e-01
6.402419507503509521e-02 3.321182429790496826e-01
9.268238544464111328e-01 7.046051621437072754e-01
2.985542118549346924e-01 9.646596312522888184e-01
6.978929042816162109e-01 7.977184653282165527e-01
7.676379680633544922e-01 9.969170093536376953e-01
6.338593959808349609e-01 7.286208271980285645e-01
7.142441868782043457e-01 5.937971472740173340e-01
7.801023125648498535e-02 7.401940971612930298e-02
6.261418461799621582e-01 4.045159816741943359e-01
7.078083604574203491e-02 9.588348269462585449e-01
6.811260581016540527e-01 2.477766126394271851e-01
9.840340018272399902e-01 9.610629081726074219e-01
8.009057641029357910e-01 6.413522958755493164e-01
2.082385867834091187e-01 1.992655247449874878e-01
1.196063682436943054e-01 8.023008704185485840e-01
7.669593095779418945e-01 5.343849658966064453e-01
6.443645954132080078e-01 2.249794751405715942e-01
1.458339393138885498e-01 8.884041309356689453e-01
1.156146228313446045e-01 9.774373173713684082e-01
9.495295286178588867e-01 2.965150773525238037e-01
3.266637027263641357e-02 2.900506556034088135e-02
7.154390215873718262e-01 4.079475402832031250e-01
4.895403385162353516e-01 8.299035429954528809e-01
3.966219723224639893e-01 9.281309247016906738e-01
5.497806668281555176e-01 7.038778066635131836e-01
7.746410965919494629e-01 9.706552624702453613e-01
3.771876990795135498e-01 9.757068157196044922e-01
4.996841549873352051e-01 8.900712430477142334e-02
6.978588104248046875e-01 1.495731621980667114e-01
9.333435893058776855e-01 6.520249843597412109e-01
2.371944338083267212e-01 9.890612959861755371e-01
8.272469043731689453e-01 6.384056806564331055e-02
8.104425668716430664e-01 9.379280209541320801e-01
3.957492113113403320e-01 3.705666661262512207e-01
2.240722179412841797e-01 1.578004360198974609e-01
5.002858638763427734e-01 5.075474455952644348e-02
5.443058609962463379e-01 9.099982976913452148e-01
1.178552731871604919e-01 8.810989856719970703e-01
8.805610984563827515e-02 5.592696070671081543e-01
2.573985792696475983e-02 7.252025604248046875e-01
9.825770258903503418e-01 9.849963784217834473e-01
1.333405077457427979e-01 5.429337024688720703e-01
6.849692463874816895e-01 9.749485254287719727e-01
3.827053904533386230e-01 6.677958369255065918e-01
2.392766177654266357e-01 9.582977294921875000e-01
3.084174990653991699e-01 8.735441565513610840e-01
2.259925305843353271e-01 4.166374504566192627e-01
9.085548520088195801e-01 6.882284879684448242e-01
3.765326142311096191e-01 6.493600010871887207e-01
2.728820443153381348e-01 8.216871023178100586e-01
6.697902679443359375e-01 8.508210778236389160e-01
6.562306880950927734e-01 2.306726872920989990e-01
5.095884203910827637e-01 6.568003296852111816e-01
4.016174972057342529e-01 4.468536376953125000e-01
8.478320837020874023e-01 8.956908583641052246e-01
1.904816180467605591e-01 1.109601557254791260e-01
6.120786070823669434e-01 9.252825379371643066e-01
5.552304983139038086e-01 8.787209987640380859e-01
1.011871099472045898e-01 8.666751980781555176e-01
5.281001329421997070e-01 9.312180280685424805e-01
6.149709690362215042e-03 3.651404082775115967e-01
8.115341663360595703e-01 3.985740840435028076e-01
8.938655853271484375e-01 4.306247830390930176e-01
6.747817993164062500e-02 1.285430043935775757e-01
4.631990492343902588e-01 1.934630870819091797e-01
7.539422512054443359e-01 2.436161041259765625e-01
3.623694777488708496e-01 5.272253155708312988e-01
2.480880320072174072e-01 3.559212386608123779e-01
9.830595850944519043e-01 1.979463696479797363e-01
2.858454287052154541e-01 1.173703446984291077e-01
6.625069975852966309e-01 2.065849304199218750e-02
2.312716692686080933e-01 5.240306258201599121e-01
6.683295965194702148e-01 9.074189066886901855e-01
2.340429276227951050e-01 3.641018643975257874e-03
5.642490983009338379e-01 8.541305661201477051e-01
5.804661512374877930e-01 3.177372813224792480e-01
2.945205867290496826e-01 9.809944629669189453e-01
1.899001002311706543e-01 3.661396205425262451e-01
3.872675895690917969e-01 9.034592509269714355e-01
8.651466369628906250e-01 5.918560624122619629e-01
8.611376881599426270e-01 9.241582751274108887e-01
8.375126719474792480e-01 9.813613891601562500e-01
8.376954197883605957e-01 2.896141707897186279e-01
7.448359131813049316e-01 4.200546741485595703e-01
1.915251612663269043e-01 1.716336118988692760e-03
7.555645108222961426e-01 6.036714315414428711e-01
6.892337203025817871e-01 5.222446918487548828e-01
6.860018968582153320e-01 6.908893585205078125e-01
9.182010293006896973e-01 7.151976823806762695e-01
4.780919551849365234e-01 3.705644607543945312e-02
4.440010488033294678e-01 8.255783319473266602e-01
4.803049266338348389e-01 2.536484003067016602e-01
5.041351318359375000e-01 9.915811419486999512e-01
6.057605147361755371e-01 1.006936728954315186e-01
4.011248350143432617e-01 5.275426506996154785e-01
3.198954761028289795e-01 5.123617649078369141e-01
9.151862263679504395e-01 4.995137453079223633e-01
1.107424572110176086e-01 9.507228136062622070e-01
4.787821769714355469e-01 2.540076673030853271e-01
7.941991090774536133e-01 6.608179807662963867e-01
8.679646253585815430e-01 5.612747073173522949e-01
3.527018427848815918e-01 2.867500483989715576e-01
2.970966100692749023e-01 4.376790523529052734e-01
4.585576951503753662e-01 4.868459403514862061e-01
5.115283280611038208e-02 8.814967274665832520e-01
5.108242034912109375e-01 8.762132525444030762e-01
7.527561783790588379e-01 9.504535198211669922e-01
7.591129839420318604e-02 8.097118139266967773e-01
3.534261584281921387e-01 7.267414331436157227e-01
5.775062441825866699e-01 8.785723447799682617e-01
6.994341611862182617e-01 1.650823056697845459e-01
2.805169224739074707e-01 3.573159873485565186e-02
9.326964020729064941e-01 9.594278931617736816e-01
8.990150094032287598e-01 9.614738076925277710e-02
6.960556656122207642e-02 1.199738457798957825e-01
4.066610932350158691e-01 9.779648780822753906e-01
3.918077796697616577e-02 6.840274482965469360e-02
3.914097845554351807e-01 8.008182048797607422e-02
5.196710824966430664e-01 9.707351922988891602e-01
9.312484264373779297e-01 4.266340434551239014e-01
2.747242450714111328e-01 7.614036202430725098e-01
4.552812278270721436e-01 2.442287206649780273e-01
5.149297118186950684e-01 3.526412844657897949e-01
3.178213834762573242e-01 6.483982801437377930e-01
3.767919242382049561e-01 6.003730893135070801e-01
8.641897439956665039e-01 1.038158908486366272e-01
5.877253040671348572e-02 6.127620935440063477e-01
1.797128468751907349e-01 8.929487317800521851e-02
6.108165383338928223e-01 7.247490286827087402e-01
3.810105621814727783e-01 7.632122039794921875e-01
6.344729661941528320e-01 6.385862231254577637e-01
8.213160187005996704e-02 2.994741797447204590e-01
4.158765971660614014e-01 6.722927689552307129e-01
3.676731586456298828e-01 7.025125026702880859e-01
3.232266008853912354e-01 8.667708635330200195e-01
3.220181167125701904e-01 9.279858320951461792e-02
5.830810666084289551e-01 9.856342673301696777e-01
7.028963565826416016e-01 6.375959515571594238e-01
1.204626355320215225e-02 5.407739430665969849e-02
9.760171771049499512e-01 7.832140922546386719e-01
4.870050847530364990e-01 5.178531408309936523e-01
4.005723167210817337e-03 2.458645254373550415e-01
1.229373961687088013e-01 2.158876210451126099e-01
4.836008846759796143e-01 9.542948007583618164e-01
3.349922895431518555e-01 6.804852485656738281e-01
5.672082304954528809e-01 6.029003262519836426e-01
3.767509162425994873e-01 7.774727940559387207e-01
3.621968626976013184e-01 9.645522832870483398e-01
3.465630412101745605e-01 9.756230115890502930e-01
7.016739249229431152e-02 8.049446344375610352e-01
4.832310378551483154e-01 1.807090044021606445e-01
2.505155801773071289e-01 5.115365386009216309e-01
8.653967380523681641e-01 9.688567519187927246e-01
2.191181927919387817e-01 7.567009925842285156e-01
7.452713251113891602e-01 4.772817492485046387e-01
7.262877821922302246e-01 8.945893496274948120e-02
3.395152091979980469e-01 4.304274171590805054e-02
3.066855370998382568e-01 7.450146675109863281e-01
6.418320536613464355e-01 8.164757490158081055e-01
4.228040575981140137e-01 4.034954309463500977e-01
1.185239851474761963e-01 3.216001987457275391e-01
4.189356565475463867e-01 4.473624527454376221e-01
3.708853423595428467e-01 9.603762030601501465e-01
1.197508797049522400e-01 8.114588260650634766e-01
3.801110759377479553e-02 3.147875890135765076e-02
5.351212620735168457e-01 6.112749576568603516e-01
6.355110555887222290e-02 6.413557529449462891e-01
5.892649888992309570e-01 3.307851552963256836e-01
3.772448599338531494e-01 2.482931017875671387e-01
2.461344152688980103e-01 7.871415615081787109e-01
8.135861158370971680e-01 5.210156440734863281e-01
1.367432773113250732e-01 2.036063671112060547e-01
6.554607152938842773e-01 5.939223766326904297e-01
4.744881391525268555e-02 7.227165102958679199e-01
9.195985198020935059e-01 6.559919118881225586e-01
7.642381787300109863e-01 8.271449804306030273e-01
8.614863157272338867e-01 3.357191681861877441e-01
5.278177931904792786e-02 7.434514164924621582e-01
4.220942556858062744e-01 3.828788995742797852e-01
