7.349374890327453613e-01 6.768707036972045898e-01
1.312229782342910767e-01 2.956225872039794922e-01
8.641337752342224121e-01 8.970748782157897949e-01
5.600386857986450195e-01 3.246243298053741455e-01
5.549749732017517090e-01 5.327633023262023926e-01
3.121411502361297607e-01 3.305657207965850830e-01
3.477085530757904053e-01 2.372136563062667847e-01
9.920403361320495605e-02 2.168177664279937744e-01
1.200427487492561340e-01 7.286362051963806152e-01
6.526015400886535645e-01 2.788136899471282959e-01
1.804075837135314941e-01 3.107708990573883057e-01
4.421834945678710938e-01 4.339307844638824463e-01
5.316550657153129578e-02 5.305179953575134277e-02
6.645741462707519531e-01 3.401089012622833252e-01
5.883871912956237793e-01 5.629435777664184570e-01
5.444825291633605957e-01 4.642703533172607422e-01
5.258365869522094727e-01 5.458990335464477539e-01
5.009341835975646973e-01 9.140625596046447754e-01
1.332426369190216064e-01 4.675733149051666260e-01
3.079666793346405029e-01 6.321442127227783203e-02
9.473699927330017090e-01 4.883317053318023682e-01
2.000948041677474976e-01 6.435073018074035645e-01
1.764722168445587158e-01 4.388789832592010498e-01
3.622882962226867676e-01 7.680104970932006836e-01
5.048866868019104004e-01 3.717824518680572510e-01
7.131778001785278320e-01 3.834170997142791748e-01
4.446831997483968735e-03 6.431183815002441406e-01
7.892141342163085938e-01 7.061901688575744629e-01
9.772866368293762207e-01 4.056821763515472412e-01
2.689566612243652344e-01 3.404464721679687500e-01
6.963048577308654785e-01 1.600428521633148193e-01
4.961652755737304688e-01 4.627862870693206787e-01
7.180442810058593750e-01 3.659860044717788696e-02
7.288706898689270020e-01 4.101008921861648560e-02
7.728452086448669434e-01 9.695355892181396484e-01
9.951872751116752625e-03 5.904682874679565430e-01
7.704008221626281738e-01 5.322771072387695312e-01
7.246643900871276855e-01 3.026663959026336670e-01
4.859111309051513672e-01 9.738427996635437012e-01
9.351498484611511230e-01 2.396650016307830811e-01
8.446056246757507324e-01 6.288827061653137207e-01
6.829944252967834473e-01 1.410211771726608276e-01
6.433339118957519531e-01 4.808903858065605164e-02
8.471313863992691040e-02 7.579857707023620605e-01
2.949753999710083008e-01 2.522498369216918945e-01
9.294160604476928711e-01 1.582739502191543579e-01
8.576074838638305664e-01 5.478120446205139160e-01
3.413499295711517334e-01 3.465440869331359863e-01
2.048147916793823242e-01 2.627382576465606689e-01
3.799557089805603027e-01 1.957098841667175293e-01
9.836548566818237305e-01 7.643526792526245117e-01
1.220972388982772827e-01 8.028997778892517090e-01
5.551851987838745117e-01 8.573803901672363281e-01
2.441796846687793732e-02 2.234529405832290649e-01
9.742624759674072266e-01 1.019065901637077332e-01
4.007915854454040527e-01 2.906148731708526611e-01
4.836471676826477051e-01 6.762379407882690430e-01
2.120864242315292358e-01 5.415882468223571777e-01
3.930207192897796631e-01 6.758028268814086914e-01
8.860128521919250488e-01 9.078035354614257812e-01
2.819851636886596680e-01 6.478006839752197266e-01
4.153576195240020752e-01 5.139995813369750977e-01
9.243855476379394531e-01 3.901563212275505066e-02
2.873512543737888336e-02 1.122799366712570190e-01
9.676862359046936035e-01 6.551804542541503906e-01
1.266525387763977051e-01 5.440561771392822266e-01
4.500335156917572021e-01 1.814651936292648315e-01
2.928080260753631592e-01 2.008095532655715942e-01
6.268530488014221191e-01 7.410668730735778809e-01
3.812360167503356934e-01 4.679093956947326660e-01
3.245522677898406982e-01 9.758011698722839355e-01
8.197273313999176025e-02 3.034721612930297852e-01
1.847376860678195953e-02 2.999931573867797852e-01
8.702342957258224487e-02 1.359920389950275421e-02
8.012238144874572754e-01 3.293222486972808838e-01
8.921368122100830078e-01 9.684138298034667969e-01
1.298704594373703003e-01 2.107919007539749146e-01
9.463377594947814941e-01 7.575618624687194824e-01
9.979001283645629883e-01 1.363303512334823608e-01
3.747878670692443848e-01 1.002183705568313599e-01
7.783067226409912109e-01 3.410508036613464355e-01
9.276533722877502441e-01 8.531704545021057129e-01
1.328594684600830078e-01 3.184366524219512939e-01
9.888282418251037598e-01 3.452720940113067627e-01
3.516694605350494385e-01 2.484221905469894409e-01
9.779719114303588867e-01 6.552289123646914959e-04
9.472593069076538086e-01 5.937263369560241699e-01
1.304837763309478760e-01 7.486621141433715820e-01
2.085189372301101685e-01 4.931145310401916504e-01
7.469632625579833984e-01 8.971269130706787109e-01
5.559533238410949707e-01 7.589402198791503906e-01
6.860834360122680664e-01 3.533081710338592529e-01
7.778815031051635742e-01 9.796420931816101074e-01
6.420468688011169434e-01 2.232265770435333252e-01
9.252405166625976562e-01 7.604135274887084961e-01
2.503468692302703857e-01 8.919910192489624023e-01
2.293101698160171509e-01 5.936452746391296387e-01
7.187249511480331421e-02 7.711035609245300293e-01
1.153394505381584167e-01 6.054095178842544556e-02
1.712123453617095947e-01 3.518900871276855469e-01
6.679634451866149902e-01 1.697502732276916504e-01
9.937839210033416748e-02 8.532778620719909668e-01
8.249663114547729492e-01 4.252002537250518799e-01
8.986321687698364258e-01 7.203894853591918945e-02
5.564193129539489746e-01 4.790286067873239517e-03
5.363677740097045898e-01 9.410626292228698730e-01
1.701316386461257935e-01 1.777921617031097412e-01
7.675800919532775879e-01 4.016797840595245361e-01
9.239885807037353516e-01 4.606626927852630615e-01
9.143610596656799316e-01 1.310141235589981079e-01
2.159558236598968506e-01 4.624487161636352539e-01
8.986303806304931641e-01 7.551457881927490234e-01
8.178811669349670410e-01 9.629962444305419922e-01
7.835156917572021484e-01 7.637935280799865723e-01
1.432279199361801147e-01 3.290984630584716797e-01
1.712092608213424683e-01 3.979794681072235107e-01
5.595661401748657227e-01 1.645653247833251953e-01
7.324436902999877930e-01 2.686226367950439453e-01
9.195393323898315430e-01 2.338761836290359497e-01
2.380450516939163208e-01 9.916249513626098633e-01
8.356378674507141113e-01 9.467422366142272949e-01
7.194899916648864746e-01 7.331851124763488770e-01
5.041720867156982422e-01 8.210381269454956055e-01
9.871030449867248535e-01 2.333808839321136475e-01
2.041717618703842163e-01 3.646451830863952637e-01
6.700746417045593262e-01 2.826558649539947510e-01
7.519506216049194336e-01 5.561633706092834473e-01
5.252894163131713867e-01 5.195341706275939941e-01
5.100252628326416016e-01 3.328726589679718018e-01
5.580474138259887695e-01 7.538540363311767578e-01
9.664613604545593262e-01 2.972880601882934570e-01
7.641596198081970215e-01 9.538646340370178223e-01
1.966302692890167236e-01 4.620987176895141602e-01
8.524057269096374512e-02 1.935857385396957397e-01
7.080986499786376953e-01 2.474640011787414551e-01
6.604887247085571289e-01 9.628140926361083984e-01
2.767350077629089355e-01 1.018203720450401306e-01
1.932289823889732361e-02 3.542874157428741455e-01
6.550419926643371582e-01 2.851948738098144531e-01
3.284782469272613525e-01 1.320987939834594727e-01
1.150154694914817810e-01 6.679301857948303223e-01
5.314949154853820801e-01 2.345785796642303467e-01
8.591743111610412598e-01 8.765833973884582520e-01
5.969241261482238770e-01 1.138691306114196777e-01
1.551961898803710938e-01 1.959706991910934448e-01
8.100377917289733887e-01 1.360671669244766235e-01
5.957025289535522461e-01 1.178141608834266663e-01
3.560842871665954590e-01 5.236492753028869629e-01
6.159567832946777344e-01 9.394499659538269043e-01
8.612424135208129883e-01 3.323631584644317627e-01
2.799694836139678955e-01 4.557256698608398438e-01
4.519076645374298096e-01 1.179843470454216003e-01
1.949335187673568726e-01 6.901606321334838867e-01
9.188206195831298828e-01 2.320679128170013428e-01
7.464214563369750977e-01 6.913576722145080566e-01
8.981787562370300293e-01 7.456863522529602051e-01
9.192517995834350586e-01 8.790166378021240234e-01
2.816902399063110352e-01 2.256001681089401245e-01
5.462539792060852051e-01 7.107763886451721191e-01
5.024381098337471485e-04 9.001123905181884766e-01
8.189952373504638672e-01 6.495522260665893555e-01
8.697054982185363770e-01 3.745329678058624268e-01
8.522288501262664795e-02 4.590137302875518799e-01
7.119539380073547363e-01 7.936612367630004883e-01
2.025953829288482666e-01 9.746379852294921875e-01
8.592861294746398926e-01 6.083928942680358887e-01
9.583959579467773438e-01 5.002094507217407227e-01
4.298456013202667236e-01 1.246625781059265137e-01
8.333217501640319824e-01 6.853203177452087402e-01
8.950914740562438965e-01 6.687303185462951660e-01
2.521063089370727539e-01 7.582613825798034668e-01
4.376875460147857666e-01 3.871058672666549683e-02
7.106621265411376953e-01 7.618199288845062256e-02
3.241838514804840088e-01 2.261543124914169312e-01
5.776531696319580078e-01 2.703061103820800781e-01
8.072287440299987793e-01 2.000793963670730591e-01
9.858722984790802002e-02 1.951410919427871704e-01
2.466067969799041748e-01 3.747448623180389404e-01
9.267487525939941406e-01 7.815147638320922852e-01
9.511016011238098145e-01 9.706367552280426025e-02
7.946317642927169800e-02 3.922855257987976074e-01
8.095495104789733887e-01 5.917627215385437012e-01
8.533223718404769897e-02 2.388578802347183228e-01
8.416404724121093750e-01 8.926281332969665527e-02
5.759341269731521606e-02 4.778268635272979736e-01
2.511639595031738281e-01 5.143427848815917969e-02
7.176092863082885742e-01 2.167237997055053711e-01
8.672561049461364746e-01 4.072198271751403809e-02
5.571496486663818359e-01 7.268767952919006348e-01
4.654564335942268372e-02 1.704050302505493164e-01
7.253055572509765625e-01 2.272527217864990234e-01
3.073524832725524902e-01 7.133952975273132324e-01
6.280027627944946289e-01 8.672959208488464355e-01
4.801211059093475342e-01 8.878564238548278809e-01
5.334142446517944336e-01 3.150832056999206543e-01
9.671174287796020508e-01 2.246671169996261597e-02
9.828372001647949219e-01 5.714336782693862915e-02
3.029485642910003662e-01 2.169701308012008667e-01
9.517991542816162109e-01 5.726003050804138184e-01
2.813382744789123535e-01 7.303883135318756104e-02
7.077460289001464844e-01 9.613674283027648926e-01
9.464446902275085449e-01 3.417293773964047432e-03
8.825651407241821289e-01 1.409237533807754517e-01
2.326107621192932129e-01 1.667696833610534668e-01
7.735654115676879883e-01 9.925226569175720215e-01
6.516481637954711914e-01 6.150228977203369141e-01
6.660734415054321289e-01 1.509989500045776367e-01
7.992157340049743652e-01 3.566560745239257812e-01
7.542461901903152466e-02 8.884007930755615234e-01
3.899761140346527100e-01 8.503627181053161621e-01
8.229719996452331543e-01 5.164754390716552734e-01
2.919310331344604492e-01 3.592746853828430176e-01
8.728667497634887695e-01 8.389034271240234375e-01
4.452831447124481201e-01 4.805436432361602783e-01
3.217623233795166016e-01 8.087749481201171875e-01
9.144752472639083862e-02 7.242629528045654297e-01
7.276514172554016113e-02 5.667703747749328613e-01
1.483398675918579102e-01 6.392989754676818848e-01
8.607432246208190918e-01 3.880597352981567383e-01
2.447698265314102173e-01 4.159355163574218750e-01
5.830659866333007812e-01 4.824527800083160400e-01
2.123207598924636841e-01 4.420744180679321289e-01
4.688789546489715576e-01 7.369543910026550293e-01
3.479087948799133301e-01 5.719435811042785645e-01
5.634732246398925781e-01 6.469367146492004395e-01
4.726386666297912598e-01 8.305220603942871094e-01
4.837938398122787476e-02 5.595715045928955078e-01
4.225959181785583496e-01 9.117026329040527344e-01
2.431424707174301147e-01 2.333763539791107178e-01
7.942798733711242676e-01 2.036330401897430420e-01
9.870928525924682617e-01 2.159931324422359467e-02
4.743480086326599121e-01 5.510417222976684570e-01
6.054838299751281738e-01 2.265016920864582062e-02
1.418801844120025635e-01 1.041160598397254944e-01
9.922325611114501953e-01 3.650333359837532043e-02
3.521130979061126709e-01 5.875278115272521973e-01
2.340993136167526245e-01 6.528739333152770996e-01
6.317582130432128906e-01 3.282006382942199707e-01
9.976437091827392578e-01 6.763274967670440674e-02
2.984161674976348877e-01 8.448477387428283691e-01
4.004703462123870850e-01 7.255271673202514648e-01
6.086378693580627441e-01 7.649953365325927734e-01
6.680825352668762207e-01 8.860883116722106934e-01
5.782821178436279297e-01 6.339781880378723145e-01
4.157539904117584229e-01 2.221024930477142334e-01
3.993047773838043213e-01 9.573975205421447754e-01
6.492174863815307617e-01 1.325963437557220459e-01
7.305865883827209473e-01 8.346610702574253082e-03
9.686220288276672363e-01 1.328528821468353271e-01
3.626886308193206787e-01 2.351786643266677856e-01
7.539345026016235352e-01 7.649211585521697998e-02
6.421070694923400879e-01 8.453535437583923340e-01
4.972060322761535645e-01 8.698812127113342285e-01
3.800470530986785889e-01 6.732237935066223145e-01
1.999040395021438599e-01 8.759481906890869141e-01
1.257389783859252930e-01 2.750209271907806396e-01
6.853822469711303711e-01 8.126695156097412109e-01
4.076941907405853271e-01 1.903897970914840698e-01
4.412533342838287354e-01 4.827594757080078125e-01
8.027642369270324707e-01 1.159665640443563461e-02
4.617158770561218262e-01 8.925932049751281738e-01
1.503850519657135010e-01 2.573749721050262451e-01
9.743103981018066406e-01 5.412550568580627441e-01
5.447387695312500000e-01 3.542576730251312256e-01
1.640157103538513184e-01 7.314009070396423340e-01
8.924465775489807129e-01 8.721568584442138672e-01
7.465010881423950195e-01 9.556790590286254883e-01
7.791634798049926758e-01 6.062031388282775879e-01
1.430855244398117065e-01 1.170210838317871094e-01
7.028718590736389160e-01 2.985987365245819092e-01
6.033264994621276855e-01 2.398512065410614014e-01
1.241182535886764526e-01 1.387946754693984985e-01
6.787267923355102539e-01 5.277560949325561523e-01
5.073721408843994141e-01 2.819453775882720947e-01
5.605148673057556152e-01 7.107322216033935547e-01
3.389390558004379272e-02 5.479185581207275391e-01
2.874442934989929199e-01 2.617772817611694336e-01
4.390612989664077759e-02 8.647100925445556641e-01
7.813048362731933594e-01 5.283359885215759277e-01
3.612871170043945312e-01 2.184592038393020630e-01
7.296169996261596680e-01 6.488121151924133301e-01
4.484409987926483154e-01 9.895211458206176758e-01
6.010079383850097656e-01 4.169312492012977600e-02
4.409249722957611084e-01 9.862531721591949463e-02
5.993999242782592773e-01 8.390023112297058105e-01
9.612840414047241211e-01 1.633758842945098877e-01
1.651817262172698975e-01 9.283487796783447266e-01
3.097458481788635254e-01 3.488582372665405273e-01
6.455902457237243652e-01 2.853079698979854584e-02
8.926261067390441895e-01 7.512891888618469238e-01
3.231616914272308350e-01 2.669155895709991455e-01
2.297107875347137451e-01 1.861184388399124146e-01
8.363866060972213745e-02 4.843149185180664062e-01
6.608024835586547852e-01 1.606740951538085938e-01
4.417745172977447510e-01 4.003675878047943115e-01
3.280376493930816650e-01 7.579507231712341309e-01
3.982604146003723145e-01 9.926558136940002441e-01
4.066255986690521240e-01 3.632955998182296753e-02
7.826727628707885742e-01 1.963614821434020996e-01
5.274801850318908691e-01 4.408465027809143066e-01
6.100105643272399902e-01 8.454024791717529297e-01
4.670200645923614502e-01 9.395931959152221680e-01
7.896636128425598145e-01 8.717380762100219727e-01
7.547373175621032715e-01 2.532129883766174316e-01
8.540820479393005371e-01 8.319938182830810547e-01
4.379583597183227539e-01 7.595803588628768921e-02
2.601050138473510742e-01 6.501416563987731934e-01
3.880065083503723145e-01 9.738926887512207031e-01
1.535701900720596313e-01 1.933126300573348999e-01
2.852948904037475586e-01 4.918885231018066406e-01
8.259615302085876465e-01 1.065777242183685303e-01
3.275834619998931885e-01 1.156577691435813904e-01
2.867164015769958496e-01 6.878430396318435669e-02
5.755838751792907715e-01 2.692213654518127441e-01
3.965744674205780029e-01 7.128821611404418945e-01
7.174502015113830566e-01 3.648721575736999512e-01
7.744390368461608887e-01 3.115383535623550415e-02
8.587458133697509766e-01 1.290188282728195190e-01
1.307924538850784302e-01 4.775214791297912598e-01
1.569435149431228638e-01 1.393711268901824951e-01
4.022894799709320068e-01 1.147787272930145264e-01
9.612348675727844238e-01 5.727869868278503418e-01
5.073089599609375000e-01 1.760754138231277466e-01
3.663895428180694580e-01 8.175867199897766113e-01
5.719713568687438965e-01 9.267539978027343750e-01
4.924339652061462402e-01 3.515551984310150146e-02
5.207844972610473633e-01 5.636221766471862793e-01
6.779738068580627441e-01 4.819235801696777344e-01
7.073547244071960449e-01 4.109545350074768066e-01
5.379864573478698730e-01 9.835903048515319824e-01
2.419372648000717163e-01 1.228317767381668091e-01
6.600872874259948730e-01 9.229915142059326172e-01
6.141786575317382812e-01 8.453981280326843262e-01
3.536342978477478027e-01 5.704399943351745605e-01
5.618140697479248047e-01 6.394914537668228149e-02
2.311109304428100586e-01 5.072831511497497559e-01
8.866769075393676758e-01 5.943957250565290451e-03
5.756959319114685059e-01 8.720139861106872559e-01
7.846826910972595215e-01 6.847963929176330566e-01
1.888337433338165283e-01 8.249311447143554688e-01
4.482631981372833252e-01 1.911336034536361694e-01
3.397418558597564697e-01 6.870223879814147949e-01
2.567560076713562012e-01 4.109657704830169678e-01
8.675824403762817383e-01 2.902957499027252197e-01
5.503723025321960449e-01 9.662234187126159668e-01
4.961188733577728271e-01 9.552624821662902832e-01
8.010976314544677734e-01 5.186344981193542480e-01
2.914523007348179817e-03 6.324530839920043945e-01
6.395365595817565918e-01 6.136000752449035645e-01
5.574309453368186951e-02 3.989532291889190674e-01
8.339182138442993164e-01 3.709837198257446289e-01
8.054302930831909180e-01 6.861148476600646973e-01
8.119779825210571289e-01 4.434084892272949219e-01
8.180919885635375977e-01 3.830657005310058594e-01
8.779621720314025879e-01 3.275261521339416504e-01
2.219220399856567383e-01 4.526408910751342773e-01
7.949838042259216309e-01 1.349610984325408936e-01
1.405895799398422241e-01 3.875774443149566650e-01
1.020926460623741150e-01 3.137984275817871094e-01
7.893431782722473145e-01 1.213417574763298035e-01
2.710318863391876221e-01 1.413452923297882080e-01
4.326874613761901855e-01 2.583094835281372070e-01
4.546357691287994385e-01 9.376270174980163574e-01
1.171950623393058777e-01 8.220050334930419922e-01
5.508757233619689941e-01 8.237578868865966797e-01
4.914831817150115967e-01 3.601481020450592041e-01
1.224724352359771729e-01 8.048477768898010254e-01
7.143025994300842285e-01 5.470671057701110840e-01
5.227789878845214844e-01 3.275164663791656494e-01
3.573773801326751709e-01 7.832591533660888672e-01
3.581486642360687256e-02 1.943848580121994019e-01
8.618367910385131836e-01 3.014948219060897827e-02
4.440822005271911621e-01 6.120491623878479004e-01
2.251696437597274780e-01 1.772918552160263062e-02
1.916122287511825562e-01 7.544263601303100586e-01
7.682326436042785645e-01 3.383243680000305176e-01
8.856815695762634277e-01 4.795493185520172119e-01
5.419474840164184570e-01 8.642809987068176270e-01
3.941771388053894043e-01 2.492188066244125366e-01
4.499730095267295837e-02 8.612335920333862305e-01
5.320742726325988770e-01 7.015385031700134277e-01
4.264781475067138672e-01 7.017310261726379395e-01
5.612422823905944824e-01 8.816313743591308594e-01
6.665922403335571289e-01 1.220439150929450989e-01
3.541761338710784912e-01 2.044604271650314331e-01
3.834260404109954834e-01 5.535857677459716797e-01
6.274156570434570312e-01 9.773648977279663086e-01
4.666497111320495605e-01 3.001056611537933350e-01
2.318620979785919189e-01 9.717029929161071777e-01
9.237431883811950684e-01 2.781307697296142578e-01
9.053981304168701172e-01 3.916803002357482910e-01
2.022047340869903564e-01 6.933161616325378418e-01
9.381480813026428223e-01 1.684224605560302734e-01
5.549761652946472168e-01 3.073686957359313965e-01
5.612084269523620605e-01 8.538383841514587402e-01
8.789421319961547852e-01 2.921277582645416260e-01
7.938886880874633789e-01 6.629101186990737915e-02
5.517068505287170410e-01 5.485018491744995117e-01
2.305276542901992798e-01 5.194802284240722656e-01
4.566900730133056641e-01 3.798311054706573486e-01
5.382771492004394531e-01 2.762775719165802002e-01
1.402778923511505127e-01 2.596414983272552490e-01
2.031828761100769043e-01 5.861884951591491699e-01
1.642301380634307861e-01 4.790838360786437988e-01
3.872902691364288330e-01 1.570150703191757202e-01
4.665573537349700928e-01 2.342929989099502563e-01
7.080789655447006226e-02 8.611620068550109863e-01
9.362378716468811035e-01 1.696102768182754517e-01
4.733740091323852539e-01 7.764510512351989746e-01
6.737836599349975586e-01 2.910259962081909180e-01
1.633628904819488525e-01 8.990911245346069336e-01
7.638856172561645508e-01 4.591446518898010254e-01
8.141092658042907715e-01 1.757095605134963989e-01
1.924786716699600220e-01 1.750991791486740112e-01
7.189642190933227539e-01 8.931291103363037109e-01
8.528087139129638672e-01 2.470625936985015869e-01
8.337586522102355957e-01 3.751307129859924316e-01
5.116949081420898438e-01 1.930422931909561157e-01
9.627665281295776367e-01 2.272379696369171143e-01
2.800443172454833984e-01 5.771872997283935547e-01
4.223498404026031494e-01 1.807199865579605103e-01
1.028506606817245483e-01 1.939448863267898560e-01
1.206876710057258606e-01 9.936351776123046875e-01
5.755119323730468750e-01 7.349690794944763184e-02
9.113612771034240723e-01 4.052505791187286377e-01
7.375909090042114258e-01 5.131569132208824158e-02
8.991494178771972656e-01 7.257152795791625977e-01
3.323856890201568604e-01 2.183949649333953857e-01
3.375059366226196289e-01 7.067378163337707520e-01
5.282806754112243652e-01 5.519124865531921387e-01
6.618342399597167969e-01 7.461907863616943359e-01
5.512772202491760254e-01 4.002194702625274658e-01
5.902117490768432617e-01 4.862903654575347900e-01
1.980112195014953613e-01 2.813822627067565918e-01
9.090178012847900391e-01 1.395795047283172607e-01
7.759394049644470215e-01 4.514977931976318359e-01
8.657615184783935547e-01 4.553021490573883057e-01
4.133129417896270752e-01 3.411004543304443359e-01
7.872907519340515137e-01 7.079333662986755371e-01
7.871816754341125488e-01 2.023358643054962158e-01
1.054753959178924561e-01 7.326511144638061523e-01
8.009361624717712402e-01 5.409062504768371582e-01
1.679669022560119629e-01 3.411582708358764648e-01
7.043961882591247559e-01 9.755607247352600098e-01
3.210294842720031738e-01 8.117329329252243042e-02
2.945451736450195312e-01 4.736969992518424988e-02
5.826078057289123535e-01 6.656332015991210938e-01
1.496168226003646851e-01 8.633458018302917480e-01
1.643024384975433350e-01 6.610293388366699219e-01
4.171404987573623657e-02 3.752020299434661865e-01
7.862015366554260254e-01 9.623940587043762207e-01
1.624862253665924072e-01 3.478335142135620117e-01
9.888064861297607422e-01 7.574566006660461426e-01
1.768710017204284668e-01 6.689768433570861816e-01
5.718860030174255371e-01 3.403613111004233360e-03
5.207150578498840332e-01 9.301826357841491699e-01
9.547835588455200195e-02 3.734505772590637207e-01
9.571941494941711426e-01 3.859590888023376465e-01
5.989315509796142578e-01 6.637244671583175659e-02
7.445182204246520996e-01 6.339107751846313477e-01
6.630072593688964844e-01 6.127701997756958008e-01
3.689818084239959717e-01 6.323387026786804199e-01
9.106763005256652832e-01 5.024632215499877930e-01
9.769895076751708984e-01 4.700122177600860596e-01
2.337396442890167236e-01 4.536277949810028076e-01
1.985874474048614502e-01 3.313238620758056641e-01
5.740642547607421875e-01 3.260359168052673340e-02
4.870072603225708008e-01 9.254164695739746094e-01
9.940788149833679199e-01 2.942016124725341797e-01
6.974311470985412598e-01 3.122375011444091797e-01
2.451982945203781128e-01 9.366356730461120605e-01
8.904020488262176514e-02 4.251578748226165771e-01
9.781500101089477539e-01 5.289459824562072754e-01
5.059205293655395508e-01 1.868555992841720581e-01
2.030977280810475349e-03 4.059227705001831055e-01
9.432145953178405762e-01 4.190544784069061279e-01
3.166785538196563721e-01 6.119652390480041504e-01
9.759369492530822754e-01 2.354033887386322021e-01
8.240687847137451172e-01 8.338831663131713867e-01
9.407069683074951172e-01 9.492358565330505371e-02
8.842957615852355957e-01 4.432395100593566895e-01
3.361433446407318115e-01 5.474271774291992188e-01
2.051130682229995728e-01 7.360053062438964844e-01
9.765224456787109375e-01 7.529441118240356445e-01
4.184414148330688477e-01 1.263809204101562500e-01
8.104519844055175781e-01 7.085272073745727539e-01
2.051086165010929108e-02 3.412716388702392578e-01
4.315117299556732178e-01 5.990363359451293945e-01
3.646347522735595703e-01 2.979823574423789978e-02
4.075123965740203857e-01 9.540964961051940918e-01
5.017840862274169922e-01 5.423286557197570801e-01
1.260382384061813354e-01 8.996539115905761719e-01
3.351640701293945312e-01 3.102747797966003418e-01
4.908966720104217529e-01 1.598631292581558228e-01
6.952314376831054688e-01 5.975284576416015625e-01
3.510002195835113525e-01 4.683961570262908936e-01
6.943845152854919434e-01 1.074609160423278809e-01
4.882695674896240234e-01 5.830314159393310547e-01
8.736420273780822754e-01 6.601817607879638672e-01
5.345283746719360352e-01 2.953599989414215088e-01
3.633038103580474854e-01 4.365449845790863037e-01
8.629478216171264648e-01 9.482945203781127930e-01
5.173823833465576172e-01 3.417749106884002686e-01
3.610308514907956123e-03 6.812135577201843262e-01
1.364665031433105469e-01 7.016870975494384766e-01
8.347080647945404053e-02 2.830620296299457550e-02
4.662595987319946289e-01 3.390581309795379639e-01
2.791676819324493408e-01 6.265118718147277832e-01
8.430081605911254883e-01 4.820557236671447754e-01
3.207183182239532471e-01 7.838369607925415039e-01
4.498154520988464355e-01 2.245238795876502991e-02
8.086635470390319824e-01 8.092289566993713379e-01
4.879461228847503662e-01 6.357738375663757324e-02
4.182649850845336914e-01 8.864215016365051270e-01
7.123043537139892578e-01 5.613946318626403809e-01
7.057750821113586426e-01 5.668492913246154785e-01
5.509510040283203125e-01 1.823344677686691284e-01
4.872354865074157715e-01 8.818479776382446289e-01
6.179758310317993164e-01 8.590049743652343750e-01
8.052930235862731934e-01 8.704473376274108887e-01
9.419342875480651855e-01 1.495300233364105225e-01
6.199434995651245117e-01 9.332247972488403320e-01
7.844016551971435547e-01 9.631053805351257324e-01
6.657999753952026367e-01 6.767620444297790527e-01
2.158633917570114136e-01 9.573009014129638672e-01
7.388296723365783691e-01 7.257043570280075073e-02
3.926025629043579102e-01 3.622674643993377686e-01
3.720800951123237610e-02 4.055020213127136230e-01
5.305652022361755371e-01 8.437916040420532227e-01
3.571886718273162842e-01 2.157475352287292480e-01
7.770586013793945312e-01 2.961747646331787109e-01
4.800861775875091553e-01 7.086251378059387207e-01
6.267520785331726074e-01 2.872623130679130554e-02
9.512030482292175293e-01 3.038685321807861328e-01
1.844392418861389160e-01 4.378536343574523926e-02
8.699693679809570312e-01 6.492805480957031250e-01
4.554481804370880127e-01 6.393414735794067383e-01
9.329876303672790527e-01 2.413973957300186157e-01
3.577310442924499512e-01 3.899323642253875732e-01
7.442826628684997559e-01 3.422532379627227783e-01
3.041264116764068604e-01 5.125404000282287598e-01
5.576362609863281250e-01 3.376981616020202637e-01
8.379059433937072754e-01 8.264430612325668335e-02
8.539059758186340332e-01 2.735094428062438965e-01
6.573555469512939453e-01 1.086865365505218506e-01
1.277242302894592285e-01 4.084246456623077393e-01
6.655784249305725098e-01 5.151070952415466309e-01
4.909160733222961426e-01 6.692680120468139648e-01
6.711677908897399902e-01 9.754952788352966309e-01
3.649261295795440674e-01 3.768430650234222412e-01
9.348655939102172852e-01 3.961353600025177002e-01
6.704126000404357910e-01 4.238272905349731445e-01
3.834902942180633545e-01 7.507853209972381592e-02
6.632844805717468262e-01 5.079926252365112305e-01
2.480245009064674377e-02 5.375300645828247070e-01
1.692734211683273315e-01 4.285311996936798096e-01
2.959921061992645264e-01 2.305031120777130127e-01
8.381127119064331055e-01 4.881127476692199707e-01
5.886307358741760254e-01 1.510664522647857666e-01
2.629290707409381866e-02 8.481062054634094238e-01
4.554697275161743164e-01 9.993491172790527344e-01
7.494990229606628418e-01 9.606103301048278809e-01
5.704190731048583984e-01 8.117575049400329590e-01
8.911480307579040527e-01 8.679150342941284180e-01
8.251524567604064941e-01 6.138265728950500488e-01
5.221354961395263672e-01 5.768888816237449646e-02
1.614560484886169434e-01 3.051180839538574219e-01
4.935644865036010742e-01 8.508757948875427246e-01
8.680124878883361816e-01 4.453938081860542297e-02
4.514099955558776855e-01 6.790839433670043945e-01
7.882574200630187988e-01 5.432257652282714844e-01
9.659748077392578125e-01 2.775240540504455566e-01
9.882469773292541504e-01 3.634442389011383057e-02
6.883224248886108398e-01 9.872840642929077148e-01
5.815479159355163574e-01 4.220619332045316696e-03
6.507377624511718750e-01 7.484673857688903809e-01
2.323597110807895660e-02 4.708494842052459717e-01
6.910629272460937500e-01 9.294678568840026855e-01
9.082622528076171875e-01 4.501623287796974182e-02
5.904821157455444336e-01 9.483962655067443848e-01
3.941586315631866455e-01 3.665941953659057617e-01
4.963607490062713623e-01 9.213820099830627441e-01
7.189555764198303223e-01 8.138312697410583496e-01
4.317477345466613770e-01 8.092169761657714844e-01
4.896565675735473633e-01 2.488339692354202271e-01
9.088924527168273926e-01 1.121176220476627350e-02
5.277653336524963379e-01 3.782784342765808105e-01
4.558156728744506836e-01 9.462435841560363770e-01
9.324206113815307617e-01 7.270036339759826660e-01
1.194607764482498169e-01 5.179688930511474609e-01
6.876082420349121094e-01 6.933631300926208496e-01
5.352884531021118164e-01 5.890378952026367188e-01
3.511480391025543213e-01 2.765152454376220703e-01
7.370533943176269531e-01 3.403681218624114990e-01
2.730033993721008301e-01 5.729631707072257996e-02
3.334003388881683350e-01 5.571511387825012207e-01
6.604561209678649902e-01 7.470406889915466309e-01
4.205301702022552490e-01 8.741262555122375488e-01
7.940357923507690430e-01 3.680108785629272461e-01
9.526970982551574707e-01 2.172779142856597900e-01
8.964842557907104492e-01 8.761982321739196777e-01
5.013353824615478516e-01 4.238913953304290771e-01
1.110523045063018799e-01 2.402554899454116821e-01
9.316037297248840332e-01 9.882584214210510254e-01
1.311698406934738159e-01 8.152245879173278809e-01
5.786027312278747559e-01 2.496199756860733032e-01
8.542850613594055176e-01 1.429490298032760620e-01
8.529281020164489746e-01 4.421508312225341797e-01
7.599900364875793457e-01 4.416144490242004395e-01
8.362583518028259277e-01 1.732782721519470215e-01
9.294825792312622070e-01 8.998902514576911926e-03
9.882757663726806641e-01 7.643594145774841309e-01
1.051353514194488525e-01 3.245764672756195068e-01
9.764171838760375977e-01 8.297214508056640625e-01
9.349365830421447754e-01 2.960465848445892334e-02
6.285873055458068848e-01 8.449446558952331543e-01
2.194948121905326843e-02 5.112191438674926758e-01
3.429721593856811523e-01 8.362417221069335938e-01
3.455573022365570068e-01 6.008629202842712402e-01
7.651523947715759277e-01 3.474023938179016113e-01
3.328517377376556396e-01 9.973507374525070190e-02
8.433132767677307129e-01 5.842845886945724487e-02
1.534163206815719604e-01 1.864722818136215210e-01
7.210229039192199707e-01 9.558082818984985352e-01
2.107181251049041748e-01 1.966153532266616821e-01
9.270217418670654297e-01 9.504233300685882568e-02
9.901876449584960938e-01 6.989194154739379883e-01
9.142313897609710693e-02 9.750806689262390137e-01
5.552083849906921387e-01 8.101474046707153320e-01
3.629588782787322998e-01 3.827007412910461426e-01
9.567520618438720703e-01 3.871412277221679688e-01
5.517891049385070801e-01 8.211001753807067871e-01
8.391671776771545410e-01 9.072449756786227226e-05
5.908115506172180176e-01 1.827947646379470825e-01
7.892034053802490234e-01 3.116457760334014893e-01
9.140383005142211914e-01 3.024569712579250336e-02
9.598569273948669434e-01 4.604500234127044678e-01
8.191449046134948730e-01 3.478987216949462891e-01
6.683501601219177246e-01 3.361741304397583008e-01
3.201015889644622803e-01 8.176940679550170898e-01
6.633793711662292480e-01 9.802904725074768066e-01
8.649566769599914551e-01 5.250246524810791016e-01
2.183300554752349854e-01 6.805807352066040039e-01
8.189639449119567871e-02 1.098204925656318665e-01
2.583980262279510498e-01 9.056026935577392578e-01
6.330329179763793945e-01 6.686362028121948242e-01
6.243609786033630371e-01 9.939916729927062988e-01
9.096375107765197754e-01 6.791904568672180176e-01
1.373387128114700317e-02 3.627618551254272461e-01
1.422411878593266010e-03 3.211190402507781982e-01
1.441639214754104614e-01 6.589154154062271118e-02
6.824225187301635742e-01 6.790672540664672852e-01
3.843037784099578857e-02 7.729322463274002075e-02
3.156884312629699707e-01 8.172680735588073730e-01
3.566814661026000977e-01 3.229711651802062988e-01
5.068984031677246094e-01 1.776767373085021973e-01
1.240479126572608948e-01 7.533829808235168457e-01
3.331436216831207275e-02 1.238351017236709595e-01
8.846795558929443359e-01 2.719508707523345947e-01
6.075760722160339355e-01 6.405276060104370117e-01
4.679047465324401855e-01 4.285506904125213623e-01
2.747427523136138916e-01 6.285144090652465820e-01
1.333834975957870483e-01 7.414571046829223633e-01
6.838349103927612305e-01 8.906759321689605713e-02
7.599665522575378418e-01 7.345073223114013672e-01
5.227324962615966797e-01 8.262143135070800781e-01
2.733615785837173462e-02 7.497785091400146484e-01
8.803824782371520996e-01 1.049214750528335571e-01
7.399808168411254883e-01 2.300029098987579346e-01
9.469616413116455078e-01 7.741866111755371094e-01
7.738870978355407715e-01 5.386583209037780762e-01
4.760290086269378662e-01 9.926042556762695312e-01
3.169240057468414307e-01 2.973082363605499268e-01
1.472092270851135254e-01 8.070745319128036499e-02
4.295002520084381104e-01 1.942885816097259521e-01
8.224177956581115723e-01 3.040618449449539185e-02
1.608020067214965820e-01 2.341535538434982300e-01
6.352337598800659180e-01 2.610422074794769287e-01
9.512240290641784668e-01 2.819020859897136688e-02
7.203232645988464355e-01 5.623882412910461426e-01
8.910451084375381470e-02 7.559350728988647461e-01
1.991013288497924805e-01 8.205226063728332520e-01
9.916407465934753418e-01 4.840069711208343506e-01
9.678253531455993652e-02 1.346558630466461182e-01
1.586380153894424438e-01 3.465984761714935303e-01
3.473486602306365967e-01 7.217754721641540527e-01
7.326405495405197144e-02 9.723155498504638672e-01
3.714760839939117432e-01 2.716341316699981689e-01
1.250999271869659424e-01 5.179675221443176270e-01
7.382375597953796387e-01 8.472273349761962891e-01
5.676650404930114746e-01 3.794390559196472168e-01
7.567421197891235352e-01 1.513512581586837769e-01
9.018061161041259766e-01 8.088688850402832031e-01
4.108279049396514893e-01 6.291174292564392090e-01
3.493050038814544678e-01 3.116751313209533691e-01
8.755540251731872559e-01 1.142017170786857605e-01
8.061361312866210938e-02 7.540218830108642578e-01
8.966556191444396973e-01 1.142225340008735657e-01
2.632894515991210938e-01 6.467983126640319824e-01
5.616478919982910156e-01 2.458512783050537109e-01
9.848232269287109375e-01 7.982392311096191406e-01
3.791064023971557617e-01 4.921993613243103027e-01
1.655914634466171265e-01 5.469420179724693298e-02
4.534902572631835938e-01 4.693185985088348389e-01
2.409735172986984253e-01 2.575436830520629883e-01
7.629798054695129395e-01 1.544235348701477051e-01
8.429047465324401855e-01 2.849960327148437500e-01
5.002447366714477539e-01 3.002056777477264404e-01
9.165011048316955566e-01 3.428894281387329102e-01
8.189887404441833496e-01 5.171480774879455566e-01
1.519770473241806030e-01 3.583667874336242676e-01
1.245735734701156616e-01 6.637850999832153320e-01
8.284448981285095215e-01 7.135039567947387695e-01
7.175674438476562500e-01 3.627509772777557373e-01
2.049450427293777466e-01 3.293114900588989258e-01
2.232920229434967041e-01 1.754345297813415527e-01
8.589314222335815430e-01 4.638539254665374756e-01
5.312249064445495605e-01 5.624496191740036011e-02
8.940738439559936523e-01 4.643887281417846680e-02
9.471743702888488770e-01 5.166092514991760254e-01
9.639725089073181152e-03 2.887499928474426270e-01
2.360412031412124634e-01 3.403666913509368896e-01
4.979692101478576660e-01 5.282788872718811035e-01
1.178422793745994568e-01 9.687358736991882324e-01
8.679838776588439941e-01 5.198817849159240723e-01
7.375929355621337891e-01 7.027832865715026855e-01
2.180702239274978638e-01 9.958235025405883789e-01
6.304208040237426758e-01 3.684692084789276123e-02
7.256498336791992188e-01 8.177101016044616699e-01
5.416085124015808105e-01 1.843108385801315308e-01
6.602802276611328125e-01 8.292009234428405762e-01
7.602291703224182129e-01 9.027906060218811035e-01
5.353482961654663086e-01 1.775768548250198364e-01
2.006028741598129272e-01 6.285660266876220703e-01
3.311142027378082275e-01 8.834802508354187012e-01
5.726855993270874023e-01 9.209144115447998047e-01
1.644049286842346191e-01 4.915092289447784424e-01
7.552582025527954102e-01 3.910885751247406006e-01
8.439794182777404785e-01 3.338129520416259766e-01
2.352452725172042847e-01 2.466158866882324219e-01
4.069885313510894775e-01 1.058616414666175842e-01
7.495486140251159668e-01 6.349472403526306152e-01
9.754511117935180664e-01 1.613356173038482666e-01
8.297807574272155762e-01 1.167100965976715088e-01
6.061800122261047363e-01 7.616256475448608398e-01
6.870576143264770508e-01 6.463742256164550781e-01
4.129883348941802979e-01 3.127782046794891357e-01
6.699215173721313477e-01 3.083503544330596924e-01
4.984374642372131348e-01 7.470048666000366211e-01
5.653997659683227539e-01 4.995568394660949707e-01
1.878728717565536499e-01 2.149212956428527832e-01
4.272413253784179688e-01 7.617080211639404297e-01
7.420232892036437988e-01 2.985817492008209229e-01
6.477599740028381348e-01 8.683958649635314941e-02
5.323179960250854492e-01 9.775028824806213379e-01
8.999346494674682617e-01 9.494388103485107422e-01
5.778942704200744629e-01 3.384313778951764107e-03
5.799828767776489258e-01 8.214164972305297852e-01
7.299471497535705566e-01 6.300679445266723633e-01
8.215516209602355957e-01 7.145194411277770996e-01
2.107153832912445068e-01 7.202853560447692871e-01
5.337691307067871094e-01 1.346386037766933441e-02
9.849386215209960938e-01 2.771998941898345947e-01
7.933015227317810059e-01 4.390959739685058594e-01
7.969369888305664062e-01 5.099837779998779297e-01
9.244739264249801636e-02 6.857913136482238770e-01
3.338494002819061279e-01 7.032551169395446777e-01
3.164011836051940918e-01 6.891300678253173828e-01
2.342469990253448486e-01 2.520826458930969238e-01
9.547924995422363281e-01 9.544831514358520508e-01
1.987060718238353729e-02 4.032975137233734131e-01
9.916257262229919434e-01 1.377193778753280640e-01
1.940649151802062988e-01 7.959421873092651367e-01
1.698860973119735718e-01 4.697319865226745605e-01
3.285587131977081299e-01 5.317906737327575684e-01
6.936189532279968262e-01 5.897943377494812012e-01
8.711767792701721191e-01 1.691422164440155029e-01
7.935525476932525635e-02 9.725484848022460938e-01
7.347125411033630371e-01 9.880840182304382324e-01
5.912286043167114258e-02 6.144071817398071289e-01
1.938085258007049561e-01 5.240296125411987305e-01
9.261676669120788574e-01 1.899498254060745239e-01
6.619624495506286621e-01 7.386713624000549316e-01
5.935845375061035156e-01 2.386032640933990479e-01
8.689017295837402344e-01 8.945985436439514160e-01
4.420958161354064941e-01 6.104259565472602844e-02
9.021778702735900879e-01 6.653053164482116699e-01
4.684323668479919434e-01 9.666420817375183105e-01
4.683303534984588623e-01 6.304829120635986328e-01
6.329308748245239258e-01 6.752393245697021484e-01
8.829531073570251465e-01 8.522414565086364746e-01
7.753023505210876465e-01 4.185519739985466003e-02
6.287420392036437988e-01 2.945703268051147461e-01
7.016200423240661621e-01 1.804185658693313599e-02
7.290397286415100098e-01 5.074993968009948730e-01
2.044534124433994293e-02 7.249540686607360840e-01
3.622350841760635376e-02 5.658951997756958008e-01
4.942081868648529053e-01 3.339996337890625000e-01
4.970452189445495605e-02 7.229315638542175293e-01
2.679032385349273682e-01 3.235096856951713562e-02
4.071153998374938965e-01 9.880418181419372559e-01
1.993660479784011841e-01 9.428104758262634277e-01
1.607636213302612305e-01 8.294470310211181641e-01
9.571995735168457031e-01 6.551011800765991211e-01
6.899372935295104980e-01 3.576929867267608643e-02
4.521712958812713623e-01 2.645934522151947021e-01
4.785194098949432373e-01 2.017897069454193115e-01
9.559782147407531738e-01 3.144381642341613770e-01
1.631181091070175171e-01 7.454091310501098633e-01
7.785167098045349121e-01 6.755725741386413574e-01
9.957919716835021973e-01 7.591136097908020020e-01
1.878919452428817749e-01 7.040317058563232422e-01
2.024623602628707886e-01 5.243644118309020996e-01
8.978425264358520508e-01 3.033559322357177734e-01
2.688487768173217773e-01 7.353678345680236816e-01
4.949385523796081543e-01 5.379855632781982422e-01
5.029519200325012207e-01 9.297764301300048828e-01
1.454252600669860840e-01 9.537238478660583496e-01
4.661717712879180908e-01 2.814178168773651123e-01
3.382231667637825012e-02 1.363912522792816162e-01
7.713129520416259766e-01 6.954633593559265137e-01
7.782878875732421875e-01 4.675510805100202560e-03
4.501459896564483643e-01 6.482555270195007324e-01
2.613359093666076660e-01 8.432033658027648926e-02
5.260261893272399902e-01 3.668066561222076416e-01
7.610074281692504883e-01 1.586179584264755249e-01
4.273394644260406494e-01 9.326115250587463379e-02
1.603613235056400299e-02 5.400128960609436035e-01
6.927339732646942139e-02 8.000237941741943359e-01
5.605502128601074219e-01 2.519172728061676025e-01
8.293807506561279297e-01 5.076395273208618164e-01
3.228777348995208740e-01 5.988001227378845215e-01
1.653862446546554565e-01 4.721976071596145630e-02
2.488981783390045166e-01 6.756871342658996582e-01
2.263097316026687622e-01 5.485116839408874512e-01
9.393603801727294922e-01 2.053736299276351929e-01
8.933407664299011230e-01 5.754407644271850586e-01
9.233672022819519043e-01 4.588168263435363770e-01
6.272633075714111328e-01 2.754675447940826416e-01
1.721862405538558960e-01 7.745553851127624512e-01
2.442897111177444458e-01 5.332608148455619812e-02
9.144120216369628906e-01 2.126475572586059570e-01
7.754263877868652344e-01 7.582952380180358887e-01
9.204361438751220703e-01 3.662960231304168701e-01
6.768623832613229752e-03 9.781135320663452148e-01
7.563575506210327148e-01 6.002227067947387695e-01
7.641495466232299805e-01 3.590296506881713867e-01
4.872978925704956055e-01 6.384142637252807617e-01
7.101975083351135254e-01 5.004061013460159302e-02
5.209478735923767090e-01 1.450149118900299072e-01
9.770085215568542480e-01 6.212015748023986816e-01
1.983829885721206665e-01 8.657039999961853027e-01
8.539155125617980957e-01 7.052975296974182129e-01
9.355706572532653809e-01 1.389851570129394531e-01
6.938096880912780762e-01 8.652147054672241211e-01
6.134335398674011230e-01 6.165783405303955078e-01
5.338547825813293457e-01 9.773719906806945801e-01
1.591549962759017944e-01 7.490400671958923340e-01
9.462821483612060547e-01 4.196356832981109619e-01
2.744999229907989502e-01 2.450893819332122803e-02
8.256675601005554199e-01 7.652168869972229004e-01
6.209857463836669922e-01 4.792427718639373779e-01
9.481559395790100098e-01 3.882804214954376221e-01
2.697741687297821045e-01 2.780170738697052002e-01
8.006767630577087402e-01 5.967178381979465485e-03
2.734060287475585938e-01 7.140550017356872559e-01
4.290561378002166748e-01 5.212427377700805664e-01
8.685081601142883301e-01 3.508807718753814697e-01
9.912366271018981934e-01 6.803281605243682861e-02
3.751714527606964111e-01 4.904980361461639404e-01
3.808081150054931641e-01 4.415891766548156738e-01
4.543095082044601440e-02 6.571120619773864746e-01
9.672850966453552246e-01 5.088759064674377441e-01
3.080298006534576416e-01 7.711589932441711426e-01
5.184700489044189453e-01 2.784653902053833008e-01
6.677201986312866211e-01 5.933806896209716797e-01
1.812819242477416992e-01 5.431825518608093262e-01
7.206785678863525391e-01 9.782928228378295898e-01
6.861722469329833984e-01 4.775847792625427246e-01
9.060917496681213379e-01 5.397801995277404785e-01
5.733636021614074707e-01 7.315074801445007324e-01
7.005653381347656250e-01 9.535823464393615723e-01
2.603496909141540527e-01 2.099519222974777222e-01
4.520720243453979492e-01 5.808026790618896484e-01
8.332761526107788086e-01 2.342721968889236450e-01
5.250088572502136230e-01 3.207124471664428711e-01
5.573779344558715820e-01 7.942475378513336182e-02
6.836217641830444336e-01 4.876863360404968262e-01
5.888529419898986816e-01 4.533476233482360840e-01
9.169983267784118652e-01 2.186649851500988007e-02
3.169214725494384766e-01 9.176490902900695801e-01
7.045636177062988281e-01 6.803581714630126953e-01
9.276279211044311523e-01 6.810591220855712891e-01
3.400244414806365967e-01 1.639065891504287720e-01
4.648330211639404297e-01 4.597162008285522461e-01
7.642663121223449707e-01 9.925643801689147949e-01
7.353372871875762939e-02 1.617791503667831421e-01
8.597900271415710449e-01 4.967291355133056641e-01
5.216157436370849609e-01 1.780018955469131470e-01
2.584223747253417969e-01 1.121121272444725037e-01
4.788912832736968994e-01 9.181974530220031738e-01
6.846881508827209473e-01 5.979982018470764160e-01
2.737716771662235260e-02 9.983543753623962402e-01
7.108346223831176758e-01 3.383058309555053711e-01
1.348772644996643066e-01 1.870757937431335449e-01
5.182269811630249023e-01 5.876058936119079590e-01
9.413028955459594727e-01 3.434056648984551430e-03
4.540516436100006104e-01 3.106390535831451416e-01
4.214998483657836914e-01 9.690187871456146240e-02
4.799640178680419922e-01 6.706348657608032227e-01
9.773779511451721191e-01 2.598230242729187012e-01
4.479078650474548340e-01 2.640929222106933594e-01
7.908800840377807617e-01 7.866223156452178955e-02
6.563296318054199219e-01 9.052019715309143066e-01
3.018663823604583740e-01 5.385852456092834473e-01
3.438593447208404541e-01 1.529497206211090088e-01
1.758343428373336792e-01 4.854885041713714600e-01
9.625532627105712891e-01 7.238896489143371582e-01
2.046755105257034302e-01 1.326197683811187744e-01
3.474650382995605469e-01 2.236250787973403931e-01
2.713226377964019775e-01 1.784963607788085938e-01
1.815220713615417480e-01 6.811960935592651367e-01
1.708825528621673584e-01 4.362990856170654297e-01
8.898218274116516113e-01 5.041127800941467285e-01
4.405907094478607178e-01 5.983811616897583008e-01
2.728628814220428467e-01 5.509383082389831543e-01
3.185379877686500549e-02 4.149149954319000244e-01
1.337064951658248901e-01 2.280088663101196289e-01
7.383026480674743652e-01 7.365971803665161133e-01
5.251870751380920410e-01 1.225316971540451050e-01
5.940196514129638672e-01 4.560181796550750732e-01
8.643237352371215820e-01 3.672708570957183838e-01
6.553477048873901367e-01 8.688700199127197266e-01
9.402338266372680664e-01 1.980969756841659546e-01
9.881730079650878906e-01 9.965999126434326172e-01
8.629251122474670410e-01 4.435467422008514404e-01
1.075218990445137024e-01 1.288559138774871826e-01
8.728429675102233887e-01 8.496792912483215332e-01
1.947533935308456421e-01 7.235046625137329102e-01
7.020807862281799316e-01 4.582311511039733887e-01
6.342650949954986572e-02 5.155541896820068359e-01
2.989171147346496582e-01 1.459700912237167358e-01
4.826821014285087585e-02 1.460095047950744629e-01
5.408291146159172058e-02 9.003864526748657227e-01
4.633857607841491699e-01 4.272436350584030151e-02
1.783361285924911499e-01 7.038185596466064453e-01
2.566991448402404785e-01 9.486892819404602051e-01
1.837929785251617432e-01 2.145764231681823730e-01
4.450325071811676025e-01 1.010752841830253601e-02
4.821782112121582031e-01 7.317858934402465820e-01
7.556925415992736816e-01 7.454574108123779297e-01
7.255552411079406738e-01 3.804965913295745850e-01
1.005881577730178833e-01 3.553995490074157715e-01
5.481609106063842773e-01 8.207644224166870117e-01
7.617457956075668335e-02 3.045221790671348572e-02
5.900838375091552734e-01 4.107232764363288879e-02
5.259698033332824707e-01 4.551593661308288574e-01
7.807342410087585449e-01 4.209921061992645264e-01
6.865045428276062012e-01 4.550545215606689453e-01
2.263880670070648193e-01 6.247950196266174316e-01
7.847276926040649414e-01 2.673100912943482399e-03
4.092988669872283936e-01 8.655796200037002563e-02
2.841230332851409912e-01 5.479532480239868164e-01
8.431456089019775391e-01 7.285055518150329590e-01
6.186819076538085938e-02 3.447457849979400635e-01
8.603674173355102539e-01 1.149196922779083252e-01
2.881681025028228760e-01 1.620283126831054688e-01
7.515999078750610352e-01 8.727660775184631348e-01
1.020978987216949463e-01 2.116465270519256592e-01
9.507846832275390625e-02 2.544094920158386230e-01
9.082395583391189575e-02 6.068660616874694824e-01
2.219224870204925537e-01 8.761540800333023071e-02
3.898549973964691162e-01 2.429834157228469849e-01
9.860403537750244141e-01 1.115679666399955750e-01
4.529040455818176270e-01 3.650098806247115135e-03
4.939634203910827637e-01 3.542502522468566895e-01
2.652495801448822021e-01 9.917165637016296387e-01
1.923214346170425415e-01 6.149102449417114258e-01
1.817024797201156616e-01 1.556789875030517578e-01
8.984103798866271973e-01 2.719142138957977295e-01
7.873248308897018433e-02 2.241184413433074951e-01
1.147995702922344208e-02 7.437154054641723633e-01
5.958211049437522888e-02 1.324102282524108887e-01
9.629373997449874878e-02 6.371710896492004395e-01
4.637547135353088379e-01 6.939258575439453125e-01
2.672586143016815186e-01 7.783023118972778320e-01
2.135225385427474976e-01 9.806437492370605469e-01
8.179900050163269043e-01 8.423266410827636719e-01
8.557927012443542480e-01 4.134518206119537354e-01
8.346010446548461914e-01 3.871961236000061035e-01
8.992674350738525391e-01 2.867569923400878906e-01
1.916965097188949585e-01 4.410714507102966309e-01
8.843080401420593262e-01 1.138475909829139709e-01
4.932406544685363770e-01 6.416513919830322266e-01
4.805628061294555664e-01 7.668089270591735840e-01
8.173065781593322754e-01 2.551983296871185303e-01
1.544153243303298950e-01 4.527330696582794189e-01
7.816388607025146484e-01 3.466423451900482178e-01
8.705269098281860352e-01 5.255680084228515625e-01
4.810471832752227783e-01 1.473176628351211548e-01
2.248046994209289551e-01 8.508057594299316406e-01
8.646212816238403320e-01 8.856673836708068848e-01
8.964571356773376465e-01 2.366002202033996582e-01
9.831079840660095215e-01 5.559930801391601562e-01
2.578742615878582001e-02 2.184669375419616699e-01
5.882906317710876465e-01 2.501821704208850861e-02
2.948834300041198730e-01 1.301907189190387726e-02
6.159253120422363281e-01 3.646078705787658691e-01
2.917369455099105835e-02 8.079212903976440430e-01
5.026233196258544922e-01 8.735510706901550293e-01
5.002717971801757812e-01 3.774945139884948730e-01
4.692471325397491455e-01 8.977122902870178223e-01
4.779263436794281006e-01 9.776065945625305176e-01
9.275456666946411133e-01 8.999881744384765625e-01
1.690426655113697052e-02 3.543104827404022217e-01
1.001478880643844604e-01 2.509737312793731689e-01
2.624926865100860596e-01 4.229248464107513428e-01
4.632325768470764160e-01 2.496742829680442810e-02
7.029171586036682129e-01 5.233613252639770508e-01
8.942031115293502808e-02 2.906298637390136719e-01
4.257196784019470215e-01 3.733093440532684326e-01
3.638999760150909424e-01 7.780835777521133423e-02
6.510933041572570801e-01 3.037629127502441406e-01
4.513688087463378906e-01 5.244126319885253906e-01
