5.680136680603027344e-01 1.585714221000671387e-01
9.651468992233276367e-01 2.437389492988586426e-01
9.493519663810729980e-01 1.594363898038864136e-01
8.141041398048400879e-01 2.163817733526229858e-01
1.705675758421421051e-02 8.249462842941284180e-01
3.253223896026611328e-01 5.349138379096984863e-01
9.466760158538818359e-01 3.699396848678588867e-01
7.078766226768493652e-01 2.080215960741043091e-01
8.888445496559143066e-01 4.773321002721786499e-02
2.552445530891418457e-01 3.996393978595733643e-01
5.939593911170959473e-01 6.342428326606750488e-01
8.810744881629943848e-01 9.495056271553039551e-01
2.946730554103851318e-01 2.117324620485305786e-01
4.807977080345153809e-01 2.974070236086845398e-02
5.102846026420593262e-01 6.815927028656005859e-01
5.402047634124755859e-01 4.506798982620239258e-01
5.556026101112365723e-01 2.571390271186828613e-01
5.270848274230957031e-01 8.997939825057983398e-01
6.564234495162963867e-01 4.322390258312225342e-01
4.816085994243621826e-01 9.178434014320373535e-01
4.302084743976593018e-01 6.715897917747497559e-01
9.063279032707214355e-01 8.634341359138488770e-01
7.667295932769775391e-01 7.154167294502258301e-01
5.459336042404174805e-01 6.928178668022155762e-01
9.072162508964538574e-01 4.968468099832534790e-02
3.220070600509643555e-01 9.874238371849060059e-01
4.044616818428039551e-01 9.529947042465209961e-01
8.067710995674133301e-01 2.657726407051086426e-01
2.977512478828430176e-01 1.473299264907836914e-01
5.538195371627807617e-01 1.829845644533634186e-02
6.454668641090393066e-01 8.208190202713012695e-01
2.243643701076507568e-01 7.942920178174972534e-02
3.138234019279479980e-01 9.742785990238189697e-02
5.133523941040039062e-01 4.092520475387573242e-01
2.105882763862609863e-01 2.106819897890090942e-01
7.707076072692871094e-01 5.339981317520141602e-01
3.033380508422851562e-01 3.782049193978309631e-02
5.314611196517944336e-01 2.212833315134048462e-01
5.120328068733215332e-02 4.045919477939605713e-01
9.637153744697570801e-01 1.599826663732528687e-01
4.974955618381500244e-01 8.046917319297790527e-01
9.267095923423767090e-01 8.898366093635559082e-01
3.082047998905181885e-01 3.285119831562042236e-01
4.590107500553131104e-01 9.149851799011230469e-01
4.245566129684448242e-01 6.130906194448471069e-02
5.979122519493103027e-01 5.055540204048156738e-01
6.302916407585144043e-01 5.915784239768981934e-01
1.587447673082351685e-01 8.037691712379455566e-01
8.262364268302917480e-01 3.080471158027648926e-01
2.917143702507019043e-01 7.426075935363769531e-01
1.598370075225830078e-01 9.420935064554214478e-02
6.856554746627807617e-01 6.870412081480026245e-02
6.363407373428344727e-01 6.163919568061828613e-01
2.099793106317520142e-01 2.341144680976867676e-01
3.171722404658794403e-03 6.706912517547607422e-01
3.052447438240051270e-01 5.988606810569763184e-02
4.270485639572143555e-01 4.773416817188262939e-01
5.658896565437316895e-01 1.999284327030181885e-01
8.776507377624511719e-01 7.504219412803649902e-01
4.051538705825805664e-01 5.102179050445556641e-01
3.086238503456115723e-01 4.669285118579864502e-01
4.178134351968765259e-02 6.860300302505493164e-01
6.699451059103012085e-02 9.550148844718933105e-01
3.767324090003967285e-01 2.878070175647735596e-01
4.596297442913055420e-01 9.197880625724792480e-01
7.435291409492492676e-01 6.864960193634033203e-01
8.277891874313354492e-01 4.873178899288177490e-01
9.715368151664733887e-01 6.675032973289489746e-01
1.802646070718765259e-01 5.046693682670593262e-01
8.142063617706298828e-01 1.077370867133140564e-01
1.796792596578598022e-01 7.153348922729492188e-01
1.616799831390380859e-01 7.350706458091735840e-01
5.780485272407531738e-01 5.693490505218505859e-01
8.991263806819915771e-02 8.204835057258605957e-01
4.884672462940216064e-01 1.254597213119268417e-02
6.797242760658264160e-01 7.399532943964004517e-02
1.119796857237815857e-01 3.440485894680023193e-01
3.650585711002349854e-01 9.457688927650451660e-01
5.470833182334899902e-01 8.810945153236389160e-01
5.604167580604553223e-01 4.064411520957946777e-01
8.688244819641113281e-01 7.983878850936889648e-01
7.328815460205078125e-01 1.348982304334640503e-01
3.543887436389923096e-01 1.692090928554534912e-01
5.886762142181396484e-01 5.382599830627441406e-01
7.102047801017761230e-01 1.530591249465942383e-01
6.770249605178833008e-01 1.448287628591060638e-02
1.755011528730392456e-01 4.215614497661590576e-01
1.045671328902244568e-01 5.233839750289916992e-01
6.283808946609497070e-01 9.769768714904785156e-01
3.767133653163909912e-01 4.112731218338012695e-01
2.652112245559692383e-01 4.023866653442382812e-01
1.255451142787933350e-01 1.006092056632041931e-01
8.467763662338256836e-02 9.836446046829223633e-01
3.917317390441894531e-01 9.556657671928405762e-01
4.284467697143554688e-01 4.412003457546234131e-01
6.469053626060485840e-01 5.124369859695434570e-01
5.436723828315734863e-01 5.582235455513000488e-01
3.228551521897315979e-02 1.663305759429931641e-01
9.485727548599243164e-01 3.598080277442932129e-01
3.714883923530578613e-01 9.743641614913940430e-01
1.470423936843872070e-01 3.413915038108825684e-01
2.676667273044586182e-01 2.955244779586791992e-01
4.500258564949035645e-01 7.864105701446533203e-02
6.087555885314941406e-01 3.356539905071258545e-01
7.309013605117797852e-01 9.380709528923034668e-01
1.377713978290557861e-01 7.779761552810668945e-01
4.987917840480804443e-01 7.399153709411621094e-01
6.990849375724792480e-01 4.890561699867248535e-01
7.955713272094726562e-01 8.404742479324340820e-01
4.519196450710296631e-01 8.168749809265136719e-01
1.708440184593200684e-01 4.689776897430419922e-01
8.421218991279602051e-01 6.552743315696716309e-01
9.589927792549133301e-01 9.562618732452392578e-01
4.846474826335906982e-01 8.654013276100158691e-01
1.017936691641807556e-01 8.974368572235107422e-01
7.902886867523193359e-01 6.580579876899719238e-01
7.312180101871490479e-02 3.042787909507751465e-01
5.609605908393859863e-01 7.491737604141235352e-01
5.448312163352966309e-01 9.566266089677810669e-02
3.264011740684509277e-01 9.051323533058166504e-01
1.426811367273330688e-01 1.446838080883026123e-01
4.397532343864440918e-01 3.808552622795104980e-01
4.115427136421203613e-01 7.848537564277648926e-01
6.483408808708190918e-02 1.781474053859710693e-01
9.145336747169494629e-01 8.078771829605102539e-01
9.306349605321884155e-02 9.544538259506225586e-01
8.462182283401489258e-01 7.525074481964111328e-01
2.101775817573070526e-02 5.969809889793395996e-01
7.690781950950622559e-01 5.042628645896911621e-01
6.090502738952636719e-01 1.610815972089767456e-01
8.254310488700866699e-02 7.559417933225631714e-02
2.146270871162414551e-01 7.968066334724426270e-01
3.033853769302368164e-01 1.625933796167373657e-01
9.670235514640808105e-01 1.494331955909729004e-01
7.806431055068969727e-01 3.073476552963256836e-01
5.774695277214050293e-01 7.018250226974487305e-01
9.134750068187713623e-02 2.582133747637271881e-02
8.881110697984695435e-02 1.910932958126068115e-01
7.421341538429260254e-01 9.415125250816345215e-01
6.488445401191711426e-01 5.885133054107427597e-03
6.525648832321166992e-01 9.480761736631393433e-02
5.890777111053466797e-01 4.915536940097808838e-01
5.992506146430969238e-01 2.571269571781158447e-01
6.474544107913970947e-02 9.908879995346069336e-01
7.703366279602050781e-01 4.163644313812255859e-01
7.183958888053894043e-01 3.890490233898162842e-01
3.817109167575836182e-01 2.803338468074798584e-01
9.028557538986206055e-01 5.555616319179534912e-02
3.934507966041564941e-01 9.488911926746368408e-02
5.062676668167114258e-01 1.079181730747222900e-01
5.877970457077026367e-01 1.044742986559867859e-01
5.395557265728712082e-03 4.503713548183441162e-02
9.026606082916259766e-01 6.929075717926025391e-01
9.268046915531158447e-02 8.633030578494071960e-03
1.632264256477355957e-02 5.076137781143188477e-01
1.026478335261344910e-01 8.053375482559204102e-01
2.767500579357147217e-01 8.384829759597778320e-01
9.900747537612915039e-01 4.864966571331024170e-01
2.365608066320419312e-01 7.037246227264404297e-01
3.594547510147094727e-01 4.111781716346740723e-01
2.258124649524688721e-01 3.294839859008789062e-01
1.940329372882843018e-01 6.620982289314270020e-01
4.361018836498260498e-01 9.175844788551330566e-01
3.969461023807525635e-01 2.410047501325607300e-01
8.679015040397644043e-01 7.229362130165100098e-01
5.598602890968322754e-01 1.344667281955480576e-02
4.448096752166748047e-01 1.325477212667465210e-01
6.908092498779296875e-01 7.605971097946166992e-01
8.213784098625183105e-01 8.089187145233154297e-01
8.746606111526489258e-01 9.246099591255187988e-01
1.380454599857330322e-01 3.249771595001220703e-01
9.349248558282852173e-02 9.470520019531250000e-01
8.158734440803527832e-01 9.513082355260848999e-02
1.506802588701248169e-01 2.171050906181335449e-01
8.597116470336914062e-01 1.265225112438201904e-01
3.491604328155517578e-01 4.417242482304573059e-02
6.056010723114013672e-01 9.757197499275207520e-01
3.408563733100891113e-01 7.119964808225631714e-02
2.504674792289733887e-01 6.053123474121093750e-01
4.885773956775665283e-01 3.693715631961822510e-01
4.951881170272827148e-01 8.634903430938720703e-01
8.636263608932495117e-01 3.428893163800239563e-02
1.109524965286254883e-01 2.972815036773681641e-01
9.574097394943237305e-01 4.273164570331573486e-01
5.262658596038818359e-01 2.235076427459716797e-01
2.935426235198974609e-01 8.314330577850341797e-01
3.955209553241729736e-01 1.009771674871444702e-01
5.175328254699707031e-01 5.236369967460632324e-01
1.099369861185550690e-02 1.702624708414077759e-01
5.520398616790771484e-01 2.108354717493057251e-01
4.750214815139770508e-01 8.136728405952453613e-01
4.288620650768280029e-01 7.258413434028625488e-01
1.115793585777282715e-01 8.558558821678161621e-01
2.807301878929138184e-01 6.888002157211303711e-01
1.924995630979537964e-01 6.670357584953308105e-01
7.391049265861511230e-01 9.997808933258056641e-01
2.568894922733306885e-01 3.780167400836944580e-01
2.965105772018432617e-01 9.407004714012145996e-01
8.348237872123718262e-01 5.933276414871215820e-01
7.367631793022155762e-01 8.924060463905334473e-01
9.201673865318298340e-01 9.382126927375793457e-01
4.104133844375610352e-01 1.187839880585670471e-01
1.261029839515686035e-01 2.273579090833663940e-01
4.696160256862640381e-01 7.673487067222595215e-01
3.457709550857543945e-01 7.033234834671020508e-01
3.527632355690002441e-01 4.722742829471826553e-03
1.903889477252960205e-01 4.533881843090057373e-01
3.062357008457183838e-01 2.895404398441314697e-01
4.607521742582321167e-02 1.319598853588104248e-01
2.297062724828720093e-01 5.418493598699569702e-02
7.783263325691223145e-01 9.431537389755249023e-01
7.625131607055664062e-01 7.791576385498046875e-01
6.580487489700317383e-01 1.332894805818796158e-02
9.715101867914199829e-02 5.051594972610473633e-01
3.474950194358825684e-01 2.331710159778594971e-01
6.246690154075622559e-01 7.732309699058532715e-01
7.413714528083801270e-01 9.125241637229919434e-01
1.019362658262252808e-01 3.877715766429901123e-01
6.281560063362121582e-01 9.430133700370788574e-01
9.947100281715393066e-01 5.113504827022552490e-02
9.644829630851745605e-01 5.868630409240722656e-01
1.005401909351348877e-01 2.835551798343658447e-01
2.980500757694244385e-01 1.289031952619552612e-01
3.689914643764495850e-01 1.566744744777679443e-01
4.427731931209564209e-01 4.538735151290893555e-01
9.873754978179931641e-01 9.897469878196716309e-01
6.759455204010009766e-01 3.766905069351196289e-01
9.994087219238281250e-01 7.857132554054260254e-01
3.676753044128417969e-01 5.088832378387451172e-01
5.999928116798400879e-01 3.499902784824371338e-01
5.632758736610412598e-01 2.329534143209457397e-01
8.214514851570129395e-01 3.734149336814880371e-01
3.200220465660095215e-01 7.696040868759155273e-01
4.290868043899536133e-01 7.841268181800842285e-01
8.571506738662719727e-01 1.321332752704620361e-01
7.427630424499511719e-01 4.445601701736450195e-01
1.232129186391830444e-01 3.829791024327278137e-02
4.951367676258087158e-01 7.687445878982543945e-01
9.011914134025573730e-01 8.944558501243591309e-01
2.081439495086669922e-01 6.860195100307464600e-02
3.479850292205810547e-01 3.892149031162261963e-01
7.483345866203308105e-01 9.777348041534423828e-01
9.640043973922729492e-01 7.180656306445598602e-03
1.764554530382156372e-01 7.204002737998962402e-01
2.448905110359191895e-01 8.598743677139282227e-01
9.516918063163757324e-01 8.243073821067810059e-01
9.838292598724365234e-01 2.618238925933837891e-01
1.553973462432622910e-02 1.392209529876708984e-01
3.452003896236419678e-01 8.125774860382080078e-01
8.062885999679565430e-01 5.832237601280212402e-01
6.441097855567932129e-01 5.467879772186279297e-01
9.871347546577453613e-01 2.665044367313385010e-01
2.128574699163436890e-01 1.894508674740791321e-02
4.693407416343688965e-01 8.869462013244628906e-01
1.601945906877517700e-01 3.563927412033081055e-01
5.876044034957885742e-01 3.669244349002838135e-01
9.676294028759002686e-02 2.996253371238708496e-01
3.070881962776184082e-01 8.357729911804199219e-01
3.654922172427177429e-02 6.158977746963500977e-01
2.250184565782546997e-01 8.730504512786865234e-01
1.670709997415542603e-01 2.023925334215164185e-01
6.074907779693603516e-01 7.542787790298461914e-01
6.317017078399658203e-01 9.136031270027160645e-01
1.921765208244323730e-01 3.739745169878005981e-02
4.297051727771759033e-01 8.709063529968261719e-01
2.212385982275009155e-01 6.731629967689514160e-01
9.451366066932678223e-01 4.401711821556091309e-01
1.533690989017486572e-01 5.052351355552673340e-01
1.165887340903282166e-01 8.063105344772338867e-01
5.926820635795593262e-01 3.939790427684783936e-01
3.428055942058563232e-01 4.708916246891021729e-01
9.237393736839294434e-01 6.792172789573669434e-01
3.257150650024414062e-01 7.337428927421569824e-01
9.463490247726440430e-01 1.970765441656112671e-01
8.123319149017333984e-01 7.682998776435852051e-01
6.006089448928833008e-01 3.082742691040039062e-01
2.228001318871974945e-02 5.174130797386169434e-01
1.021156534552574158e-01 9.320212006568908691e-01
1.048134416341781616e-01 3.718674480915069580e-01
1.969573497772216797e-01 2.135743647813796997e-01
9.343236088752746582e-01 9.347473978996276855e-01
4.577591717243194580e-01 9.020439386367797852e-01
8.315237760543823242e-01 2.910148501396179199e-01
5.243726819753646851e-02 2.048385739326477051e-01
4.068400561809539795e-01 2.063385099172592163e-01
4.005089402198791504e-01 7.809013724327087402e-01
6.210008263587951660e-01 9.754934310913085938e-01
5.336600542068481445e-01 2.295101433992385864e-01
1.362059265375137329e-01 7.094151377677917480e-01
1.934251636266708374e-01 2.365159839391708374e-01
8.191075921058654785e-01 9.904292225837707520e-01
6.523883342742919922e-01 7.179672122001647949e-01
9.455322027206420898e-01 8.853745460510253906e-01
8.770269155502319336e-01 5.076322555541992188e-01
2.808417379856109619e-01 8.145825266838073730e-01
5.332700610160827637e-01 2.138683795928955078e-01
7.309574484825134277e-01 8.265131115913391113e-01
4.612920880317687988e-01 4.610063731670379639e-01
5.732132792472839355e-01 2.402086853981018066e-01
9.661124944686889648e-01 8.237431645393371582e-01
2.078443914651870728e-01 7.051290869712829590e-01
5.866995453834533691e-01 4.358094334602355957e-01
4.305821061134338379e-01 3.572268187999725342e-01
5.332080721855163574e-01 7.282111048698425293e-01
2.595481872558593750e-01 3.111225664615631104e-01
7.678317427635192871e-01 9.767958521842956543e-01
4.963447451591491699e-01 9.462413191795349121e-01
8.811627626419067383e-01 7.474914789199829102e-01
6.687286496162414551e-01 1.292402893304824829e-01
5.115363001823425293e-02 4.516915977001190186e-01
9.348940849304199219e-01 9.167642593383789062e-01
9.021614491939544678e-02 6.770563125610351562e-01
2.528032064437866211e-01 8.302997946739196777e-01
6.116284132003784180e-01 6.075617671012878418e-01
3.721356689929962158e-01 5.053021479398012161e-03
6.204758882522583008e-01 8.052951097488403320e-01
5.927414298057556152e-01 7.077675461769104004e-01
9.636921882629394531e-01 9.119563549757003784e-02
8.321529030799865723e-01 6.307548284530639648e-01
4.296237826347351074e-01 6.676367521286010742e-01
5.557031631469726562e-01 7.265411019325256348e-01
3.074070811271667480e-01 5.751213431358337402e-01
1.604109853506088257e-01 3.866082057356834412e-02
5.915303826332092285e-01 4.747424423694610596e-01
6.516158580780029297e-01 5.248564109206199646e-02
5.630358457565307617e-01 4.028599560260772705e-01
4.154112637042999268e-01 8.105270266532897949e-01
3.139181435108184814e-01 1.986796110868453979e-01
1.097861304879188538e-01 4.995906054973602295e-01
2.631246447563171387e-01 5.697620511054992676e-01
1.612840294837951660e-01 6.623180508613586426e-01
1.862594336271286011e-01 1.939910501241683960e-01
1.212183237075805664e-01 8.040928244590759277e-01
3.203448057174682617e-01 4.924840033054351807e-01
7.317047715187072754e-01 3.460269570350646973e-01
7.936947941780090332e-01 1.207793056964874268e-01
6.095731854438781738e-01 3.484455943107604980e-01
4.698013961315155029e-01 9.237068295478820801e-01
6.760292053222656250e-01 8.163859248161315918e-01
5.343491435050964355e-01 2.044188380241394043e-01
3.857319056987762451e-01 4.335483610630035400e-01
8.488850593566894531e-01 7.575667928904294968e-03
1.013617002172395587e-04 8.055670261383056641e-01
1.087405458092689514e-01 6.539067029953002930e-01
5.626663565635681152e-01 1.514923274517059326e-01
4.579620063304901123e-01 2.380714565515518188e-01
1.815377771854400635e-01 3.600688874721527100e-01
5.757676362991333008e-01 8.632910847663879395e-01
8.415946364402770996e-01 1.394968926906585693e-01
4.811443984508514404e-01 5.608603954315185547e-01
2.882367372512817383e-01 4.136451706290245056e-02
6.976139545440673828e-01 1.217609047889709473e-01
3.253608644008636475e-01 6.692927479743957520e-01
4.463018178939819336e-01 2.032346725463867188e-01
3.070784918963909149e-02 8.366528749465942383e-01
1.481651328504085541e-02 5.415573716163635254e-01
4.755621850490570068e-01 3.696587383747100830e-01
3.040022961795330048e-02 6.203560829162597656e-01
6.182168722152709961e-01 6.153860092163085938e-01
3.558456599712371826e-01 4.825637936592102051e-01
9.104332327842712402e-01 4.737138152122497559e-01
1.221920643001794815e-02 3.491105735301971436e-01
7.612871527671813965e-01 9.818170666694641113e-01
5.843379497528076172e-01 8.461007475852966309e-01
7.939125299453735352e-01 1.435668170452117920e-01
3.239394724369049072e-01 4.408085644245147705e-01
4.567969143390655518e-01 1.990480124950408936e-01
1.930866986513137817e-01 8.473306298255920410e-01
6.711162328720092773e-01 8.590155839920043945e-01
6.172496080398559570e-01 2.151712328195571899e-01
7.124661207199096680e-01 9.456990957260131836e-01
1.457386016845703125e-01 8.191395401954650879e-01
5.451236367225646973e-01 6.724030375480651855e-01
7.494237422943115234e-01 4.776220619678497314e-01
1.999056339263916016e-01 6.218178272247314453e-01
2.932393848896026611e-01 2.349719107151031494e-01
3.128276169300079346e-01 8.616363406181335449e-01
1.078306511044502258e-01 2.134771831333637238e-02
9.542844295501708984e-01 8.430098295211791992e-01
9.418020248413085938e-01 4.770817458629608154e-01
9.174500405788421631e-02 1.273544281721115112e-01
7.018300294876098633e-01 3.672874867916107178e-01
2.547310590744018555e-01 6.745836138725280762e-02
6.636530756950378418e-01 5.826410651206970215e-01
8.093640804290771484e-01 3.539207577705383301e-01
2.343004196882247925e-02 5.922834277153015137e-01
1.722511947154998779e-01 5.874804258346557617e-01
8.419246077537536621e-01 1.914769858121871948e-01
6.776172518730163574e-01 6.142441630363464355e-01
4.940444529056549072e-01 9.343883395195007324e-01
5.261721611022949219e-01 4.200537502765655518e-01
7.298005372285842896e-02 5.496845245361328125e-01
9.147186279296875000e-01 2.916617393493652344e-01
3.297355771064758301e-01 3.535600006580352783e-01
5.185912251472473145e-01 6.002236604690551758e-01
2.851154506206512451e-01 4.729062020778656006e-01
6.374108791351318359e-01 3.064874708652496338e-01
3.236100971698760986e-01 7.124004960060119629e-01
7.971839904785156250e-01 1.556321531534194946e-01
7.261400818824768066e-01 8.700985312461853027e-01
1.355475783348083496e-01 1.932635158300399780e-01
7.491047382354736328e-01 5.066389441490173340e-01
3.839266300201416016e-01 1.002164110541343689e-01
5.022813379764556885e-02 4.729957580566406250e-01
4.439071118831634521e-01 9.288603663444519043e-01
6.973263621330261230e-01 9.250167608261108398e-01
1.986516714096069336e-01 5.677752494812011719e-01
1.157510653138160706e-01 4.597036242485046387e-01
5.609208941459655762e-01 9.152124524116516113e-01
8.429280482232570648e-03 8.891931176185607910e-01
9.376606345176696777e-01 3.899492621421813965e-01
3.789039254188537598e-01 3.188351094722747803e-01
6.317433118820190430e-01 4.307234585285186768e-01
4.017198681831359863e-01 5.911745429039001465e-01
2.221155315637588501e-01 9.757413864135742188e-01
4.376845899969339371e-03 4.559042751789093018e-01
2.480913884937763214e-02 1.605831682682037354e-01
5.854076147079467773e-01 3.192012608051300049e-01
9.220876097679138184e-01 1.099217310547828674e-01
7.507491111755371094e-01 8.181722164154052734e-01
1.200267150998115540e-01 8.509975671768188477e-01
4.107612669467926025e-01 5.498971343040466309e-01
9.440808892250061035e-01 3.886351734399795532e-02
9.963136911392211914e-01 4.111306071281433105e-01
2.242622822523117065e-01 6.811915040016174316e-01
1.030855327844619751e-01 3.018339574337005615e-01
1.447232514619827271e-01 6.730748713016510010e-02
5.919225811958312988e-01 8.296269178390502930e-01
4.919500350952148438e-01 1.209506839513778687e-01
3.393814861774444580e-01 5.468872934579849243e-02
8.465424776077270508e-01 8.920325338840484619e-02
2.677986025810241699e-01 6.850219964981079102e-01
3.943827152252197266e-01 9.686278700828552246e-01
9.117603898048400879e-01 4.485255479812622070e-02
3.076831400394439697e-01 2.840281836688518524e-02
5.176175832748413086e-01 9.023807644844055176e-01
7.912318706512451172e-01 8.061888813972473145e-01
2.612157166004180908e-01 5.541231632232666016e-01
7.648394107818603516e-01 3.538714945316314697e-01
6.693419814109802246e-01 1.669844798743724823e-02
2.083552330732345581e-01 1.313155591487884521e-01
5.024558305740356445e-01 7.653190493583679199e-01
8.954949378967285156e-01 5.242407917976379395e-01
3.430106639862060547e-01 8.002927154302597046e-02
8.784292340278625488e-01 4.927278459072113037e-01
5.282164812088012695e-01 1.221957057714462280e-01
6.702936887741088867e-01 8.332273960113525391e-01
3.393433988094329834e-01 8.303200006484985352e-01
1.813155710697174072e-01 7.040657997131347656e-01
5.057997107505798340e-01 7.656746506690979004e-01
8.801503777503967285e-01 7.992985844612121582e-01
1.404868960380554199e-01 3.994109928607940674e-01
9.755964875221252441e-01 6.154254674911499023e-01
4.541124105453491211e-01 1.192531809210777283e-01
6.064635142683982849e-02 8.864533305168151855e-01
9.663248658180236816e-01 5.031532049179077148e-01
4.293489754199981689e-01 6.436777710914611816e-01
4.454522952437400818e-02 8.496168255805969238e-01
5.454778671264648438e-01 1.162553429603576660e-01
8.109796643257141113e-01 2.649171948432922363e-01
4.610811173915863037e-01 4.402893036603927612e-02
5.360552072525024414e-01 9.506454691290855408e-03
6.048221886157989502e-02 3.847190439701080322e-01
7.528092861175537109e-01 9.154607653617858887e-01
9.264134168624877930e-01 1.575292348861694336e-01
4.140476882457733154e-02 4.632628560066223145e-01
6.040533185005187988e-01 7.992833852767944336e-01
4.595604538917541504e-01 1.749084442853927612e-01
1.052792146801948547e-01 2.443199753761291504e-01
1.094890534877777100e-01 1.091587767004966736e-01
8.689237236976623535e-01 1.160707175731658936e-01
1.939835697412490845e-01 4.590078890323638916e-01
4.974926412105560303e-01 3.162235617637634277e-01
1.118711009621620178e-01 7.115811705589294434e-01
3.189339488744735718e-02 8.421531915664672852e-01
9.402921199798583984e-01 1.242059543728828430e-01
6.825064420700073242e-01 4.949107766151428223e-01
4.050993323326110840e-01 6.822220087051391602e-01
9.540525674819946289e-01 3.176117539405822754e-01
5.738610029220581055e-01 9.002162814140319824e-01
1.091268584132194519e-01 2.453161180019378662e-01
7.895686626434326172e-01 9.298474788665771484e-01
2.949190139770507812e-01 5.643288493156433105e-01
3.523056209087371826e-01 5.195064544677734375e-01
3.129208087921142578e-01 6.466543674468994141e-01
3.160100579261779785e-01 3.851111829280853271e-01
1.317080110311508179e-01 1.657984703779220581e-01
1.064993888139724731e-01 5.964737534523010254e-01
5.264354348182678223e-01 3.012074530124664307e-01
6.806881427764892578e-01 3.924525976181030273e-01
2.472819983959197998e-01 9.459490180015563965e-01
8.015576004981994629e-01 9.180520176887512207e-01
8.737347126007080078e-01 4.048605263233184814e-01
8.951727747917175293e-01 9.729175567626953125e-01
9.744743108749389648e-01 3.906207978725433350e-01
5.314583778381347656e-01 9.123290777206420898e-01
4.726018607616424561e-01 1.258350908756256104e-01
8.438276648521423340e-01 6.294908523559570312e-01
1.843108236789703369e-02 3.941878378391265869e-01
8.070740699768066406e-01 2.615752518177032471e-01
7.837217450141906738e-01 6.414896845817565918e-01
5.944706201553344727e-01 8.108608126640319824e-01
8.909519910812377930e-01 9.656092524528503418e-01
3.790577054023742676e-01 4.114460349082946777e-01
1.629064381122589111e-01 3.858051598072052002e-01
2.607023715972900391e-01 6.704836487770080566e-01
7.348901629447937012e-01 8.986401557922363281e-01
6.240096688270568848e-01 9.424710273742675781e-01
4.969529211521148682e-01 4.519743919372558594e-01
5.314950942993164062e-01 8.638410568237304688e-01
3.530841469764709473e-01 9.443166851997375488e-02
3.562873601913452148e-01 7.801959514617919922e-01
4.941769838333129883e-01 4.465968906879425049e-01
1.128770187497138977e-01 9.292518347501754761e-02
1.486455649137496948e-01 5.315077304840087891e-01
3.343904018402099609e-02 1.081117317080497742e-01
9.954569339752197266e-01 6.218525171279907227e-01
5.986264348030090332e-02 6.640177965164184570e-01
6.298612952232360840e-01 6.912268996238708496e-01
9.460377097129821777e-01 5.822794437408447266e-01
4.598166644573211670e-01 5.491998791694641113e-01
1.134717315435409546e-01 6.223589777946472168e-01
8.965458869934082031e-01 3.899193406105041504e-01
5.282562971115112305e-02 1.366302669048309326e-01
5.497462749481201172e-01 5.551751255989074707e-01
6.548690199851989746e-01 8.742872476577758789e-01
5.935550108551979065e-02 8.053017854690551758e-01
4.736058712005615234e-01 9.069862961769104004e-01
6.592134237289428711e-01 9.703176617622375488e-01
9.783579111099243164e-01 1.699988692998886108e-01
4.798056185245513916e-01 6.173403859138488770e-01
6.735171675682067871e-01 6.568440794944763184e-01
7.843174338340759277e-01 3.551892042160034180e-01
1.284067798405885696e-02 2.109131813049316406e-01
9.491672515869140625e-01 6.943018436431884766e-01
9.484038352966308594e-01 8.688467741012573242e-01
3.851811587810516357e-01 4.129997789859771729e-01
1.146711334586143494e-01 8.131387233734130859e-01
1.671156287193298340e-01 5.799443125724792480e-01
9.401659369468688965e-01 2.923781573772430420e-01
7.527663111686706543e-01 3.961428403854370117e-01
3.093042075634002686e-01 3.038665354251861572e-01
4.115767180919647217e-01 1.704562008380889893e-01
8.227450251579284668e-01 5.418265983462333679e-02
6.673800349235534668e-01 4.619742929935455322e-01
8.873060941696166992e-01 5.340180397033691406e-01
9.856805205345153809e-01 3.437679111957550049e-01
8.704189658164978027e-01 1.801517754793167114e-01
1.596883088350296021e-01 1.707865446805953979e-01
5.152317285537719727e-01 5.016774535179138184e-01
7.571845054626464844e-01 3.193170726299285889e-01
3.041625916957855225e-01 6.568304896354675293e-01
3.122605085372924805e-01 7.061794400215148926e-01
1.336474418640136719e-01 8.398873209953308105e-01
8.604244589805603027e-01 1.197745949029922485e-01
4.661969244480133057e-01 4.586732089519500732e-01
1.742255873978137970e-02 5.558418631553649902e-01
5.296347141265869141e-01 9.627606272697448730e-01
4.214669764041900635e-01 9.370120763778686523e-01
4.230746328830718994e-01 8.438428044319152832e-01
9.164553880691528320e-01 4.489282667636871338e-01
8.891444802284240723e-01 5.902818441390991211e-01
3.166693747043609619e-01 2.536653876304626465e-01
2.267893552780151367e-01 2.619497478008270264e-01
2.658353745937347412e-01 7.911658883094787598e-01
3.580905497074127197e-01 7.559936642646789551e-01
8.056608438491821289e-01 5.079528689384460449e-01
6.505466997623443604e-02 2.280226349830627441e-01
3.775363266468048096e-01 1.154446825385093689e-01
7.466386258602142334e-02 1.960233300924301147e-01
8.046259284019470215e-01 1.913115680217742920e-01
3.876771330833435059e-01 9.261988997459411621e-01
7.745031267404556274e-03 1.874469220638275146e-01
1.118153110146522522e-01 2.151151448488235474e-01
5.859327316284179688e-02 4.851043224334716797e-01
8.667173981666564941e-01 7.051868438720703125e-01
4.422710835933685303e-01 5.208014249801635742e-01
5.482881069183349609e-01 8.586019873619079590e-01
1.544493585824966431e-01 5.270071625709533691e-01
5.214695334434509277e-01 7.514019012451171875e-01
4.194364845752716064e-01 7.765679359436035156e-01
2.214621454477310181e-01 6.780250072479248047e-01
4.605804085731506348e-01 7.299896478652954102e-01
7.616798877716064453e-01 9.238613247871398926e-01
5.311248898506164551e-01 2.903918921947479248e-01
6.328818798065185547e-01 9.372565746307373047e-01
7.434232831001281738e-01 1.776626259088516235e-01
3.733121454715728760e-01 5.305299907922744751e-02
2.760027050971984863e-01 5.916920900344848633e-01
9.112875461578369141e-01 8.247597217559814453e-01
1.394968628883361816e-01 8.194361925125122070e-01
6.687738299369812012e-01 6.602259278297424316e-01
5.655941367149353027e-01 6.122668385505676270e-01
1.228301823139190674e-01 2.757116556167602539e-01
1.432810872793197632e-01 2.204068154096603394e-01
2.079139053821563721e-01 3.366528451442718506e-01
3.262883722782135010e-01 9.200803637504577637e-01
4.496736079454421997e-02 9.414187669754028320e-01
3.410984575748443604e-01 6.598509550094604492e-01
5.111495852470397949e-01 7.213258743286132812e-01
2.877381443977355957e-01 8.821710348129272461e-01
9.508351683616638184e-01 6.365207433700561523e-01
7.845948338508605957e-01 8.963960409164428711e-01
3.014288842678070068e-01 4.847664535045623779e-01
8.585731983184814453e-01 2.646075487136840820e-01
6.866763532161712646e-02 2.472513914108276367e-01
1.485504955053329468e-01 7.751737236976623535e-01
6.192493438720703125e-01 8.407509922981262207e-01
1.181628257036209106e-01 2.441765926778316498e-02
3.358139991760253906e-01 8.093115091323852539e-01
3.311952352523803711e-01 9.445674717426300049e-02
6.134960055351257324e-01 2.395927731413394213e-04
7.528713345527648926e-01 4.734646379947662354e-01
5.700106024742126465e-01 3.994843065738677979e-01
2.715174853801727295e-01 7.863321900367736816e-01
8.746511936187744141e-01 5.297461748123168945e-01
8.511797785758972168e-01 2.364508621394634247e-02
2.002266794443130493e-01 6.173812150955200195e-01
6.445893049240112305e-01 1.601094454526901245e-01
7.977554947137832642e-02 6.521916985511779785e-01
3.841249942779541016e-01 1.287619620561599731e-01
2.877655252814292908e-02 5.552635192871093750e-01
3.213687241077423096e-01 1.267450898885726929e-01
3.883299604058265686e-02 7.750913500785827637e-01
9.019391536712646484e-01 5.958518385887145996e-01
8.483029007911682129e-01 8.103917837142944336e-01
8.431308269500732422e-01 9.211658239364624023e-01
3.611250519752502441e-01 1.316766738891601562e-01
1.806269884109497070e-01 1.100068986415863037e-01
3.341068923473358154e-01 2.025854960083961487e-02
1.897838860750198364e-01 4.686424136161804199e-01
9.099640250205993652e-01 1.079210937023162842e-01
2.743609547615051270e-01 8.734206557273864746e-01
8.983837366104125977e-01 5.151875615119934082e-01
5.642297863960266113e-01 3.857380151748657227e-01
7.674320936203002930e-01 2.722036838531494141e-01
8.058086633682250977e-01 6.691359877586364746e-01
3.796542584896087646e-01 1.322486251592636108e-01
6.577239930629730225e-02 3.474925458431243896e-02
5.710387825965881348e-01 5.887280702590942383e-01
9.484185576438903809e-01 5.444371104240417480e-01
2.735949456691741943e-01 9.833409190177917480e-01
1.483596954494714737e-02 7.376620173454284668e-01
1.998765319585800171e-01 2.953400611877441406e-01
8.254373073577880859e-01 7.251631617546081543e-01
1.354203224182128906e-01 6.592583656311035156e-01
7.023983001708984375e-01 9.996389746665954590e-01
5.399508476257324219e-01 2.778313755989074707e-01
9.870467782020568848e-01 8.598092794418334961e-01
9.762417674064636230e-01 2.057164311408996582e-01
8.174331188201904297e-01 8.240012526512145996e-01
4.295042157173156738e-01 2.706696391105651855e-01
8.675267100334167480e-01 9.609679579734802246e-01
2.231550961732864380e-01 6.290756464004516602e-01
2.348499298095703125e-01 9.534807801246643066e-01
8.350939154624938965e-01 9.400775432586669922e-01
4.657778143882751465e-01 4.255863130092620850e-01
3.859479725360870361e-01 6.997418999671936035e-01
7.839694619178771973e-01 9.703342318534851074e-01
1.042159199714660645e-01 4.363244473934173584e-01
5.542443394660949707e-01 2.045164257287979126e-01
1.360431015491485596e-01 7.303779125213623047e-01
7.232518196105957031e-01 5.856551527976989746e-01
9.695157408714294434e-01 1.486669033765792847e-01
2.279383093118667603e-01 7.840590476989746094e-01
4.384981095790863037e-01 1.523732244968414307e-01
2.850348651409149170e-01 9.733669161796569824e-01
3.906752765178680420e-01 7.337308526039123535e-01
1.459545344114303589e-01 1.330808252096176147e-01
9.678026437759399414e-01 9.274630248546600342e-02
1.432346701622009277e-01 4.458419382572174072e-01
7.298139929771423340e-01 1.023215800523757935e-01
8.857103586196899414e-01 6.667513847351074219e-01
3.281747400760650635e-01 8.048362135887145996e-01
6.254925727844238281e-01 4.269502162933349609e-01
6.967698931694030762e-01 8.534404635429382324e-01
9.268354773521423340e-01 8.046672344207763672e-01
5.391738414764404297e-01 1.327411979436874390e-01
6.693971753120422363e-01 4.771243631839752197e-01
8.968232870101928711e-01 9.678627848625183105e-01
2.367816865444183350e-01 7.049778103828430176e-01
9.880403280258178711e-01 4.442566931247711182e-01
9.195635914802551270e-01 8.110286295413970947e-02
4.513534605503082275e-01 2.824812531471252441e-01
5.159212350845336914e-01 9.192334413528442383e-01
9.288358092308044434e-01 6.097484230995178223e-01
2.724439501762390137e-01 5.007032752037048340e-01
4.514839947223663330e-01 3.825852870941162109e-01
1.730724573135375977e-01 3.766750693321228027e-01
7.324613332748413086e-01 8.293595910072326660e-01
9.443131685256958008e-01 9.426297545433044434e-01
1.662399321794509888e-01 9.470522999763488770e-01
5.421775579452514648e-02 8.166863918304443359e-01
8.909618854522705078e-01 9.036663770675659180e-01
3.516082763671875000e-01 1.680278033018112183e-01
1.134282425045967102e-01 2.900141477584838867e-01
5.307438373565673828e-01 8.154926300048828125e-01
6.829624772071838379e-01 9.052584767341613770e-01
3.074213266372680664e-01 1.027799323201179504e-01
6.426028609275817871e-01 2.449510395526885986e-01
1.424333155155181885e-01 3.052885234355926514e-01
7.480940222740173340e-01 5.998225808143615723e-01
6.072162389755249023e-01 8.491716384887695312e-01
7.563826441764831543e-01 6.496021151542663574e-01
1.141711622476577759e-01 6.604560613632202148e-01
4.861354827880859375e-01 2.351448237895965576e-01
6.745792031288146973e-01 7.422346621751785278e-02
3.237192630767822266e-01 8.372687697410583496e-01
8.822258710861206055e-01 8.961192965507507324e-01
9.785724282264709473e-01 8.431802988052368164e-01
8.431050181388854980e-02 6.376490592956542969e-01
9.410468339920043945e-01 6.643219292163848877e-02
6.222478151321411133e-01 8.492116928100585938e-01
9.468777775764465332e-01 9.015067480504512787e-03
1.274351179599761963e-01 7.007141411304473877e-02
1.063959598541259766e-01 3.165012924000620842e-03
9.116532802581787109e-01 8.899461627006530762e-01
1.264297813177108765e-01 6.660749912261962891e-01
7.981435060501098633e-01 1.702113151550292969e-01
1.079822108149528503e-01 4.595953524112701416e-01
2.359775751829147339e-01 3.440470397472381592e-01
4.914704561233520508e-01 8.990017771720886230e-01
1.592986732721328735e-01 2.216756641864776611e-01
8.017578125000000000e-01 4.658724665641784668e-01
8.268718719482421875e-01 4.897297322750091553e-01
8.915094137191772461e-01 3.944221735000610352e-01
7.077175974845886230e-01 5.849393606185913086e-01
3.594223558902740479e-01 6.058387756347656250e-01
9.424821138381958008e-01 8.168028593063354492e-01
3.323697447776794434e-01 3.012970387935638428e-01
7.480673193931579590e-01 9.645282626152038574e-01
5.184215307235717773e-01 3.304797410964965820e-01
8.279800415039062500e-01 6.641231179237365723e-01
9.906426072120666504e-01 5.750466585159301758e-01
4.379375278949737549e-01 5.681540369987487793e-01
2.413859963417053223e-02 8.704922199249267578e-01
8.208187818527221680e-01 1.452535390853881836e-01
1.984247416257858276e-01 2.765584886074066162e-01
9.312978982925415039e-01 6.050769090652465820e-01
4.438031315803527832e-01 3.606292903423309326e-01
4.830409586429595947e-01 4.525102674961090088e-01
9.554879069328308105e-01 6.649479866027832031e-01
6.149488091468811035e-01 1.946745216846466064e-01
5.320010781288146973e-01 7.829955816268920898e-01
4.972800910472869873e-01 1.695631444454193115e-01
8.477963209152221680e-01 6.510861515998840332e-01
6.072848439216613770e-01 5.647041797637939453e-01
2.416192740201950073e-01 2.165081053972244263e-01
7.360541224479675293e-01 6.441512703895568848e-01
3.945933580398559570e-01 5.547070503234863281e-01
4.150313436985015869e-01 3.080056905746459961e-01
7.925024628639221191e-01 3.001875579357147217e-01
3.586826920509338379e-01 8.796206116676330566e-01
2.798363268375396729e-01 2.226251661777496338e-01
3.970645368099212646e-01 8.101914525032043457e-01
5.248576402664184570e-01 1.426845043897628784e-01
8.795258402824401855e-01 2.226858139038085938e-01
9.359494447708129883e-01 2.327971160411834717e-01
5.829209089279174805e-02 6.995869874954223633e-01
1.758149415254592896e-01 2.768700718879699707e-01
9.196308851242065430e-01 1.689177155494689941e-01
7.397007942199707031e-01 9.592123031616210938e-01
5.256730318069458008e-01 2.136662974953651428e-02
3.608612418174743652e-01 9.284281730651855469e-01
2.426461279392242432e-01 6.214731931686401367e-01
5.442541837692260742e-01 8.426826596260070801e-01
3.963360488414764404e-01 4.103440046310424805e-01
7.767112925648689270e-03 5.944885611534118652e-01
1.806016117334365845e-01 4.694748818874359131e-01
3.928095400333404541e-01 7.250558137893676758e-01
3.373224139213562012e-01 9.788661599159240723e-01
4.617953598499298096e-01 7.998058944940567017e-02
9.940661787986755371e-01 7.125664949417114258e-01
6.188358068466186523e-01 1.846875995397567749e-02
8.585456609725952148e-01 7.496693730354309082e-01
6.487272977828979492e-01 1.264670044183731079e-01
4.696652293205261230e-01 8.261176347732543945e-01
4.242459237575531006e-01 4.843254387378692627e-02
3.642850816249847412e-01 7.587930560111999512e-01
1.563324034214019775e-02 2.036121189594268799e-01
6.898668408393859863e-01 2.684996835887432098e-02
4.524379968643188477e-01 2.884871959686279297e-01
7.771180272102355957e-01 2.498641014099121094e-01
8.395975232124328613e-01 5.528916120529174805e-01
3.118075430393218994e-01 7.374410033226013184e-01
5.245760679244995117e-01 3.811841309070587158e-01
7.754372358322143555e-01 2.256498858332633972e-02
4.276207983493804932e-01 3.431371748447418213e-01
9.271350502967834473e-01 9.444032311439514160e-01
2.189155966043472290e-01 9.651881456375122070e-01
5.378096103668212891e-01 5.053375661373138428e-02
4.745095074176788330e-01 6.043322086334228516e-01
6.821157932281494141e-01 8.443503379821777344e-01
7.026464343070983887e-01 8.480000495910644531e-01
6.296237111091613770e-01 2.575015723705291748e-01
1.005061343312263489e-01 8.807608485221862793e-01
4.243294000625610352e-01 9.785878062248229980e-01
8.744232654571533203e-01 5.460705161094665527e-01
5.095539242029190063e-02 5.512694120407104492e-01
3.972140252590179443e-01 2.448705136775970459e-01
7.711603045463562012e-01 5.301655083894729614e-02
2.531775832176208496e-01 3.106881082057952881e-01
1.182828471064567566e-01 3.303808867931365967e-01
1.952915936708450317e-01 5.948876142501831055e-01
2.410233020782470703e-01 3.023948967456817627e-01
7.800719141960144043e-01 6.785166263580322266e-01
9.008093178272247314e-02 7.930394411087036133e-01
4.899703264236450195e-01 9.870523214340209961e-01
5.625331401824951172e-01 6.104550361633300781e-01
4.501660764217376709e-01 6.934920549392700195e-01
1.647016033530235291e-02 7.866215109825134277e-01
4.242470860481262207e-01 9.099403619766235352e-01
1.954285204410552979e-01 9.839639663696289062e-01
5.183948874473571777e-01 8.751121759414672852e-01
3.045566082000732422e-01 2.524646930396556854e-02
8.221821784973144531e-01 8.163868784904479980e-01
9.869647622108459473e-01 6.566981673240661621e-01
1.437567472457885742e-01 8.683558106422424316e-01
1.573193520307540894e-01 7.305681705474853516e-01
3.641926348209381104e-01 7.568877935409545898e-02
5.796821042895317078e-02 3.283158242702484131e-01
1.480640470981597900e-02 8.352687954902648926e-02
5.803416371345520020e-01 1.933430880308151245e-02
5.755910277366638184e-01 5.972385406494140625e-01
6.716729402542114258e-01 4.937810301780700684e-01
9.260557889938354492e-01 4.704533517360687256e-01
4.702616482973098755e-02 4.048164784908294678e-01
6.785141229629516602e-01 9.134711027145385742e-01
6.931054592132568359e-01 2.116433531045913696e-01
5.579126477241516113e-01 7.419229149818420410e-01
6.749471426010131836e-01 4.264859259128570557e-01
2.790483236312866211e-01 4.191545546054840088e-01
5.902883410453796387e-01 1.616815030574798584e-01
4.230093657970428467e-01 2.939161956310272217e-01
9.949277639389038086e-01 7.828839421272277832e-01
2.378291487693786621e-01 3.183293044567108154e-01
8.568181395530700684e-01 7.585675120353698730e-01
5.676146745681762695e-01 8.151498436927795410e-01
5.626680701971054077e-02 9.225664138793945312e-01
7.382611632347106934e-01 2.560200989246368408e-01
5.926030874252319336e-01 7.334717512130737305e-01
4.191339910030364990e-01 4.347986876964569092e-01
4.346482753753662109e-01 4.529717862606048584e-01
6.183791160583496094e-01 2.880703806877136230e-01
7.491702437400817871e-01 8.803986310958862305e-01
3.626398444175720215e-01 5.282648205757141113e-01
1.950350031256675720e-02 4.654366523027420044e-02
1.368200033903121948e-01 7.572123408317565918e-01
8.458145856857299805e-01 7.108606100082397461e-01
4.132775962352752686e-01 5.579247474670410156e-01
4.526761770248413086e-01 3.597767353057861328e-01
2.942147254943847656e-01 1.885239630937576294e-01
4.941191375255584717e-01 9.747672080993652344e-01
8.498285412788391113e-01 7.554933428764343262e-01
8.327789902687072754e-01 5.914105102419853210e-02
1.573097407817840576e-01 2.382440268993377686e-01
2.723400592803955078e-01 9.346259236335754395e-01
2.544772624969482422e-01 5.601494312286376953e-01
3.921887278556823730e-01 1.308328807353973389e-01
7.944614887237548828e-01 8.855900168418884277e-02
6.849042177200317383e-01 3.851003944873809814e-01
6.829951405525207520e-01 2.164048254489898682e-01
3.451362252235412598e-01 2.648595869541168213e-01
2.966638803482055664e-01 2.602249681949615479e-01
5.376425385475158691e-01 6.520789265632629395e-01
7.976357936859130859e-01 2.057419270277023315e-01
7.651137113571166992e-01 2.753448486328125000e-01
8.885699510574340820e-01 4.716629981994628906e-01
1.761234253644943237e-01 2.064598947763442993e-01
4.165414571762084961e-01 7.238593697547912598e-02
1.890334635972976685e-01 5.787845849990844727e-01
7.790378332138061523e-01 5.432512760162353516e-01
6.042083501815795898e-01 9.512372612953186035e-01
7.427870035171508789e-01 7.995028495788574219e-01
4.144680500030517578e-01 4.935038387775421143e-01
5.194950699806213379e-01 6.264803409576416016e-01
5.642512440681457520e-01 5.788235068321228027e-01
1.968337744474411011e-01 8.094533681869506836e-01
6.855712532997131348e-01 6.935371160507202148e-01
9.647684097290039062e-01 8.737667202949523926e-01
1.308482587337493896e-01 6.079632043838500977e-01
4.654712975025177002e-01 7.333782315254211426e-01
1.300226897001266479e-01 2.518897652626037598e-01
3.793155550956726074e-01 3.775797039270401001e-02
7.387176752090454102e-01 2.048038840293884277e-01
5.820642709732055664e-01 6.664947271347045898e-01
9.555719047784805298e-02 6.814960241317749023e-01
7.919206023216247559e-01 8.114809393882751465e-01
1.664931513369083405e-02 1.338289678096771240e-01
5.588734149932861328e-01 5.932672023773193359e-01
7.194988727569580078e-01 4.392267167568206787e-01
4.147424399852752686e-01 2.763534896075725555e-02
9.601761102676391602e-01 3.516586497426033020e-02
8.241298794746398926e-01 5.296455025672912598e-01
5.002587437629699707e-01 8.320485949516296387e-01
1.213511824607849121e-01 4.628043621778488159e-02
6.555133461952209473e-01 8.306199908256530762e-01
4.152159094810485840e-01 6.716275215148925781e-01
9.213147759437561035e-01 5.479929223656654358e-02
4.667901098728179932e-01 6.242536306381225586e-01
7.616893053054809570e-01 2.500350587069988251e-02
7.901576757431030273e-01 7.249144911766052246e-01
5.457500219345092773e-01 9.016707539558410645e-01
2.224279940128326416e-01 7.541090846061706543e-01
2.057763934135437012e-02 8.391330242156982422e-01
6.763274669647216797e-01 7.725672125816345215e-01
2.170186191797256470e-01 3.952470719814300537e-01
5.702169537544250488e-01 6.483915448188781738e-01
6.229062676429748535e-01 3.956526815891265869e-01
4.953175038099288940e-02 1.903521479107439518e-03
5.532848834991455078e-01 1.400754749774932861e-01
6.904085278511047363e-01 9.041250348091125488e-01
8.582979440689086914e-01 9.411669373512268066e-01
9.351936578750610352e-01 4.656496457755565643e-03
5.923551321029663086e-02 7.055697441101074219e-01
2.941637039184570312e-01 5.597497820854187012e-01
1.188141629099845886e-01 9.925057888031005859e-01
1.490444839000701904e-01 9.790403246879577637e-01
9.252891540527343750e-01 7.004505395889282227e-01
8.898462653160095215e-01 3.634340465068817139e-01
4.852682054042816162e-01 1.672448217868804932e-01
8.405539393424987793e-01 4.654388874769210815e-02
1.284026801586151123e-01 5.231550335884094238e-02
6.643799692392349243e-02 4.340123534202575684e-01
5.416512489318847656e-01 5.853714942932128906e-01
9.972343444824218750e-01 7.359934449195861816e-01
4.722192585468292236e-01 8.823473453521728516e-01
3.414063751697540283e-01 3.665811121463775635e-01
1.920583248138427734e-01 7.546194791793823242e-01
3.426245599985122681e-02 6.271858513355255127e-02
9.679540991783142090e-01 4.215880632400512695e-01
9.109883308410644531e-01 9.139822721481323242e-01
8.422873616218566895e-01 1.827263385057449341e-01
2.749010920524597168e-01 9.685615897178649902e-01
9.610343575477600098e-01 5.154636874794960022e-02
7.980105876922607422e-01 7.323310971260070801e-01
4.781965017318725586e-01 8.541402220726013184e-01
5.127924084663391113e-01 8.435232043266296387e-01
1.500181257724761963e-01 6.445802450180053711e-01
1.275066751986742020e-02 8.248816132545471191e-01
8.399489521980285645e-01 7.125771641731262207e-01
8.546453714370727539e-01 9.997621923685073853e-02
3.411541227251291275e-03 4.443585276603698730e-01
6.739429235458374023e-01 7.236402034759521484e-01
3.745697438716888428e-01 1.882165670394897461e-01
8.235870599746704102e-01 7.106369733810424805e-01
3.278363645076751709e-01 9.058043360710144043e-01
5.373447537422180176e-01 1.336677372455596924e-01
6.019025444984436035e-01 8.299407958984375000e-01
4.863057136535644531e-01 1.773481369018554688e-01
8.692730963230133057e-02 4.616530835628509521e-01
6.914747357368469238e-01 1.001791805028915405e-01
2.978352271020412445e-02 8.886765241622924805e-01
4.313448444008827209e-02 7.110273241996765137e-01
6.044457554817199707e-01 7.538724541664123535e-01
4.867648705840110779e-02 1.742839366197586060e-01
1.913278400897979736e-01 6.436845660209655762e-01
5.853151679039001465e-01 7.596384286880493164e-01
2.108032628893852234e-02 8.973572850227355957e-01
7.179461121559143066e-01 4.131774604320526123e-01
4.780246615409851074e-01 4.005644619464874268e-01
3.091637790203094482e-01 5.927343368530273438e-01
5.447533726692199707e-01 8.668002486228942871e-01
1.462416797876358032e-01 3.030248358845710754e-02
6.800553798675537109e-01 9.008699655532836914e-01
6.959192454814910889e-02 1.596470326185226440e-01
4.122120738029479980e-01 5.865081772208213806e-02
5.772243738174438477e-01 9.463962912559509277e-01
8.303041458129882812e-01 1.535634994506835938e-01
4.450553655624389648e-01 1.334796696901321411e-01
2.702790498733520508e-01 7.990189790725708008e-01
8.485362529754638672e-01 9.326298236846923828e-01
2.431243956089019775e-01 4.687137603759765625e-01
5.830219984054565430e-01 4.037310779094696045e-01
3.771088421344757080e-01 9.820222854614257812e-01
8.075693249702453613e-01 3.229416012763977051e-01
3.513691425323486328e-01 6.493940949440002441e-01
8.229876160621643066e-01 1.334288120269775391e-01
5.784385800361633301e-01 1.840999275445938110e-01
7.033849358558654785e-01 2.166998535394668579e-01
6.616964340209960938e-01 3.413328826427459717e-01
6.195412278175354004e-01 3.414889872074127197e-01
6.822047233581542969e-01 8.601800799369812012e-01
7.540249228477478027e-01 5.097330808639526367e-01
9.407829642295837402e-01 4.374830424785614014e-01
7.125012278556823730e-01 7.296975255012512207e-01
7.616750597953796387e-01 9.473016262054443359e-01
1.515484452247619629e-01 8.642440438270568848e-01
7.951102852821350098e-01 2.182307243347167969e-01
6.626071929931640625e-01 3.940345048904418945e-01
1.468268632888793945e-01 6.819450855255126953e-01
9.390453249216079712e-02 7.269214391708374023e-01
2.453575097024440765e-02 4.975659549236297607e-01
2.885381281375885010e-01 5.125075578689575195e-01
5.178679823875427246e-01 2.339023947715759277e-01
5.442342162132263184e-01 7.325416803359985352e-01
8.360646367073059082e-01 8.462557196617126465e-01
5.301361680030822754e-01 3.607681691646575928e-01
2.053487449884414673e-01 3.231244906783103943e-02
7.032425999641418457e-01 9.878457188606262207e-01
4.543295800685882568e-01 9.721724987030029297e-01
6.320267915725708008e-01 4.431671798229217529e-01
2.859639525413513184e-01 2.781821191310882568e-01
2.887732386589050293e-01 6.667718887329101562e-01
8.784412145614624023e-01 4.246771335601806641e-01
8.535273671150207520e-01 1.472830176353454590e-01
8.245525956153869629e-01 2.960869073867797852e-01
5.952049512416124344e-03 7.699937224388122559e-01
9.133186340332031250e-01 9.379339218139648438e-01
2.580883204936981201e-01 9.786375761032104492e-01
4.760144948959350586e-01 4.511944204568862915e-02
4.454458951950073242e-01 4.951883256435394287e-01
7.737854719161987305e-01 6.620866656303405762e-01
5.950216650962829590e-01 4.602874815464019775e-01
6.609500050544738770e-01 8.823447227478027344e-01
4.431492090225219727e-01 4.780937433242797852e-01
5.231723785400390625e-01 5.185840129852294922e-01
8.437742590904235840e-01 7.483277916908264160e-01
2.277265340089797974e-01 7.679136991500854492e-01
9.244673252105712891e-01 1.203347668051719666e-01
9.742057323455810547e-01 6.942947506904602051e-01
6.677417159080505371e-01 5.878418684005737305e-01
1.374670416116714478e-01 1.809613704681396484e-01
8.427551984786987305e-01 9.475995302200317383e-01
