8.002762794494628906e-01 7.428936362266540527e-01
4.498268961906433105e-01 6.406271457672119141e-01
6.611873507499694824e-01 1.644147783517837524e-01
8.296089768409729004e-01 8.782067894935607910e-01
6.710922718048095703e-01 9.701225757598876953e-01
3.660846650600433350e-01 7.209796309471130371e-01
1.530994325876235962e-01 7.703429460525512695e-01
3.193791210651397705e-01 6.498482823371887207e-01
8.172104358673095703e-01 6.418101191520690918e-01
7.046996951103210449e-01 1.218678504228591919e-01
5.236907005310058594e-01 6.413485407829284668e-01
2.846548557281494141e-01 4.105412662029266357e-01
5.800154805183410645e-01 6.829892992973327637e-01
5.361300706863403320e-01 6.983254551887512207e-01
6.913516521453857422e-01 4.752605557441711426e-01
3.918232619762420654e-01 4.110873341560363770e-01
1.045203804969787598e-01 3.019401337951421738e-03
9.307252168655395508e-01 3.980381786823272705e-01
6.149352788925170898e-01 3.037776947021484375e-01
9.911588430404663086e-01 5.795437693595886230e-01
3.303575515747070312e-01 5.682615637779235840e-01
3.402537405490875244e-01 5.336408019065856934e-01
6.906155347824096680e-01 7.971918582916259766e-01
1.703681945800781250e-01 5.937631130218505859e-01
4.445415139198303223e-01 2.159699201583862305e-01
6.017003655433654785e-01 9.920818805694580078e-01
2.998942136764526367e-01 1.988970488309860229e-02
1.492115557193756104e-01 7.485741972923278809e-01
8.847430348396301270e-01 4.440078139305114746e-01
1.695827841758728027e-01 4.775638878345489502e-01
7.664574980735778809e-01 4.548763334751129150e-01
3.966825306415557861e-01 9.299227595329284668e-01
6.114239096641540527e-01 4.416233003139495850e-01
7.379659414291381836e-01 4.612700641155242920e-01
3.119687139987945557e-01 9.657096862792968750e-01
4.268640875816345215e-01 6.792818903923034668e-01
8.766916394233703613e-01 5.194320082664489746e-01
8.937208652496337891e-01 4.925225675106048584e-01
9.721426367759704590e-01 1.609182953834533691e-01
7.058470845222473145e-01 6.276795864105224609e-01
8.671463280916213989e-02 8.595048636198043823e-02
5.605342388153076172e-01 4.549744725227355957e-02
3.160341382026672363e-01 9.125599265098571777e-01
3.663760125637054443e-01 1.364079117774963379e-01
3.698851540684700012e-02 3.596539795398712158e-01
6.099280714988708496e-01 2.379185110330581665e-01
3.319019377231597900e-01 4.131827950477600098e-01
7.711426615715026855e-01 1.392719447612762451e-01
8.822460770606994629e-01 7.815169095993041992e-01
8.146563917398452759e-02 7.652646899223327637e-01
3.750413358211517334e-01 8.186749815940856934e-01
6.015564203262329102e-01 8.727321624755859375e-01
9.934031963348388672e-01 8.934518694877624512e-01
3.183396756649017334e-01 6.487102806568145752e-02
6.794537901878356934e-01 3.081875443458557129e-01
3.699587881565093994e-01 7.086674571037292480e-01
9.687676429748535156e-01 2.131318897008895874e-01
5.515333637595176697e-02 9.396340847015380859e-01
3.625614047050476074e-01 9.164618849754333496e-01
7.049345374107360840e-01 7.262765765190124512e-01
1.315857023000717163e-01 2.965239286422729492e-01
6.230189278721809387e-02 5.763877034187316895e-01
5.655733942985534668e-01 3.379859626293182373e-01
2.475608289241790771e-01 5.795682072639465332e-01
5.673888325691223145e-01 5.507915019989013672e-01
8.345618844032287598e-01 9.882759451866149902e-01
3.082717396318912506e-02 4.229103922843933105e-01
6.954883933067321777e-01 9.992347359657287598e-01
5.580658316612243652e-01 2.668282575905323029e-02
4.584732651710510254e-01 3.204300701618194580e-01
4.488111138343811035e-01 8.262535929679870605e-01
2.588900029659271240e-01 1.345323771238327026e-01
7.490868866443634033e-02 9.301410317420959473e-01
1.221609711647033691e-01 1.197529584169387817e-01
3.977090418338775635e-01 3.025598526000976562e-01
2.462534978985786438e-02 6.068214178085327148e-01
5.569124221801757812e-01 2.659509778022766113e-01
6.962534189224243164e-01 1.846079230308532715e-01
7.739533782005310059e-01 9.677534699440002441e-01
8.043513894081115723e-01 1.380440145730972290e-01
8.041167855262756348e-01 7.819034457206726074e-01
3.131283223628997803e-01 2.192229032516479492e-01
2.886654436588287354e-01 2.925127148628234863e-01
8.959305882453918457e-01 9.072802066802978516e-01
8.649210929870605469e-01 4.488665759563446045e-01
5.634719729423522949e-01 6.647524237632751465e-01
7.095953822135925293e-01 6.911966204643249512e-01
4.051284193992614746e-01 1.297471374273300171e-01
9.950697422027587891e-01 6.746460199356079102e-01
2.822660505771636963e-01 3.643863797187805176e-01
7.412506937980651855e-01 3.620964661240577698e-02
8.896945714950561523e-01 5.584939122200012207e-01
6.155326962471008301e-01 8.725714683532714844e-01
3.109064996242523193e-01 3.507159650325775146e-01
5.669085979461669922e-01 8.205434083938598633e-01
4.061647951602935791e-01 6.622819900512695312e-01
4.647510498762130737e-02 7.463940232992172241e-02
9.468528628349304199e-01 3.005872666835784912e-01
7.442891597747802734e-01 7.608178257942199707e-02
8.789669275283813477e-01 4.042689874768257141e-02
3.243803977966308594e-01 5.389430522918701172e-01
4.574215784668922424e-02 4.866639673709869385e-01
5.570408701896667480e-02 9.624984860420227051e-01
6.328328251838684082e-01 2.338262945413589478e-01
6.271008849143981934e-01 7.555546164512634277e-01
4.285926818847656250e-01 6.970097422599792480e-01
7.549130916595458984e-01 7.805787771940231323e-02
7.897955179214477539e-01 1.024582013487815857e-01
4.282014071941375732e-01 6.795853376388549805e-02
3.182259947061538696e-02 7.723643183708190918e-01
5.362841486930847168e-01 9.905576109886169434e-01
2.672592699527740479e-01 2.160226106643676758e-01
6.363876461982727051e-01 8.485346436500549316e-01
3.694312274456024170e-01 1.086947396397590637e-01
4.745601713657379150e-01 7.049086093902587891e-01
8.275684714317321777e-01 8.442184329032897949e-01
4.549589753150939941e-01 2.574105858802795410e-01
8.831696510314941406e-01 2.222904264926910400e-01
2.105313986539840698e-01 1.991044133901596069e-01
2.727130353450775146e-01 8.487426638603210449e-01
4.648435711860656738e-01 1.932368129491806030e-01
1.498924940824508667e-01 7.407417297363281250e-01
6.550079584121704102e-01 4.627187270671129227e-03
6.744972616434097290e-02 4.125267863273620605e-01
8.096756935119628906e-01 5.937379598617553711e-01
6.700749993324279785e-01 2.251051515340805054e-01
6.958747506141662598e-01 2.665995955467224121e-01
5.877797603607177734e-01 7.958813309669494629e-01
5.908376574516296387e-01 5.053323134779930115e-02
7.080685496330261230e-01 4.408906102180480957e-01
5.519952774047851562e-01 4.844422042369842529e-01
9.828731417655944824e-01 6.224266290664672852e-01
4.714559018611907959e-01 7.370164990425109863e-01
4.294605851173400879e-01 6.064533591270446777e-01
1.604132056236267090e-01 2.363618761301040649e-01
6.772046089172363281e-01 6.353349983692169189e-02
9.763795733451843262e-01 7.111383676528930664e-01
1.508467942476272583e-01 2.994616925716400146e-01
6.268232464790344238e-01 3.152777999639511108e-02
1.228877827525138855e-01 4.853146374225616455e-01
6.965935826301574707e-01 3.809067010879516602e-01
7.847586870193481445e-01 1.369880586862564087e-01
7.656630277633666992e-01 6.025806665420532227e-01
2.144385278224945068e-01 4.649845361709594727e-01
3.668240904808044434e-01 5.081897974014282227e-01
7.932525128126144409e-02 1.390230655670166016e-02
7.512306421995162964e-02 7.571120858192443848e-01
4.143178462982177734e-01 8.178016543388366699e-01
1.892691403627395630e-01 8.948287963867187500e-01
8.008381724357604980e-01 2.677419185638427734e-01
1.090138852596282959e-01 1.960759609937667847e-01
5.533400774002075195e-01 1.415399163961410522e-01
4.678180515766143799e-01 1.384978443384170532e-01
9.730130434036254883e-01 7.644535601139068604e-02
5.395198240876197815e-02 9.995831847190856934e-01
5.919343233108520508e-01 4.061938226222991943e-01
7.794810533523559570e-01 2.490781098604202271e-01
2.233699262142181396e-01 2.636652588844299316e-01
6.230872869491577148e-01 4.355316758155822754e-01
3.517307937145233154e-01 2.753708660602569580e-01
5.500273779034614563e-03 3.109966814517974854e-01
5.513284802436828613e-01 4.117206037044525146e-01
9.276495128870010376e-02 4.331535995006561279e-01
3.875740617513656616e-02 5.266361832618713379e-01
5.345321893692016602e-01 3.983956873416900635e-01
9.457576274871826172e-01 9.498754739761352539e-01
4.151289761066436768e-01 1.572899520397186279e-01
9.577081799507141113e-01 9.938556551933288574e-01
1.225169077515602112e-01 4.701802432537078857e-01
9.937515854835510254e-01 5.037617087364196777e-01
4.905575811862945557e-01 6.684154272079467773e-01
2.062125131487846375e-02 8.265370875597000122e-02
6.835346221923828125e-01 7.118594050407409668e-01
9.163681864738464355e-01 9.013637304306030273e-01
5.580795407295227051e-01 9.726316928863525391e-01
3.779449313879013062e-02 4.724600166082382202e-02
4.100067615509033203e-01 3.702394068241119385e-01
2.872078418731689453e-01 9.624853730201721191e-01
9.719623327255249023e-01 9.197039008140563965e-01
1.608663350343704224e-01 9.728845357894897461e-01
3.276337981224060059e-01 4.275040030479431152e-01
1.488897651433944702e-01 9.933351874351501465e-01
8.402678966522216797e-01 3.286317288875579834e-01
7.239035964012145996e-01 1.223343163728713989e-01
5.926177501678466797e-01 5.220181345939636230e-01
7.659339308738708496e-01 9.109153747558593750e-01
5.527316331863403320e-01 6.618273258209228516e-01
3.164299204945564270e-02 4.897786080837249756e-01
3.329961895942687988e-01 4.505509138107299805e-01
5.052465200424194336e-01 3.534243404865264893e-01
6.309633851051330566e-01 4.896771311759948730e-01
7.419196367263793945e-01 1.940934658050537109e-01
6.193655077368021011e-03 9.936718940734863281e-01
6.916323900222778320e-01 5.427451729774475098e-01
4.772025346755981445e-01 6.095883250236511230e-02
8.646422028541564941e-01 9.672260284423828125e-01
4.152265489101409912e-01 9.317828416824340820e-01
4.452641308307647705e-01 3.341880738735198975e-01
6.821612119674682617e-01 4.654814600944519043e-01
8.011419177055358887e-01 4.704712033271789551e-01
9.483657777309417725e-02 9.054038524627685547e-01
2.017567753791809082e-01 8.697611093521118164e-01
3.533168733119964600e-01 9.491324424743652344e-01
4.806741774082183838e-01 2.889184355735778809e-01
4.773247838020324707e-01 9.980508089065551758e-01
2.875150144100189209e-01 7.000436782836914062e-01
5.905948281288146973e-01 7.311137914657592773e-01
4.005549848079681396e-01 6.493449211120605469e-01
8.692165613174438477e-01 8.533338904380798340e-01
9.080829024314880371e-01 5.345465540885925293e-01
7.973091006278991699e-01 9.654070734977722168e-01
4.287413358688354492e-01 9.447920918464660645e-01
6.170510649681091309e-01 2.748491168022155762e-01
3.869610726833343506e-01 1.301856189966201782e-01
5.399680137634277344e-01 2.769137322902679443e-01
6.991076469421386719e-01 5.271570086479187012e-01
4.542134106159210205e-01 3.600738048553466797e-01
8.409276604652404785e-01 5.806142687797546387e-01
3.398334681987762451e-01 4.241220355033874512e-01
1.384930610656738281e-01 6.174920201301574707e-01
5.184784531593322754e-01 5.335600301623344421e-02
3.480176031589508057e-01 5.006132721900939941e-01
8.198401927947998047e-01 6.771451234817504883e-01
4.531816840171813965e-01 6.632421016693115234e-01
9.756979942321777344e-01 3.564661443233489990e-01
6.066756248474121094e-01 6.903580427169799805e-01
2.467731535434722900e-01 5.611991286277770996e-01
3.650436997413635254e-01 2.861983142793178558e-02
8.061693310737609863e-01 2.664398550987243652e-01
9.725232124328613281e-01 9.411942362785339355e-01
3.494857251644134521e-01 8.876076936721801758e-01
9.412975311279296875e-01 5.664548650383949280e-02
7.418079972267150879e-01 8.522588610649108887e-01
6.945417523384094238e-01 5.952842831611633301e-01
5.085859894752502441e-01 9.295913577079772949e-01
7.462520897388458252e-02 4.170671403408050537e-01
7.108987122774124146e-02 1.893281042575836182e-01
9.178933501243591309e-01 5.427485704421997070e-01
8.055550456047058105e-01 5.844750404357910156e-01
9.785088896751403809e-01 4.517785608768463135e-01
9.646492451429367065e-02 7.079151272773742676e-01
9.051415920257568359e-01 6.041377317160367966e-03
8.270369172096252441e-01 1.279735863208770752e-01
1.396503150463104248e-01 3.747210502624511719e-01
4.105334281921386719e-01 7.477276325225830078e-01
6.155042052268981934e-01 8.520659804344177246e-01
3.903461396694183350e-01 9.572328925132751465e-01
8.761505782604217529e-02 4.550722837448120117e-01
3.271142542362213135e-01 9.789610505104064941e-01
7.462550997734069824e-01 6.122075319290161133e-01
2.852860391139984131e-01 9.953669309616088867e-01
1.810853332281112671e-01 7.897815108299255371e-01
2.365957014262676239e-02 5.740131735801696777e-01
3.161835670471191406e-02 5.843042731285095215e-01
3.040219247341156006e-01 8.570683598518371582e-01
6.465864777565002441e-01 1.201359555125236511e-01
7.927256226539611816e-01 7.936695218086242676e-01
3.131967186927795410e-01 6.147386431694030762e-01
5.558861494064331055e-01 3.551530539989471436e-01
9.845861196517944336e-01 5.332550406455993652e-01
6.799370050430297852e-01 4.559956789016723633e-01
5.319329500198364258e-01 6.397311575710773468e-03
2.630210220813751221e-01 5.752668380737304688e-01
5.261138081550598145e-01 2.638550102710723877e-01
9.899606555700302124e-02 7.243930697441101074e-01
1.632683873176574707e-01 6.495944261550903320e-01
6.108068823814392090e-01 3.048461116850376129e-02
2.279063165187835693e-01 8.150028586387634277e-01
4.807299077510833740e-01 2.301295548677444458e-01
4.884881526231765747e-02 5.824199318885803223e-01
5.058891177177429199e-01 7.830350399017333984e-01
3.343102335929870605e-01 3.884099721908569336e-01
2.882169783115386963e-01 5.773541927337646484e-01
1.433454751968383789e-01 5.595548748970031738e-01
4.796389937400817871e-01 8.833689242601394653e-02
2.306874692440032959e-01 1.061481460928916931e-01
8.246918320655822754e-01 5.701699256896972656e-01
7.353866100311279297e-01 9.539344906806945801e-02
2.403057366609573364e-01 9.587066173553466797e-01
9.936410784721374512e-01 4.536168277263641357e-01
6.162779331207275391e-01 8.611677289009094238e-01
6.052253246307373047e-01 6.100117564201354980e-01
8.058148026466369629e-01 9.480045437812805176e-01
7.471914887428283691e-01 5.513678193092346191e-01
2.052390277385711670e-01 6.661108136177062988e-01
9.436158537864685059e-01 1.101090610027313232e-01
7.614358663558959961e-01 4.107497930526733398e-01
9.606077671051025391e-01 1.293923556804656982e-01
1.999658904969692230e-02 7.517352700233459473e-01
6.602327525615692139e-02 5.135390162467956543e-01
9.803593754768371582e-01 5.505633354187011719e-01
6.332708597183227539e-01 1.714778244495391846e-01
2.553485035896301270e-01 3.199494481086730957e-01
8.772718310356140137e-01 9.176018238067626953e-01
2.125794738531112671e-01 3.120920360088348389e-01
4.802775979042053223e-01 9.332958459854125977e-01
2.417382150888442993e-01 3.188746571540832520e-01
7.181845307350158691e-01 1.645568609237670898e-01
4.669446945190429688e-01 6.181884407997131348e-01
2.881416380405426025e-01 9.447802901268005371e-01
7.688930034637451172e-01 9.797742366790771484e-01
8.944035172462463379e-01 3.291241526603698730e-01
6.367747187614440918e-01 9.066911935806274414e-01
9.425962567329406738e-01 1.529432088136672974e-01
5.989698171615600586e-01 5.054234266281127930e-01
4.970332682132720947e-01 9.737349152565002441e-01
6.984218358993530273e-01 4.801650717854499817e-02
8.350381851196289062e-01 4.867068231105804443e-01
8.287696838378906250e-01 6.931936740875244141e-01
1.119452621787786484e-02 9.316068291664123535e-01
7.584704756736755371e-01 7.821216583251953125e-01
6.021002531051635742e-01 7.441331148147583008e-01
3.363559395074844360e-02 7.864619493484497070e-01
1.217225417494773865e-01 4.124454557895660400e-01
4.109209179878234863e-01 1.519454419612884521e-01
1.135935354977846146e-02 6.237425804138183594e-01
7.176332473754882812e-01 7.540743947029113770e-01
4.314905405044555664e-01 9.554184675216674805e-01
8.023337721824645996e-01 2.787170410156250000e-01
1.795389354228973389e-01 7.375693321228027344e-01
9.367650747299194336e-01 5.980569720268249512e-01
6.842631101608276367e-01 7.054759263992309570e-01
4.543716907501220703e-01 3.604960143566131592e-01
8.866611719131469727e-01 9.980927705764770508e-01
4.295029640197753906e-01 5.958333984017372131e-02
4.189273715019226074e-01 5.590924024581909180e-01
6.844585537910461426e-01 1.385381370782852173e-01
5.082659125328063965e-01 7.490849494934082031e-01
7.751137018203735352e-01 1.113451458513736725e-02
3.201053142547607422e-01 1.802010983228683472e-01
4.716184437274932861e-01 4.538123607635498047e-01
2.722952663898468018e-01 5.466658473014831543e-01
3.777275979518890381e-01 6.339821219444274902e-01
9.151533842086791992e-01 3.912015557289123535e-01
5.088478326797485352e-01 3.757225722074508667e-02
1.012156680226325989e-01 9.694090485572814941e-01
6.188104394823312759e-03 4.751844108104705811e-01
9.434742331504821777e-01 8.808039426803588867e-01
1.251409351825714111e-01 6.606460809707641602e-01
7.139484286308288574e-01 6.498124003410339355e-01
5.059696435928344727e-01 6.857623457908630371e-01
8.200948834419250488e-01 5.686208605766296387e-01
4.903966560959815979e-02 8.673669695854187012e-01
2.179024554789066315e-02 8.997169733047485352e-01
3.844109773635864258e-01 8.660171627998352051e-01
7.204435467720031738e-01 6.786194443702697754e-01
9.116686582565307617e-01 7.274673581123352051e-01
9.244231581687927246e-01 3.716753423213958740e-01
9.952512383460998535e-01 4.239625036716461182e-01
3.051405847072601318e-01 1.526607424020767212e-01
5.695433542132377625e-02 1.718497723340988159e-01
9.830814599990844727e-01 8.507909178733825684e-01
2.047975808382034302e-01 2.974435985088348389e-01
4.098488092422485352e-01 7.047955393791198730e-01
6.377569437026977539e-01 7.051097750663757324e-01
4.914593398571014404e-01 1.181903388351202011e-02
4.347445070743560791e-01 9.590640068054199219e-01
5.929883122444152832e-01 4.921751618385314941e-01
9.930911064147949219e-01 2.215050458908081055e-01
7.119579911231994629e-01 6.385149955749511719e-01
9.404308199882507324e-01 6.246525049209594727e-01
5.361837744712829590e-01 6.722109913825988770e-01
9.546436667442321777e-01 1.403399705886840820e-01
5.369952321052551270e-01 6.495022177696228027e-01
6.292262077331542969e-01 4.027296975255012512e-02
5.038967132568359375e-01 6.719160676002502441e-01
9.901196956634521484e-01 6.195749640464782715e-01
7.402098178863525391e-01 6.260892748832702637e-01
5.629241466522216797e-01 1.833030954003334045e-02
6.180424094200134277e-01 2.831772565841674805e-01
3.910543620586395264e-01 4.446141123771667480e-01
4.406360089778900146e-01 1.763534098863601685e-01
2.395524382591247559e-01 4.106062948703765869e-01
3.140689730644226074e-01 1.890965178608894348e-02
6.277337670326232910e-03 4.817886650562286377e-01
3.567349016666412354e-01 7.833449244499206543e-01
2.745076455175876617e-02 8.105160593986511230e-01
8.090289831161499023e-01 6.818845868110656738e-01
4.005133509635925293e-01 2.683885097503662109e-01
4.122745394706726074e-01 3.390549719333648682e-01
2.673525512218475342e-01 3.882034718990325928e-01
3.574167564511299133e-02 4.525693058967590332e-01
6.117959022521972656e-01 6.483419537544250488e-01
6.995098590850830078e-01 5.150013566017150879e-01
1.333499699831008911e-01 6.266648173332214355e-01
5.999781489372253418e-01 2.105849385261535645e-01
9.422734975814819336e-01 7.153226137161254883e-01
5.122962594032287598e-01 6.660124063491821289e-01
1.765178591012954712e-01 7.597811222076416016e-01
5.187489986419677734e-01 7.706985622644424438e-02
4.804048538208007812e-01 3.915538489818572998e-01
4.676098823547363281e-01 5.506600737571716309e-01
4.178273081779479980e-01 4.184951782226562500e-01
2.348962575197219849e-01 3.888965547084808350e-01
8.629479408264160156e-01 5.799184441566467285e-01
5.925896763801574707e-01 6.923216581344604492e-02
6.873485445976257324e-01 4.949380755424499512e-01
7.544736862182617188e-01 6.223361492156982422e-01
8.496041297912597656e-01 1.676339507102966309e-01
9.889920949935913086e-01 5.097447633743286133e-01
2.891098260879516602e-01 3.462675809860229492e-01
3.685978353023529053e-01 1.737441569566726685e-01
5.548159480094909668e-01 8.225656747817993164e-01
4.722176492214202881e-01 8.006851077079772949e-01
7.227300405502319336e-01 7.214320302009582520e-01
1.525108516216278076e-01 8.173979520797729492e-01
4.143480062484741211e-01 6.835746169090270996e-01
4.758167564868927002e-01 9.460006952285766602e-01
8.992244601249694824e-01 8.939144611358642578e-01
9.384583830833435059e-01 7.451615929603576660e-01
6.857852339744567871e-01 8.379413485527038574e-01
4.475143253803253174e-01 4.820609688758850098e-01
2.278675138950347900e-01 9.279584288597106934e-01
7.878491282463073730e-01 3.820352852344512939e-01
6.925446391105651855e-01 6.870492100715637207e-01
5.779950022697448730e-01 6.124078631401062012e-01
2.604759335517883301e-01 5.418559312820434570e-01
2.632040977478027344e-01 5.276886224746704102e-01
1.319209039211273193e-01 1.331698335707187653e-02
3.162068426609039307e-01 8.417333960533142090e-01
8.417160511016845703e-01 4.271058142185211182e-01
4.855690896511077881e-01 1.185910403728485107e-01
1.761001199483871460e-01 8.966966271400451660e-01
5.507382750511169434e-01 2.243182212114334106e-01
4.011316895484924316e-01 5.825725793838500977e-01
8.920770883560180664e-01 2.784830033779144287e-01
8.253490924835205078e-01 4.004284143447875977e-01
1.118283718824386597e-01 7.147002816200256348e-01
9.948844909667968750e-01 8.237280845642089844e-01
6.885941028594970703e-01 4.125201702117919922e-01
9.306972026824951172e-01 9.238678961992263794e-02
1.547279953956604004e-01 9.623985290527343750e-01
6.465790867805480957e-01 6.707448363304138184e-01
5.456718802452087402e-01 2.261314094066619873e-01
6.428359150886535645e-01 7.881629467010498047e-01
4.334893226623535156e-01 2.632401883602142334e-01
8.509289473295211792e-02 6.823472976684570312e-01
8.620724678039550781e-01 1.092884764075279236e-01
9.514226317405700684e-01 4.985331296920776367e-01
6.255888342857360840e-01 7.373696565628051758e-01
6.555076241493225098e-01 9.289572834968566895e-01
9.611394405364990234e-01 5.181218385696411133e-01
2.961792051792144775e-01 9.417895078659057617e-01
2.202948182821273804e-01 5.308440923690795898e-01
2.371845245361328125e-01 3.628142774105072021e-01
7.160548567771911621e-01 3.803475499153137207e-01
7.562305331230163574e-01 7.916295528411865234e-01
2.145191580057144165e-01 3.471301868557929993e-02
9.145752191543579102e-01 9.239764213562011719e-01
5.620910525321960449e-01 7.188764810562133789e-01
7.191232442855834961e-01 2.558493018150329590e-01
2.933543026447296143e-01 1.262788921594619751e-01
2.324694842100143433e-01 1.503484547138214111e-01
3.589504063129425049e-01 9.525154232978820801e-01
1.710869371891021729e-01 2.447470128536224365e-01
3.305049836635589600e-01 7.440779209136962891e-01
6.824779510498046875e-02 2.101808786392211914e-01
4.139994382858276367e-01 2.208661288022994995e-01
3.515211343765258789e-01 4.724327921867370605e-01
7.810651659965515137e-01 6.956782937049865723e-01
8.988363295793533325e-02 7.423115968704223633e-01
3.358776569366455078e-01 2.120329886674880981e-01
2.438806444406509399e-01 6.005446314811706543e-01
9.305873513221740723e-01 6.419001817703247070e-01
6.794412732124328613e-01 9.905419349670410156e-01
7.040533423423767090e-01 5.560999512672424316e-01
9.277986884117126465e-01 2.066242098808288574e-01
8.418024182319641113e-01 6.491580605506896973e-01
9.005123376846313477e-01 5.368280410766601562e-01
2.216796576976776123e-01 4.273003637790679932e-01
4.816120266914367676e-01 2.271045744419097900e-01
8.367738723754882812e-01 1.322452276945114136e-01
3.562520444393157959e-01 3.684507906436920166e-01
2.629043161869049072e-01 9.784409403800964355e-01
2.448715120553970337e-01 3.360311090946197510e-01
1.724027991294860840e-01 3.256062567234039307e-01
6.806750893592834473e-01 8.741092085838317871e-01
8.375233411788940430e-01 2.009104192256927490e-01
2.801047861576080322e-01 4.229497909545898438e-01
7.081717848777770996e-01 6.885983943939208984e-01
7.418580055236816406e-01 2.184679955244064331e-01
7.045535445213317871e-01 1.928448230028152466e-01
1.402183622121810913e-01 2.470443248748779297e-01
9.795001149177551270e-01 6.977683305740356445e-01
2.296407520771026611e-01 4.075815677642822266e-01
7.746213674545288086e-01 8.446573019027709961e-01
2.459301203489303589e-01 9.512932896614074707e-01
8.792282938957214355e-01 8.814083337783813477e-01
3.883822560310363770e-01 8.031653165817260742e-01
9.173769950866699219e-01 1.908647269010543823e-01
9.313996434211730957e-01 2.355108708143234253e-01
8.686565160751342773e-01 8.792492151260375977e-01
8.593907952308654785e-01 1.016189008951187134e-01
5.310465022921562195e-02 1.918914616107940674e-01
1.120893061161041260e-01 9.941564798355102539e-01
9.631918072700500488e-01 7.103311419486999512e-01
5.274055004119873047e-01 9.393338561058044434e-01
4.193951785564422607e-01 5.603016912937164307e-02
5.471827983856201172e-01 1.187307909131050110e-01
9.861191511154174805e-01 6.154575943946838379e-01
5.223959684371948242e-01 5.859643816947937012e-01
8.046411275863647461e-01 1.215212345123291016e-01
3.306131362915039062e-01 8.911330103874206543e-01
1.456128656864166260e-01 5.858252048492431641e-01
5.328155159950256348e-01 1.605104804039001465e-01
1.086957519873976707e-03 4.752417802810668945e-01
1.937455534934997559e-01 5.367285013198852539e-01
7.966336607933044434e-01 3.763051927089691162e-01
9.951239228248596191e-01 5.616682171821594238e-01
8.216329663991928101e-02 7.304650545120239258e-01
7.858824729919433594e-01 6.484971046447753906e-01
7.423938512802124023e-01 7.056036591529846191e-01
1.834073811769485474e-01 4.982137382030487061e-01
2.067831456661224365e-01 5.190040469169616699e-01
5.264854431152343750e-02 3.075882792472839355e-01
8.642452359199523926e-01 5.915427207946777344e-01
4.501692056655883789e-01 8.420799374580383301e-01
6.408267617225646973e-01 1.593103110790252686e-01
6.414951682090759277e-01 1.250875443220138550e-01
4.155730009078979492e-01 5.486216545104980469e-01
6.900818943977355957e-01 7.302772402763366699e-01
6.203394532203674316e-01 6.630766391754150391e-01
8.737772703170776367e-01 5.535327196121215820e-01
2.629757486283779144e-02 2.378371655941009521e-01
9.171117544174194336e-01 4.753443598747253418e-01
8.535068035125732422e-01 4.706571996212005615e-01
5.109619498252868652e-01 2.457478344440460205e-01
3.348299264907836914e-01 1.040757223963737488e-01
3.607393205165863037e-01 6.056178212165832520e-01
4.815171957015991211e-01 4.525848627090454102e-01
6.708702445030212402e-01 7.206412553787231445e-01
4.366749525070190430e-01 9.840021133422851562e-01
9.659997820854187012e-01 5.103170275688171387e-01
8.634864091873168945e-01 7.378985881805419922e-01
2.632806301116943359e-01 2.593621611595153809e-01
4.686646461486816406e-01 2.422523647546768188e-01
7.694029808044433594e-01 8.333961367607116699e-01
4.684267938137054443e-01 9.543784260749816895e-01
6.922990679740905762e-01 8.801063299179077148e-01
9.493788704276084900e-03 9.934684038162231445e-01
6.194881200790405273e-01 2.655938863754272461e-01
6.070020794868469238e-02 9.451329112052917480e-01
8.431885242462158203e-01 6.739829778671264648e-01
8.454636931419372559e-01 2.443251311779022217e-01
9.148696064949035645e-01 1.936280131340026855e-01
3.137535452842712402e-01 5.459461808204650879e-01
9.755051136016845703e-01 9.192701578140258789e-01
8.800005912780761719e-01 4.620414674282073975e-01
3.891013562679290771e-01 6.053088903427124023e-01
9.228360652923583984e-01 6.470883488655090332e-01
4.944548904895782471e-01 3.977959752082824707e-01
8.896519541740417480e-01 1.163899227976799011e-01
5.640146732330322266e-01 4.773477613925933838e-01
2.895014360547065735e-03 6.469097733497619629e-01
7.590951323509216309e-01 6.776379346847534180e-01
8.631914854049682617e-01 7.296836376190185547e-01
7.239114046096801758e-01 8.795181512832641602e-01
7.243247032165527344e-01 8.617323637008666992e-02
4.183002412319183350e-01 1.002845391631126404e-01
3.022580444812774658e-01 3.234413862228393555e-01
1.232627555727958679e-01 1.134912818670272827e-01
4.765218496322631836e-01 5.122088789939880371e-01
1.083264723420143127e-01 3.854950070381164551e-01
1.434368193149566650e-01 5.622615218162536621e-01
7.674317955970764160e-01 8.481431603431701660e-01
7.164396643638610840e-01 1.166605204343795776e-01
5.706717967987060547e-01 3.229134976863861084e-01
7.475900650024414062e-01 1.383032798767089844e-01
5.282803177833557129e-01 3.662768006324768066e-01
9.673851728439331055e-01 9.933096766471862793e-01
3.526729643344879150e-01 7.562695741653442383e-01
7.611085772514343262e-01 4.328486919403076172e-01
4.939884245395660400e-01 7.466293573379516602e-01
9.049240350723266602e-01 7.606182694435119629e-01
9.623616933822631836e-01 5.422871112823486328e-01
1.447781920433044434e-01 3.929581865668296814e-02
4.669994413852691650e-01 3.297720476984977722e-02
1.551698446273803711e-01 8.431361913681030273e-01
8.136600255966186523e-01 5.238607525825500488e-02
9.961475133895874023e-01 3.706866800785064697e-01
2.185090184211730957e-01 3.133405372500419617e-02
4.503376409411430359e-02 2.924773991107940674e-01
3.723726272583007812e-01 4.203153774142265320e-02
1.686652302742004395e-01 2.343091815710067749e-01
9.724252223968505859e-01 5.942183732986450195e-01
8.972680568695068359e-01 9.215440154075622559e-01
4.055863320827484131e-01 7.036458253860473633e-01
7.553781867027282715e-01 6.843458414077758789e-01
4.794318974018096924e-01 5.938836932182312012e-01
1.211603954434394836e-01 7.398040294647216797e-01
1.064672023057937622e-01 6.369021534919738770e-02
8.839843273162841797e-01 2.752423882484436035e-01
8.901407122611999512e-01 5.290722846984863281e-01
8.633394837379455566e-01 1.259529143571853638e-01
7.011641263961791992e-01 4.832099080085754395e-01
7.335970401763916016e-01 2.444904856383800507e-02
3.335021734237670898e-01 8.969578146934509277e-01
8.009141087532043457e-01 8.296902179718017578e-01
8.634287118911743164e-02 5.666030645370483398e-01
6.384379863739013672e-01 6.003272533416748047e-02
6.266317367553710938e-01 2.085140645503997803e-01
5.050183534622192383e-01 9.177832603454589844e-01
1.164697706699371338e-01 7.700962424278259277e-01
2.827549874782562256e-01 6.308232545852661133e-01
5.718113780021667480e-01 7.812550663948059082e-01
8.925915360450744629e-01 4.922574460506439209e-01
3.531146943569183350e-01 9.922827482223510742e-01
5.847781300544738770e-01 9.631332755088806152e-01
8.613601922988891602e-01 9.567945599555969238e-01
1.585458666086196899e-01 9.998114705085754395e-01
9.489666223526000977e-01 9.938973933458328247e-02
1.831189692020416260e-01 7.573722861707210541e-03
6.332772374153137207e-01 7.721374630928039551e-01
6.590178012847900391e-01 8.398981094360351562e-01
7.888207435607910156e-01 2.849103808403015137e-01
8.213120698928833008e-01 8.719997406005859375e-01
8.810297250747680664e-01 1.483951807022094727e-01
6.323987841606140137e-01 3.304754197597503662e-01
8.490001559257507324e-01 1.613589823246002197e-01
3.811920285224914551e-01 1.270059347152709961e-01
3.819992244243621826e-01 4.860849380493164062e-01
8.989987373352050781e-01 5.179231166839599609e-01
9.763563871383666992e-01 5.581861138343811035e-01
6.689300537109375000e-01 6.572217345237731934e-01
6.627047061920166016e-01 2.955175563693046570e-02
4.229668676853179932e-01 4.835271537303924561e-01
6.563600301742553711e-01 4.738809764385223389e-01
3.396138548851013184e-01 2.866514623165130615e-01
3.440132737159729004e-01 4.514875262975692749e-02
7.774740457534790039e-01 6.824183464050292969e-01
8.811122775077819824e-01 1.436503976583480835e-01
9.934195280075073242e-01 5.387292504310607910e-01
7.701530456542968750e-01 9.799447655677795410e-01
6.088324189186096191e-01 6.821786761283874512e-01
8.280710577964782715e-01 6.354505419731140137e-01
6.018911004066467285e-01 1.295047849416732788e-01
3.383933305740356445e-01 9.778339266777038574e-01
3.674307763576507568e-01 8.923296332359313965e-01
2.659537494182586670e-01 3.132444322109222412e-01
5.920603871345520020e-01 4.921929538249969482e-01
6.810576468706130981e-02 8.281612396240234375e-01
5.439411401748657227e-01 4.068403542041778564e-01
5.994125828146934509e-02 3.231658339500427246e-01
9.404124021530151367e-01 8.987110257148742676e-01
7.421380877494812012e-01 5.031900405883789062e-01
5.790709257125854492e-01 3.898559212684631348e-01
3.881665170192718506e-01 2.542623877525329590e-01
5.260705947875976562e-01 7.972353100776672363e-01
8.477302789688110352e-01 4.248408675193786621e-01
1.062839254736900330e-01 9.130152463912963867e-01
6.668041944503784180e-01 6.669337749481201172e-01
8.607366681098937988e-01 8.492233753204345703e-01
8.897401392459869385e-03 7.176057249307632446e-02
4.054760038852691650e-01 3.803124427795410156e-01
7.960800081491470337e-02 8.976392149925231934e-01
2.667713463306427002e-01 9.159734249114990234e-01
5.812307596206665039e-01 8.050593733787536621e-01
9.869284629821777344e-01 4.527252614498138428e-01
5.456852912902832031e-01 1.873993575572967529e-01
9.217286705970764160e-01 3.853385448455810547e-01
2.748924493789672852e-02 1.900929659605026245e-01
2.326217442750930786e-01 9.645299315452575684e-01
5.189449191093444824e-01 7.403335571289062500e-01
3.865099847316741943e-01 3.388772606849670410e-01
5.262507200241088867e-01 6.185958981513977051e-01
9.996979236602783203e-01 1.650008559226989746e-01
6.728993654251098633e-01 7.174579501152038574e-01
1.108428835868835449e-01 9.911122322082519531e-01
6.914140582084655762e-01 5.118525028228759766e-01
7.701317667961120605e-01 8.932214379310607910e-01
1.321994513273239136e-02 6.259449720382690430e-01
5.702076554298400879e-01 7.685831785202026367e-01
4.700934588909149170e-01 1.610888838768005371e-01
3.877449333667755127e-01 5.655939579010009766e-01
7.066123485565185547e-01 7.778411507606506348e-01
1.296373903751373291e-01 1.688561737537384033e-01
6.557891368865966797e-01 2.263690978288650513e-01
2.791455984115600586e-01 9.118583798408508301e-01
3.560440838336944580e-01 7.002387046813964844e-01
4.423306584358215332e-01 8.636372685432434082e-01
6.171420812606811523e-01 5.998346805572509766e-01
2.014104276895523071e-01 2.977507412433624268e-01
8.705338835716247559e-01 6.991466879844665527e-01
1.030686423182487488e-01 5.070801973342895508e-01
6.445882320404052734e-01 3.170390725135803223e-01
9.001728892326354980e-01 7.657555341720581055e-01
8.995316624641418457e-01 8.977599740028381348e-01
9.551574587821960449e-01 8.718506097793579102e-01
1.679448932409286499e-01 7.824146747589111328e-02
6.610269546508789062e-01 5.773780941963195801e-01
6.228027343750000000e-01 8.521862626075744629e-01
2.691979110240936279e-01 2.999146580696105957e-01
6.404711604118347168e-01 7.324933409690856934e-01
2.786042690277099609e-01 8.538575172424316406e-01
7.598029375076293945e-01 6.408551335334777832e-01
4.746763408184051514e-01 2.084295600652694702e-01
6.558618545532226562e-01 9.378914237022399902e-01
3.549036085605621338e-01 5.954424738883972168e-01
2.022626399993896484e-01 4.000880941748619080e-02
7.000549137592315674e-02 9.388286471366882324e-01
3.906475603580474854e-01 7.877928614616394043e-01
2.510404884815216064e-01 5.092251300811767578e-01
6.418187022209167480e-01 9.262542128562927246e-01
6.887855529785156250e-01 3.306113183498382568e-01
6.266918033361434937e-02 2.844144590198993683e-03
4.248143360018730164e-02 5.896102190017700195e-01
9.985297322273254395e-01 7.830662131309509277e-01
3.563050925731658936e-01 7.590830922126770020e-01
8.767930269241333008e-01 7.958654165267944336e-01
3.160021305084228516e-01 5.498074889183044434e-01
3.037469387054443359e-01 8.627109974622726440e-02
1.987165585160255432e-02 8.713151216506958008e-01
1.757720410823822021e-01 6.928506493568420410e-02
6.453093290328979492e-01 9.983513951301574707e-01
1.658946722745895386e-01 1.805808693170547485e-01
2.697416245937347412e-01 6.542621254920959473e-01
9.567040205001831055e-01 2.287243604660034180e-01
6.967645287513732910e-01 7.882543802261352539e-01
3.028275668621063232e-01 1.701013892889022827e-01
5.175049304962158203e-01 9.210686683654785156e-01
5.746368169784545898e-01 1.355010122060775757e-01
7.505324482917785645e-01 1.490442901849746704e-01
5.412404537200927734e-01 5.502871274948120117e-01
8.707471489906311035e-01 2.571889460086822510e-01
4.679291248321533203e-01 2.999335527420043945e-01
5.845984816551208496e-01 1.862779110670089722e-01
5.950630083680152893e-02 5.061464309692382812e-01
7.373206615447998047e-01 7.508944272994995117e-01
2.467388361692428589e-01 9.913577437400817871e-01
4.374980181455612183e-02 4.921009540557861328e-01
2.769747376441955566e-01 4.724273383617401123e-01
4.126613140106201172e-01 3.682358860969543457e-01
5.177105665206909180e-01 3.700169920921325684e-01
9.038196206092834473e-01 5.212854146957397461e-01
2.704407870769500732e-01 8.312078118324279785e-01
9.270876646041870117e-01 5.216022729873657227e-01
7.601003050804138184e-01 5.487186312675476074e-01
1.458708941936492920e-01 8.942173123359680176e-01
9.003975987434387207e-02 9.913509488105773926e-01
6.708683967590332031e-01 1.887910217046737671e-01
6.898536682128906250e-01 1.529551297426223755e-01
1.076136827468872070e-01 3.753488063812255859e-01
6.856752634048461914e-01 4.425444081425666809e-02
9.706846475601196289e-01 9.223323464393615723e-01
6.022820472717285156e-01 3.702586293220520020e-01
8.456824719905853271e-02 3.415026366710662842e-01
4.440838992595672607e-01 1.306139975786209106e-01
6.496655941009521484e-01 8.217738866806030273e-01
1.860616952180862427e-01 1.297072023153305054e-01
7.152478098869323730e-01 7.482291013002395630e-02
2.122273445129394531e-01 5.781202316284179688e-01
7.581467628479003906e-01 9.471528530120849609e-01
4.017256796360015869e-01 1.030502989888191223e-01
6.244389414787292480e-01 6.470510959625244141e-01
8.199061751365661621e-01 8.025074601173400879e-01
6.303384304046630859e-01 5.243805050849914551e-01
1.151863634586334229e-01 7.954534292221069336e-01
7.176864147186279297e-01 2.310353815555572510e-01
1.690710335969924927e-01 2.404502779245376587e-01
7.705290913581848145e-01 5.724769234657287598e-01
7.546803355216979980e-01 8.775384426116943359e-01
1.718602180480957031e-01 9.317584633827209473e-01
3.073522746562957764e-01 2.127278447151184082e-01
1.502963751554489136e-01 8.054837584495544434e-01
5.107409358024597168e-01 7.944227457046508789e-01
7.741725444793701172e-01 6.169561743736267090e-01
9.692552685737609863e-01 8.200143277645111084e-02
1.859955787658691406e-01 3.269638121128082275e-01
6.073544621467590332e-01 9.631110429763793945e-01
3.359138071537017822e-01 5.579487606883049011e-02
3.487360775470733643e-01 6.169292330741882324e-01
1.154395639896392822e-01 9.401810169219970703e-02
3.742217719554901123e-01 8.830745816230773926e-01
2.610266804695129395e-01 7.997878789901733398e-01
3.773915767669677734e-02 4.313911125063896179e-02
3.264492452144622803e-01 3.381852507591247559e-01
2.871465682983398438e-01 4.717553853988647461e-01
4.962842464447021484e-01 2.785324752330780029e-01
9.228231906890869141e-01 7.774930596351623535e-01
9.246662855148315430e-01 7.477661967277526855e-01
3.572330474853515625e-01 9.027671813964843750e-01
3.665291070938110352e-01 2.267733961343765259e-01
8.336870074272155762e-01 4.388122856616973877e-01
1.255462467670440674e-01 5.094100236892700195e-01
3.257737755775451660e-01 8.364901691675186157e-02
4.568062350153923035e-02 5.284863710403442383e-01
8.940227627754211426e-01 3.065498769283294678e-01
6.053429245948791504e-01 4.549767076969146729e-01
8.784534335136413574e-01 2.665104568004608154e-01
6.023665517568588257e-02 4.800827801227569580e-01
1.546545326709747314e-01 9.417814016342163086e-02
1.524009406566619873e-01 4.727796912193298340e-01
1.531973034143447876e-01 6.954598426818847656e-01
4.816166162490844727e-01 1.402337849140167236e-01
5.909370183944702148e-01 1.163150668144226074e-01
9.322143197059631348e-01 7.683641910552978516e-01
9.762767553329467773e-01 7.084523439407348633e-01
9.849119186401367188e-01 5.696640014648437500e-01
2.523084878921508789e-01 6.833569407463073730e-01
7.638046741485595703e-01 9.599748253822326660e-01
7.280275225639343262e-01 9.239041209220886230e-01
3.050119578838348389e-01 3.182012736797332764e-01
9.031393527984619141e-01 5.921363830566406250e-01
5.116173028945922852e-01 3.839723765850067139e-01
5.311506390571594238e-01 2.299875468015670776e-01
7.492786645889282227e-01 3.953171074390411377e-01
3.705594837665557861e-01 5.727262794971466064e-02
1.486546844244003296e-01 5.164390206336975098e-01
5.238463878631591797e-01 1.853400170803070068e-01
5.263571143150329590e-01 6.707438826560974121e-01
5.589781329035758972e-02 4.512274563312530518e-01
6.301740407943725586e-01 6.456786394119262695e-01
5.936602354049682617e-01 5.748654603958129883e-01
5.167503356933593750e-01 4.649086296558380127e-01
5.112935900688171387e-01 3.634905815124511719e-02
5.987229347229003906e-01 7.079215645790100098e-01
6.863245368003845215e-02 3.551499843597412109e-01
2.625906169414520264e-01 2.223854213953018188e-01
5.759586095809936523e-01 9.655862450599670410e-01
7.396613359451293945e-01 3.513208329677581787e-01
4.814482629299163818e-01 6.355363726615905762e-01
4.818791151046752930e-01 4.479163289070129395e-01
6.471535563468933105e-01 1.032159551978111267e-01
8.828194737434387207e-01 7.189590930938720703e-01
6.191302537918090820e-01 6.479114890098571777e-01
6.662419438362121582e-01 9.371442720293998718e-03
8.480367064476013184e-01 7.463653087615966797e-01
8.899382352828979492e-01 6.286677718162536621e-01
8.628054857254028320e-01 2.194023281335830688e-01
7.349772751331329346e-02 6.216996312141418457e-01
5.681772716343402863e-03 6.834302842617034912e-02
2.479276657104492188e-01 5.309715867042541504e-01
2.983610928058624268e-01 6.603002548217773438e-01
6.137600541114807129e-01 3.073913455009460449e-01
3.062352240085601807e-01 9.200689792633056641e-01
5.194512009620666504e-01 7.292229533195495605e-01
2.113552391529083252e-01 6.293264627456665039e-01
7.001811861991882324e-01 4.309190511703491211e-01
3.450381159782409668e-01 7.100556492805480957e-01
3.264784514904022217e-01 3.639543950557708740e-01
1.494155675172805786e-01 7.783769965171813965e-01
8.948535919189453125e-01 1.713999062776565552e-01
2.906573414802551270e-01 8.580253720283508301e-01
4.407460987567901611e-01 2.849647700786590576e-01
5.268437862396240234e-01 4.065479040145874023e-01
4.958167672157287598e-01 5.120143294334411621e-01
9.170747995376586914e-01 1.015900969505310059e-01
5.740444064140319824e-01 4.568260312080383301e-01
5.902693271636962891e-01 5.716874599456787109e-01
7.955945134162902832e-01 4.403019547462463379e-01
1.402232795953750610e-01 4.770641922950744629e-01
5.212421417236328125e-01 7.732935547828674316e-01
9.536971449851989746e-01 4.883585870265960693e-01
8.585797548294067383e-01 6.971127986907958984e-01
8.577631115913391113e-01 1.473736763000488281e-01
7.035984396934509277e-01 6.522597074508666992e-01
3.421511352062225342e-01 7.728995680809020996e-01
4.045402705669403076e-01 9.935848712921142578e-01
3.647202551364898682e-01 4.643010497093200684e-01
5.323956012725830078e-01 4.325725510716438293e-02
7.627119123935699463e-02 9.145812988281250000e-01
8.759992122650146484e-01 6.912145018577575684e-01
2.526578009128570557e-01 2.126427143812179565e-01
7.804954051971435547e-01 1.278526186943054199e-01
6.676672697067260742e-01 1.121921017765998840e-01
2.509800530970096588e-02 9.437977671623229980e-01
4.862318336963653564e-01 4.662056565284729004e-01
2.023181021213531494e-01 5.449997186660766602e-01
2.283497899770736694e-02 4.752078056335449219e-01
7.629027217626571655e-02 7.468238472938537598e-01
9.279377460479736328e-01 3.931073844432830811e-01
7.842942476272583008e-01 2.951339818537235260e-03
6.945257782936096191e-01 8.537670373916625977e-01
7.430775761604309082e-01 4.613304138183593750e-01
6.696645617485046387e-01 7.270150184631347656e-01
8.718271851539611816e-01 3.705007433891296387e-01
3.397839367389678955e-01 7.627056241035461426e-01
6.746131777763366699e-01 8.303398489952087402e-01
1.199189051985740662e-01 5.059008002281188965e-01
4.551233947277069092e-01 4.555604755878448486e-01
9.146946668624877930e-01 8.605213761329650879e-01
8.740494251251220703e-01 3.363364934921264648e-01
7.271724939346313477e-02 2.990182638168334961e-01
1.959005892276763916e-01 6.495315432548522949e-01
6.624919176101684570e-01 4.014989137649536133e-01
2.909767329692840576e-01 3.112392127513885498e-01
5.596559047698974609e-01 3.486077487468719482e-01
8.224049806594848633e-01 1.819086968898773193e-01
7.164456248283386230e-01 9.391688704490661621e-01
4.816739857196807861e-01 2.222307920455932617e-01
2.610388696193695068e-01 2.223347425460815430e-01
5.157387852668762207e-01 2.146702259778976440e-01
2.512169182300567627e-01 7.786572575569152832e-01
3.291053771972656250e-01 8.223275542259216309e-01
5.797229409217834473e-01 5.746576189994812012e-01
1.054125800728797913e-01 3.936935365200042725e-01
4.743314087390899658e-01 1.736639291048049927e-01
9.776492118835449219e-01 8.456235527992248535e-01
9.469181895256042480e-01 5.585747957229614258e-01
4.071644842624664307e-01 2.493885606527328491e-01
5.342187285423278809e-01 7.254255414009094238e-01
3.471951186656951904e-02 1.859272271394729614e-02
1.865211874246597290e-01 9.930806159973144531e-01
3.076448142528533936e-01 4.729231297969818115e-01
5.230162739753723145e-01 1.854431442916393280e-02
1.796594262123107910e-01 3.018978238105773926e-01
4.546134769916534424e-01 8.692167997360229492e-01
6.608347892761230469e-01 1.477457955479621887e-02
4.802835583686828613e-01 6.463766694068908691e-01
1.804062724113464355e-01 6.833757162094116211e-01
3.535176217555999756e-01 2.646123170852661133e-01
9.178779721260070801e-01 9.125359058380126953e-01
2.980245053768157959e-01 7.890177965164184570e-01
8.705732226371765137e-02 4.780067801475524902e-01
5.176722407341003418e-01 4.727340042591094971e-01
1.517185866832733154e-01 3.811019957065582275e-01
4.910122156143188477e-01 8.773204088211059570e-01
9.946735501289367676e-01 9.250679016113281250e-01
3.415398597717285156e-01 2.721151411533355713e-01
2.816393673419952393e-01 6.576631069183349609e-01
7.997814416885375977e-01 5.607097744941711426e-01
4.512243270874023438e-01 5.598398447036743164e-01
4.399853348731994629e-01 8.743183016777038574e-01
2.702524065971374512e-01 1.762434095144271851e-01
2.999504283070564270e-02 5.214936733245849609e-01
5.766093134880065918e-01 3.305935114622116089e-02
6.705857515335083008e-01 1.213008016347885132e-01
1.268154233694076538e-01 1.231573522090911865e-01
8.891491889953613281e-01 1.413592249155044556e-01
3.692339360713958740e-02 5.970651507377624512e-01
2.097695916891098022e-01 4.577561616897583008e-01
2.194064296782016754e-02 5.746453404426574707e-01
2.047946453094482422e-01 8.795254826545715332e-01
4.048904180526733398e-01 2.815331816673278809e-01
2.401344329118728638e-01 5.893641114234924316e-01
7.378824949264526367e-01 8.835905194282531738e-01
9.462509155273437500e-01 7.472956180572509766e-01
7.873723506927490234e-01 1.999791562557220459e-01
3.757172822952270508e-01 9.663193225860595703e-01
1.222863718867301941e-01 8.912185430526733398e-01
8.055430054664611816e-01 1.931810230016708374e-01
4.351703077554702759e-02 9.304472804069519043e-01
3.172215819358825684e-01 2.516527473926544189e-01
6.659489274024963379e-01 8.639481663703918457e-01
5.075916647911071777e-01 2.102497369050979614e-01
5.211092904210090637e-02 4.588555395603179932e-01
9.493917226791381836e-01 4.053905308246612549e-01
6.105210632085800171e-02 5.396310091018676758e-01
6.806169152259826660e-01 8.076176643371582031e-01
1.686534285545349121e-01 8.670996427536010742e-01
1.286046952009201050e-01 6.370237469673156738e-01
9.918982982635498047e-01 7.783091813325881958e-02
3.800517618656158447e-01 9.089515209197998047e-01
3.620291054248809814e-01 8.102046847343444824e-01
4.226135835051536560e-02 4.103708565235137939e-01
1.868022084236145020e-01 2.528078109025955200e-02
4.464306533336639404e-01 6.792158484458923340e-01
7.961215376853942871e-01 4.446569383144378662e-01
2.521996796131134033e-01 6.684451103210449219e-01
7.734718322753906250e-01 4.592006802558898926e-01
2.097378671169281006e-01 1.947662532329559326e-01
4.742285609245300293e-01 3.211649358272552490e-01
2.971089780330657959e-01 8.814228773117065430e-01
3.117048442363739014e-01 5.476211309432983398e-01
8.867509961128234863e-01 9.826496243476867676e-01
5.392833054065704346e-02 4.551492035388946533e-01
3.468451797962188721e-01 7.975691556930541992e-01
5.118250846862792969e-01 4.217384457588195801e-01
5.348011851310729980e-01 4.099067449569702148e-01
7.924696803092956543e-01 9.075437188148498535e-01
7.026244997978210449e-01 7.034673094749450684e-01
6.610390543937683105e-01 2.245496213436126709e-02
8.399068713188171387e-01 9.587920904159545898e-01
2.684447169303894043e-01 4.381475746631622314e-01
6.617589592933654785e-01 7.681146860122680664e-01
1.734232157468795776e-01 7.880154848098754883e-01
6.638158559799194336e-01 8.629063963890075684e-01
3.504500389099121094e-01 7.013130784034729004e-01
5.308748483657836914e-01 7.488173246383666992e-01
3.044236302375793457e-01 8.648720383644104004e-01
4.427468404173851013e-03 5.979604125022888184e-01
9.956772923469543457e-01 2.328645735979080200e-01
5.484286546707153320e-01 3.690695464611053467e-01
2.791567742824554443e-01 5.077754855155944824e-01
5.502892658114433289e-02 6.733267903327941895e-01
2.560408972203731537e-02 7.173087000846862793e-01
7.355772852897644043e-01 4.048151671886444092e-01
6.972053647041320801e-01 6.667296290397644043e-01
8.367472887039184570e-01 3.096358180046081543e-01
1.412074416875839233e-01 5.648896694183349609e-01
9.763382077217102051e-01 1.753720343112945557e-01
7.524191141128540039e-01 2.011727355420589447e-02
8.272641152143478394e-02 4.517500102519989014e-01
8.487286567687988281e-01 5.789754986763000488e-01
2.835163772106170654e-01 2.959907054901123047e-01
9.245467782020568848e-01 6.548807024955749512e-01
5.339397192001342773e-01 2.108078002929687500e-01
9.013460874557495117e-01 5.016270279884338379e-01
3.706805706024169922e-01 2.928265035152435303e-01
5.771352052688598633e-01 3.999980986118316650e-01
3.961863815784454346e-01 7.415512800216674805e-01
7.209417819976806641e-01 2.083353847265243530e-01
9.409760236740112305e-01 2.717605233192443848e-01
7.555415034294128418e-01 4.437915086746215820e-01
6.330861151218414307e-02 2.512926459312438965e-01
5.670961141586303711e-01 3.086569719016551971e-02
1.430026143789291382e-01 3.951271772384643555e-01
6.329872608184814453e-01 5.163786411285400391e-01
9.869230985641479492e-01 3.866317868232727051e-01
6.912406086921691895e-01 3.081827163696289062e-01
8.529816865921020508e-01 5.780341029167175293e-01
7.590068578720092773e-01 7.840117216110229492e-01
8.243833184242248535e-01 5.609629750251770020e-01
1.977210342884063721e-01 8.542246818542480469e-01
4.483353719115257263e-02 2.700761854648590088e-01
5.670260787010192871e-01 5.908930301666259766e-01
1.929652839899063110e-01 4.749985635280609131e-01
8.498771190643310547e-01 5.512107014656066895e-01
7.683008909225463867e-01 5.936521291732788086e-01
2.460255175828933716e-01 3.874625265598297119e-01
2.038725167512893677e-01 8.079978823661804199e-02
9.086346626281738281e-02 9.864570498466491699e-01
8.531701564788818359e-01 7.247723340988159180e-01
6.856282949447631836e-01 2.814601361751556396e-01
