5.649524927139282227e-01 3.630147576332092285e-01
7.407410740852355957e-01 9.022523164749145508e-01
6.664972752332687378e-02 7.613502144813537598e-01
9.080193638801574707e-01 2.845656275749206543e-01
8.294165730476379395e-01 9.216445684432983398e-01
5.326253771781921387e-01 6.602681875228881836e-01
6.870960593223571777e-01 9.619631171226501465e-01
6.031587719917297363e-01 1.839701384305953979e-01
8.428315520286560059e-01 6.289478540420532227e-01
1.906196475028991699e-01 6.463832259178161621e-01
6.403809189796447754e-01 7.588979601860046387e-01
7.039232850074768066e-01 1.007012557238340378e-02
5.234218388795852661e-02 3.873406210914254189e-03
5.916796326637268066e-01 1.762062311172485352e-01
2.663468569517135620e-02 9.207785129547119141e-01
1.521438807249069214e-01 9.730100035667419434e-01
8.688085079193115234e-01 9.603297710418701172e-02
6.433671116828918457e-01 3.729553222656250000e-01
2.947391569614410400e-01 6.207681298255920410e-01
1.354380249977111816e-01 2.632437348365783691e-01
8.188958168029785156e-01 1.250089984387159348e-02
2.821553051471710205e-01 4.958951771259307861e-01
1.195086166262626648e-01 2.314925640821456909e-01
3.510626554489135742e-01 5.987547636032104492e-01
9.817238450050354004e-01 5.711590051651000977e-01
4.061959385871887207e-01 3.585723936557769775e-01
2.180066145956516266e-02 6.415709853172302246e-01
2.700464427471160889e-01 6.936939954757690430e-01
7.099089026451110840e-01 2.915140390396118164e-01
6.432371735572814941e-01 4.848938584327697754e-01
5.458275675773620605e-01 3.982651829719543457e-01
9.767044186592102051e-01 3.939336836338043213e-01
5.479619503021240234e-01 6.948843598365783691e-01
9.642372131347656250e-01 9.873299859464168549e-03
7.675969004631042480e-01 8.286238312721252441e-01
2.332455068826675415e-01 7.648196220397949219e-01
2.364748567342758179e-01 8.866033554077148438e-01
1.116889268159866333e-01 8.996039032936096191e-01
7.164605259895324707e-01 7.909675240516662598e-01
2.250748425722122192e-01 4.385858774185180664e-01
4.384258016943931580e-02 7.507929801940917969e-01
7.331731915473937988e-01 1.968665719032287598e-01
7.712742090225219727e-01 9.085480570793151855e-01
2.616448700428009033e-01 9.769777953624725342e-02
1.376125961542129517e-01 9.815370440483093262e-01
2.033116966485977173e-01 1.475093811750411987e-01
6.963693499565124512e-01 1.134629249572753906e-01
2.412552982568740845e-01 1.819377988576889038e-01
9.093055129051208496e-01 3.789367675781250000e-01
1.325917094945907593e-01 1.180179119110107422e-01
8.547344207763671875e-01 3.513604104518890381e-01
9.514766335487365723e-01 9.716423749923706055e-01
9.495978951454162598e-01 6.721536517143249512e-01
5.548574924468994141e-01 4.653860628604888916e-01
6.062939763069152832e-01 9.108133316040039062e-01
8.266780972480773926e-01 6.777100563049316406e-01
2.260051071643829346e-01 7.563450932502746582e-01
2.064539492130279541e-01 3.529852628707885742e-01
5.706776678562164307e-02 5.624250769615173340e-01
2.946037948131561279e-01 4.695887267589569092e-01
3.305718302726745605e-01 3.163485527038574219e-01
3.637900203466415405e-02 3.264482319355010986e-01
3.006643354892730713e-01 9.103941917419433594e-01
2.416835278272628784e-01 7.450043559074401855e-01
6.163290739059448242e-01 3.892514407634735107e-01
6.045237779617309570e-01 8.640916347503662109e-01
6.550149917602539062e-01 2.361659854650497437e-01
8.056430816650390625e-01 6.056049023754894733e-04
9.373499751091003418e-01 3.846746087074279785e-01
9.586150050163269043e-01 2.095532864332199097e-01
6.119614243507385254e-01 2.909363806247711182e-01
5.997885018587112427e-02 6.193403601646423340e-01
4.764602780342102051e-01 9.566380381584167480e-01
3.065808117389678955e-01 7.012804150581359863e-01
9.141278266906738281e-02 5.308142304420471191e-01
4.449949562549591064e-01 3.798295259475708008e-01
4.467091560363769531e-01 2.906709015369415283e-01
5.179811120033264160e-01 1.037410721182823181e-01
7.246697545051574707e-01 3.262806534767150879e-01
5.406357645988464355e-01 6.017860770225524902e-01
2.342977374792098999e-01 9.721369743347167969e-01
9.070541262626647949e-01 2.240481674671173096e-01
9.370256215333938599e-02 3.908436596393585205e-01
4.733601212501525879e-01 8.726520091295242310e-02
8.418489098548889160e-01 6.762920022010803223e-01
9.557307362556457520e-01 3.841716796159744263e-02
4.832375943660736084e-01 1.352769285440444946e-01
1.725907027721405029e-01 2.085963636636734009e-01
1.741559617221355438e-02 4.381853044033050537e-01
6.576863527297973633e-01 8.521490693092346191e-01
7.694882154464721680e-01 1.040302440524101257e-01
6.482785940170288086e-01 5.325742959976196289e-01
8.726516962051391602e-01 9.245834946632385254e-01
9.297711849212646484e-01 5.782064795494079590e-01
9.660214185714721680e-01 4.912022352218627930e-01
7.171106338500976562e-01 7.823876738548278809e-01
4.827214479446411133e-01 5.760646462440490723e-01
4.900479912757873535e-01 9.965144097805023193e-02
3.688897192478179932e-01 7.205470800399780273e-01
9.248440265655517578e-01 3.098027110099792480e-01
2.942532896995544434e-01 8.125073909759521484e-01
3.911195993423461914e-01 1.652143001556396484e-01
9.522393941879272461e-01 3.701152801513671875e-01
6.575930118560791016e-01 8.260409533977508545e-02
4.406342208385467529e-01 2.609200775623321533e-01
2.450864762067794800e-01 9.757490158081054688e-01
6.529597193002700806e-02 5.140818357467651367e-01
3.614160418510437012e-01 1.524218916893005371e-01
7.553382962942123413e-02 5.256536602973937988e-01
3.922998309135437012e-01 2.302699349820613861e-02
8.208902478218078613e-01 9.196845889091491699e-01
7.305199503898620605e-01 7.604253292083740234e-01
8.825598955154418945e-01 5.885268375277519226e-02
5.175409913063049316e-01 9.764211773872375488e-01
7.745245695114135742e-01 1.917866021394729614e-01
1.663795709609985352e-01 6.499442458152770996e-01
9.333348274230957031e-01 7.079174518585205078e-01
1.569097489118576050e-02 4.678588509559631348e-01
1.922354549169540405e-01 5.416320562362670898e-01
6.754815578460693359e-01 8.884705305099487305e-01
3.667035102844238281e-01 5.684980750083923340e-01
6.991001963615417480e-01 1.007241755723953247e-01
4.904892742633819580e-01 2.368481010198593140e-01
2.557266354560852051e-01 1.691408455371856689e-01
7.622175812721252441e-01 9.278000593185424805e-01
3.145945370197296143e-01 4.206516444683074951e-01
5.054426938295364380e-02 6.148103475570678711e-01
7.437264919281005859e-01 2.220714688301086426e-01
8.381322622299194336e-01 4.324577152729034424e-01
8.288629055023193359e-01 7.217210531234741211e-01
3.985289335250854492e-01 8.913707137107849121e-01
1.727009117603302002e-01 8.305029273033142090e-01
7.892240285873413086e-01 3.665480315685272217e-01
8.253276348114013672e-01 4.619803726673126221e-01
2.559872269630432129e-01 4.553108215332031250e-01
4.936551749706268311e-01 7.610897719860076904e-02
2.397997826337814331e-01 4.183737933635711670e-01
9.248294234275817871e-01 8.009428977966308594e-01
6.216591000556945801e-01 5.841881036758422852e-01
3.103019595146179199e-01 2.092970013618469238e-01
6.126016378402709961e-01 3.806507289409637451e-01
3.055869936943054199e-01 4.370592832565307617e-01
7.535398006439208984e-01 3.204058110713958740e-01
8.046973347663879395e-01 7.984188795089721680e-01
1.802688241004943848e-01 8.016242384910583496e-01
2.509274482727050781e-01 3.203428387641906738e-01
2.926720082759857178e-01 6.167108193039894104e-02
3.123081289231777191e-02 1.578841209411621094e-01
8.150036931037902832e-01 1.608369052410125732e-01
1.274193376302719116e-01 1.529833078384399414e-01
5.670171380043029785e-01 2.937858700752258301e-01
4.638924077153205872e-02 4.548277556896209717e-01
6.670363545417785645e-01 5.874537304043769836e-02
1.869416236877441406e-01 6.741766631603240967e-02
9.081047177314758301e-01 3.824238479137420654e-01
5.468708872795104980e-01 4.159867390990257263e-02
2.165628820657730103e-01 3.964115679264068604e-02
4.858594238758087158e-01 4.517077505588531494e-01
9.897055476903915405e-02 4.993621408939361572e-01
5.339397192001342773e-01 1.171616688370704651e-01
8.181447982788085938e-01 7.055770158767700195e-01
6.813141107559204102e-01 6.314869523048400879e-01
9.007937312126159668e-01 9.749377965927124023e-01
6.845734715461730957e-01 5.013930201530456543e-01
5.968118906021118164e-01 2.544740140438079834e-01
6.143363118171691895e-01 8.336723446846008301e-01
8.210297822952270508e-01 5.470475554466247559e-01
6.737623214721679688e-01 2.611259818077087402e-01
2.063142508268356323e-01 1.537942290306091309e-01
4.358842968940734863e-01 1.717084199190139771e-01
1.635063737630844116e-01 3.970763683319091797e-01
2.498342096805572510e-01 7.538316845893859863e-01
1.935456395149230957e-01 7.446494102478027344e-01
6.528059244155883789e-01 3.821612298488616943e-01
2.574179768562316895e-01 7.453235983848571777e-01
3.342309221625328064e-02 2.561908066272735596e-01
8.411365747451782227e-01 9.042379260063171387e-02
3.320666551589965820e-01 7.217862010002136230e-01
9.697738289833068848e-02 4.358706474304199219e-01
3.754416108131408691e-01 7.501873373985290527e-02
2.367386817932128906e-01 8.588486909866333008e-01
9.825696051120758057e-02 1.829825900495052338e-02
4.731317460536956787e-01 2.005533128976821899e-01
8.812785744667053223e-01 2.952998578548431396e-01
2.566363811492919922e-01 5.144705772399902344e-01
7.610868215560913086e-01 4.950929284095764160e-01
7.193031907081604004e-01 3.299115598201751709e-01
5.689475685358047485e-02 3.496279120445251465e-01
1.642915159463882446e-01 9.005979895591735840e-01
4.089213907718658447e-01 3.838491141796112061e-01
9.454460740089416504e-01 8.376742601394653320e-01
9.229348301887512207e-01 5.062623322010040283e-02
4.068752527236938477e-01 6.140675544738769531e-01
2.185867726802825928e-01 1.899750083684921265e-01
7.777567505836486816e-01 9.944897890090942383e-01
1.770252012647688389e-03 4.926067963242530823e-02
3.991550207138061523e-01 5.131857991218566895e-01
8.430102467536926270e-02 6.147193908691406250e-01
6.907601356506347656e-01 3.739504516124725342e-01
8.566591888666152954e-02 5.123082399368286133e-01
7.814141362905502319e-02 5.048035383224487305e-01
4.253723919391632080e-01 6.103286147117614746e-01
1.160668767988681793e-02 6.477941870689392090e-01
9.486530423164367676e-01 4.784746170043945312e-01
4.738032519817352295e-01 5.131087303161621094e-01
4.679177701473236084e-01 6.391822695732116699e-01
2.122225612401962280e-01 4.886675775051116943e-01
5.242664217948913574e-01 7.121159434318542480e-01
3.633560538291931152e-01 8.891908526420593262e-01
7.501017451286315918e-01 1.117568556219339371e-02
6.963399648666381836e-01 9.355897903442382812e-01
5.440844297409057617e-01 1.935399919748306274e-01
7.765589952468872070e-01 5.815830230712890625e-01
9.306309223175048828e-01 9.884974956512451172e-01
6.121144890785217285e-01 3.960011303424835205e-01
2.925992310047149658e-01 4.100850522518157959e-01
9.261324405670166016e-01 1.506516337394714355e-01
2.423100769519805908e-01 6.551870703697204590e-01
5.721656084060668945e-01 4.804141819477081299e-01
1.445132344961166382e-01 5.426139235496520996e-01
8.983360975980758667e-02 8.947478532791137695e-01
5.476756691932678223e-01 5.235227346420288086e-01
5.701003670692443848e-01 9.485499262809753418e-01
5.787945389747619629e-01 9.206951260566711426e-01
8.685059547424316406e-01 3.401006460189819336e-01
8.086234927177429199e-01 7.100395560264587402e-01
6.559494733810424805e-01 7.215704321861267090e-01
7.721509933471679688e-01 2.121811732649803162e-02
2.881963737308979034e-02 4.189114868640899658e-01
4.387730360031127930e-01 4.423911571502685547e-01
5.144738554954528809e-01 2.955258190631866455e-01
8.876935392618179321e-02 5.916334390640258789e-01
7.849043607711791992e-01 7.920385003089904785e-01
5.441460013389587402e-01 2.561539113521575928e-01
6.511296033859252930e-01 4.337368905544281006e-01
9.169681072235107422e-01 7.520003318786621094e-01
5.429343581199645996e-01 5.035314336419105530e-02
2.531185746192932129e-01 1.064054295420646667e-01
1.996263116598129272e-01 5.765799880027770996e-01
5.918631553649902344e-01 2.010251730680465698e-01
7.443402409553527832e-01 2.947013266384601593e-02
1.706693917512893677e-01 3.406950831413269043e-01
8.729563951492309570e-01 6.439781188964843750e-01
7.845897674560546875e-01 9.593474864959716797e-01
6.006428003311157227e-01 6.663807630538940430e-01
2.114771008491516113e-01 5.962014794349670410e-01
8.878474831581115723e-01 7.054075598716735840e-02
5.507078394293785095e-02 8.106526732444763184e-01
8.390921354293823242e-02 6.226453185081481934e-01
7.840472459793090820e-01 5.985714197158813477e-01
9.376829862594604492e-01 3.588534891605377197e-01
9.293023347854614258e-01 7.697095274925231934e-01
9.142447710037231445e-01 1.875112578272819519e-02
3.352259993553161621e-01 8.182665705680847168e-01
4.081251025199890137e-01 2.119840085506439209e-01
5.757436752319335938e-01 1.411240845918655396e-01
1.145602613687515259e-01 8.329767584800720215e-01
1.134386584162712097e-01 4.852218329906463623e-01
5.042003393173217773e-01 2.768103182315826416e-01
4.598840773105621338e-01 5.623481273651123047e-01
3.519198298454284668e-01 2.548919022083282471e-01
7.842330336570739746e-01 2.575929462909698486e-01
7.251393795013427734e-01 8.098137378692626953e-01
7.083941102027893066e-01 5.030271410942077637e-01
1.526113450527191162e-01 7.107383608818054199e-01
3.196778595447540283e-01 5.499369502067565918e-01
5.353356003761291504e-01 5.670282840728759766e-01
6.619149446487426758e-01 8.237514495849609375e-01
6.215278506278991699e-01 2.308835536241531372e-01
3.656403720378875732e-01 5.020127892494201660e-01
5.870343446731567383e-01 1.074585542082786560e-01
1.861692219972610474e-01 1.756675094366073608e-01
2.495658844709396362e-01 4.196138381958007812e-01
3.817909061908721924e-01 5.190070271492004395e-01
3.634478449821472168e-01 3.593140542507171631e-01
2.997081279754638672e-01 5.328994989395141602e-01
2.550841271877288818e-01 7.997511029243469238e-01
7.779873013496398926e-01 3.324933648109436035e-01
5.079860091209411621e-01 1.567670255899429321e-01
8.941354155540466309e-01 1.939345449209213257e-01
2.569139003753662109e-01 2.159881293773651123e-01
2.311242073774337769e-01 8.923268318176269531e-01
1.062426492571830750e-01 1.468850225210189819e-01
8.986814022064208984e-01 8.854665607213973999e-02
2.971009910106658936e-01 1.656993180513381958e-01
6.451902985572814941e-01 9.945869445800781250e-01
7.127161622047424316e-01 8.163873106241226196e-02
8.197237253189086914e-01 5.239292979240417480e-01
4.772889018058776855e-01 3.004400990903377533e-02
5.635455250740051270e-01 4.704526364803314209e-01
8.059315681457519531e-01 4.044299423694610596e-01
7.154760360717773438e-01 4.001093804836273193e-01
1.581122130155563354e-01 4.842236042022705078e-01
1.627692878246307373e-01 4.261358678340911865e-01
5.477874875068664551e-01 5.947925448417663574e-01
3.881299495697021484e-01 6.032434105873107910e-01
7.931913137435913086e-01 3.890525400638580322e-01
8.668806552886962891e-01 6.931923627853393555e-01
4.066138863563537598e-01 4.035331904888153076e-01
4.565762579441070557e-01 1.892005503177642822e-01
7.583181858062744141e-01 6.383340358734130859e-01
6.162991523742675781e-01 1.164406090974807739e-01
7.486497759819030762e-01 3.166489005088806152e-01
2.276811450719833374e-01 6.289855837821960449e-01
3.714574277400970459e-01 7.623191475868225098e-01
3.167913556098937988e-01 7.703578472137451172e-01
3.015857636928558350e-01 9.862521290779113770e-01
1.433847546577453613e-01 4.584113657474517822e-01
9.515070319175720215e-01 7.882814407348632812e-01
7.562011480331420898e-01 4.140036702156066895e-01
3.317133784294128418e-01 3.291728198528289795e-01
2.388356067240238190e-02 6.255681514739990234e-01
3.170715868473052979e-01 6.008813381195068359e-01
6.189774274826049805e-01 5.588181018829345703e-01
2.049226015806198120e-01 4.070164859294891357e-01
8.109696507453918457e-01 1.538367867469787598e-01
3.228156864643096924e-01 3.159855306148529053e-01
6.856451034545898438e-01 7.034014165401458740e-02
3.774701058864593506e-01 9.896577596664428711e-01
3.958737254142761230e-01 8.121701478958129883e-01
8.437870144844055176e-01 8.306187391281127930e-01
9.836965203285217285e-01 5.732765421271324158e-02
6.412431597709655762e-01 9.166784882545471191e-01
6.930506229400634766e-01 3.989714086055755615e-01
6.100990772247314453e-01 2.203778326511383057e-01
4.229233562946319580e-01 2.272763401269912720e-01
1.862670928239822388e-01 1.134496256709098816e-01
4.036020040512084961e-01 2.866024971008300781e-01
3.928323388099670410e-01 6.554616093635559082e-01
5.642729997634887695e-01 7.216572165489196777e-01
8.189515471458435059e-01 3.045671284198760986e-01
2.588411867618560791e-01 8.554239273071289062e-01
9.625779986381530762e-01 7.419122010469436646e-02
4.021150469779968262e-01 4.236666262149810791e-01
9.856891632080078125e-01 3.780177533626556396e-01
4.946555793285369873e-01 8.175075650215148926e-01
9.784516692161560059e-01 7.075181007385253906e-01
7.264807820320129395e-01 1.499744951725006104e-01
4.824943244457244873e-01 1.849030889570713043e-02
7.549768686294555664e-01 7.114037275314331055e-01
1.042827665805816650e-01 9.973085522651672363e-01
2.712295353412628174e-01 8.062360286712646484e-01
5.464218854904174805e-01 7.515350580215454102e-01
4.863678812980651855e-01 6.231744289398193359e-01
3.845898509025573730e-01 1.003676950931549072e-01
2.760911285877227783e-01 3.042753040790557861e-02
3.600045293569564819e-02 9.110756516456604004e-01
2.249891757965087891e-01 2.191921919584274292e-01
9.778991937637329102e-01 7.854072451591491699e-01
7.537143230438232422e-01 2.254982292652130127e-01
5.998367071151733398e-01 1.627853512763977051e-01
1.063499450683593750e-01 8.566738963127136230e-01
5.653513073921203613e-01 3.983550369739532471e-01
3.585975989699363708e-02 2.547073662281036377e-01
5.597825050354003906e-01 4.620070457458496094e-01
5.484390258789062500e-01 5.485685914754867554e-02
3.589466214179992676e-01 4.160318672657012939e-01
5.763809010386466980e-02 7.328957915306091309e-01
6.575669627636671066e-03 9.281713366508483887e-01
1.619754126295447350e-03 3.176382184028625488e-01
5.931287407875061035e-01 9.029406905174255371e-01
1.443602144718170166e-01 3.302755355834960938e-01
5.749520659446716309e-01 6.642366647720336914e-01
5.680985450744628906e-01 3.520299494266510010e-01
6.453251242637634277e-01 4.967248439788818359e-01
1.738916188478469849e-01 8.588034510612487793e-01
6.089032888412475586e-01 4.522627592086791992e-01
3.241336345672607422e-01 5.627079010009765625e-01
3.684435188770294189e-01 3.324185609817504883e-01
4.071318507194519043e-01 9.755012392997741699e-01
5.092527866363525391e-01 5.952574610710144043e-01
1.879359334707260132e-01 9.703009724617004395e-01
3.658975660800933838e-01 9.144215583801269531e-01
6.654453277587890625e-01 1.778866052627563477e-01
4.900403916835784912e-01 9.956866502761840820e-01
7.624416947364807129e-01 8.927816748619079590e-01
9.756621718406677246e-01 5.966035723686218262e-01
2.647480070590972900e-01 5.575818419456481934e-01
1.485563665628433228e-01 8.756181001663208008e-01
3.403440117835998535e-01 8.449128270149230957e-01
9.996174573898315430e-01 5.381760597229003906e-01
5.620039105415344238e-01 6.687828302383422852e-01
2.493931949138641357e-01 3.916583359241485596e-01
7.778185606002807617e-01 3.942387923598289490e-02
3.829946219921112061e-01 2.280251532793045044e-01
3.660247325897216797e-01 4.810132086277008057e-01
4.719780981540679932e-01 5.797696858644485474e-02
9.847872853279113770e-01 3.020909726619720459e-01
7.302011847496032715e-01 8.719213008880615234e-01
6.372276544570922852e-01 7.043879032135009766e-01
7.553960680961608887e-01 6.857337057590484619e-02
2.154347598552703857e-01 8.242470622062683105e-01
8.942657709121704102e-01 9.753550291061401367e-01
1.061503589153289795e-01 4.607455432415008545e-01
3.969088494777679443e-01 8.838821649551391602e-01
7.449274659156799316e-01 1.276947408914566040e-01
9.544163346290588379e-01 1.999669224023818970e-01
5.864036679267883301e-01 5.282187461853027344e-01
7.805705070495605469e-01 9.618902206420898438e-01
1.419382095336914062e-01 4.687984287738800049e-01
2.184688150882720947e-01 3.845235109329223633e-01
5.632549524307250977e-01 7.649403810501098633e-01
7.983146309852600098e-01 6.441764235496520996e-01
7.750666141510009766e-01 5.149246454238891602e-01
8.185603618621826172e-01 9.333751797676086426e-01
9.387375116348266602e-01 5.495789647102355957e-01
5.101062655448913574e-01 3.270071446895599365e-01
5.245147943496704102e-01 5.843507051467895508e-01
3.024550378322601318e-01 8.428210616111755371e-01
2.087319344282150269e-01 3.625026941299438477e-01
9.083042144775390625e-01 1.747553944587707520e-01
1.637133359909057617e-01 4.667835533618927002e-01
9.672524333000183105e-01 6.663607954978942871e-01
7.600798010826110840e-01 4.098906517028808594e-01
4.724442064762115479e-01 6.990874409675598145e-01
5.842175334692001343e-02 6.099673509597778320e-01
4.742792248725891113e-01 2.864217758178710938e-01
7.639069557189941406e-01 8.171404004096984863e-01
9.049851298332214355e-01 3.162402510643005371e-01
8.530079722404479980e-01 4.995979368686676025e-01
2.779679596424102783e-01 8.098478317260742188e-01
8.842361569404602051e-01 4.345719218254089355e-01
3.570563793182373047e-01 3.944345116615295410e-01
1.877047270536422729e-01 5.664768218994140625e-01
8.218668103218078613e-01 9.060680866241455078e-02
1.546023339033126831e-01 5.357297658920288086e-01
9.350239634513854980e-01 7.967247962951660156e-01
8.364639878273010254e-01 5.396494865417480469e-01
4.830299019813537598e-01 6.216440796852111816e-01
2.939370572566986084e-01 6.612318009138107300e-02
8.966793417930603027e-01 5.323188751935958862e-02
8.700820803642272949e-01 3.973499238491058350e-01
8.004642128944396973e-01 9.991918802261352539e-01
6.250708103179931641e-01 1.930615752935409546e-01
5.266615748405456543e-01 1.700517684221267700e-01
6.110148429870605469e-01 4.402220547199249268e-01
3.286102116107940674e-01 2.387755662202835083e-01
7.524757385253906250e-01 9.509609937667846680e-01
8.365915417671203613e-01 5.498468279838562012e-01
5.006909370422363281e-01 2.689327597618103027e-01
6.124501302838325500e-02 1.326710730791091919e-01
7.424888014793395996e-02 8.416008353233337402e-01
8.062195181846618652e-01 6.413434147834777832e-01
9.510754793882369995e-02 5.042248368263244629e-01
5.308422446250915527e-01 3.014648258686065674e-01
5.334394425153732300e-02 4.671184122562408447e-01
9.097983241081237793e-01 1.203717067837715149e-01
6.309853792190551758e-01 7.192862629890441895e-01
8.803135752677917480e-01 9.803456068038940430e-01
7.976787090301513672e-01 3.422167599201202393e-01
5.662307739257812500e-01 5.837448835372924805e-01
5.970060229301452637e-01 2.712145745754241943e-01
7.611089944839477539e-01 7.009853124618530273e-01
5.216905474662780762e-01 4.453907310962677002e-01
1.136156991124153137e-01 2.875562012195587158e-01
7.088742256164550781e-01 2.624674141407012939e-01
4.085025191307067871e-01 8.164318799972534180e-01
1.611526608467102051e-01 6.709651350975036621e-01
1.497888714075088501e-01 8.809516429901123047e-01
6.323011517524719238e-01 1.069774329662322998e-01
3.413397967815399170e-01 6.382901072502136230e-01
3.610653579235076904e-01 7.781334519386291504e-01
2.847042381763458252e-01 4.058582782745361328e-01
9.142389893531799316e-01 1.491580158472061157e-01
7.301855087280273438e-02 3.591053783893585205e-01
9.971793889999389648e-01 6.523698568344116211e-01
6.697605252265930176e-01 9.645530581474304199e-01
7.218811511993408203e-01 1.986644119024276733e-01
4.694432914257049561e-01 1.677156239748001099e-01
2.305876612663269043e-01 1.418860442936420441e-02
3.555631041526794434e-01 9.061882495880126953e-01
9.272525906562805176e-01 7.167056798934936523e-01
2.676038444042205811e-02 4.402242302894592285e-01
3.305413126945495605e-01 3.613768815994262695e-01
4.959491640329360962e-02 2.120188474655151367e-01
1.421828269958496094e-01 6.889933943748474121e-01
7.979244589805603027e-01 3.967623710632324219e-01
6.223700642585754395e-01 9.001165628433227539e-01
3.434093594551086426e-01 6.044619902968406677e-02
3.758294582366943359e-01 6.938509941101074219e-01
1.624532938003540039e-01 7.049447894096374512e-01
8.942888677120208740e-02 3.261349201202392578e-01
8.421008586883544922e-01 8.089247345924377441e-01
7.697958946228027344e-01 3.863244354724884033e-01
6.008421629667282104e-02 4.676559567451477051e-01
5.067368745803833008e-01 3.316129148006439209e-01
9.938817620277404785e-01 8.235578984022140503e-02
2.448926866054534912e-01 4.399855732917785645e-01
1.644622534513473511e-02 2.081356048583984375e-01
2.919049859046936035e-01 3.618054091930389404e-01
2.211080491542816162e-01 6.060276627540588379e-01
8.986045718193054199e-01 4.248981475830078125e-01
2.880699373781681061e-02 9.395301938056945801e-01
3.097990751266479492e-01 5.784978717565536499e-02
2.993120998144149780e-02 1.413518637418746948e-01
1.281016767024993896e-01 6.237382292747497559e-01
2.208345569670200348e-02 9.760087132453918457e-01
6.315031647682189941e-01 9.547017812728881836e-01
9.541826248168945312e-01 8.029379248619079590e-01
4.475902915000915527e-01 9.258959442377090454e-02
4.999582171440124512e-01 5.861833095550537109e-01
3.440540730953216553e-01 3.926255404949188232e-01
1.356612294912338257e-01 5.777872800827026367e-01
2.628527283668518066e-01 3.293048441410064697e-01
4.899191260337829590e-01 2.202544808387756348e-01
5.653512477874755859e-01 3.953185304999351501e-02
3.691914379596710205e-01 5.275510549545288086e-01
4.007158577442169189e-01 1.186693161725997925e-01
9.112213850021362305e-01 1.477752476930618286e-01
1.557512134313583374e-01 7.111343145370483398e-01
5.113147497177124023e-01 4.317644834518432617e-01
9.817148447036743164e-01 4.163776934146881104e-01
7.895607352256774902e-01 2.261908352375030518e-02
5.391914248466491699e-01 4.993445426225662231e-02
5.694665908813476562e-01 2.621896192431449890e-02
9.445710778236389160e-01 6.236025094985961914e-01
6.185547113418579102e-01 7.652291059494018555e-01
3.197791874408721924e-01 4.729375243186950684e-01
1.664907634258270264e-01 4.623078703880310059e-01
6.145884990692138672e-01 4.336761534214019775e-01
2.041937261819839478e-01 4.945406913757324219e-01
1.294834166765213013e-01 2.196043729782104492e-01
2.214512974023818970e-01 5.967845320701599121e-01
1.915985047817230225e-01 1.170308887958526611e-01
5.839603543281555176e-01 5.497989058494567871e-01
8.692013025283813477e-01 9.125813841819763184e-01
4.331019818782806396e-01 9.647068381309509277e-01
9.473223686218261719e-01 5.386888384819030762e-01
5.313874483108520508e-01 3.728726804256439209e-01
1.540429890155792236e-01 7.730129361152648926e-02
3.296190202236175537e-01 4.258404970169067383e-01
7.511029243469238281e-01 8.603762388229370117e-01
5.127935409545898438e-01 1.633077412843704224e-01
1.463345289230346680e-01 9.681182503700256348e-01
3.985055387020111084e-01 5.875476002693176270e-01
6.871364712715148926e-01 8.277846574783325195e-01
7.862222194671630859e-01 3.458672165870666504e-01
9.249091744422912598e-01 9.355732202529907227e-01
5.468205213546752930e-01 1.793519109487533569e-01
7.607727050781250000e-01 2.913181483745574951e-01
2.307060360908508301e-01 8.472265303134918213e-02
1.579736620187759399e-01 1.128537058830261230e-01
2.153012752532958984e-01 8.027923703193664551e-01
2.765423953533172607e-01 5.042248368263244629e-01
4.093051850795745850e-01 8.449147939682006836e-01
5.857154726982116699e-01 7.054767012596130371e-01
3.162199258804321289e-01 6.306955814361572266e-01
1.298333853483200073e-01 9.083024859428405762e-01
5.468412637710571289e-01 4.994978010654449463e-01
1.169292181730270386e-01 2.020711079239845276e-02
5.372447147965431213e-02 1.735056042671203613e-01
1.667465269565582275e-01 5.825821161270141602e-01
9.698302149772644043e-01 8.188545703887939453e-01
3.653824031352996826e-01 3.474597120657563210e-03
5.002259612083435059e-01 6.143162846565246582e-01
7.492662668228149414e-01 6.819782257080078125e-01
9.168236851692199707e-01 7.807377576828002930e-01
2.849871218204498291e-01 4.769477546215057373e-01
7.111508399248123169e-02 2.511878907680511475e-01
3.632748126983642578e-01 4.730874598026275635e-01
8.554351329803466797e-01 9.432573914527893066e-01
3.065434396266937256e-01 6.082498431205749512e-01
2.966097891330718994e-01 9.561963081359863281e-01
5.158748626708984375e-01 6.712667346000671387e-01
5.815007686614990234e-01 2.150147259235382080e-01
2.331077493727207184e-02 5.172995328903198242e-01
8.081411123275756836e-01 4.663089811801910400e-01
6.184369325637817383e-01 1.351553946733474731e-01
7.678902745246887207e-01 3.890771865844726562e-01
4.273911714553833008e-01 9.441155791282653809e-01
1.480998843908309937e-01 3.326666951179504395e-01
9.300145506858825684e-01 7.909083366394042969e-01
9.078235030174255371e-01 3.613487184047698975e-01
2.456379383802413940e-01 3.221845328807830811e-01
1.765300333499908447e-01 6.878647208213806152e-01
1.552305519580841064e-01 8.814739584922790527e-01
9.630166888236999512e-01 4.902441203594207764e-01
5.806698799133300781e-01 7.582368850708007812e-01
3.135560750961303711e-01 4.522425532341003418e-01
5.109398961067199707e-01 3.517170548439025879e-01
1.784145385026931763e-01 9.252004027366638184e-01
2.347711771726608276e-01 8.826219439506530762e-01
6.003099083900451660e-01 1.583110839128494263e-01
9.169546961784362793e-01 6.746973395347595215e-01
7.738831043243408203e-01 5.190537124872207642e-02
6.232061982154846191e-01 5.357255339622497559e-01
6.887739896774291992e-01 6.569896936416625977e-01
8.886375427246093750e-01 3.880365192890167236e-02
6.548007726669311523e-01 8.080701828002929688e-01
1.785522699356079102e-01 8.839342594146728516e-01
4.210466742515563965e-01 3.824748992919921875e-01
1.821936368942260742e-01 2.874099835753440857e-02
9.786063432693481445e-01 4.026069045066833496e-01
9.713178873062133789e-01 3.528372943401336670e-01
8.958252668380737305e-01 1.333585530519485474e-01
1.151920631527900696e-01 9.206461906433105469e-01
8.811556100845336914e-01 7.967500686645507812e-01
8.065330237150192261e-02 8.397120833396911621e-01
4.303573668003082275e-01 1.456546187400817871e-01
1.869244277477264404e-01 3.997446000576019287e-01
8.393981456756591797e-01 3.136621117591857910e-01
1.014505233615636826e-02 9.813382625579833984e-01
6.083651781082153320e-01 9.700295329093933105e-01
4.304323196411132812e-01 3.005968034267425537e-01
8.036713004112243652e-01 3.327184915542602539e-02
9.991746544837951660e-01 4.962428510189056396e-01
8.425881862640380859e-01 8.400909900665283203e-01
5.127432942390441895e-01 2.665169835090637207e-01
6.071490645408630371e-01 7.599403858184814453e-01
8.453142046928405762e-01 5.308675169944763184e-01
2.850175499916076660e-01 9.482550621032714844e-01
2.615417540073394775e-01 3.063713312149047852e-01
3.517812788486480713e-01 4.701699912548065186e-01
8.165602684020996094e-01 2.461228966712951660e-01
9.605428576469421387e-02 5.762879252433776855e-01
5.838640928268432617e-01 6.560090184211730957e-01
4.217875301837921143e-01 1.148068234324455261e-01
5.375689268112182617e-01 9.685145020484924316e-01
6.809639334678649902e-01 8.832947611808776855e-01
9.561750888824462891e-01 5.588126182556152344e-01
6.830788850784301758e-01 5.162207037210464478e-02
5.459073185920715332e-01 1.366473734378814697e-01
9.231629967689514160e-01 2.819765508174896240e-01
1.227987483143806458e-01 2.596533298492431641e-01
6.249712109565734863e-01 7.910434007644653320e-01
1.103678494691848755e-01 3.560982644557952881e-01
9.150328636169433594e-01 4.629089236259460449e-01
8.811028599739074707e-01 8.091648221015930176e-01
2.666883170604705811e-01 1.022357419133186340e-01
8.466017246246337891e-02 9.644216299057006836e-01
7.606415152549743652e-01 6.307086348533630371e-01
2.817718386650085449e-01 5.641397833824157715e-01
9.333965927362442017e-02 5.285628437995910645e-01
3.759494721889495850e-01 5.019659399986267090e-01
7.152572274208068848e-01 1.585810482501983643e-01
2.604260444641113281e-01 3.937618732452392578e-01
6.099377870559692383e-01 4.417401552200317383e-01
5.318851470947265625e-01 4.797193109989166260e-01
3.783921897411346436e-01 9.357232451438903809e-01
8.880972862243652344e-01 1.142824888229370117e-01
1.735691577196121216e-01 3.044024705886840820e-01
1.110083982348442078e-01 8.463489413261413574e-01
4.696389436721801758e-01 3.165784105658531189e-02
3.408066034317016602e-01 1.835041940212249756e-01
4.086343348026275635e-01 5.788480639457702637e-01
5.836262106895446777e-01 1.232515871524810791e-01
4.463043212890625000e-01 4.716898500919342041e-01
2.642222344875335693e-01 9.939182996749877930e-01
3.908435702323913574e-01 4.699186086654663086e-01
2.058093547821044922e-01 8.189418911933898926e-01
1.225434914231300354e-01 8.622190952301025391e-01
1.413905769586563110e-01 7.855300307273864746e-01
8.327028155326843262e-01 1.111173629760742188e-01
7.192685008049011230e-01 1.339063197374343872e-01
9.792433381080627441e-01 3.986413180828094482e-01
3.032784163951873779e-01 1.458579152822494507e-01
4.414242506027221680e-01 9.571297168731689453e-01
2.435688376426696777e-01 9.776793718338012695e-01
3.871873915195465088e-01 2.377311140298843384e-01
5.188521742820739746e-01 2.384344488382339478e-01
2.939385473728179932e-01 7.195658683776855469e-01
3.982880711555480957e-01 3.061850666999816895e-01
3.486698865890502930e-01 5.259554386138916016e-01
7.642621397972106934e-01 1.970243602991104126e-01
9.123990535736083984e-01 5.769787430763244629e-01
4.295781254768371582e-01 7.399811148643493652e-01
4.546118676662445068e-01 2.252030223608016968e-01
8.803417682647705078e-01 1.774821281433105469e-01
3.156862854957580566e-01 6.245907545089721680e-01
4.120692312717437744e-01 6.447730660438537598e-01
9.769847989082336426e-01 4.837563261389732361e-03
5.810107588768005371e-01 8.475094437599182129e-01
9.684810638427734375e-01 6.795141696929931641e-01
8.047605752944946289e-01 9.310582876205444336e-01
3.945958614349365234e-01 1.702374070882797241e-01
2.570000290870666504e-01 3.469846397638320923e-02
7.683743834495544434e-01 6.004265695810317993e-02
4.742776453495025635e-01 3.461391851305961609e-02
3.270952999591827393e-01 8.078870177268981934e-01
3.802189230918884277e-02 3.964336065109819174e-04
3.405076563358306885e-01 9.377964138984680176e-01
1.330644786357879639e-01 2.982268631458282471e-01
1.491681486368179321e-01 7.592127192765474319e-03
3.265944123268127441e-01 5.824493169784545898e-01
9.303197264671325684e-01 1.626412384212017059e-02
2.506024837493896484e-01 3.489612936973571777e-01
3.475301563739776611e-01 3.671311140060424805e-01
2.320146411657333374e-01 4.362801313400268555e-01
7.830365896224975586e-01 3.417916595935821533e-01
1.655610501766204834e-01 6.603076457977294922e-01
9.384744763374328613e-01 1.564726233482360840e-01
1.855725646018981934e-01 2.952262163162231445e-01
1.328627616167068481e-01 7.058697938919067383e-01
8.093491196632385254e-02 5.008010864257812500e-01
9.490746259689331055e-02 5.565408989787101746e-02
3.911153972148895264e-01 3.967069983482360840e-01
7.920973300933837891e-01 7.907641530036926270e-01
2.396704107522964478e-01 1.844027936458587646e-01
6.919075250625610352e-01 1.662223488092422485e-01
1.805322915315628052e-01 4.405700564384460449e-01
3.953862786293029785e-01 8.582137227058410645e-01
4.768367409706115723e-01 9.004044532775878906e-01
6.761831045150756836e-01 4.229170382022857666e-01
6.039562225341796875e-01 6.551169753074645996e-01
7.174134254455566406e-01 3.794497624039649963e-02
5.222057104110717773e-01 2.698614895343780518e-01
7.344342470169067383e-01 4.896423220634460449e-01
5.009467601776123047e-01 4.341633915901184082e-01
3.310816884040832520e-01 1.260153949260711670e-01
4.398856759071350098e-01 4.136939048767089844e-01
3.773089647293090820e-01 8.279778808355331421e-02
7.805217504501342773e-01 7.059166431427001953e-01
1.488132476806640625e-01 1.877135783433914185e-01
5.360252857208251953e-01 1.199888810515403748e-01
1.493009831756353378e-02 9.663639068603515625e-01
2.396107017993927002e-01 9.853578209877014160e-01
4.841788411140441895e-01 5.839161872863769531e-01
4.513173103332519531e-01 5.040824413299560547e-01
7.983022928237915039e-01 4.416083917021751404e-02
1.117554381489753723e-01 7.214839458465576172e-01
4.380621016025543213e-01 6.354743242263793945e-01
8.453543186187744141e-01 7.173371911048889160e-01
8.909816145896911621e-01 3.901396989822387695e-01
8.459374308586120605e-02 6.360617280006408691e-01
2.699898779392242432e-01 5.044224858283996582e-01
2.174819260835647583e-01 5.656177550554275513e-02
3.028780817985534668e-01 2.652176618576049805e-01
1.923420280218124390e-01 7.189115285873413086e-01
3.046273887157440186e-01 2.451393753290176392e-01
3.088131546974182129e-01 6.289865374565124512e-01
5.869322419166564941e-01 2.943754196166992188e-01
3.348009288311004639e-01 6.309803724288940430e-01
9.750547409057617188e-01 5.025585293769836426e-01
2.304408997297286987e-01 1.137020811438560486e-02
3.902948796749114990e-01 3.609921336174011230e-01
7.259106040000915527e-01 9.291985034942626953e-01
2.282208353281021118e-01 9.138588309288024902e-01
9.022914767265319824e-01 8.207635879516601562e-01
4.966579005122184753e-02 7.113480567932128906e-01
6.050075888633728027e-01 3.273029625415802002e-01
7.484216690063476562e-01 3.195950686931610107e-01
1.843908429145812988e-01 6.222482919692993164e-01
1.925668865442276001e-01 2.108937352895736694e-01
3.549554049968719482e-01 5.093166828155517578e-01
6.543240547180175781e-01 4.498206675052642822e-01
5.889379978179931641e-01 1.414333879947662354e-01
6.083421111106872559e-01 9.762387871742248535e-01
9.516713023185729980e-01 2.589603066444396973e-01
1.552375853061676025e-01 2.376727014780044556e-01
2.576175630092620850e-01 6.120922565460205078e-01
3.923918306827545166e-01 1.402717530727386475e-01
7.456261515617370605e-01 7.869196534156799316e-01
3.238925337791442871e-01 7.725532650947570801e-01
5.066438764333724976e-02 4.360353052616119385e-01
5.022937059402465820e-01 1.412368863821029663e-01
3.139651715755462646e-01 6.201084852218627930e-01
6.290070414543151855e-01 3.991453722119331360e-02
9.580844044685363770e-01 7.769827842712402344e-01
1.715261638164520264e-01 8.517012596130371094e-01
3.073851168155670166e-01 4.079107642173767090e-01
3.760710656642913818e-01 2.399228960275650024e-01
5.297461152076721191e-01 2.306345254182815552e-01
3.818038702011108398e-01 4.534538984298706055e-01
8.937650918960571289e-01 9.952328205108642578e-01
5.236853957176208496e-01 2.599384635686874390e-02
3.199991881847381592e-01 6.829773783683776855e-01
7.100363373756408691e-01 1.688873022794723511e-01
5.943803116679191589e-02 9.755186438560485840e-01
8.070826530456542969e-01 6.098651885986328125e-01
6.847057342529296875e-01 7.488743066787719727e-01
8.125720620155334473e-01 6.359297633171081543e-01
4.782590568065643311e-01 5.467193201184272766e-02
6.173169240355491638e-02 5.584802031517028809e-01
6.436514258384704590e-01 2.913049757480621338e-01
8.104781508445739746e-01 2.273812144994735718e-01
8.928863406181335449e-01 6.096057295799255371e-01
6.260581612586975098e-01 4.991289675235748291e-01
7.619226574897766113e-01 3.394384086132049561e-01
7.054080367088317871e-01 9.910117387771606445e-01
3.275067210197448730e-01 5.226264521479606628e-02
8.804029822349548340e-01 3.099204599857330322e-01
5.605630278587341309e-01 9.179520010948181152e-01
1.410889327526092529e-01 4.408983886241912842e-01
4.324200153350830078e-01 9.224238991737365723e-01
8.197976946830749512e-01 1.689594835042953491e-01
5.438159704208374023e-01 5.132486820220947266e-01
1.786974519491195679e-01 3.348736464977264404e-01
3.884686902165412903e-02 2.749452553689479828e-02
4.862748086452484131e-01 3.076119907200336456e-02
4.430714845657348633e-01 9.543413519859313965e-01
9.450522065162658691e-01 5.138854980468750000e-01
3.015603721141815186e-01 2.392242252826690674e-01
2.327864058315753937e-02 8.866040706634521484e-01
1.987801939249038696e-01 8.594838380813598633e-01
8.346940875053405762e-01 7.560296058654785156e-01
3.131377995014190674e-01 7.574262619018554688e-01
2.256234586238861084e-01 4.295455515384674072e-01
7.026484608650207520e-01 3.025410473346710205e-01
6.194022297859191895e-01 5.560675263404846191e-01
8.993231654167175293e-01 6.734183430671691895e-01
1.164428293704986572e-01 2.168584913015365601e-01
1.803633719682693481e-01 8.623766303062438965e-01
4.628322124481201172e-01 5.855405703186988831e-02
5.857478454709053040e-02 8.495076894760131836e-01
2.613626122474670410e-01 8.447553515434265137e-01
7.258303165435791016e-01 8.291734457015991211e-01
9.469251632690429688e-01 2.616680562496185303e-01
2.734736204147338867e-01 3.103984296321868896e-01
1.356477849185466766e-02 8.254725933074951172e-01
7.439028620719909668e-01 9.639878869056701660e-01
4.360099732875823975e-01 3.159879148006439209e-01
1.705695241689682007e-01 5.778591632843017578e-01
5.923399925231933594e-01 2.480226755142211914e-01
8.642294406890869141e-01 2.596571743488311768e-01
7.208644151687622070e-01 7.821527123451232910e-02
1.025760173797607422e-01 4.816752374172210693e-01
7.581098377704620361e-02 4.604621827602386475e-01
3.560272455215454102e-01 9.860729575157165527e-01
1.956544816493988037e-01 6.051512956619262695e-01
6.224082112312316895e-01 9.733270406723022461e-01
6.815888285636901855e-01 9.533215165138244629e-01
3.982939422130584717e-01 6.310022622346878052e-02
1.062700152397155762e-01 9.014133214950561523e-01
7.818287014961242676e-01 9.371317028999328613e-01
6.649285554885864258e-01 1.284608989953994751e-01
6.639204025268554688e-01 7.636432349681854248e-02
4.573043584823608398e-01 1.353264898061752319e-01
2.024102061986923218e-01 5.543248355388641357e-02
6.388203501701354980e-01 1.385662853717803955e-01
4.389147758483886719e-01 4.032002091407775879e-01
4.211443066596984863e-01 1.120619401335716248e-01
7.053843140602111816e-01 8.083811402320861816e-01
4.109660685062408447e-01 3.877654075622558594e-01
1.437510401010513306e-01 6.746571063995361328e-01
2.650655247271060944e-02 9.487342834472656250e-01
4.577809870243072510e-01 4.582334160804748535e-01
9.542266726493835449e-01 2.619274519383907318e-02
6.117231249809265137e-01 6.767883300781250000e-01
4.314167201519012451e-01 6.071367859840393066e-01
3.158719539642333984e-01 6.381286382675170898e-01
2.677951157093048096e-01 4.002256691455841064e-01
8.974562287330627441e-01 7.692653536796569824e-01
1.096095964312553406e-01 6.755533814430236816e-01
7.071450352668762207e-01 4.409188032150268555e-01
8.954871892929077148e-01 5.108333006501197815e-02
4.120196104049682617e-01 2.018287181854248047e-01
4.712618887424468994e-01 2.946518361568450928e-01
1.712379455566406250e-01 1.751465201377868652e-01
3.190260529518127441e-01 8.321444988250732422e-01
9.928041137754917145e-03 2.338600810617208481e-03
8.645941019058227539e-01 6.430732011795043945e-01
6.294000744819641113e-01 4.841984510421752930e-01
4.958676397800445557e-01 6.259950995445251465e-01
2.461287081241607666e-01 5.450629591941833496e-01
6.456355452537536621e-01 6.851183176040649414e-01
8.626098036766052246e-01 4.020306169986724854e-01
9.638901948928833008e-01 6.016956567764282227e-01
1.354221999645233154e-01 3.647643029689788818e-01
7.726148366928100586e-01 7.923405766487121582e-01
9.491959214210510254e-01 7.455520629882812500e-01
6.305922865867614746e-01 9.334842562675476074e-01
2.176756113767623901e-01 3.288986086845397949e-01
3.170550167560577393e-01 9.859731793403625488e-01
7.139981538057327271e-02 2.709403634071350098e-01
1.356129795312881470e-01 7.874947190284729004e-01
2.220963388681411743e-01 9.415642023086547852e-01
6.824215054512023926e-01 8.291746377944946289e-01
3.228994905948638916e-01 9.657550454139709473e-01
5.763074159622192383e-01 8.053516745567321777e-01
7.789360880851745605e-01 7.611241340637207031e-01
1.699238121509552002e-01 5.700122117996215820e-01
1.733515560626983643e-01 3.984324038028717041e-01
2.439580410718917847e-01 5.980724692344665527e-01
1.691260188817977905e-01 5.237675309181213379e-01
3.625026345252990723e-01 5.364701747894287109e-01
1.018274202942848206e-01 4.869057238101959229e-01
5.246396660804748535e-01 6.453040242195129395e-02
3.045020699501037598e-01 9.478243589401245117e-01
1.248229891061782837e-01 3.120538890361785889e-01
9.422174692153930664e-01 6.815423369407653809e-01
4.640684425830841064e-01 4.300122857093811035e-01
5.883832573890686035e-01 1.503034383058547974e-01
6.590739637613296509e-02 5.322569012641906738e-01
4.335257709026336670e-01 9.593912363052368164e-01
6.390779018402099609e-01 2.969231605529785156e-01
6.236983537673950195e-01 3.309205770492553711e-01
5.054669976234436035e-01 8.793867230415344238e-01
4.367251396179199219e-01 5.592028498649597168e-01
4.058260619640350342e-01 9.553389996290206909e-02
8.363242745399475098e-01 3.664994537830352783e-01
2.610364854335784912e-01 4.448119997978210449e-01
4.624094665050506592e-01 6.388794779777526855e-01
9.175387769937515259e-02 9.438701868057250977e-01
7.182350754737854004e-01 5.570589900016784668e-01
3.492123484611511230e-01 1.032353267073631287e-01
2.366734296083450317e-01 8.049328923225402832e-01
2.563641071319580078e-01 9.951047301292419434e-01
7.640879750251770020e-01 1.214373037219047546e-01
3.680908381938934326e-01 1.298563182353973389e-01
6.271405816078186035e-01 5.709522366523742676e-01
3.792999088764190674e-01 5.701495409011840820e-01
8.492603152990341187e-02 8.266800045967102051e-01
9.393731951713562012e-01 3.381465673446655273e-01
4.441054761409759521e-01 8.128951191902160645e-01
5.164110660552978516e-01 3.199220299720764160e-01
1.056364700198173523e-01 1.000575572252273560e-01
6.754589080810546875e-01 7.714822143316268921e-02
6.913551092147827148e-01 6.242206692695617676e-01
3.617180287837982178e-01 6.900803446769714355e-01
2.635903097689151764e-02 7.473865747451782227e-01
2.454376220703125000e-01 2.847867272794246674e-02
5.683507919311523438e-01 5.581548213958740234e-01
2.235510796308517456e-01 1.371526718139648438e-01
3.463393449783325195e-01 1.562856733798980713e-01
8.549948334693908691e-01 7.848402857780456543e-01
5.762649178504943848e-01 9.878776669502258301e-01
4.932784736156463623e-01 8.315572738647460938e-01
7.093746662139892578e-01 5.397973656654357910e-01
2.366845458745956421e-01 1.474992483854293823e-01
3.226689249277114868e-02 9.251189827919006348e-01
9.771759510040283203e-01 9.715726375579833984e-01
9.248914122581481934e-01 7.615295648574829102e-01
3.774975240230560303e-01 1.024933680891990662e-01
1.290332078933715820e-01 5.793323516845703125e-01
2.191748768091201782e-01 7.521301507949829102e-01
9.985424280166625977e-01 5.601047277450561523e-01
4.840272944420576096e-03 6.565654873847961426e-01
7.980007529258728027e-01 1.729446053504943848e-01
7.913987040519714355e-01 6.408146023750305176e-01
6.981576681137084961e-01 6.916399002075195312e-01
9.907224774360656738e-01 2.100624591112136841e-01
5.441597104072570801e-01 2.579537928104400635e-01
8.830690383911132812e-01 1.077434197068214417e-01
7.021245360374450684e-01 4.945375621318817139e-01
1.204037815332412720e-01 2.672928273677825928e-01
8.733572959899902344e-01 2.516182363033294678e-01
9.086168408393859863e-01 1.470858901739120483e-01
2.663239538669586182e-01 3.873626291751861572e-01
7.214581221342086792e-02 7.906467318534851074e-01
3.311021924018859863e-01 3.204977512359619141e-01
9.679413437843322754e-01 2.529675960540771484e-01
5.529407858848571777e-01 4.015067219734191895e-01
6.688007116317749023e-01 4.341531991958618164e-01
4.000555872917175293e-01 6.096130236983299255e-03
6.604512333869934082e-01 5.870296433568000793e-02
3.672029972076416016e-01 5.347738265991210938e-01
7.015370130538940430e-01 5.054726600646972656e-01
7.139888405799865723e-01 2.428134828805923462e-01
4.452578723430633545e-01 4.178149104118347168e-01
8.314307928085327148e-01 9.508972167968750000e-01
9.435408115386962891e-01 9.103231132030487061e-02
1.269969791173934937e-01 9.188464879989624023e-01
5.559411048889160156e-01 4.558546841144561768e-02
2.787786126136779785e-01 5.704012513160705566e-02
6.774247884750366211e-01 5.399641394615173340e-01
5.635997056961059570e-01 5.913646221160888672e-01
2.862886190414428711e-01 8.354953527450561523e-01
2.284647971391677856e-01 8.343554139137268066e-01
8.527670502662658691e-01 8.038496971130371094e-01
5.851358175277709961e-01 5.608077645301818848e-01
2.619716227054595947e-01 8.328800797462463379e-01
2.781955003738403320e-01 8.286269903182983398e-01
4.673189520835876465e-01 5.192866921424865723e-02
3.975805938243865967e-01 1.602338552474975586e-01
6.139606237411499023e-01 4.755885601043701172e-01
3.520151972770690918e-01 7.055231928825378418e-01
1.387944221496582031e-01 9.013659954071044922e-01
8.047642111778259277e-01 3.380883038043975830e-01
3.272281885147094727e-01 7.693060040473937988e-01
3.876305222511291504e-01 1.115993037819862366e-02
6.545727252960205078e-01 8.772931694984436035e-01
1.324476152658462524e-01 2.964776754379272461e-01
6.727464199066162109e-01 9.639094471931457520e-01
5.220736861228942871e-01 4.804087281227111816e-01
4.240286946296691895e-01 1.180448681116104126e-01
2.676925361156463623e-01 1.262005269527435303e-01
4.390399530529975891e-02 4.903997182846069336e-01
2.291396558284759521e-01 3.947934806346893311e-01
1.788483411073684692e-01 5.395256876945495605e-01
2.378709763288497925e-01 7.582703828811645508e-01
8.947672843933105469e-01 2.655203342437744141e-01
7.704474925994873047e-01 5.452187061309814453e-01
5.522190928459167480e-01 6.301355361938476562e-01
1.509299874305725098e-01 3.205945789813995361e-01
6.006244421005249023e-01 7.403788566589355469e-01
4.928918778896331787e-01 6.971228718757629395e-01
5.529909580945968628e-02 4.810709059238433838e-01
4.737092256546020508e-01 4.865754395723342896e-03
7.551805973052978516e-01 9.539493918418884277e-01
1.925840973854064941e-01 2.668891847133636475e-01
1.903211027383804321e-01 5.514724254608154297e-01
7.356467843055725098e-01 9.467769265174865723e-01
8.927333950996398926e-01 6.765757799148559570e-01
4.219013452529907227e-01 2.691442370414733887e-01
6.602586507797241211e-01 7.183896303176879883e-01
9.479149580001831055e-01 2.301772534847259521e-01
8.143424391746520996e-01 5.666634440422058105e-02
3.772640824317932129e-01 8.314004540443420410e-01
6.996792554855346680e-01 2.248253673315048218e-02
6.878398656845092773e-01 1.572144180536270142e-01
1.717163026332855225e-01 7.654154300689697266e-01
1.957070641219615936e-02 7.199653983116149902e-01
5.212845802307128906e-01 5.830438733100891113e-01
2.958156466484069824e-01 2.605259418487548828e-01
7.666260600090026855e-01 2.950595915317535400e-01
3.794119358062744141e-01 6.866533309221267700e-02
5.694823265075683594e-01 6.770185828208923340e-01
6.222231984138488770e-01 8.786106854677200317e-02
7.431012988090515137e-01 4.626235067844390869e-01
5.063410401344299316e-01 5.971286296844482422e-01
1.045395880937576294e-01 8.487312197685241699e-01
2.918568253517150879e-01 5.036478638648986816e-01
2.902764379978179932e-01 8.269534707069396973e-01
8.303644061088562012e-01 1.325526367872953415e-02
2.829085290431976318e-01 8.143168687820434570e-01
2.831911444664001465e-01 7.093672752380371094e-01
2.689681053161621094e-01 7.677050232887268066e-01
7.276490330696105957e-01 5.773021280765533447e-02
5.838419198989868164e-01 2.440627217292785645e-01
8.676496744155883789e-01 3.476119637489318848e-01
7.886671423912048340e-01 5.406273603439331055e-01
1.290473192930221558e-01 6.207760572433471680e-01
2.091483473777770996e-01 4.398424625396728516e-01
3.419033586978912354e-01 2.044199407100677490e-01
