9.441343545913696289e-01 5.259173735976219177e-02
9.062951803207397461e-01 1.955922842025756836e-01
1.812064796686172485e-01 1.533922404050827026e-01
8.473052978515625000e-01 7.706459164619445801e-01
6.325203776359558105e-01 5.101969465613365173e-02
8.255159854888916016e-01 9.411149621009826660e-01
9.697359204292297363e-01 4.434718787670135498e-01
6.295616030693054199e-01 5.671207904815673828e-01
7.245388627052307129e-01 5.156994462013244629e-01
6.678916215896606445e-01 9.000914096832275391e-01
6.808438301086425781e-01 7.811772227287292480e-01
7.973608374595642090e-01 3.224397301673889160e-01
3.780794441699981689e-01 8.468894362449645996e-01
2.468211948871612549e-01 3.925259709358215332e-01
5.473023653030395508e-01 3.676942586898803711e-01
3.035094439983367920e-01 9.943596720695495605e-01
9.406248927116394043e-01 3.744143247604370117e-01
8.500761389732360840e-01 1.620414853096008301e-02
5.474247932434082031e-01 4.374442100524902344e-01
6.934398412704467773e-01 6.873043179512023926e-01
8.788247406482696533e-02 3.567974567413330078e-01
2.522615194320678711e-01 6.860758364200592041e-02
6.913656592369079590e-01 2.391798794269561768e-01
5.998191237449645996e-01 7.087697982788085938e-01
9.288398623466491699e-01 5.117654800415039062e-01
6.652226448059082031e-01 8.735228776931762695e-01
6.335512995719909668e-01 7.773266434669494629e-01
6.875524520874023438e-01 6.033638715744018555e-01
8.420549631118774414e-01 8.289263248443603516e-01
4.860871937125921249e-03 8.684400320053100586e-01
4.830615222454071045e-01 2.485139220952987671e-01
9.383075237274169922e-01 2.758548557758331299e-01
9.344734251499176025e-02 8.389593958854675293e-01
7.332317233085632324e-01 4.732429087162017822e-01
8.063661307096481323e-02 7.325175404548645020e-01
1.570454984903335571e-01 1.543540805578231812e-01
4.571084678173065186e-01 1.748640239238739014e-01
2.530196867883205414e-02 9.817085266113281250e-01
5.286179184913635254e-01 8.176301121711730957e-01
7.058640718460083008e-01 9.837160706520080566e-01
5.759166479110717773e-01 7.361869812011718750e-01
9.576855897903442383e-01 9.103886485099792480e-01
2.150907516479492188e-01 1.626550406217575073e-01
1.626894474029541016e-01 8.998810648918151855e-01
8.988802433013916016e-01 9.180085062980651855e-01
9.772152304649353027e-01 6.055315136909484863e-01
4.442804679274559021e-02 1.699346303939819336e-01
5.082237720489501953e-01 7.997735142707824707e-01
8.225472569465637207e-01 6.263114809989929199e-01
5.609798431396484375e-01 1.348121557384729385e-02
2.467931061983108521e-01 3.430257737636566162e-01
8.938300013542175293e-01 9.864449501037597656e-03
9.137461781501770020e-01 3.206956684589385986e-01
7.948138713836669922e-01 1.000078245997428894e-01
9.774101376533508301e-01 8.753653168678283691e-01
7.456360012292861938e-02 8.832265138626098633e-01
7.810453176498413086e-01 5.831686854362487793e-01
9.209541678428649902e-01 5.644202828407287598e-01
8.550469875335693359e-01 3.228599727153778076e-01
8.023278117179870605e-01 8.092930912971496582e-02
1.002741307020187378e-01 2.206909954547882080e-01
8.823737502098083496e-01 8.151180148124694824e-01
5.805109739303588867e-01 6.446079015731811523e-01
7.190453410148620605e-01 7.973238825798034668e-01
3.960373401641845703e-01 8.687208890914916992e-01
3.019194900989532471e-01 5.630920529365539551e-01
1.967907994985580444e-01 9.900951981544494629e-01
6.881693005561828613e-01 5.463510155677795410e-01
9.709093570709228516e-01 3.835276067256927490e-01
9.449591636657714844e-01 7.200663089752197266e-01
9.905134439468383789e-01 7.939915060997009277e-01
3.325261771678924561e-01 9.761118292808532715e-01
6.805276870727539062e-01 9.150297939777374268e-02
4.582591056823730469e-01 7.007488608360290527e-01
4.266254901885986328e-01 5.476259589195251465e-01
3.643422573804855347e-02 8.490531444549560547e-01
3.414909541606903076e-01 8.376781344413757324e-01
1.200875118374824524e-01 5.966399610042572021e-02
3.641979694366455078e-01 8.368477821350097656e-01
8.424435257911682129e-01 2.763074040412902832e-01
5.207303445786237717e-03 7.157767415046691895e-01
2.395130246877670288e-01 8.473790884017944336e-01
6.753040552139282227e-01 4.987316727638244629e-01
3.380005061626434326e-01 4.870994985103607178e-01
9.836047291755676270e-01 1.705922372639179230e-02
1.839275509119033813e-01 4.321130514144897461e-01
5.125817656517028809e-01 5.680096149444580078e-01
7.139524817466735840e-01 2.816369235515594482e-01
6.023536920547485352e-01 7.128542661666870117e-01
6.809896230697631836e-01 1.323607116937637329e-01
8.579875826835632324e-01 4.192900359630584717e-01
7.829262018203735352e-01 6.339572072029113770e-01
4.738515317440032959e-01 1.707775443792343140e-01
2.465604096651077271e-01 4.888373911380767822e-01
8.554838895797729492e-01 1.568708121776580811e-01
8.745833486318588257e-02 6.374402046203613281e-01
9.454536437988281250e-01 9.268936514854431152e-01
1.314766854047775269e-01 9.097386598587036133e-01
4.495720565319061279e-01 3.651139736175537109e-01
8.645462989807128906e-01 5.420323014259338379e-01
1.243262179195880890e-02 4.392323791980743408e-01
5.813614726066589355e-01 8.640159964561462402e-01
7.832645177841186523e-01 7.809137701988220215e-01
1.850664615631103516e-01 3.869857490062713623e-01
2.109610289335250854e-01 8.337460160255432129e-01
5.582329630851745605e-01 7.258997559547424316e-01
2.910706400871276855e-01 3.038503527641296387e-01
6.788625121116638184e-01 8.977311253547668457e-01
1.061579287052154541e-01 4.080655276775360107e-01
4.548795819282531738e-01 6.118568181991577148e-01
7.408952116966247559e-01 1.864314079284667969e-01
7.838235497474670410e-01 7.877346277236938477e-01
9.657401442527770996e-01 8.706662058830261230e-01
1.026096194982528687e-01 4.761193096637725830e-01
6.337020993232727051e-01 7.517735958099365234e-01
2.911981344223022461e-01 6.837584972381591797e-01
7.567710876464843750e-01 3.558109700679779053e-01
2.849308252334594727e-01 5.177444815635681152e-01
3.668371587991714478e-02 8.806077241897583008e-01
9.706435203552246094e-01 7.112373113632202148e-01
2.213806211948394775e-01 6.456973552703857422e-01
2.660005167126655579e-02 6.998943537473678589e-02
9.242017269134521484e-01 4.251986443996429443e-01
7.639535665512084961e-01 4.466811120510101318e-01
1.421226561069488525e-01 4.363071322441101074e-01
6.951642036437988281e-01 3.114371597766876221e-01
6.617294251918792725e-02 2.268267422914505005e-01
9.085343480110168457e-01 4.838608205318450928e-01
4.741901755332946777e-01 7.298273444175720215e-01
3.620271384716033936e-01 8.424044251441955566e-01
5.133621096611022949e-01 4.452376067638397217e-01
8.787047266960144043e-01 7.048016786575317383e-01
1.519239544868469238e-01 6.514590382575988770e-01
3.503244221210479736e-01 5.735020637512207031e-01
5.218376871198415756e-03 1.595497727394104004e-01
3.850772678852081299e-01 4.135887920856475830e-01
4.775348007678985596e-01 2.806184291839599609e-01
7.081241011619567871e-01 3.230208456516265869e-01
2.637841040268540382e-03 7.614447474479675293e-01
8.183705806732177734e-01 6.700252890586853027e-01
5.945359468460083008e-01 4.101256132125854492e-01
6.405956149101257324e-01 3.672524690628051758e-01
1.325210481882095337e-01 5.456585884094238281e-01
4.603059887886047363e-01 5.276544690132141113e-01
4.633310735225677490e-01 3.758085370063781738e-01
1.594178080558776855e-01 5.678555369377136230e-01
2.640293836593627930e-01 6.326971650123596191e-01
6.378647685050964355e-01 2.115181237459182739e-01
7.218843698501586914e-01 4.069700092077255249e-02
6.922568678855895996e-01 4.213974475860595703e-01
3.646250367164611816e-01 1.312117427587509155e-01
6.117475628852844238e-01 1.436778306961059570e-01
8.427354097366333008e-01 6.817619800567626953e-01
3.012086264789104462e-02 6.583220958709716797e-01
8.076270222663879395e-01 7.265540957450866699e-01
6.986036300659179688e-01 6.695612072944641113e-01
7.886539101600646973e-01 7.049771398305892944e-02
9.582971930503845215e-01 1.236972510814666748e-01
2.908211350440979004e-01 1.261770427227020264e-01
2.445802837610244751e-01 2.503453195095062256e-01
8.085758686065673828e-01 1.938811242580413818e-01
2.559188306331634521e-01 9.960479140281677246e-01
6.170890331268310547e-01 5.357636809349060059e-01
6.169689893722534180e-01 7.580714225769042969e-01
6.475308537483215332e-01 7.501264810562133789e-01
1.361466795206069946e-01 7.634332403540611267e-03
2.664384245872497559e-01 9.804579615592956543e-01
8.058028817176818848e-01 5.607938170433044434e-01
9.649568200111389160e-01 1.692797057330608368e-02
1.080057993531227112e-01 9.384528994560241699e-01
7.033606171607971191e-01 7.836973667144775391e-01
5.725656151771545410e-01 8.744013905525207520e-01
7.246641516685485840e-01 1.299743801355361938e-01
9.038875699043273926e-01 3.901639282703399658e-01
9.493317008018493652e-01 4.321396648883819580e-01
2.668623030185699463e-01 5.261461734771728516e-01
7.899098396301269531e-01 7.033665776252746582e-01
5.023182183504104614e-02 2.758866548538208008e-01
9.865027666091918945e-01 9.900572896003723145e-01
6.799211502075195312e-01 2.362581491470336914e-01
4.611865580081939697e-01 2.386516183614730835e-01
8.658379316329956055e-01 5.735354423522949219e-01
2.667433619499206543e-01 4.799654781818389893e-01
2.150453478097915649e-01 1.262142062187194824e-01
5.773167610168457031e-01 9.009128808975219727e-01
5.285006165504455566e-01 7.683339715003967285e-01
1.573481410741806030e-01 3.109110593795776367e-01
5.242923498153686523e-01 4.632284641265869141e-01
1.046176031231880188e-01 2.163178026676177979e-01
5.262873768806457520e-01 6.129424646496772766e-02
7.660949230194091797e-01 4.098013341426849365e-01
6.763339787721633911e-02 1.838477328419685364e-02
9.752713441848754883e-01 6.352688670158386230e-01
2.943234145641326904e-01 9.910524487495422363e-01
5.184483528137207031e-01 1.178942769765853882e-01
7.650868892669677734e-01 7.125332355499267578e-01
6.385437250137329102e-01 5.841467976570129395e-01
6.673104763031005859e-01 8.846182376146316528e-02
7.227187156677246094e-01 1.651631295680999756e-01
6.425573825836181641e-01 5.395148992538452148e-01
2.863021194934844971e-01 3.476274609565734863e-01
2.446035146713256836e-01 7.421088218688964844e-01
4.887265563011169434e-01 3.548781201243400574e-02
7.901809811592102051e-01 2.289513200521469116e-01
9.244637936353683472e-02 8.298655748367309570e-01
6.740769743919372559e-01 4.684575274586677551e-02
7.302547097206115723e-01 6.204543113708496094e-01
5.342809483408927917e-02 3.934541642665863037e-01
4.442965984344482422e-01 8.936108946800231934e-01
9.861745238304138184e-01 9.127789735794067383e-01
6.919872760772705078e-01 6.303622126579284668e-01
4.735907614231109619e-01 3.860009610652923584e-01
8.065432310104370117e-02 9.479470849037170410e-01
9.099349975585937500e-01 8.418583869934082031e-01
2.175346463918685913e-01 1.114564016461372375e-01
4.710427224636077881e-01 4.056780040264129639e-01
8.084291219711303711e-01 8.613463044166564941e-01
2.753587663173675537e-01 3.003682494163513184e-01
3.167892694473266602e-01 1.460678279399871826e-01
4.698302149772644043e-01 7.741038203239440918e-01
3.124839812517166138e-02 5.290854573249816895e-01
3.716559708118438721e-01 3.613223731517791748e-01
2.157693803310394287e-01 7.354999184608459473e-01
6.575360894203186035e-01 1.035028398036956787e-01
3.980945795774459839e-02 6.745215654373168945e-01
4.220805168151855469e-01 1.437542885541915894e-01
6.506473422050476074e-01 1.424468588083982468e-02
4.628548026084899902e-01 5.134689807891845703e-01
8.272053003311157227e-01 6.570060253143310547e-01
2.081334143877029419e-01 5.985024571418762207e-01
6.957137584686279297e-01 9.600933194160461426e-01
8.672955036163330078e-01 6.586982011795043945e-01
4.973308742046356201e-01 5.288400650024414062e-01
9.643906354904174805e-01 1.733205616474151611e-01
5.775845646858215332e-01 1.230289638042449951e-01
9.567365646362304688e-01 3.158740997314453125e-01
9.371441602706909180e-01 5.050475001335144043e-01
7.152808308601379395e-01 9.531734138727188110e-02
8.645066022872924805e-01 7.812801599502563477e-01
5.609247088432312012e-01 9.138779044151306152e-01
4.255152642726898193e-01 2.553441524505615234e-01
3.551318347454071045e-01 9.973378181457519531e-01
2.823460102081298828e-01 5.968733429908752441e-01
8.564804196357727051e-01 1.605477184057235718e-01
7.716591358184814453e-01 5.505571514368057251e-02
4.132111072540283203e-01 9.503990411758422852e-01
4.680154472589492798e-02 9.688850045204162598e-01
3.374384343624114990e-01 6.174373030662536621e-01
3.528843224048614502e-01 8.899087905883789062e-01
2.437969297170639038e-01 9.327433109283447266e-01
7.666412591934204102e-01 9.826310873031616211e-01
2.674764990806579590e-01 8.989830613136291504e-01
2.978815436363220215e-01 4.888893067836761475e-01
1.911527961492538452e-01 4.195896089076995850e-01
3.781353533267974854e-01 7.843273282051086426e-01
6.134847402572631836e-01 7.995416522026062012e-01
1.956183016300201416e-01 1.532323509454727173e-01
7.236805558204650879e-01 3.249501585960388184e-01
3.828280419111251831e-02 7.379305362701416016e-01
4.848587512969970703e-01 2.363330572843551636e-01
2.894070446491241455e-01 8.586018085479736328e-01
1.291185617446899414e-01 3.495550155639648438e-01
4.059566259384155273e-01 5.486860871315002441e-01
1.513622105121612549e-01 9.462841153144836426e-01
8.357945084571838379e-02 1.792586743831634521e-01
6.493828296661376953e-01 8.889915347099304199e-01
5.251992940902709961e-01 9.282489866018295288e-02
9.579704403877258301e-01 9.039418101310729980e-01
8.930491805076599121e-01 2.052837163209915161e-01
8.380048274993896484e-01 7.951604127883911133e-01
7.469216585159301758e-01 2.188286930322647095e-02
6.468673050403594971e-02 7.040207982063293457e-01
6.567469835281372070e-01 4.717134833335876465e-01
2.352374047040939331e-01 2.272952944040298462e-01
6.549677252769470215e-01 2.638303041458129883e-01
2.924311757087707520e-01 5.843083262443542480e-01
8.705452084541320801e-02 6.964782476425170898e-01
5.658529400825500488e-01 8.115523457527160645e-01
7.882307171821594238e-01 4.868285059928894043e-01
1.423030495643615723e-01 2.173841297626495361e-01
4.923253357410430908e-01 3.522492349147796631e-01
9.937418699264526367e-01 4.524378776550292969e-01
2.656041830778121948e-02 2.572560608386993408e-01
9.174590706825256348e-01 2.918223142623901367e-01
1.303265094757080078e-01 1.199604049324989319e-01
3.577463924884796143e-01 3.315388783812522888e-02
2.219386585056781769e-02 7.712451815605163574e-01
4.730061888694763184e-01 1.059896498918533325e-01
6.731680035591125488e-01 1.079349741339683533e-01
5.132209658622741699e-01 4.634763896465301514e-01
5.054649710655212402e-01 9.635602831840515137e-01
7.011977434158325195e-01 1.432390213012695312e-01
2.584199607372283936e-01 6.611289829015731812e-02
5.899807214736938477e-01 4.979583919048309326e-01
7.562478184700012207e-01 1.554724723100662231e-01
4.128863215446472168e-01 4.279595017433166504e-01
9.085966348648071289e-01 7.368890643119812012e-01
6.804022789001464844e-01 9.412726759910583496e-01
9.754037857055664062e-01 3.588193356990814209e-01
9.538847804069519043e-01 8.454354107379913330e-02
7.254697680473327637e-01 1.424845308065414429e-01
8.516718745231628418e-01 1.725204437971115112e-01
8.671972900629043579e-02 9.019593000411987305e-01
5.739818513393402100e-02 3.086774647235870361e-01
8.737303018569946289e-01 6.116384640336036682e-02
9.767747521400451660e-01 7.022604942321777344e-01
2.311782538890838623e-01 1.237344518303871155e-01
4.029420316219329834e-01 2.856433391571044922e-01
1.604961156845092773e-01 6.467178463935852051e-01
2.341078221797943115e-01 5.041097998619079590e-01
4.745188057422637939e-01 1.013976261019706726e-01
4.650982022285461426e-01 1.954089552164077759e-01
6.521962881088256836e-01 8.094794154167175293e-01
7.640168666839599609e-01 3.894028067588806152e-01
1.118572652339935303e-01 9.683627486228942871e-01
9.374321103096008301e-01 3.128633797168731689e-01
1.969874203205108643e-01 7.330495864152908325e-02
5.005291700363159180e-01 2.491099089384078979e-01
1.220117583870887756e-01 1.070499941706657410e-01
4.188773036003112793e-01 1.790548115968704224e-01
9.114135503768920898e-01 5.286328792572021484e-01
9.280068874359130859e-01 1.440979242324829102e-01
6.653924584388732910e-01 7.216627895832061768e-02
2.170115113258361816e-01 7.827135920524597168e-01
8.830322027206420898e-01 2.229967117309570312e-01
5.317198634147644043e-01 1.904435753822326660e-01
2.064652442932128906e-01 7.542195171117782593e-02
2.414846718311309814e-01 6.286321878433227539e-01
2.926022410392761230e-01 4.336696863174438477e-01
5.489599108695983887e-01 4.206754267215728760e-01
3.921157121658325195e-02 5.981882810592651367e-01
8.597797751426696777e-01 6.144537776708602905e-02
7.445284128189086914e-01 4.034491479396820068e-01
9.919206500053405762e-01 8.756686449050903320e-01
7.613670229911804199e-01 4.488307610154151917e-02
7.591297030448913574e-01 1.934409588575363159e-01
8.127208352088928223e-01 2.642014920711517334e-01
5.682433247566223145e-01 7.441238164901733398e-01
1.883684843778610229e-01 5.726097226142883301e-01
2.876258790493011475e-01 5.613994598388671875e-01
5.159713029861450195e-01 6.619855016469955444e-02
4.757504165172576904e-01 7.237773537635803223e-01
3.211052417755126953e-01 3.084836006164550781e-01
9.096348881721496582e-01 2.184021174907684326e-01
7.951615452766418457e-01 4.906049668788909912e-01
9.295457005500793457e-01 6.336418390274047852e-01
5.432822704315185547e-01 1.230583414435386658e-01
8.974778652191162109e-02 5.684104561805725098e-01
7.493652105331420898e-01 6.089367866516113281e-01
1.598910242319107056e-01 1.103865429759025574e-01
4.872987866401672363e-01 6.347069740295410156e-01
2.602634131908416748e-01 7.452611625194549561e-02
9.628063440322875977e-01 5.558852553367614746e-01
2.073244154453277588e-01 6.580587625503540039e-01
6.447144746780395508e-01 9.135814756155014038e-02
9.798869490623474121e-01 8.817004561424255371e-01
6.827095150947570801e-02 5.855443701148033142e-02
7.644845843315124512e-01 6.637113690376281738e-01
6.860749721527099609e-01 5.563670396804809570e-01
4.104457795619964600e-01 9.247097969055175781e-01
9.655458331108093262e-01 1.212609233334660530e-03
9.173664450645446777e-02 7.966384291648864746e-02
8.150935173034667969e-01 1.136844418942928314e-02
5.070514082908630371e-01 2.476675361394882202e-01
8.515099883079528809e-01 6.190082430839538574e-01
6.573086380958557129e-01 2.118291407823562622e-01
1.093675419688224792e-01 2.549497187137603760e-01
9.361175447702407837e-02 2.472940385341644287e-01
6.468178033828735352e-01 7.325839400291442871e-01
6.925347447395324707e-01 8.293350338935852051e-01
4.967374205589294434e-01 9.539575874805450439e-02
7.268249988555908203e-02 4.266386926174163818e-01
7.226918339729309082e-01 3.170080855488777161e-02
9.095612168312072754e-01 8.486590385437011719e-01
5.359843373298645020e-01 9.832764267921447754e-01
9.518649578094482422e-01 4.465275704860687256e-01
9.658278822898864746e-01 7.513887882232666016e-01
5.195462107658386230e-01 3.474513590335845947e-01
2.719711698591709137e-02 1.669840365648269653e-01
6.936451792716979980e-01 9.048413634300231934e-01
6.281384080648422241e-02 5.544606447219848633e-01
6.399958133697509766e-01 6.798493862152099609e-01
2.343917936086654663e-01 6.876934170722961426e-01
7.503473758697509766e-01 5.205159187316894531e-01
4.768120348453521729e-01 2.710716240108013153e-02
9.556167125701904297e-01 4.293482303619384766e-01
5.056330561637878418e-01 1.550266742706298828e-01
7.821114063262939453e-01 4.220504164695739746e-01
1.060262024402618408e-01 8.628286123275756836e-01
8.604680746793746948e-02 1.560568250715732574e-02
8.907066583633422852e-01 7.329182028770446777e-01
1.908590942621231079e-01 9.548540711402893066e-01
2.303408831357955933e-02 7.696341276168823242e-01
7.293301820755004883e-01 9.710159152746200562e-02
8.360483646392822266e-01 5.648685097694396973e-01
2.861317396163940430e-01 7.240970134735107422e-01
1.632782444357872009e-02 2.465936541557312012e-01
9.256549477577209473e-01 3.431708738207817078e-02
6.489225029945373535e-01 6.921806931495666504e-01
1.691876351833343506e-01 9.322442412376403809e-01
9.746603965759277344e-01 9.900962114334106445e-01
2.353736162185668945e-01 5.442884564399719238e-01
7.250735163688659668e-01 3.216412961483001709e-01
7.226740717887878418e-01 3.102887272834777832e-01
1.419620364904403687e-01 9.384254217147827148e-01
7.323842048645019531e-01 4.572909474372863770e-01
8.466495275497436523e-01 5.700839161872863770e-01
3.203655481338500977e-01 8.162361383438110352e-01
7.718790322542190552e-02 9.546418786048889160e-01
8.258504271507263184e-01 2.318783104419708252e-01
4.590045511722564697e-01 8.857586979866027832e-01
8.478937149047851562e-01 4.126501679420471191e-01
8.715959787368774414e-01 8.695697784423828125e-02
4.137793481349945068e-01 1.435233205556869507e-01
9.679608941078186035e-01 7.484689950942993164e-01
2.409041523933410645e-01 4.534960091114044189e-01
5.202434062957763672e-01 2.850002050399780273e-01
5.593125820159912109e-01 4.855264723300933838e-01
4.391916990280151367e-01 9.344668388366699219e-01
1.353388745337724686e-02 1.385921984910964966e-01
5.162045359611511230e-01 6.442356109619140625e-01
3.851803839206695557e-01 9.692913852632045746e-03
1.109680682420730591e-01 7.402551770210266113e-01
1.236480996012687683e-01 4.445689618587493896e-01
8.621799349784851074e-01 5.196548700332641602e-01
8.173826336860656738e-01 5.505313277244567871e-01
2.119359821081161499e-01 5.782932639122009277e-01
3.628046438097953796e-02 3.171871006488800049e-01
6.579004228115081787e-02 7.945993542671203613e-01
1.438947618007659912e-01 1.730273216962814331e-01
6.762522459030151367e-01 9.178426861763000488e-01
9.340991973876953125e-01 2.878657281398773193e-01
8.675369024276733398e-01 3.919882178306579590e-01
1.696200966835021973e-01 1.480587273836135864e-01
2.585856914520263672e-01 7.806246876716613770e-01
2.967947721481323242e-01 6.829642653465270996e-01
3.981349170207977295e-01 7.611422538757324219e-01
8.876698613166809082e-01 1.781570017337799072e-01
4.282080829143524170e-01 9.019732475280761719e-01
3.513531386852264404e-01 6.745775341987609863e-01
1.551156491041183472e-01 5.828897468745708466e-03
5.661807656288146973e-01 3.007143735885620117e-02
3.522376418113708496e-01 6.756411790847778320e-01
2.724937535822391510e-02 4.154727607965469360e-02
6.477093100547790527e-01 3.356058001518249512e-01
8.137456774711608887e-01 4.634575843811035156e-01
9.700359702110290527e-01 6.580060720443725586e-01
7.082562446594238281e-01 4.354754686355590820e-01
5.730792284011840820e-01 4.668686687946319580e-01
3.522317111492156982e-01 3.826851546764373779e-01
9.203827977180480957e-01 4.226054549217224121e-01
6.381937861442565918e-01 8.448131084442138672e-01
8.651643991470336914e-01 7.024516910314559937e-02
8.061298131942749023e-01 9.812972545623779297e-01
2.913155555725097656e-01 8.993866443634033203e-01
6.498717665672302246e-01 5.887455940246582031e-01
3.678816258907318115e-01 7.818523645401000977e-01
8.563481569290161133e-01 2.100540101528167725e-01
6.186364591121673584e-02 3.379267752170562744e-01
2.673809826374053955e-01 8.786356076598167419e-03
7.718507051467895508e-01 7.947631478309631348e-01
7.151770591735839844e-01 6.232748031616210938e-01
4.613841772079467773e-01 2.646292448043823242e-01
6.927766203880310059e-01 4.476127326488494873e-01
1.423063874244689941e-01 4.988510906696319580e-01
2.786230854690074921e-02 1.224981620907783508e-01
1.018150150775909424e-01 1.531819701194763184e-01
9.335163831710815430e-01 8.697198331356048584e-02
6.161049008369445801e-01 4.196678400039672852e-01
3.124931752681732178e-01 2.515067756175994873e-01
4.833239316940307617e-01 9.062892794609069824e-01
5.826683342456817627e-02 8.881846666336059570e-01
4.133908450603485107e-01 5.950301289558410645e-01
3.559038788080215454e-02 5.725710988044738770e-01
8.939859271049499512e-01 5.581526160240173340e-01
4.958482831716537476e-02 8.426926136016845703e-01
6.781667470932006836e-01 2.466241419315338135e-01
6.901695728302001953e-01 9.814993143081665039e-01
2.076722979545593262e-01 9.644813537597656250e-01
7.907543182373046875e-01 9.594137072563171387e-01
8.054281473159790039e-01 4.699816703796386719e-01
9.267489314079284668e-01 8.071845769882202148e-01
8.494982719421386719e-01 1.763348728418350220e-01
4.427511617541313171e-02 1.271381378173828125e-01
3.406665027141571045e-01 1.979466974735260010e-01
2.398991137742996216e-01 6.535899639129638672e-01
2.681641876697540283e-01 8.637668192386627197e-02
4.674893617630004883e-01 7.203844189643859863e-01
1.340129673480987549e-01 3.265515267848968506e-01
6.776262074708938599e-02 3.444640934467315674e-01
9.101127982139587402e-01 7.151052355766296387e-01
1.133909821510314941e-01 1.773433834314346313e-01
9.639082551002502441e-01 4.188567101955413818e-01
8.209742307662963867e-01 9.106476902961730957e-01
8.082754015922546387e-01 5.923196077346801758e-01
4.256204962730407715e-01 7.802577614784240723e-01
5.487377047538757324e-01 9.405125379562377930e-01
4.355629682540893555e-01 8.637004494667053223e-01
9.414353966712951660e-01 9.059252738952636719e-01
6.049718856811523438e-01 6.491002440452575684e-01
4.459168612957000732e-01 7.096289396286010742e-01
5.831986665725708008e-01 4.613198339939117432e-01
2.386139333248138428e-01 8.850210309028625488e-01
8.411844372749328613e-01 7.439438700675964355e-01
7.766163349151611328e-02 9.747396707534790039e-01
3.109244704246520996e-01 5.468645691871643066e-01
6.669465899467468262e-01 7.461183071136474609e-01
7.317748852074146271e-03 8.547601699829101562e-01
7.549006938934326172e-01 3.531559705734252930e-01
1.619324237108230591e-01 2.318759858608245850e-01
9.307996034622192383e-01 8.536787629127502441e-01
4.757906794548034668e-01 1.894290149211883545e-01
6.900615096092224121e-01 7.948471307754516602e-01
8.555851578712463379e-01 2.215140014886856079e-01
1.889863312244415283e-01 7.788147330284118652e-01
3.385000228881835938e-01 3.654663562774658203e-01
9.360204339027404785e-01 7.007178068161010742e-01
1.683521643280982971e-02 5.135875344276428223e-01
4.140374660491943359e-01 7.568920254707336426e-01
3.696525394916534424e-01 5.714304447174072266e-01
6.702956557273864746e-01 3.980164527893066406e-01
8.090544342994689941e-01 4.777308404445648193e-01
5.779711604118347168e-01 2.793890237808227539e-01
1.277724951505661011e-01 7.738367319107055664e-01
6.806301474571228027e-01 1.095735579729080200e-01
2.966151237487792969e-01 7.197811007499694824e-01
6.522340774536132812e-01 8.591665625572204590e-01
7.609944939613342285e-01 7.414891123771667480e-01
3.727857470512390137e-01 6.066111326217651367e-01
2.882868647575378418e-01 5.674236416816711426e-01
6.395659446716308594e-01 4.817245602607727051e-01
6.634765863418579102e-01 9.240575134754180908e-03
1.278787553310394287e-01 6.997367143630981445e-01
9.252237081527709961e-01 1.573264449834823608e-01
5.489188432693481445e-01 2.856865525245666504e-01
9.267666935920715332e-01 5.562844872474670410e-01
5.707248449325561523e-01 6.409460902214050293e-01
2.448967099189758301e-02 3.334921300411224365e-01
3.756804764270782471e-01 1.958125084638595581e-01
9.840311408042907715e-01 9.567396044731140137e-01
9.842854142189025879e-01 6.206191778182983398e-01
4.692429304122924805e-01 9.174222350120544434e-01
9.515277743339538574e-01 6.778612136840820312e-01
2.610903680324554443e-01 2.449256628751754761e-01
3.381101787090301514e-01 9.651443958282470703e-01
4.704681411385536194e-02 8.867442011833190918e-01
9.284682273864746094e-01 1.067986935377120972e-01
1.343715935945510864e-01 5.036506652832031250e-01
8.254933953285217285e-01 4.231593906879425049e-01
8.937151432037353516e-01 1.736352778971195221e-02
8.305713534355163574e-01 8.906033635139465332e-01
5.736681222915649414e-01 9.690070748329162598e-01
7.033309936523437500e-01 7.965629100799560547e-01
9.317706823348999023e-01 7.075390219688415527e-01
9.826914668083190918e-01 3.722793459892272949e-01
8.013299703598022461e-01 2.848469614982604980e-01
4.131962954998016357e-01 5.074028372764587402e-01
9.732247591018676758e-01 3.978085815906524658e-01
8.220420479774475098e-01 7.017506659030914307e-02
3.039581179618835449e-01 9.392232298851013184e-01
9.407247900962829590e-01 5.084209516644477844e-02
7.826884984970092773e-01 2.687791287899017334e-01
9.386654496192932129e-01 2.066638618707656860e-01
7.883564829826354980e-01 3.316031396389007568e-01
9.350696802139282227e-01 1.900098770856857300e-01
1.708983778953552246e-01 4.776265621185302734e-01
1.065341383218765259e-01 8.098636269569396973e-01
6.935566067695617676e-01 9.852038025856018066e-01
8.503957390785217285e-01 4.587968289852142334e-01
1.940917819738388062e-01 3.801783323287963867e-01
5.445366501808166504e-01 8.485277295112609863e-01
6.700202226638793945e-01 2.364619523286819458e-01
2.763189375400543213e-01 2.430959194898605347e-01
6.830213069915771484e-01 9.574532508850097656e-01
6.659454703330993652e-01 7.370136380195617676e-01
5.927569866180419922e-01 3.677028790116310120e-02
9.388574361801147461e-01 6.309113502502441406e-01
9.295918941497802734e-01 9.608961343765258789e-01
9.430298805236816406e-01 4.411044120788574219e-01
9.413266181945800781e-01 3.029839694499969482e-01
8.760476708412170410e-01 4.204651713371276855e-01
7.097774744033813477e-01 8.188134431838989258e-02
5.497610196471214294e-02 1.275106966495513916e-01
2.341651171445846558e-01 6.929239034652709961e-01
9.693326354026794434e-01 4.307278692722320557e-01
4.483886063098907471e-01 1.314508616924285889e-01
5.568102002143859863e-02 1.748865991830825806e-01
9.641599655151367188e-01 5.137619972229003906e-01
8.865953683853149414e-01 6.121019124984741211e-01
8.291109800338745117e-01 3.697608411312103271e-02
9.358329176902770996e-01 4.780446588993072510e-01
3.708537518978118896e-01 8.727616667747497559e-01
1.542112976312637329e-01 7.719778418540954590e-01
6.382972002029418945e-01 5.458288788795471191e-01
1.154482886195182800e-01 9.711056947708129883e-01
8.777866959571838379e-01 6.605838537216186523e-01
7.960612773895263672e-01 9.911394119262695312e-01
9.382631778717041016e-01 7.741756439208984375e-01
5.859727263450622559e-01 1.083959564566612244e-01
5.910472944378852844e-02 1.316455155611038208e-01
4.879000037908554077e-02 8.009433746337890625e-01
1.324307266622781754e-02 5.217731595039367676e-01
8.665323257446289062e-01 4.986814558506011963e-01
3.495056331157684326e-01 9.227889180183410645e-01
4.689788222312927246e-01 6.773697137832641602e-01
7.937917113304138184e-01 2.725899815559387207e-01
4.107431471347808838e-01 6.679428815841674805e-01
8.911608457565307617e-01 3.503685295581817627e-01
6.957483887672424316e-01 2.965854704380035400e-01
7.733855247497558594e-01 7.202636003494262695e-01
9.363521337509155273e-01 4.625888168811798096e-01
5.840321183204650879e-01 5.506270527839660645e-01
6.412619948387145996e-01 4.135190974920988083e-03
5.828368067741394043e-01 1.413333229720592499e-02
7.796443998813629150e-02 6.184061765670776367e-01
5.707565695047378540e-02 8.625137209892272949e-01
8.620368838310241699e-01 9.108783006668090820e-01
8.036592006683349609e-01 5.983510240912437439e-02
5.190320014953613281e-01 2.912542223930358887e-01
9.386066198348999023e-01 3.861215710639953613e-01
1.324042230844497681e-01 4.874700307846069336e-01
3.294065892696380615e-01 6.751618981361389160e-01
2.413280159235000610e-01 7.427482306957244873e-02
3.114259243011474609e-01 6.852800846099853516e-01
8.338294625282287598e-01 5.101227760314941406e-01
7.454940080642700195e-01 7.933285236358642578e-01
2.360665947198867798e-01 7.754777073860168457e-01
6.170092225074768066e-01 7.535592913627624512e-01
7.741266489028930664e-02 9.098967313766479492e-01
8.901292085647583008e-01 4.544140696525573730e-01
5.582663416862487793e-01 3.198828399181365967e-01
9.859665036201477051e-01 6.865943670272827148e-01
9.192497730255126953e-01 1.316272765398025513e-01
6.881699562072753906e-01 1.175076887011528015e-02
2.935607917606830597e-02 6.140064597129821777e-01
3.178254067897796631e-01 2.841272056102752686e-01
6.663117557764053345e-02 1.907582134008407593e-01
8.436275124549865723e-01 9.102029204368591309e-01
5.471899509429931641e-01 2.503848969936370850e-01
5.427710413932800293e-01 6.356318593025207520e-01
8.602164983749389648e-01 7.766872644424438477e-01
7.988231182098388672e-01 4.315198957920074463e-01
8.732282519340515137e-01 9.735090732574462891e-01
4.922451376914978027e-01 8.485537022352218628e-02
9.838132560253143311e-02 3.020319342613220215e-01
1.111956238746643066e-01 8.492864370346069336e-01
7.133187055587768555e-01 1.600565165281295776e-01
3.043036758899688721e-01 8.493773341178894043e-01
1.816502809524536133e-01 8.002326488494873047e-01
8.582382202148437500e-01 6.409643292427062988e-01
1.235499233007431030e-01 3.517431020736694336e-01
5.757879614830017090e-01 2.591101527214050293e-01
7.175710201263427734e-01 1.802168786525726318e-01
9.101361632347106934e-01 1.355812996625900269e-01
4.297890663146972656e-01 2.001308202743530273e-01
7.256364822387695312e-01 4.845379292964935303e-01
2.930187284946441650e-01 1.209489032626152039e-01
3.434291183948516846e-01 8.710190653800964355e-01
8.968616724014282227e-01 7.146634459495544434e-01
5.521920919418334961e-01 6.818475127220153809e-01
1.501075178384780884e-01 2.718230187892913818e-01
4.841063618659973145e-01 3.413792252540588379e-01
1.334321796894073486e-01 9.924129247665405273e-01
2.137233465909957886e-01 6.870003044605255127e-02
2.740147709846496582e-01 1.662940979003906250e-01
5.819448828697204590e-01 2.546341717243194580e-01
6.169974803924560547e-01 1.439185738563537598e-01
7.123331427574157715e-01 1.123014092445373535e-01
1.638744920492172241e-01 1.036640107631683350e-01
6.675823926925659180e-01 1.960163116455078125e-01
8.738628029823303223e-02 7.447465658187866211e-01
2.977496385574340820e-01 9.273861050605773926e-01
3.108881115913391113e-01 8.995190262794494629e-01
1.398713886737823486e-01 1.298490464687347412e-01
4.340232014656066895e-01 6.677942872047424316e-01
1.375629901885986328e-01 4.066980183124542236e-01
4.131494760513305664e-01 5.609163641929626465e-01
6.239092350006103516e-01 3.715540170669555664e-01
1.424677073955535889e-01 8.017475605010986328e-01
7.371448278427124023e-01 5.452482104301452637e-01
7.148109674453735352e-01 5.088449642062187195e-02
2.101002633571624756e-01 8.786296844482421875e-01
4.157509207725524902e-01 1.689711660146713257e-01
2.162120342254638672e-01 3.115006387233734131e-01
9.216957092285156250e-01 8.159716129302978516e-01
3.170619606971740723e-01 7.107870578765869141e-01
4.969876408576965332e-01 6.267885565757751465e-01
8.545709252357482910e-01 4.795759618282318115e-01
5.183983445167541504e-01 4.854686558246612549e-01
1.615049391984939575e-01 4.685362577438354492e-01
7.554130256175994873e-02 9.639709591865539551e-01
7.864721417427062988e-01 5.003448724746704102e-01
6.521349549293518066e-01 5.135090947151184082e-01
6.968564987182617188e-01 9.334462881088256836e-01
5.818970501422882080e-02 2.304718829691410065e-02
5.140092596411705017e-02 8.061529397964477539e-01
2.620474398136138916e-01 8.301997184753417969e-01
2.836135327816009521e-01 1.712286174297332764e-01
4.901325702667236328e-01 4.885154962539672852e-01
6.542863845825195312e-01 9.793211817741394043e-01
8.154846727848052979e-02 8.787875771522521973e-01
2.814498841762542725e-01 6.921533942222595215e-01
1.841334700584411621e-01 4.905531704425811768e-01
2.362148016691207886e-01 2.400916218757629395e-01
5.250023095868527889e-04 5.945802927017211914e-01
9.238321781158447266e-01 1.212405711412429810e-01
3.602437973022460938e-01 2.332908362150192261e-01
3.982760757207870483e-02 4.068508148193359375e-01
1.905621141195297241e-01 8.809461593627929688e-01
9.244485497474670410e-01 6.781201958656311035e-01
9.344429373741149902e-01 2.928529977798461914e-01
2.727270424365997314e-01 7.979776263236999512e-01
6.237016320228576660e-01 8.748557567596435547e-01
5.957709252834320068e-02 2.745829224586486816e-01
1.484945118427276611e-01 6.432686448097229004e-01
4.896797612309455872e-02 5.505799055099487305e-01
7.130471467971801758e-01 4.381321370601654053e-01
6.726528406143188477e-01 9.730598926544189453e-01
4.119558632373809814e-02 1.297271847724914551e-01
1.301593333482742310e-01 6.879265308380126953e-01
3.393625319004058838e-01 8.488144278526306152e-01
7.198585271835327148e-01 9.961071610450744629e-01
7.900344133377075195e-01 2.222304344177246094e-01
2.608410120010375977e-01 3.325769007205963135e-01
1.907975673675537109e-01 3.256990909576416016e-01
7.727084755897521973e-01 8.014168739318847656e-01
3.091683983802795410e-01 7.560961246490478516e-01
9.608456492424011230e-01 7.963030338287353516e-01
9.492932558059692383e-01 2.963450253009796143e-01
9.462879300117492676e-01 4.512766897678375244e-01
7.425687313079833984e-01 4.426308274269104004e-01
7.172319889068603516e-01 3.191584348678588867e-02
9.646486639976501465e-01 6.113484501838684082e-01
4.339189454913139343e-02 2.155450731515884399e-01
6.869053244590759277e-01 7.426097393035888672e-01
6.851808428764343262e-01 3.483265265822410583e-02
1.703495383262634277e-01 6.527190208435058594e-01
9.379842877388000488e-01 1.229734942317008972e-01
3.961512744426727295e-01 1.514354348182678223e-01
3.453308343887329102e-01 3.836007416248321533e-01
3.803372383117675781e-01 7.240195870399475098e-01
4.907418489456176758e-01 8.076246976852416992e-01
8.708087205886840820e-01 5.852331519126892090e-01
8.430245518684387207e-02 1.339841187000274658e-01
7.107381820678710938e-01 4.408348202705383301e-01
4.499644935131072998e-01 1.714205592870712280e-01
3.134789168834686279e-01 3.039887249469757080e-01
1.254723370075225830e-01 4.979118406772613525e-01
7.087013721466064453e-01 3.236313462257385254e-01
8.918783664703369141e-01 9.493528008460998535e-01
7.363097071647644043e-01 8.627758026123046875e-01
6.788463890552520752e-02 7.415413856506347656e-01
5.765402317047119141e-01 6.639715284109115601e-02
1.598912179470062256e-01 4.323622882366180420e-01
1.418154984712600708e-01 8.596348166465759277e-01
1.297638714313507080e-01 5.637400746345520020e-01
7.873518466949462891e-01 7.581889033317565918e-01
4.089294075965881348e-01 5.141329765319824219e-02
5.144428610801696777e-01 1.126307025551795959e-01
9.763596653938293457e-01 3.241996169090270996e-01
1.590819656848907471e-01 2.950308322906494141e-01
7.482175827026367188e-01 8.215587139129638672e-01
1.466484665870666504e-01 8.627721667289733887e-01
6.149582266807556152e-01 4.506649672985076904e-01
7.787666916847229004e-01 2.873212695121765137e-01
8.262531161308288574e-01 7.890862822532653809e-01
1.037322953343391418e-01 7.905801534652709961e-01
8.962774276733398438e-01 5.838097929954528809e-01
5.545593500137329102e-01 4.339228570461273193e-01
1.860726773738861084e-01 8.294665813446044922e-02
4.335322678089141846e-01 8.219423145055770874e-02
7.710564732551574707e-01 3.097803294658660889e-01
8.513947725296020508e-01 9.958341717720031738e-01
1.411253958940505981e-01 7.242463827133178711e-01
1.594061851501464844e-01 7.963528037071228027e-01
9.607479572296142578e-01 1.006899997591972351e-01
8.505704998970031738e-01 2.680344581604003906e-01
6.346215009689331055e-01 4.274601116776466370e-02
9.087828993797302246e-01 4.454701244831085205e-01
7.131404280662536621e-01 6.916196942329406738e-01
4.825325012207031250e-01 1.313541382551193237e-01
9.502692222595214844e-01 1.446203738451004028e-01
9.491078257560729980e-01 1.942524760961532593e-01
1.296544820070266724e-01 3.829547762870788574e-01
4.145325422286987305e-01 9.072312712669372559e-01
5.387788265943527222e-02 3.725923132151365280e-03
5.140219926834106445e-01 8.667432516813278198e-02
1.070635952055454254e-02 6.414721608161926270e-01
7.564190030097961426e-01 8.441037535667419434e-01
9.002121686935424805e-01 8.534330129623413086e-01
9.274407625198364258e-01 6.725555062294006348e-01
8.773254156112670898e-01 2.495399117469787598e-01
8.757944703102111816e-01 7.138645648956298828e-01
1.438526660203933716e-01 8.757677078247070312e-01
4.307512044906616211e-01 5.330933332443237305e-01
8.658580780029296875e-01 5.785493254661560059e-01
6.507910490036010742e-01 5.267718434333801270e-02
5.544741451740264893e-02 7.174555063247680664e-01
7.938347458839416504e-01 5.490990877151489258e-01
8.969121575355529785e-01 6.530739665031433105e-01
1.522860229015350342e-01 5.337676405906677246e-01
8.334409594535827637e-01 5.787149071693420410e-01
6.627497076988220215e-02 3.945773839950561523e-01
8.172433972358703613e-01 4.713673293590545654e-01
6.778842806816101074e-01 3.670838773250579834e-01
8.081314563751220703e-01 7.547195255756378174e-02
7.008539438247680664e-01 4.190783798694610596e-01
3.022186756134033203e-01 2.314027547836303711e-01
9.171082377433776855e-01 4.915289282798767090e-01
6.221681237220764160e-01 2.064080238342285156e-01
4.314238131046295166e-01 3.694989383220672607e-01
4.782145619392395020e-01 3.578782081604003906e-02
9.002126455307006836e-01 1.110889241099357605e-01
3.655287623405456543e-01 5.594592094421386719e-01
5.165753364562988281e-01 2.112985104322433472e-01
9.186546802520751953e-01 2.431109994649887085e-01
5.133714675903320312e-01 1.825088411569595337e-01
1.948890686035156250e-01 3.606981039047241211e-01
9.566605091094970703e-01 2.729735970497131348e-01
9.560541510581970215e-01 5.640404820442199707e-01
3.467118367552757263e-02 7.680103778839111328e-01
7.587072849273681641e-01 3.223495781421661377e-01
2.972352877259254456e-02 8.928951621055603027e-01
7.700328230857849121e-01 5.350998044013977051e-01
3.399210572242736816e-01 9.183660745620727539e-01
3.105602562427520752e-01 1.367869228124618530e-01
9.830788969993591309e-01 2.163024544715881348e-01
1.359857767820358276e-01 1.307290345430374146e-01
9.833674430847167969e-01 6.986940503120422363e-01
8.548137545585632324e-01 3.487657308578491211e-01
2.866413444280624390e-02 3.641977310180664062e-01
2.663074731826782227e-01 5.839371085166931152e-01
3.121562898159027100e-01 1.306647211313247681e-01
9.794595241546630859e-01 5.423496961593627930e-01
7.152653336524963379e-01 6.556693315505981445e-01
1.552326530218124390e-01 5.405076146125793457e-01
7.884424924850463867e-01 2.525570988655090332e-01
7.924696803092956543e-02 9.471114277839660645e-01
2.275751084089279175e-01 3.675660192966461182e-01
1.712921559810638428e-01 7.798283696174621582e-01
3.276811167597770691e-02 4.817774891853332520e-01
7.908958196640014648e-01 1.405922323465347290e-01
1.192964706569910049e-02 7.505384087562561035e-01
9.145365357398986816e-01 6.896691322326660156e-01
9.719887375831604004e-01 5.314426422119140625e-01
7.061709761619567871e-01 8.941707015037536621e-01
7.885139435529708862e-02 9.334197044372558594e-01
7.248228192329406738e-01 2.122577279806137085e-01
5.858753919601440430e-01 3.681549802422523499e-02
8.286093473434448242e-01 2.883180379867553711e-01
9.131402969360351562e-01 8.200262784957885742e-01
3.263090550899505615e-01 3.934224545955657959e-01
6.766132712364196777e-01 9.944638609886169434e-02
5.335520505905151367e-01 2.029020339250564575e-01
3.918477892875671387e-01 2.507424056529998779e-01
1.395336687564849854e-01 1.931075006723403931e-01
4.697806388139724731e-02 5.917825102806091309e-01
8.375082612037658691e-01 3.812107443809509277e-01
6.753608584403991699e-01 6.850482821464538574e-01
1.230643317103385925e-01 2.312959879636764526e-01
2.241146564483642578e-01 3.425821363925933838e-01
8.186707496643066406e-01 5.341768264770507812e-01
8.149527907371520996e-01 5.449371337890625000e-01
7.822060585021972656e-01 2.208342105150222778e-01
4.997494071722030640e-02 2.189209014177322388e-01
7.049705386161804199e-01 1.449579447507858276e-01
5.614755749702453613e-01 1.912800073623657227e-01
9.433751106262207031e-01 8.259754180908203125e-01
5.683307051658630371e-01 3.921618163585662842e-01
9.189690351486206055e-01 8.615365624427795410e-02
6.150085330009460449e-01 3.282481431961059570e-01
1.264585703611373901e-01 7.143955230712890625e-01
9.880213141441345215e-01 9.625561237335205078e-01
1.172374486923217773e-01 1.078097075223922729e-01
4.215514659881591797e-02 5.170598030090332031e-01
3.030006289482116699e-01 9.696174860000610352e-01
1.603421568870544434e-01 7.434344887733459473e-01
9.098195433616638184e-01 1.180934906005859375e-01
1.956911236047744751e-01 7.648718953132629395e-01
5.676057562232017517e-02 1.874587312340736389e-02
8.764197230339050293e-01 7.321203351020812988e-01
1.332290768623352051e-01 8.961284160614013672e-02
8.256132602691650391e-01 5.098106265068054199e-01
7.016706466674804688e-01 3.766819834709167480e-01
3.719044327735900879e-01 6.786906719207763672e-01
6.705237627029418945e-01 6.337854862213134766e-01
3.378371298313140869e-01 3.205621242523193359e-01
6.311925053596496582e-01 9.424989223480224609e-01
6.410962343215942383e-01 4.230778515338897705e-01
1.185047701001167297e-01 7.939287424087524414e-01
6.985991001129150391e-01 4.269438982009887695e-01
3.130449354648590088e-02 8.085176944732666016e-01
3.667841553688049316e-01 2.862494289875030518e-01
9.736220836639404297e-01 6.115116477012634277e-01
1.532015204429626465e-01 5.563277006149291992e-01
8.056798577308654785e-01 6.135126948356628418e-01
3.577601909637451172e-01 4.787046015262603760e-01
2.217682451009750366e-01 9.806715250015258789e-01
6.055033206939697266e-01 3.113196790218353271e-01
7.894690632820129395e-01 4.829357862472534180e-01
4.571318924427032471e-01 9.609085321426391602e-01
8.010305464267730713e-02 2.041298151016235352e-01
8.509858250617980957e-01 4.920505881309509277e-01
9.026755094528198242e-01 9.445120692253112793e-01
9.982919692993164062e-01 5.361081957817077637e-01
6.153959631919860840e-01 1.399472355842590332e-01
1.896165683865547180e-02 4.264212548732757568e-01
6.031394600868225098e-01 9.272558093070983887e-01
8.770942091941833496e-01 6.290305256843566895e-01
6.381065119057893753e-03 7.160207629203796387e-02
2.213935554027557373e-01 4.929827749729156494e-01
3.765068948268890381e-01 1.184931461466476321e-04
8.175868988037109375e-01 7.836024165153503418e-01
3.020869493484497070e-01 3.321720063686370850e-01
5.272489786148071289e-01 7.237145900726318359e-01
7.681884765625000000e-01 3.078531920909881592e-01
9.155892729759216309e-01 7.170673608779907227e-01
5.858754515647888184e-01 8.181523084640502930e-01
5.243372917175292969e-01 3.932113647460937500e-01
3.155521452426910400e-01 6.543571949005126953e-01
2.934243977069854736e-01 6.995680332183837891e-01
2.718699276447296143e-01 6.539391279220581055e-01
1.253786534070968628e-01 7.334901094436645508e-01
2.099731564521789551e-01 8.613874912261962891e-01
5.417788401246070862e-02 3.655831217765808105e-01
3.637866973876953125e-01 6.916910409927368164e-01
3.124296963214874268e-01 1.297240890562534332e-02
3.216904699802398682e-01 1.097126752138137817e-01
2.562419474124908447e-01 5.329719781875610352e-01
8.759961128234863281e-01 4.629720747470855713e-01
7.153921127319335938e-01 2.800972163677215576e-01
5.207002907991409302e-02 5.103892832994461060e-02
6.225665807723999023e-01 5.019570589065551758e-01
2.748284935951232910e-01 9.602642655372619629e-01
1.486501656472682953e-02 1.039013862609863281e-01
8.906242847442626953e-01 1.772441267967224121e-01
1.867118775844573975e-01 7.727766633033752441e-01
7.535150051116943359e-01 3.094086050987243652e-01
9.491689801216125488e-01 3.804942369461059570e-01
3.138186335563659668e-01 2.077740579843521118e-01
7.255368232727050781e-01 5.131066441535949707e-01
7.332366704940795898e-01 6.598371267318725586e-01
7.498701810836791992e-01 4.956496506929397583e-02
7.089357241056859493e-04 8.204418420791625977e-01
5.874005556106567383e-01 9.694533348083496094e-01
4.738059043884277344e-01 9.235184192657470703e-01
7.237627506256103516e-01 4.906996488571166992e-01
1.106490343809127808e-01 1.040716003626585007e-02
7.286394834518432617e-01 2.954350709915161133e-01
6.389132738113403320e-01 7.914522886276245117e-01
8.714416623115539551e-01 6.699529886245727539e-01
5.411690473556518555e-01 4.863168001174926758e-01
7.301713824272155762e-01 6.182919144630432129e-01
2.504965066909790039e-01 3.756513297557830811e-01
9.634058475494384766e-01 4.474444985389709473e-01
9.047375917434692383e-01 6.272293925285339355e-01
4.260821640491485596e-01 4.539882838726043701e-01
5.053206086158752441e-01 3.697634339332580566e-01
8.540377020835876465e-01 9.968346357345581055e-01
4.505226388573646545e-02 3.811656832695007324e-01
4.442326128482818604e-01 7.508587837219238281e-01
4.543829262256622314e-01 4.619490802288055420e-01
6.459600925445556641e-01 9.327387809753417969e-02
5.074272155761718750e-01 9.722274541854858398e-02
2.308084815740585327e-01 7.230599522590637207e-01
3.341245055198669434e-01 5.042217373847961426e-01
3.632659018039703369e-01 8.699789643287658691e-01
8.072434067726135254e-01 2.356769330799579620e-02
7.819059491157531738e-01 8.434424176812171936e-03
9.999783635139465332e-01 4.111552834510803223e-01
2.331696450710296631e-01 9.912810921669006348e-01
6.215049028396606445e-01 3.369958400726318359e-01
9.364257007837295532e-02 3.381053805351257324e-01
3.035557866096496582e-01 8.935564756393432617e-01
4.600138962268829346e-01 4.349994659423828125e-01
3.989974781870841980e-02 9.242503046989440918e-01
3.927103877067565918e-01 1.999115496873855591e-01
3.998243510723114014e-01 4.498330056667327881e-01
8.233658671379089355e-01 2.180506139993667603e-01
2.975744009017944336e-01 9.421740770339965820e-01
7.567774057388305664e-01 9.757103919982910156e-01
8.030234575271606445e-01 8.255576491355895996e-01
3.829560875892639160e-01 1.814537048339843750e-01
9.723455458879470825e-02 5.341293811798095703e-01
7.872584462165832520e-01 6.257204413414001465e-01
1.535786092281341553e-01 5.628383159637451172e-01
2.876721918582916260e-01 4.373666346073150635e-01
7.517603635787963867e-01 9.225124716758728027e-01
5.656960010528564453e-01 5.901750326156616211e-01
9.436390995979309082e-01 1.664748415350914001e-02
7.816673517227172852e-01 1.780376583337783813e-01
5.616697669029235840e-02 8.426111936569213867e-01
9.345041513442993164e-01 9.311330318450927734e-01
8.162471652030944824e-01 2.835674211382865906e-02
5.688436627388000488e-01 5.575994849205017090e-01
6.203654408454895020e-01 1.991761922836303711e-01
9.509330242872238159e-02 7.564767599105834961e-01
8.400250077247619629e-01 9.514460563659667969e-01
3.291875720024108887e-01 9.646898508071899414e-01
9.671924114227294922e-01 6.464943289756774902e-01
7.647722959518432617e-01 9.450716972351074219e-01
9.182600975036621094e-01 7.346433401107788086e-01
8.152858614921569824e-01 1.056462079286575317e-01
7.281228303909301758e-01 5.532314777374267578e-01
1.745353788137435913e-01 3.755790889263153076e-01
2.525664865970611572e-01 6.621488332748413086e-01
8.766158223152160645e-01 2.471801638603210449e-01
7.607921361923217773e-01 4.043554365634918213e-01
5.801390483975410461e-02 5.968211889266967773e-01
2.689234018325805664e-01 1.696711778640747070e-01
9.685706496238708496e-01 7.029868960380554199e-01
6.194175481796264648e-01 5.026157498359680176e-01
5.635321140289306641e-02 3.224866986274719238e-01
9.770742058753967285e-01 5.542012453079223633e-01
3.334242105484008789e-01 3.091430068016052246e-01
3.372272849082946777e-01 2.900298237800598145e-01
7.159981876611709595e-02 8.054000139236450195e-01
9.401389360427856445e-01 4.168058559298515320e-02
6.647608876228332520e-01 2.729478180408477783e-01
6.673166155815124512e-01 7.895330190658569336e-01
3.662346675992012024e-02 4.931694269180297852e-01
9.993101656436920166e-02 3.403275310993194580e-01
8.730584383010864258e-02 5.384345650672912598e-01
7.498534321784973145e-01 5.296899005770683289e-02
