8.643223047256469727e-01 1.077952757477760315e-01
4.716658294200897217e-01 1.838919520378112793e-01
4.314924180507659912e-01 3.709357082843780518e-01
3.638072311878204346e-01 3.820611834526062012e-01
4.899559020996093750e-01 7.911878824234008789e-01
9.311433434486389160e-01 9.835720658302307129e-01
5.870658755302429199e-01 4.294297993183135986e-01
7.734282612800598145e-01 8.493826985359191895e-01
6.682584881782531738e-01 1.065534278750419617e-01
9.639344215393066406e-01 7.168094515800476074e-01
3.724858760833740234e-01 7.572465538978576660e-01
5.050432682037353516e-01 3.828174173831939697e-01
8.667600750923156738e-01 6.599286198616027832e-01
2.621540725231170654e-01 2.242737263441085815e-01
3.034310638904571533e-01 2.835990786552429199e-01
9.578261524438858032e-02 1.425988227128982544e-01
7.715255022048950195e-01 4.387099444866180420e-01
9.056780338287353516e-01 9.922766685485839844e-01
4.087359011173248291e-01 7.807194590568542480e-01
6.831557154655456543e-01 2.662931196391582489e-02
6.146612763404846191e-01 9.079076647758483887e-01
3.981176912784576416e-01 6.010386347770690918e-01
3.664458096027374268e-01 6.515336632728576660e-01
4.596096277236938477e-01 6.235945224761962891e-01
7.666712999343872070e-01 8.298799395561218262e-01
7.988445162773132324e-01 4.757851660251617432e-01
8.600704073905944824e-01 8.605322837829589844e-01
3.360863626003265381e-01 2.883782237768173218e-02
9.849910140037536621e-01 7.375938892364501953e-01
9.398694634437561035e-01 1.358763128519058228e-01
6.811989545822143555e-01 7.303711771965026855e-01
1.427621673792600632e-02 3.467318713665008545e-01
7.320880293846130371e-01 2.372951656579971313e-01
5.059620738029479980e-01 4.732111003249883652e-03
3.820525109767913818e-01 9.422553777694702148e-01
4.706182181835174561e-01 2.125362753868103027e-01
5.422040224075317383e-01 1.330521404743194580e-01
8.509663343429565430e-01 4.170513749122619629e-01
5.643123388290405273e-02 4.337407946586608887e-01
6.967367529869079590e-01 2.511816620826721191e-01
6.312357187271118164e-01 3.737209141254425049e-01
9.071965813636779785e-01 7.585778832435607910e-01
5.226737856864929199e-01 9.229528903961181641e-02
9.816781282424926758e-01 3.236114680767059326e-01
1.142502278089523315e-01 1.778495907783508301e-01
2.728015482425689697e-01 3.588967025279998779e-01
6.041266918182373047e-01 1.066902279853820801e-01
8.887189626693725586e-02 9.929674267768859863e-01
3.383398056030273438e-01 3.805055283010005951e-03
5.771561861038208008e-01 7.860963940620422363e-01
2.235433608293533325e-01 4.541941881179809570e-01
1.612999103963375092e-02 5.672942996025085449e-01
2.029884457588195801e-01 7.990284562110900879e-01
7.581121325492858887e-01 6.318847537040710449e-01
8.554573655128479004e-01 4.615600628312677145e-04
9.711105823516845703e-01 9.672336578369140625e-01
3.396704196929931641e-01 7.871822714805603027e-01
2.094902992248535156e-01 9.829504787921905518e-02
8.377062678337097168e-01 2.527875602245330811e-01
1.612161546945571899e-01 9.052065014839172363e-01
3.458970785140991211e-01 5.422710180282592773e-01
1.382679194211959839e-01 7.755331993103027344e-01
3.818086162209510803e-02 4.219580590724945068e-01
8.350599408149719238e-01 5.915917158126831055e-01
2.222868502140045166e-01 7.157192826271057129e-01
4.724560678005218506e-01 6.497779488563537598e-01
5.299613475799560547e-01 4.530842900276184082e-01
9.664020538330078125e-01 7.028982508927583694e-04
2.204245328903198242e-01 6.491906642913818359e-01
7.465029358863830566e-01 7.487016320228576660e-01
6.049602627754211426e-01 2.377442270517349243e-01
5.454080104827880859e-01 1.363327503204345703e-01
8.843530416488647461e-01 4.986314773559570312e-01
4.354986548423767090e-01 4.256212413311004639e-01
8.782890439033508301e-01 2.706989943981170654e-01
3.501136302947998047e-01 5.365700125694274902e-01
1.994981467723846436e-01 1.354722827672958374e-01
9.873408079147338867e-01 6.759468317031860352e-01
1.745892316102981567e-01 3.528156280517578125e-01
6.362777352333068848e-01 7.949559688568115234e-01
4.667637050151824951e-01 2.694878540933132172e-02
6.167124509811401367e-01 8.223270773887634277e-01
4.079323410987854004e-01 6.049787998199462891e-01
8.426892161369323730e-01 8.675773739814758301e-01
2.254270017147064209e-01 9.986179322004318237e-02
9.469143152236938477e-01 9.399388432502746582e-01
3.415410816669464111e-01 6.524297595024108887e-01
9.364289641380310059e-01 9.736369848251342773e-01
4.855682551860809326e-01 7.431509494781494141e-01
6.259485334157943726e-02 2.987218797206878662e-01
2.986850738525390625e-01 2.447690963745117188e-01
4.930539131164550781e-01 3.841629326343536377e-01
6.687197685241699219e-01 2.821306288242340088e-01
1.900914013385772705e-01 7.739064097404479980e-01
5.223502516746520996e-01 9.780772775411605835e-02
7.114830613136291504e-02 5.034216642379760742e-01
3.679851293563842773e-01 3.936539292335510254e-01
2.473881235346198082e-03 2.277001440525054932e-01
7.521544098854064941e-01 5.644103884696960449e-01
7.076018452644348145e-01 6.078977584838867188e-01
3.353952467441558838e-01 1.876153647899627686e-01
1.579206734895706177e-01 4.108305275440216064e-01
5.966233611106872559e-01 1.134338974952697754e-01
2.109564542770385742e-01 4.796230792999267578e-01
3.444519639015197754e-01 5.021067261695861816e-01
4.797354638576507568e-01 9.053360223770141602e-01
2.666218876838684082e-01 1.853156834840774536e-01
3.527721017599105835e-02 1.593207120895385742e-01
9.597576260566711426e-01 9.801650047302246094e-02
6.181381344795227051e-01 5.619260668754577637e-01
2.107463777065277100e-01 2.247082591056823730e-01
3.312393128871917725e-01 5.384908914566040039e-01
9.324418902397155762e-01 1.113124266266822815e-01
2.029333114624023438e-01 6.956381201744079590e-01
8.438502550125122070e-01 3.491954803466796875e-01
3.097736239433288574e-01 5.828338861465454102e-01
5.263696312904357910e-01 4.228926002979278564e-01
6.715019345283508301e-01 9.639021754264831543e-01
6.696631014347076416e-02 5.907391011714935303e-02
4.639480635523796082e-02 6.775782108306884766e-01
2.493884861469268799e-01 4.797508940100669861e-02
2.037113904953002930e-02 8.443933725357055664e-01
7.827395945787429810e-02 8.309553563594818115e-02
3.044891655445098877e-01 8.919857740402221680e-01
4.162810146808624268e-01 9.496448636054992676e-01
2.573654428124427795e-02 6.396535634994506836e-01
3.523912429809570312e-01 4.382447302341461182e-01
2.009130865335464478e-01 1.027377974241971970e-02
5.833957791328430176e-01 8.846943378448486328e-01
5.852605700492858887e-01 8.870244026184082031e-01
5.179700255393981934e-01 2.380057126283645630e-01
1.082036271691322327e-01 5.283667892217636108e-02
9.322185516357421875e-01 5.863767862319946289e-01
1.775583177804946899e-01 6.992285847663879395e-01
9.926017522811889648e-01 8.795664906501770020e-01
3.265422284603118896e-01 2.333939075469970703e-01
3.148388266563415527e-01 9.405456185340881348e-01
7.440187335014343262e-01 6.650483608245849609e-02
6.498247385025024414e-01 6.709700226783752441e-01
6.548217535018920898e-01 5.905141234397888184e-01
9.762904047966003418e-01 2.260378450155258179e-01
6.127591431140899658e-02 4.774498641490936279e-01
1.335782855749130249e-01 1.193040385842323303e-01
5.208149552345275879e-01 4.004305899143218994e-01
7.174114584922790527e-01 7.849348187446594238e-01
1.518255025148391724e-01 2.258416414260864258e-01
1.185938417911529541e-01 6.392786502838134766e-01
8.668247461318969727e-01 7.259901165962219238e-01
8.097663521766662598e-01 1.484947800636291504e-01
9.718042016029357910e-01 9.880877733230590820e-01
6.037291884422302246e-01 7.108690738677978516e-01
7.191054821014404297e-01 5.337603092193603516e-01
1.381258517503738403e-01 3.487876802682876587e-02
3.973712027072906494e-01 6.795318126678466797e-01
5.761914253234863281e-01 1.015711948275566101e-01
5.301567912101745605e-01 5.213272199034690857e-02
9.411095976829528809e-01 4.683652818202972412e-01
1.071521118283271790e-01 5.177242681384086609e-02
8.044318556785583496e-01 8.578253388404846191e-01
4.634980559349060059e-01 3.090325295925140381e-01
2.998967170715332031e-01 6.462411284446716309e-01
6.599103212356567383e-01 4.576492309570312500e-01
6.953786015510559082e-01 6.506978273391723633e-01
2.280754297971725464e-01 8.431887626647949219e-01
7.383519411087036133e-01 4.446079432964324951e-01
2.978648841381072998e-01 1.710175275802612305e-01
6.085932850837707520e-01 2.279998064041137695e-01
4.975936412811279297e-01 1.361439824104309082e-01
3.735065162181854248e-01 7.996962219476699829e-02
4.994870424270629883e-01 8.255751729011535645e-01
1.545942723751068115e-01 7.460935115814208984e-01
8.498264551162719727e-01 9.603989124298095703e-01
3.786981701850891113e-01 8.063370585441589355e-01
4.113496541976928711e-01 8.855730295181274414e-02
8.839879035949707031e-01 8.101633936166763306e-02
2.142845541238784790e-01 4.018154740333557129e-01
7.050154358148574829e-02 3.718816637992858887e-01
6.366667151451110840e-01 8.946174979209899902e-01
4.391484260559082031e-01 7.549294233322143555e-01
9.253084063529968262e-01 2.349514886736869812e-02
1.501972526311874390e-01 2.429700829088687897e-02
7.430143356323242188e-01 5.781907439231872559e-01
6.345677971839904785e-01 8.421543240547180176e-01
6.935009360313415527e-02 4.390196800231933594e-01
1.732449978590011597e-01 3.666367828845977783e-01
6.985455155372619629e-01 3.065080344676971436e-01
5.747888088226318359e-01 7.571625113487243652e-01
7.298173308372497559e-01 8.622348308563232422e-01
6.125843524932861328e-01 7.680647373199462891e-01
6.338286399841308594e-01 5.712034106254577637e-01
6.456983089447021484e-01 8.427556753158569336e-01
1.822774410247802734e-01 7.151958346366882324e-01
5.338895320892333984e-02 4.015941917896270752e-01
8.405053615570068359e-01 9.722769260406494141e-01
6.997853517532348633e-01 4.746253490447998047e-01
5.880290269851684570e-01 3.647722601890563965e-01
7.065243721008300781e-01 7.794564366340637207e-01
3.926494717597961426e-01 8.102926611900329590e-01
5.704841613769531250e-01 2.124159187078475952e-01
1.741940528154373169e-01 6.660669445991516113e-01
4.417642652988433838e-01 6.035686135292053223e-01
3.226664662361145020e-01 4.388864040374755859e-01
5.247460603713989258e-01 7.146105170249938965e-01
1.406985968351364136e-01 1.035316064953804016e-01
9.601895213127136230e-01 4.305398091673851013e-02
1.670601069927215576e-01 2.453598976135253906e-01
2.951230704784393311e-01 5.411312580108642578e-01
2.401137948036193848e-01 2.781258523464202881e-01
7.645219564437866211e-02 1.181616485118865967e-01
4.226833283901214600e-01 7.319341301918029785e-01
7.921820878982543945e-01 9.440637826919555664e-01
8.479109406471252441e-02 5.715509504079818726e-02
7.813306450843811035e-01 6.710919737815856934e-01
9.046160578727722168e-01 8.764716386795043945e-01
3.811725676059722900e-01 1.646216064691543579e-01
5.385075211524963379e-01 3.515263497829437256e-01
6.273578405380249023e-01 2.503412365913391113e-01
8.740342259407043457e-01 3.332367539405822754e-01
2.682290077209472656e-01 3.768219351768493652e-01
7.861372828483581543e-01 8.051168322563171387e-01
7.839555293321609497e-02 3.063763380050659180e-01
4.642158746719360352e-01 9.724398255348205566e-01
9.108281880617141724e-02 6.093126535415649414e-01
4.598973989486694336e-01 5.808467864990234375e-01
4.117589071393013000e-02 5.540398359298706055e-01
6.857999414205551147e-02 2.415837794542312622e-01
4.569655358791351318e-01 5.154176950454711914e-01
3.794613480567932129e-01 3.810994923114776611e-01
2.865267693996429443e-01 4.972686171531677246e-01
4.300820454955101013e-02 4.525547474622726440e-02
2.303319871425628662e-01 4.040294587612152100e-01
5.705694556236267090e-01 4.674089252948760986e-01
5.828745961189270020e-01 6.914616227149963379e-01
4.207668304443359375e-01 8.804783225059509277e-02
5.864904522895812988e-01 2.998032271862030029e-01
3.892080485820770264e-01 2.174567729234695435e-01
4.784618914127349854e-01 5.595007538795471191e-01
6.451044678688049316e-01 4.860379397869110107e-01
7.115406394004821777e-01 3.383195102214813232e-01
6.378209590911865234e-01 6.371673941612243652e-01
1.515104919672012329e-01 5.102566480636596680e-01
7.840882241725921631e-02 5.977440476417541504e-01
7.427609562873840332e-01 8.820043206214904785e-01
5.846652388572692871e-01 6.755254864692687988e-01
3.751081228256225586e-01 6.660135090351104736e-02
8.571058511734008789e-01 4.958935454487800598e-02
5.868995189666748047e-01 2.236956655979156494e-01
7.845598459243774414e-02 6.111792102456092834e-02
5.210751891136169434e-01 6.620777249336242676e-01
2.059787511825561523e-01 1.282503921538591385e-02
2.679604887962341309e-01 3.998372256755828857e-01
9.305642843246459961e-01 9.444266557693481445e-01
5.210738778114318848e-01 2.300255596637725830e-01
2.657038271427154541e-01 6.041567921638488770e-01
5.174407958984375000e-01 5.975652933120727539e-01
3.791075348854064941e-01 2.682581841945648193e-01
9.804588556289672852e-01 5.114240339025855064e-04
9.966375231742858887e-01 9.397588968276977539e-01
2.291827797889709473e-01 9.336396455764770508e-01
4.796037974301725626e-04 6.579826474189758301e-01
1.468140631914138794e-01 2.374504953622817993e-01
2.892764508724212646e-01 1.339714676141738892e-01
3.846729397773742676e-01 4.261516630649566650e-01
5.234919786453247070e-01 5.895548462867736816e-01
6.575413942337036133e-01 8.361126184463500977e-01
7.171952724456787109e-01 8.027693033218383789e-01
5.813852548599243164e-01 5.614748001098632812e-01
6.639521121978759766e-01 3.232969716191291809e-02
8.816146254539489746e-01 6.110022664070129395e-01
8.633471727371215820e-01 5.674793124198913574e-01
5.211616754531860352e-01 6.767047643661499023e-01
4.266887903213500977e-01 6.772950887680053711e-01
6.199272871017456055e-01 7.442763447761535645e-01
3.518149852752685547e-01 7.443401217460632324e-01
2.950043976306915283e-01 8.806616067886352539e-01
8.263451457023620605e-01 1.348961889743804932e-01
9.293592572212219238e-01 1.095482930541038513e-01
8.416252136230468750e-01 8.575544953346252441e-01
8.799710273742675781e-01 8.799101114273071289e-01
7.037823200225830078e-01 6.185818314552307129e-01
8.164402246475219727e-01 4.057594835758209229e-01
9.867104887962341309e-01 9.847683310508728027e-01
2.527560293674468994e-01 5.587538480758666992e-01
3.684025108814239502e-01 2.935877069830894470e-02
5.788856744766235352e-01 2.097444385290145874e-01
1.582260131835937500e-01 3.417660593986511230e-01
3.725419044494628906e-01 5.510280728340148926e-01
1.591277867555618286e-01 2.921452820301055908e-01
7.865169048309326172e-01 7.709549665451049805e-01
5.302635431289672852e-01 4.270668327808380127e-01
5.576082468032836914e-01 8.541581034660339355e-01
4.451301321387290955e-02 2.449539452791213989e-01
8.053380846977233887e-01 6.997311115264892578e-01
4.323503673076629639e-01 8.512943387031555176e-01
7.847117632627487183e-02 5.060297846794128418e-01
9.450111538171768188e-02 1.497801989316940308e-01
1.241884753108024597e-01 9.769192934036254883e-01
9.101484417915344238e-01 1.346603631973266602e-01
7.482950389385223389e-02 2.426130324602127075e-01
4.728924930095672607e-01 9.680328369140625000e-01
5.425667166709899902e-01 8.663291931152343750e-01
3.102681338787078857e-01 3.970915973186492920e-01
7.982799410820007324e-01 8.735417127609252930e-01
5.350823998451232910e-01 7.353837490081787109e-01
7.439699172973632812e-01 7.565458416938781738e-01
4.986054003238677979e-01 6.913702487945556641e-01
5.356433987617492676e-01 9.078934192657470703e-01
6.426078081130981445e-01 5.656778812408447266e-01
1.200824826955795288e-01 6.358283162117004395e-01
4.519257247447967529e-01 3.263200819492340088e-01
1.997803598642349243e-01 3.622837066650390625e-01
6.747450828552246094e-01 5.103406310081481934e-01
7.071010470390319824e-01 7.700111865997314453e-01
3.424758017063140869e-01 5.828078389167785645e-01
3.510890901088714600e-01 6.277232766151428223e-01
1.982564926147460938e-01 4.535817075520753860e-03
2.692170143127441406e-01 4.541238397359848022e-02
6.157311797142028809e-01 2.687809765338897705e-01
6.598894000053405762e-01 2.855580747127532959e-01
5.309628844261169434e-01 6.176989674568176270e-01
9.692164063453674316e-01 8.762950897216796875e-01
3.954294621944427490e-01 6.482238769531250000e-01
7.821581959724426270e-01 1.178076043725013733e-01
4.004342555999755859e-01 5.998401902616024017e-03
7.549732327461242676e-01 1.225599795579910278e-01
6.228567361831665039e-01 1.253635585308074951e-01
5.778190493583679199e-01 3.979296982288360596e-01
8.805762529373168945e-01 4.262843132019042969e-01
1.466609686613082886e-01 1.594916433095932007e-01
4.406993985176086426e-01 3.946006894111633301e-01
4.395356476306915283e-01 5.080810189247131348e-01
3.305205106735229492e-01 4.782882332801818848e-01
7.243387103080749512e-01 8.251039385795593262e-01
5.945971012115478516e-01 6.736982464790344238e-01
6.065218895673751831e-02 4.767481386661529541e-01
1.852534562349319458e-01 2.334473431110382080e-01
5.820866823196411133e-01 9.923527240753173828e-01
3.654069900512695312e-01 7.858313620090484619e-02
6.799901723861694336e-01 4.189591109752655029e-01
3.325554132461547852e-01 1.562804430723190308e-01
7.598651051521301270e-01 6.527644395828247070e-01
4.554660916328430176e-01 1.765421926975250244e-01
8.965417146682739258e-01 6.951619684696197510e-02
1.478566527366638184e-01 5.525608360767364502e-02
7.871529459953308105e-01 7.982408404350280762e-01
6.200298666954040527e-01 3.052951395511627197e-01
3.707017600536346436e-01 2.296906113624572754e-01
2.809934318065643311e-01 4.261411130428314209e-01
6.697348952293395996e-01 3.291233181953430176e-01
5.630776286125183105e-01 7.449364066123962402e-01
6.937250494956970215e-01 2.133077941834926605e-02
2.408223003149032593e-01 9.057999253273010254e-01
7.977967858314514160e-01 3.823149502277374268e-01
9.069145917892456055e-01 1.119349524378776550e-01
5.977163910865783691e-01 2.088184803724288940e-01
7.055807709693908691e-01 4.064759314060211182e-01
4.606047868728637695e-01 7.111223936080932617e-01
8.106591105461120605e-01 3.123469650745391846e-01
3.618441820144653320e-01 3.197618722915649414e-01
5.401327013969421387e-01 7.874819040298461914e-01
1.617475748062133789e-01 8.760396838188171387e-01
1.912010908126831055e-01 7.127794027328491211e-01
6.205905675888061523e-01 8.775410056114196777e-01
1.756731420755386353e-01 2.597849369049072266e-01
8.073101639747619629e-01 4.233591854572296143e-01
8.995012044906616211e-01 7.787007093429565430e-02
4.932145178318023682e-01 8.565011024475097656e-01
1.965895146131515503e-01 4.576477408409118652e-01
5.116572231054306030e-02 2.133382260799407959e-01
7.501797676086425781e-01 6.213222742080688477e-01
4.029200673103332520e-01 2.459556311368942261e-01
9.236070513725280762e-01 9.203808903694152832e-01
1.713545620441436768e-01 6.880259513854980469e-01
4.957662224769592285e-01 9.172948598861694336e-01
3.020734190940856934e-01 7.101834416389465332e-01
9.464240819215774536e-02 1.286951899528503418e-01
6.355976462364196777e-01 6.332257390022277832e-01
2.221729420125484467e-02 9.057266116142272949e-01
1.968405991792678833e-01 4.153550565242767334e-01
5.946816205978393555e-01 9.496869891881942749e-02
9.095577597618103027e-01 8.883126378059387207e-01
6.000720858573913574e-01 8.495077490806579590e-02
9.934377670288085938e-01 8.399813771247863770e-01
6.515570878982543945e-01 7.106650471687316895e-01
8.084656596183776855e-01 6.436479687690734863e-01
8.723873496055603027e-01 7.820082306861877441e-01
6.222582459449768066e-01 7.588850855827331543e-01
6.557279229164123535e-01 2.880898714065551758e-01
9.742815494537353516e-01 9.193503260612487793e-01
9.321087598800659180e-01 8.234053254127502441e-01
4.208027943968772888e-02 1.762973815202713013e-01
4.718444347381591797e-01 6.982653141021728516e-01
7.478268742561340332e-01 3.235408663749694824e-01
8.628342151641845703e-01 1.401272416114807129e-01
9.909267723560333252e-02 9.125763773918151855e-01
2.441541105508804321e-01 1.101534366607666016e-01
2.272928655147552490e-01 5.949243903160095215e-01
8.328834772109985352e-01 6.445930004119873047e-01
9.831538200378417969e-01 6.171292662620544434e-01
1.391553729772567749e-01 3.951053321361541748e-01
4.049801230430603027e-01 6.879076957702636719e-01
4.446888566017150879e-01 7.122273445129394531e-01
6.804576516151428223e-01 4.468896687030792236e-01
4.552168250083923340e-01 8.340514898300170898e-01
9.893442392349243164e-01 1.620073616504669189e-01
3.131019473075866699e-01 5.149910449981689453e-01
6.107963323593139648e-01 3.923807144165039062e-01
1.989799179136753082e-02 2.113301008939743042e-01
7.496264576911926270e-01 5.125452280044555664e-01
6.912732720375061035e-01 2.754160463809967041e-01
4.533154666423797607e-01 8.034582734107971191e-01
7.790895700454711914e-01 3.306396603584289551e-01
3.367540240287780762e-01 3.372226953506469727e-01
7.226110696792602539e-01 6.132958531379699707e-01
2.050858736038208008e-01 7.494962215423583984e-01
7.570996284484863281e-01 2.331890612840652466e-01
5.031176209449768066e-01 8.941642642021179199e-01
5.822116136550903320e-01 1.309678107500076294e-01
3.775359690189361572e-01 7.786821126937866211e-01
7.744883894920349121e-01 8.273687213659286499e-02
6.383111476898193359e-01 7.798574566841125488e-01
4.970016423612833023e-03 6.689557433128356934e-01
9.970285892486572266e-01 5.824012160301208496e-01
2.089725434780120850e-02 6.202087923884391785e-02
4.401846230030059814e-01 5.154978632926940918e-01
5.606803894042968750e-01 5.563952326774597168e-01
4.908821284770965576e-01 3.175635039806365967e-01
3.398447930812835693e-01 4.218262732028961182e-01
5.807938575744628906e-01 8.924558758735656738e-01
5.651764869689941406e-01 3.262495398521423340e-01
6.357058137655258179e-02 8.863783478736877441e-01
9.956792593002319336e-01 3.925289213657379150e-01
4.075695574283599854e-01 4.662655591964721680e-01
5.556007027626037598e-01 5.302107930183410645e-01
6.930317878723144531e-01 7.127346470952033997e-03
5.195964500308036804e-02 3.955703079700469971e-01
2.540847361087799072e-01 5.958296060562133789e-01
7.894953489303588867e-01 2.399609237909317017e-01
1.230884641408920288e-01 2.245352715253829956e-01
9.767395853996276855e-01 1.820658147335052490e-01
5.614461898803710938e-01 9.684924483299255371e-01
8.930795192718505859e-01 5.734494924545288086e-01
6.811930537223815918e-01 5.550882220268249512e-01
6.776649355888366699e-01 3.493299484252929688e-01
4.669102430343627930e-01 6.808726787567138672e-01
7.989828586578369141e-01 7.778848409652709961e-01
7.374171614646911621e-01 6.993078589439392090e-01
2.746957242488861084e-01 5.629460811614990234e-01
7.961050420999526978e-02 4.697865545749664307e-01
9.354779720306396484e-01 8.947647809982299805e-01
6.084188222885131836e-01 3.319720923900604248e-01
6.485415697097778320e-01 1.935829222202301025e-01
7.694919109344482422e-01 3.266976773738861084e-01
5.002036094665527344e-01 9.100394248962402344e-01
6.261472105979919434e-01 5.739599466323852539e-01
4.203455150127410889e-01 7.189160585403442383e-01
7.912575602531433105e-01 2.694935202598571777e-01
3.328020870685577393e-02 2.615027725696563721e-01
4.377588629722595215e-03 3.532935678958892822e-01
3.234062790870666504e-01 2.012122655287384987e-03
9.671416878700256348e-01 1.557172387838363647e-01
7.095849514007568359e-01 2.296566069126129150e-01
5.843776464462280273e-01 9.419980645179748535e-01
5.696239471435546875e-01 6.604259014129638672e-01
6.303486824035644531e-01 8.175336122512817383e-01
4.189817905426025391e-01 6.037623286247253418e-01
8.859161734580993652e-01 5.243568867444992065e-02
3.526693880558013916e-01 7.101423740386962891e-01
8.244763016700744629e-01 7.097215652465820312e-01
8.209576010704040527e-01 4.238384068012237549e-01
6.765986084938049316e-01 8.069048821926116943e-02
3.734032511711120605e-01 8.696420192718505859e-01
2.795760631561279297e-01 7.732458710670471191e-01
2.114840894937515259e-01 3.969083726406097412e-01
1.059603914618492126e-01 6.647970527410507202e-02
6.425210237503051758e-01 6.725007295608520508e-01
3.084957897663116455e-01 6.048243045806884766e-01
2.844504415988922119e-01 7.235387563705444336e-01
5.074200630187988281e-01 5.503022074699401855e-01
2.010292261838912964e-01 4.457574188709259033e-01
5.500296130776405334e-02 7.795796990394592285e-01
9.910579323768615723e-01 5.317782163619995117e-01
4.723860323429107666e-01 1.436280459165573120e-02
5.205954909324645996e-01 4.504862427711486816e-01
6.389307379722595215e-01 7.948179244995117188e-01
2.871197164058685303e-01 3.348192572593688965e-02
1.510954499244689941e-01 7.155609130859375000e-02
5.447391867637634277e-01 4.197898805141448975e-01
1.925683170557022095e-01 8.365813642740249634e-02
3.161408901214599609e-01 3.513655364513397217e-01
7.053712606430053711e-01 5.000812411308288574e-01
9.911593198776245117e-01 5.302488803863525391e-01
9.525178372859954834e-02 8.481875658035278320e-01
6.189023852348327637e-01 4.892251789569854736e-01
2.116645127534866333e-01 5.250976681709289551e-01
2.796641290187835693e-01 8.664877414703369141e-01
5.049470439553260803e-02 8.699252456426620483e-02
2.295913696289062500e-01 9.598472118377685547e-01
5.054774135351181030e-02 3.971896171569824219e-01
5.962061882019042969e-01 6.566689014434814453e-01
9.930450916290283203e-01 8.303804993629455566e-01
5.044825077056884766e-01 7.878214120864868164e-01
7.290431857109069824e-01 1.923522353172302246e-02
1.914819180965423584e-01 2.313993312418460846e-02
5.309555530548095703e-01 8.072355985641479492e-01
5.247856378555297852e-01 8.293694853782653809e-01
5.175787806510925293e-01 3.468224704265594482e-01
7.666925787925720215e-01 8.601546883583068848e-01
9.623657464981079102e-01 2.917498946189880371e-01
4.071586728096008301e-01 9.417908191680908203e-01
5.101770162582397461e-01 5.577193498611450195e-01
3.102293610572814941e-01 8.283810615539550781e-01
7.294628024101257324e-01 3.343910276889801025e-01
6.237326860427856445e-01 1.126529183238744736e-02
3.112499415874481201e-01 5.930914878845214844e-01
6.373766660690307617e-01 9.980784654617309570e-01
7.763231396675109863e-01 3.860139548778533936e-01
6.900268793106079102e-01 5.180889964103698730e-01
1.788657456636428833e-01 2.228790223598480225e-01
2.607105672359466553e-01 2.399120666086673737e-02
6.444746851921081543e-01 3.209515511989593506e-01
8.777011930942535400e-02 2.105446904897689819e-01
1.707264780998229980e-01 2.190559208393096924e-01
3.779279589653015137e-01 6.218890547752380371e-01
7.504358887672424316e-01 4.209939539432525635e-01
6.481155157089233398e-01 1.329059451818466187e-01
8.388780802488327026e-02 5.961804986000061035e-01
1.021182537078857422e-01 3.933275341987609863e-01
2.120432257652282715e-01 6.805310845375061035e-01
3.667643070220947266e-01 3.394083976745605469e-01
4.734194576740264893e-01 9.432973265647888184e-01
5.940040349960327148e-01 4.188441336154937744e-01
4.427952170372009277e-01 4.759996384382247925e-02
3.619711697101593018e-01 9.353814721107482910e-01
1.071753352880477905e-01 4.184224307537078857e-01
1.605024337768554688e-01 3.124390244483947754e-01
5.343103408813476562e-01 5.300905108451843262e-01
5.022513866424560547e-01 4.108474850654602051e-01
5.311267971992492676e-01 9.064974784851074219e-01
5.750501528382301331e-03 6.950010061264038086e-01
8.006522059440612793e-01 7.910363078117370605e-01
3.720136284828186035e-01 3.933713138103485107e-01
6.486714482307434082e-01 7.671496868133544922e-01
3.458938300609588623e-01 2.400455772876739502e-01
9.538758993148803711e-01 7.732298225164413452e-02
2.468233406543731689e-01 2.188808470964431763e-01
8.233842253684997559e-02 5.842978134751319885e-02
3.181065618991851807e-01 8.827844262123107910e-02
3.510830402374267578e-01 2.730475962162017822e-01
1.629869937896728516e-01 2.031810134649276733e-01
4.380898177623748779e-01 3.837409615516662598e-01
9.267409443855285645e-01 1.981394737958908081e-02
4.926900845021009445e-03 5.632195472717285156e-01
9.033167958259582520e-01 9.392383694648742676e-01
9.693334996700286865e-02 5.934128761291503906e-01
6.507571339607238770e-01 6.003682017326354980e-01
3.783484399318695068e-01 6.651874780654907227e-01
1.550251711159944534e-02 4.350220859050750732e-01
4.707526862621307373e-01 5.887011289596557617e-01
5.731683373451232910e-01 9.829080104827880859e-01
4.994399547576904297e-01 8.808858394622802734e-01
9.421696066856384277e-01 4.258481040596961975e-02
4.264573752880096436e-01 3.473305404186248779e-01
5.306292176246643066e-01 9.395467638969421387e-01
7.991899251937866211e-01 4.048296511173248291e-01
5.030331015586853027e-01 8.381080031394958496e-01
6.478602290153503418e-01 5.491228699684143066e-01
5.446604490280151367e-01 8.853710442781448364e-02
9.226720780134201050e-02 5.672123432159423828e-01
9.290673136711120605e-01 8.482089042663574219e-01
1.465317457914352417e-01 3.084994554519653320e-01
3.718116879463195801e-01 2.249293774366378784e-01
9.957084059715270996e-01 2.531617581844329834e-01
7.478412389755249023e-01 9.707217216491699219e-01
5.598433017730712891e-01 6.794529557228088379e-01
8.000986576080322266e-01 7.430020719766616821e-02
2.863237559795379639e-01 2.612547576427459717e-01
2.174839079380035400e-01 1.519590467214584351e-01
2.055864334106445312e-01 4.450069367885589600e-02
1.600694507360458374e-01 6.514580249786376953e-01
7.879326939582824707e-01 5.540681481361389160e-01
9.120563268661499023e-01 9.327638149261474609e-01
9.423407912254333496e-01 1.292041391134262085e-01
7.529169321060180664e-01 8.473526239395141602e-01
9.924817085266113281e-02 9.037910699844360352e-01
8.024150729179382324e-01 7.557630538940429688e-01
8.183020949363708496e-01 1.113060265779495239e-01
7.671344280242919922e-02 9.400023221969604492e-01
3.794955313205718994e-01 8.042328357696533203e-01
1.337392777204513550e-01 1.766275912523269653e-01
9.630548954010009766e-01 7.277134656906127930e-01
7.666632533073425293e-01 6.911610960960388184e-01
8.786392211914062500e-01 9.792877733707427979e-02
7.192201614379882812e-01 6.081897020339965820e-01
3.691816031932830811e-01 4.378159344196319580e-01
1.078668087720870972e-01 3.440823853015899658e-01
6.979887485504150391e-01 4.327904582023620605e-01
7.133896350860595703e-01 2.247755825519561768e-01
7.465614080429077148e-01 7.342874407768249512e-01
4.027098715305328369e-01 1.682435162365436554e-02
3.276430368423461914e-01 3.868200480937957764e-01
5.686023831367492676e-01 1.931810565292835236e-02
2.856157422065734863e-01 8.925328403711318970e-02
7.680140137672424316e-01 2.275340259075164795e-03
2.136384323239326477e-02 5.449588298797607422e-01
2.407658100128173828e-01 4.527190625667572021e-01
8.661128878593444824e-01 2.866528332233428955e-01
6.006267666816711426e-01 4.699462652206420898e-02
4.371193945407867432e-01 8.449283242225646973e-01
5.317091345787048340e-01 9.512265920639038086e-01
6.317080259323120117e-01 4.027898609638214111e-01
4.610136151313781738e-01 4.645578861236572266e-01
8.047156333923339844e-01 6.267678141593933105e-01
4.177850484848022461e-01 8.586179614067077637e-01
1.359228640794754028e-01 2.926124334335327148e-01
7.426170706748962402e-01 5.116784572601318359e-01
1.615250259637832642e-01 9.794436097145080566e-01
9.432122111320495605e-01 8.868903666734695435e-02
3.870061635971069336e-01 4.181878566741943359e-01
6.805149316787719727e-01 7.970350980758666992e-01
9.202875196933746338e-02 7.656555175781250000e-01
2.943263649940490723e-01 3.612687885761260986e-01
5.225048661231994629e-01 6.887153983116149902e-01
2.253380976617336273e-02 2.476520836353302002e-01
9.470831155776977539e-01 2.945012040436267853e-02
9.272715449333190918e-01 3.732022643089294434e-01
2.082638889551162720e-01 3.553152680397033691e-01
4.219025745987892151e-02 3.108971118927001953e-01
2.372054010629653931e-01 4.059350863099098206e-02
4.781566560268402100e-01 1.452141553163528442e-01
3.824611902236938477e-01 5.840802192687988281e-01
1.045513227581977844e-01 9.230884909629821777e-01
5.097639560699462891e-01 2.886018753051757812e-01
5.113701224327087402e-01 5.966859459877014160e-01
1.205259561538696289e-01 6.344035863876342773e-01
6.462022066116333008e-01 8.547295629978179932e-02
2.478026002645492554e-01 7.914953231811523438e-01
5.078546404838562012e-01 9.115515351295471191e-01
9.366465359926223755e-02 6.536130905151367188e-01
7.162397503852844238e-01 4.517437219619750977e-01
7.664691656827926636e-02 1.196948066353797913e-01
1.582716852426528931e-01 6.304229497909545898e-01
5.623751282691955566e-01 8.281922340393066406e-01
6.398867368698120117e-01 8.003805875778198242e-01
7.232986688613891602e-01 9.688326120376586914e-01
8.475185632705688477e-01 4.967274963855743408e-01
9.336739182472229004e-01 8.748430013656616211e-02
9.880591034889221191e-01 4.148494005203247070e-01
8.647421598434448242e-01 8.299382776021957397e-02
2.899844944477081299e-01 9.093124270439147949e-01
1.728164255619049072e-01 8.593091368675231934e-01
4.488881528377532959e-01 1.871485561132431030e-01
5.235027670860290527e-01 5.792896151542663574e-01
2.923953533172607422e-01 7.703214883804321289e-01
7.611647248268127441e-01 5.417588949203491211e-01
1.428706049919128418e-01 5.015856623649597168e-01
3.287869095802307129e-01 2.628059089183807373e-01
2.239088714122772217e-01 5.462856888771057129e-01
2.291455566883087158e-01 3.397275507450103760e-01
3.857207596302032471e-01 7.047835588455200195e-01
5.333120226860046387e-01 6.826667785644531250e-01
5.821133852005004883e-01 6.794087290763854980e-01
6.394413709640502930e-01 9.089285135269165039e-01
9.976664930582046509e-02 3.286402225494384766e-01
6.619496345520019531e-01 2.377146631479263306e-01
7.604787349700927734e-01 3.280616104602813721e-01
3.690428137779235840e-01 1.406980007886886597e-01
1.314359605312347412e-01 7.088116407394409180e-01
5.552619695663452148e-01 2.137384563684463501e-01
7.403333783149719238e-01 8.393898010253906250e-01
2.932167649269104004e-01 7.174519300460815430e-01
6.309057474136352539e-01 1.595889776945114136e-02
9.425789713859558105e-01 9.911659359931945801e-02
3.452651500701904297e-01 3.863632678985595703e-01
6.211339831352233887e-01 6.720396876335144043e-01
2.114369301125407219e-03 8.981475234031677246e-01
3.370345830917358398e-01 9.345846176147460938e-01
9.118493199348449707e-01 2.369728386402130127e-01
9.742584824562072754e-01 1.735871136188507080e-01
8.563624620437622070e-01 4.257935583591461182e-01
7.963875532150268555e-01 5.605168938636779785e-01
6.289176344871520996e-01 4.499237835407257080e-01
2.604188621044158936e-01 7.577918767929077148e-01
9.579064249992370605e-01 7.625457048416137695e-01
2.740327715873718262e-01 2.972094714641571045e-01
5.250256657600402832e-01 7.150772958993911743e-02
7.229192256927490234e-01 7.912063598632812500e-01
1.601912528276443481e-01 3.571184277534484863e-01
4.711899161338806152e-01 3.333363682031631470e-02
3.909755349159240723e-01 7.091486454010009766e-01
8.719114661216735840e-01 4.251881241798400879e-01
3.282996118068695068e-01 6.111965775489807129e-01
3.439340591430664062e-01 3.394383192062377930e-01
5.062613487243652344e-01 7.385906577110290527e-02
8.718990087509155273e-01 4.645876586437225342e-01
7.675637602806091309e-01 6.368764042854309082e-01
1.906412653625011444e-02 6.329551935195922852e-01
1.777474135160446167e-01 7.581517565995454788e-03
7.024307250976562500e-01 7.154131531715393066e-01
8.243988752365112305e-01 4.319925326853990555e-03
7.382541894912719727e-01 7.263268232345581055e-01
2.135156691074371338e-01 4.522835314273834229e-01
3.530032038688659668e-01 1.913853436708450317e-01
4.079051315784454346e-01 3.559739589691162109e-01
9.696138501167297363e-01 5.337264537811279297e-01
6.135312318801879883e-01 4.926757812500000000e-01
5.680329203605651855e-01 2.769379615783691406e-01
9.382591247558593750e-01 1.871525347232818604e-01
8.356390893459320068e-02 4.571281969547271729e-01
6.276111006736755371e-01 6.713193058967590332e-01
4.006849527359008789e-01 5.087717175483703613e-01
4.545902907848358154e-01 8.819814771413803101e-02
7.948514074087142944e-02 7.951515167951583862e-02
6.403756737709045410e-01 3.986184000968933105e-01
8.107171654701232910e-01 2.891975454986095428e-02
4.312593936920166016e-01 6.431527733802795410e-01
6.644071340560913086e-01 5.175437331199645996e-01
6.768267154693603516e-01 3.676959872245788574e-01
6.694064140319824219e-01 2.470412403345108032e-01
9.889142513275146484e-01 2.686920762062072754e-01
5.338338017463684082e-01 4.841063022613525391e-01
5.343921184539794922e-01 8.676593899726867676e-01
9.825459122657775879e-01 2.751854658126831055e-01
1.639960855245590210e-01 1.628897935152053833e-01
6.525078415870666504e-01 1.387022435665130615e-01
2.804033458232879639e-01 1.592144966125488281e-01
8.843411803245544434e-01 6.772599816322326660e-01
1.989381853491067886e-03 6.172475218772888184e-01
2.345568686723709106e-01 1.861866116523742676e-01
1.799424886703491211e-01 9.707922339439392090e-01
2.983940839767456055e-01 5.028507709503173828e-01
8.743328452110290527e-01 5.695457756519317627e-02
3.390430510044097900e-01 5.173345804214477539e-01
3.439891934394836426e-01 5.720513463020324707e-01
9.945179224014282227e-01 1.951988041400909424e-02
4.822637140750885010e-01 3.772670775651931763e-02
5.815606713294982910e-01 7.060943245887756348e-01
4.639922678470611572e-01 8.526992797851562500e-01
4.419286549091339111e-01 6.117217540740966797e-01
3.937080502510070801e-01 4.944188296794891357e-01
9.865944981575012207e-01 9.579957723617553711e-01
4.874184131622314453e-01 7.429366707801818848e-01
5.976336002349853516e-01 1.853014081716537476e-01
2.301239371299743652e-01 3.617944121360778809e-01
2.175094038248062134e-01 2.867242693901062012e-01
8.143925070762634277e-01 8.282446116209030151e-02
1.005071997642517090e-01 8.973697423934936523e-01
5.614229440689086914e-01 6.921024322509765625e-01
3.588076233863830566e-01 2.726552486419677734e-01
9.663488864898681641e-01 1.326794177293777466e-02
5.513091683387756348e-01 2.877600193023681641e-01
3.580188155174255371e-01 5.356991663575172424e-02
3.840260505676269531e-01 1.947077363729476929e-01
1.375907100737094879e-02 8.326823115348815918e-01
1.273391302675008774e-02 6.898819208145141602e-01
7.384180426597595215e-01 5.852463245391845703e-01
3.901008963584899902e-01 5.806029438972473145e-01
2.058305740356445312e-01 5.117364525794982910e-01
4.796506166458129883e-01 6.839005947113037109e-01
4.570434689521789551e-01 2.759095132350921631e-01
7.030975818634033203e-01 4.418219625949859619e-01
8.295754194259643555e-01 9.811773300170898438e-01
1.926088333129882812e-01 2.956872284412384033e-01
9.567366242408752441e-01 8.378601074218750000e-01
3.702217042446136475e-01 1.812271215021610260e-02
6.467847824096679688e-01 4.227759838104248047e-01
4.149627685546875000e-01 1.608936935663223267e-01
3.969403207302093506e-01 9.619811773300170898e-01
3.933610618114471436e-01 4.069361686706542969e-01
6.761220097541809082e-01 1.146331951022148132e-01
5.154126882553100586e-01 6.916077733039855957e-01
5.775675177574157715e-01 4.665144383907318115e-01
9.856733679771423340e-01 6.133305430412292480e-01
7.976779937744140625e-01 7.293284535408020020e-01
5.576220750808715820e-01 2.732394039630889893e-01
7.015763521194458008e-01 9.817449003458023071e-02
4.690766036510467529e-01 7.309107780456542969e-01
5.564050674438476562e-01 9.606553316116333008e-01
1.495609730482101440e-01 9.153372049331665039e-01
1.758071482181549072e-01 4.399467110633850098e-01
2.290618270635604858e-01 9.483830332756042480e-01
7.221440672874450684e-01 5.562556385993957520e-01
3.756429553031921387e-01 1.954251527786254883e-01
2.739861793816089630e-02 9.347355961799621582e-01
3.881169557571411133e-01 5.432674884796142578e-01
8.606598973274230957e-01 6.935628056526184082e-01
3.737157583236694336e-01 2.928737401962280273e-01
2.433626502752304077e-01 7.072328925132751465e-01
3.024317026138305664e-01 5.542731285095214844e-01
7.695726156234741211e-01 7.597623467445373535e-01
4.075615704059600830e-01 4.211296141147613525e-01
2.579433023929595947e-01 8.569068312644958496e-01
1.897778213024139404e-01 3.175821602344512939e-01
3.171817064285278320e-01 2.673365175724029541e-01
5.626758337020874023e-01 7.741540670394897461e-01
3.799155056476593018e-01 7.796762585639953613e-01
5.181881785392761230e-01 9.820667505264282227e-01
4.413766264915466309e-01 4.123991727828979492e-01
9.914850592613220215e-01 6.963862776756286621e-01
1.465827524662017822e-01 5.944618582725524902e-01
5.609746575355529785e-01 7.240545004606246948e-02
5.339376330375671387e-01 5.160972476005554199e-01
3.612490370869636536e-02 2.482306063175201416e-01
7.755935192108154297e-01 9.964987039566040039e-01
6.396934986114501953e-01 5.287620425224304199e-01
1.630022823810577393e-01 8.025567531585693359e-01
7.679153680801391602e-01 7.723110318183898926e-01
6.381390690803527832e-01 3.808328509330749512e-01
6.267234086990356445e-01 3.876220881938934326e-01
2.971970438957214355e-01 5.538895726203918457e-01
1.535811126232147217e-01 8.420304059982299805e-01
8.220973014831542969e-01 4.975081980228424072e-01
4.569975137710571289e-01 4.062637686729431152e-01
2.718043029308319092e-01 3.627224564552307129e-01
5.025959610939025879e-01 6.692237257957458496e-01
6.802813410758972168e-01 3.050940297544002533e-02
5.808584094047546387e-01 7.976577877998352051e-01
6.859309077262878418e-01 8.886798620223999023e-01
3.352513313293457031e-01 3.377675712108612061e-01
8.176975846290588379e-01 3.377805054187774658e-01
9.241133928298950195e-01 6.498438306152820587e-03
4.264811798930168152e-02 8.415051698684692383e-01
1.322380900382995605e-01 1.150980815291404724e-01
1.935804784297943115e-01 5.225761532783508301e-01
4.888374507427215576e-01 3.394962847232818604e-01
5.825356245040893555e-01 3.493716120719909668e-01
1.180481985211372375e-01 6.830863356590270996e-01
7.321029901504516602e-01 9.837299585342407227e-01
5.216884613037109375e-01 4.578489065170288086e-01
6.638712882995605469e-01 9.096845984458923340e-01
8.440281748771667480e-01 5.533989667892456055e-01
3.611129708588123322e-03 8.423766493797302246e-01
7.861750721931457520e-01 7.908265590667724609e-01
8.019980788230895996e-01 9.088246226310729980e-01
3.424000367522239685e-02 9.253108501434326172e-01
7.846730947494506836e-01 4.350312948226928711e-01
9.391122311353683472e-02 4.992493093013763428e-01
2.569783329963684082e-01 2.417356669902801514e-01
6.613678932189941406e-01 7.425151467323303223e-01
7.130712866783142090e-01 8.677210211753845215e-01
6.882710754871368408e-02 3.497786447405815125e-02
5.246229767799377441e-01 4.553081989288330078e-01
4.083555191755294800e-02 7.892918586730957031e-01
1.235161814838647842e-02 5.216361284255981445e-01
5.563701391220092773e-01 6.034526824951171875e-01
3.251256644725799561e-01 6.579430699348449707e-01
4.153831601142883301e-01 9.358374476432800293e-01
5.927127003669738770e-01 7.050881981849670410e-01
8.547673225402832031e-01 3.579536080360412598e-01
4.716513454914093018e-01 8.285784125328063965e-01
9.822765588760375977e-01 5.423914790153503418e-01
1.499934028834104538e-02 5.774817466735839844e-01
5.030706524848937988e-01 4.250371158123016357e-01
6.594531238079071045e-02 6.228954195976257324e-01
5.850133299827575684e-01 3.692669570446014404e-01
2.119276523590087891e-01 2.670921385288238525e-01
2.597107589244842529e-01 3.222167491912841797e-01
5.808292627334594727e-01 7.190402150154113770e-01
6.253281831741333008e-01 4.949981570243835449e-01
8.475722670555114746e-01 2.221557050943374634e-01
2.879364490509033203e-01 1.906429529190063477e-01
8.319979310035705566e-01 4.635096192359924316e-01
5.807343721389770508e-01 3.331229463219642639e-02
7.037319540977478027e-01 9.572955369949340820e-01
5.880702137947082520e-01 1.519519090652465820e-01
6.715711951255798340e-01 2.361615300178527832e-01
7.140644192695617676e-01 7.955109477043151855e-01
9.100393056869506836e-01 7.761136889457702637e-01
1.948092132806777954e-01 1.915608905255794525e-02
7.266764044761657715e-01 1.601667255163192749e-01
8.113007545471191406e-01 3.204610943794250488e-01
3.073587715625762939e-01 4.037885963916778564e-01
4.841213524341583252e-01 7.927031069993972778e-02
4.827991425991058350e-01 5.086879730224609375e-01
8.237177133560180664e-01 9.270094633102416992e-01
2.496577501296997070e-01 5.308555960655212402e-01
8.773655444383621216e-02 4.259342551231384277e-01
5.951104164123535156e-01 1.762847006320953369e-01
5.471937060356140137e-01 6.554692387580871582e-01
1.433537602424621582e-01 2.088648974895477295e-01
3.303875327110290527e-01 5.572768449783325195e-01
5.173984169960021973e-01 3.094610571861267090e-01
8.405690789222717285e-01 3.010544180870056152e-01
5.618345141410827637e-01 3.854211419820785522e-02
6.082234382629394531e-01 5.368078947067260742e-01
8.131675720214843750e-01 4.260632395744323730e-01
1.514118313789367676e-01 5.173784494400024414e-01
3.002477586269378662e-01 3.582830131053924561e-01
2.763077616691589355e-01 3.787208795547485352e-01
8.623427748680114746e-01 4.170889258384704590e-01
2.959487438201904297e-01 7.025890797376632690e-02
4.871662855148315430e-01 6.775034666061401367e-01
1.238944083452224731e-01 9.264856576919555664e-01
9.705502390861511230e-01 3.498194813728332520e-01
2.410176582634449005e-02 7.334644198417663574e-01
8.443745970726013184e-01 1.946308463811874390e-01
6.253865361213684082e-02 4.529947638511657715e-01
6.573815345764160156e-01 7.975132465362548828e-01
9.267725348472595215e-01 5.853936076164245605e-01
9.936976432800292969e-01 7.148473858833312988e-01
8.296255469322204590e-01 2.440275549888610840e-01
6.491482853889465332e-01 2.431437224149703979e-01
6.242326647043228149e-02 4.573633074760437012e-01
4.018828868865966797e-01 7.925219535827636719e-01
4.221104085445404053e-01 2.316026203334331512e-02
2.507407367229461670e-01 4.362718164920806885e-01
4.946686327457427979e-01 2.845022976398468018e-01
1.549537181854248047e-01 2.593542933464050293e-01
8.627172112464904785e-01 6.485204696655273438e-01
3.274723291397094727e-01 9.119069576263427734e-01
2.903729677200317383e-01 7.535569071769714355e-01
8.961555361747741699e-01 7.071430087089538574e-01
4.060898125171661377e-01 4.749481379985809326e-01
4.422118067741394043e-01 2.752152681350708008e-01
9.751284718513488770e-01 5.379699915647506714e-02
7.196264266967773438e-01 6.902442127466201782e-02
6.002023220062255859e-01 9.892546534538269043e-01
4.017926156520843506e-01 7.069783806800842285e-01
4.432553350925445557e-01 9.356479644775390625e-01
9.547324180603027344e-01 1.134277731180191040e-01
3.875095546245574951e-01 8.201770186424255371e-01
3.448198363184928894e-02 5.155895948410034180e-01
7.462610006332397461e-01 2.072281390428543091e-01
1.530512124300003052e-01 3.423455357551574707e-01
3.221975266933441162e-01 7.241702675819396973e-01
2.802733480930328369e-01 6.918755173683166504e-01
6.317911744117736816e-01 2.799913883209228516e-01
9.627014398574829102e-01 9.645503163337707520e-01
9.315462708473205566e-01 3.236582279205322266e-01
7.742972373962402344e-01 6.579684615135192871e-01
5.142886042594909668e-01 2.350517958402633667e-01
3.470801115036010742e-01 8.889099955558776855e-01
5.276917815208435059e-01 9.986571967601776123e-02
8.109932541847229004e-01 9.384204149246215820e-01
3.744112849235534668e-01 2.966421544551849365e-01
2.490875869989395142e-01 6.252602338790893555e-01
8.906508088111877441e-01 8.983906507492065430e-01
5.134398937225341797e-01 5.218969583511352539e-01
7.105408310890197754e-01 1.143607422709465027e-01
2.805708050727844238e-01 7.767474651336669922e-01
8.093577027320861816e-01 9.717845320701599121e-01
7.162809371948242188e-01 2.797532267868518829e-02
4.494543373584747314e-01 1.468058079481124878e-01
9.680192470550537109e-01 9.147917628288269043e-01
5.632896423339843750e-01 9.954925626516342163e-02
8.717471361160278320e-01 5.885953903198242188e-01
1.610340774059295654e-01 3.624055981636047363e-01
7.850114703178405762e-01 2.766118049621582031e-01
8.543983101844787598e-01 6.275050044059753418e-01
1.325558125972747803e-01 1.856691241264343262e-01
3.509037792682647705e-01 7.822424173355102539e-01
5.797787904739379883e-01 2.703341245651245117e-01
3.766801059246063232e-01 5.827266573905944824e-01
9.088924527168273926e-01 6.847785711288452148e-01
7.112045884132385254e-01 7.892670631408691406e-01
2.686065137386322021e-01 1.990144401788711548e-01
1.954248249530792236e-01 8.106440901756286621e-01
1.434974372386932373e-01 9.596617221832275391e-01
4.360765814781188965e-01 4.437908828258514404e-01
7.342383265495300293e-01 5.944551825523376465e-01
6.283934712409973145e-01 4.579603672027587891e-01
9.479230642318725586e-01 6.046964526176452637e-01
5.877811908721923828e-01 3.698009252548217773e-01
9.855358004570007324e-01 6.237747669219970703e-01
6.271829009056091309e-01 3.310405910015106201e-01
8.190103769302368164e-01 1.664542779326438904e-02
4.539597630500793457e-01 3.952847123146057129e-01
1.650823503732681274e-01 3.331371247768402100e-01
5.005120113492012024e-02 5.187724232673645020e-01
7.137203216552734375e-01 2.106949537992477417e-01
2.941677272319793701e-01 5.436822175979614258e-01
3.120853900909423828e-01 6.675163507461547852e-01
2.431092262268066406e-01 1.050449907779693604e-01
9.546636939048767090e-01 3.468954265117645264e-01
9.842023998498916626e-02 4.083479642868041992e-01
7.217723727226257324e-01 8.841995894908905029e-02
4.841639101505279541e-01 5.467079281806945801e-01
6.450965404510498047e-01 7.333304882049560547e-01
9.335155487060546875e-01 7.806497812271118164e-01
4.442319869995117188e-01 1.781981587409973145e-01
6.026606634259223938e-02 7.396350502967834473e-01
3.538112640380859375e-01 6.603125929832458496e-01
9.373131394386291504e-02 9.002934694290161133e-01
4.029843807220458984e-01 7.236763238906860352e-01
2.871478796005249023e-01 7.527944445610046387e-01
2.888008654117584229e-01 1.346457749605178833e-01
7.340887933969497681e-02 4.688111543655395508e-01
6.043390035629272461e-01 4.481867700815200806e-02
3.825030624866485596e-01 2.921483218669891357e-01
2.482350021600723267e-01 8.534158766269683838e-02
3.390421867370605469e-01 5.147125720977783203e-01
4.271975755691528320e-01 3.432418406009674072e-01
3.976669162511825562e-02 8.593156337738037109e-01
9.147870540618896484e-01 9.856718182563781738e-01
4.312840998172760010e-01 2.496734708547592163e-01
5.637915134429931641e-01 4.599936306476593018e-01
5.187518596649169922e-01 4.207011163234710693e-01
3.635661900043487549e-01 3.435629010200500488e-01
7.131912708282470703e-01 1.495716273784637451e-01
9.130417108535766602e-01 6.827563643455505371e-01
5.761610269546508789e-01 1.636300683021545410e-01
6.312601566314697266e-01 1.516297310590744019e-01
8.649981617927551270e-01 6.199118494987487793e-01
7.522874474525451660e-01 5.242028832435607910e-01
5.038429498672485352e-01 4.679540395736694336e-01
4.592073261737823486e-01 4.072296619415283203e-01
2.214145362377166748e-01 3.678047955036163330e-01
6.685547232627868652e-01 6.876259446144104004e-01
5.553886294364929199e-01 7.244839668273925781e-01
7.856181859970092773e-01 5.586386919021606445e-01
1.193324625492095947e-01 4.072822034358978271e-01
9.952287077903747559e-01 8.814822435379028320e-01
7.794020175933837891e-01 7.203118801116943359e-01
2.986208796501159668e-01 4.631184339523315430e-01
6.681562066078186035e-01 7.723676413297653198e-02
9.492545723915100098e-01 9.965920448303222656e-01
6.623988747596740723e-01 6.493200063705444336e-01
6.180485486984252930e-01 4.687675833702087402e-01
3.846504390239715576e-01 7.445591688156127930e-01
1.086912751197814941e-01 5.504472255706787109e-01
6.736639142036437988e-01 8.934703469276428223e-01
4.014024138450622559e-01 6.186565160751342773e-01
9.538799524307250977e-01 8.649460077285766602e-01
1.260239481925964355e-01 1.166849583387374878e-01
