5.668601393699645996e-01 9.565694332122802734e-01
9.981573820114135742e-01 2.983519136905670166e-01
8.102483749389648438e-01 7.541776299476623535e-01
7.652187943458557129e-01 7.910303473472595215e-01
2.140101492404937744e-01 9.532113075256347656e-01
7.981597781181335449e-01 4.369074106216430664e-01
8.080100268125534058e-02 4.062150046229362488e-02
6.965954303741455078e-01 9.586706161499023438e-01
6.225190758705139160e-01 5.692321062088012695e-01
6.128076910972595215e-01 5.223813652992248535e-01
8.486174345016479492e-01 3.548041284084320068e-01
5.260373950004577637e-01 4.716187417507171631e-01
4.519790709018707275e-01 4.401715695858001709e-01
4.456394910812377930e-01 6.278440952301025391e-01
8.322321772575378418e-01 2.309419661760330200e-01
9.227005243301391602e-01 5.214871764183044434e-01
2.300098538398742676e-01 5.177401900291442871e-01
5.709717273712158203e-01 9.532666206359863281e-01
7.945186495780944824e-01 8.269778490066528320e-01
6.087614893913269043e-01 4.469013810157775879e-01
7.176764011383056641e-01 5.427362397313117981e-02
4.528314471244812012e-01 7.430890202522277832e-01
1.644565723836421967e-03 2.033690363168716431e-01
4.610682725906372070e-01 8.722860217094421387e-01
6.829939484596252441e-01 3.008017838001251221e-01
9.993598461151123047e-01 6.291076540946960449e-01
2.867471277713775635e-01 5.358994007110595703e-01
6.603093147277832031e-01 7.540669441223144531e-01
6.890990734100341797e-01 1.877340078353881836e-01
6.199045777320861816e-01 7.764037847518920898e-01
3.971434831619262695e-01 3.383313715457916260e-01
4.622603207826614380e-02 2.584573924541473389e-01
1.933401226997375488e-01 4.213038682937622070e-01
7.085458636283874512e-01 4.340625554323196411e-02
9.270663857460021973e-01 5.344219207763671875e-01
4.220096394419670105e-02 1.731986925005912781e-02
8.300275206565856934e-01 7.510970830917358398e-01
4.398345947265625000e-01 9.596233963966369629e-01
5.307936668395996094e-01 7.015267610549926758e-01
8.523333668708801270e-01 4.011249169707298279e-02
3.331609368324279785e-01 5.499203801155090332e-01
8.988066315650939941e-01 9.430438876152038574e-01
1.012854650616645813e-01 5.116446018218994141e-01
7.313824445009231567e-02 6.754441857337951660e-01
5.671999603509902954e-02 7.470097392797470093e-02
7.336567044258117676e-01 8.320451974868774414e-01
7.297152876853942871e-01 3.904302790760993958e-02
5.296258926391601562e-01 8.889433741569519043e-01
3.964070379734039307e-01 5.270642638206481934e-01
6.083324551582336426e-01 9.491357803344726562e-01
2.119941860437393188e-01 7.682738304138183594e-01
3.086144924163818359e-01 2.470207065343856812e-01
1.453620046377182007e-01 4.323086738586425781e-01
8.053869009017944336e-01 3.976281583309173584e-01
2.885956168174743652e-01 7.284966111183166504e-02
6.518096923828125000e-01 2.979986667633056641e-01
6.525348424911499023e-01 7.024608254432678223e-01
5.546280741691589355e-01 3.355264961719512939e-01
2.694144845008850098e-01 4.913256168365478516e-01
8.524242639541625977e-01 1.062876731157302856e-01
4.961098432540893555e-01 7.425874471664428711e-02
8.785695433616638184e-01 6.823166012763977051e-01
8.802816271781921387e-01 6.926915049552917480e-01
7.227287292480468750e-01 8.186938762664794922e-01
6.209440231323242188e-01 5.066946148872375488e-01
5.096628069877624512e-01 9.601982831954956055e-01
4.610709846019744873e-01 5.301509499549865723e-01
8.805911540985107422e-01 1.460034549236297607e-01
3.206055238842964172e-02 8.996670842170715332e-01
1.970993131399154663e-01 4.243096113204956055e-01
6.654293537139892578e-01 7.796011567115783691e-01
5.540272593498229980e-02 4.083436727523803711e-01
5.429217815399169922e-01 8.754103779792785645e-01
5.269337892532348633e-01 4.425460696220397949e-01
6.728258728981018066e-01 7.710475921630859375e-01
3.413580060005187988e-01 6.681307554244995117e-01
4.935819804668426514e-01 2.531180381774902344e-01
2.420368790626525879e-01 1.192674040794372559e-01
3.681811317801475525e-02 1.235967278480529785e-01
6.654367446899414062e-01 4.621236324310302734e-01
1.885776817798614502e-01 4.360023736953735352e-01
7.458993196487426758e-01 4.798964560031890869e-01
4.122079014778137207e-01 6.734205484390258789e-01
5.031266808509826660e-01 5.665891170501708984e-01
4.855449795722961426e-01 6.474012136459350586e-01
6.893612742424011230e-01 7.993704080581665039e-01
1.646506041288375854e-01 2.712378203868865967e-01
4.788929820060729980e-01 5.472991466522216797e-01
2.422503978013992310e-01 9.905602931976318359e-01
7.096230387687683105e-01 6.673548221588134766e-01
1.192103996872901917e-01 7.751891762018203735e-02
4.152246937155723572e-02 4.385346174240112305e-01
4.609799683094024658e-01 7.922628521919250488e-01
1.670354902744293213e-01 6.677548866719007492e-03
2.905612885951995850e-01 2.527156174182891846e-01
6.318883895874023438e-01 5.847156047821044922e-01
6.334820389747619629e-01 1.735764443874359131e-01
9.276786446571350098e-01 9.602960348129272461e-01
9.401049017906188965e-01 7.849742770195007324e-01
8.447189331054687500e-01 8.975207209587097168e-01
8.242822289466857910e-01 5.928233638405799866e-02
6.366540193557739258e-01 3.963679671287536621e-01
1.172649264335632324e-01 1.593221127986907959e-01
5.587403178215026855e-01 4.120127260684967041e-01
7.480255961418151855e-01 3.181333839893341064e-01
3.508736938238143921e-02 4.269621074199676514e-01
9.347150921821594238e-01 9.189817309379577637e-02
9.286008477210998535e-01 9.889144301414489746e-01
1.810565963387489319e-02 1.382406502962112427e-01
9.263035655021667480e-01 3.862245082855224609e-01
6.760196089744567871e-01 2.947829961776733398e-01
1.886691600084304810e-01 5.387610793113708496e-01
4.628190696239471436e-01 8.945134878158569336e-01
5.835583209991455078e-01 5.581369400024414062e-01
8.584712743759155273e-01 3.720256686210632324e-01
6.054187417030334473e-01 9.278592467308044434e-01
8.423884510993957520e-01 3.379166722297668457e-01
6.683292388916015625e-01 6.214670538902282715e-01
7.175005078315734863e-01 3.447716832160949707e-01
9.519051015377044678e-02 2.823450788855552673e-02
7.733068466186523438e-01 1.883940696716308594e-01
7.519882917404174805e-01 9.669761061668395996e-01
6.923807319253683090e-03 3.424575924873352051e-01
9.449913501739501953e-01 3.976396620273590088e-01
9.539833068847656250e-01 3.586557805538177490e-01
5.291593670845031738e-01 5.167250037193298340e-01
7.362387180328369141e-01 2.246497869491577148e-01
5.889900326728820801e-01 7.576123476028442383e-01
2.573111057281494141e-01 6.998865008354187012e-01
7.384929060935974121e-01 8.584347367286682129e-01
9.018285572528839111e-02 2.667434513568878174e-01
1.348600089550018311e-01 8.078350424766540527e-01
1.062298268079757690e-01 7.879089117050170898e-01
5.768272876739501953e-01 1.056903451681137085e-01
3.875414729118347168e-01 7.274728417396545410e-01
7.693898677825927734e-01 7.022253870964050293e-01
5.276303887367248535e-01 3.806040287017822266e-01
2.501230500638484955e-02 1.328172385692596436e-01
5.570086836814880371e-01 6.904877424240112305e-01
5.579817891120910645e-01 1.808025091886520386e-01
5.964406728744506836e-01 5.389533638954162598e-01
6.367208361625671387e-01 8.291245698928833008e-01
2.966077923774719238e-01 4.431025683879852295e-02
8.889563083648681641e-01 5.620118975639343262e-01
8.227386474609375000e-01 5.649556517601013184e-01
7.908326387405395508e-02 9.515549987554550171e-02
1.706562936305999756e-01 7.411758899688720703e-01
6.827951669692993164e-01 5.768985152244567871e-01
1.773589476943016052e-02 5.757800936698913574e-01
8.399212360382080078e-01 7.454237937927246094e-01
6.745672225952148438e-01 7.392648458480834961e-01
8.595528602600097656e-01 9.873583912849426270e-01
2.222053259611129761e-01 1.089499220252037048e-01
4.135101437568664551e-01 9.490626454353332520e-01
7.877458930015563965e-01 6.591719388961791992e-01
4.506868422031402588e-01 7.796358466148376465e-01
5.811042785644531250e-01 8.371988534927368164e-01
2.647747695446014404e-01 3.335495591163635254e-01
1.121835336089134216e-01 5.706891417503356934e-01
5.157822370529174805e-01 3.874516189098358154e-01
6.555430591106414795e-02 6.371647119522094727e-01
9.757155179977416992e-01 4.495604336261749268e-01
9.498399496078491211e-01 3.949477374553680420e-01
2.973222173750400543e-02 1.936155855655670166e-01
4.744633287191390991e-02 3.443754911422729492e-01
8.063983321189880371e-01 4.091534018516540527e-01
2.013793140649795532e-01 7.339813113212585449e-01
2.482611685991287231e-01 8.631792664527893066e-01
6.932927370071411133e-01 5.259291529655456543e-01
8.375514149665832520e-01 4.720481336116790771e-01
7.935991883277893066e-01 4.990657866001129150e-01
6.281763911247253418e-01 3.927275836467742920e-01
7.174929380416870117e-01 4.817698299884796143e-01
5.930495634675025940e-02 9.690275192260742188e-01
6.275424957275390625e-01 7.824099063873291016e-02
4.134753942489624023e-01 9.649069309234619141e-01
1.506710350513458252e-01 7.557215690612792969e-01
1.140315830707550049e-01 3.747988045215606689e-01
4.384834468364715576e-01 8.971769809722900391e-01
7.195274233818054199e-01 5.395743250846862793e-01
1.956867575645446777e-01 5.317038893699645996e-01
4.680173397064208984e-01 2.609418034553527832e-01
8.846594691276550293e-01 2.954643033444881439e-02
3.683692812919616699e-01 3.369472026824951172e-01
1.901285201311111450e-01 5.318861007690429688e-01
3.695547878742218018e-01 5.559892654418945312e-01
7.612761855125427246e-01 8.327029347419738770e-01
8.075521588325500488e-01 6.505537629127502441e-01
8.997569680213928223e-01 9.883667230606079102e-01
4.468590319156646729e-01 8.728334903717041016e-01
6.138306260108947754e-01 5.472373962402343750e-01
3.256736993789672852e-01 3.217565715312957764e-01
7.100408673286437988e-01 3.393878042697906494e-01
9.965489506721496582e-01 5.490660667419433594e-01
8.053885102272033691e-01 8.322461843490600586e-01
5.574078559875488281e-01 7.061703205108642578e-01
6.981353759765625000e-01 3.391810655593872070e-01
8.639582395553588867e-01 3.940564095973968506e-01
7.685126066207885742e-01 7.005985081195831299e-02
3.560935333371162415e-02 1.391527503728866577e-01
5.986273288726806641e-01 1.350356787443161011e-01
4.640644192695617676e-01 1.714769303798675537e-01
8.879268169403076172e-01 2.438347041606903076e-01
3.383617997169494629e-01 4.635148048400878906e-01
8.600015044212341309e-01 8.985682129859924316e-01
9.187092781066894531e-01 5.844712853431701660e-01
6.835381388664245605e-01 8.556935191154479980e-01
1.755525767803192139e-01 2.877759337425231934e-01
2.237990647554397583e-01 4.997162893414497375e-02
1.648208200931549072e-01 8.816832304000854492e-01
4.785271883010864258e-01 2.586445510387420654e-01
3.803548216819763184e-01 6.730402112007141113e-01
9.178420901298522949e-01 3.673534691333770752e-01
2.253338098526000977e-01 1.230941861867904663e-01
7.110899090766906738e-01 6.662376523017883301e-01
7.756342887878417969e-01 6.548607349395751953e-01
6.210946440696716309e-01 4.293502569198608398e-01
6.860147416591644287e-02 7.802852988243103027e-01
2.499211877584457397e-01 2.697679996490478516e-01
8.915562033653259277e-01 1.025230437517166138e-02
9.255619049072265625e-01 3.564198017120361328e-01
4.620311260223388672e-01 9.791678190231323242e-01
5.264167785644531250e-01 5.136689916253089905e-02
6.843448281288146973e-01 6.692611575126647949e-01
8.737203478813171387e-01 4.683078229427337646e-01
5.484272837638854980e-01 6.704660058021545410e-01
1.083349063992500305e-01 6.838204264640808105e-01
6.883347034454345703e-01 4.768036007881164551e-01
9.132196903228759766e-01 6.385139375925064087e-02
5.218989253044128418e-01 5.488449931144714355e-01
7.190397977828979492e-01 9.753475189208984375e-01
8.010893464088439941e-01 2.959884703159332275e-01
4.970261752605438232e-01 2.775240130722522736e-02
2.390462718904018402e-02 6.443641185760498047e-01
4.098419249057769775e-01 6.028991341590881348e-01
2.130794078111648560e-01 1.439232379198074341e-01
6.677637100219726562e-01 4.450283050537109375e-01
5.548708438873291016e-01 1.038950011134147644e-01
3.961569070816040039e-01 7.570027709007263184e-01
9.230943322181701660e-01 7.848498821258544922e-01
8.926134705543518066e-01 7.499567270278930664e-01
4.447874724864959717e-01 4.304872080683708191e-02
4.744653403759002686e-01 4.059359431266784668e-01
6.730194687843322754e-01 2.872309982776641846e-01
9.566873311996459961e-01 8.781392872333526611e-02
1.407698690891265869e-01 9.373298287391662598e-01
3.626815676689147949e-01 6.451281309127807617e-01
3.688444793224334717e-01 6.485546231269836426e-01
6.584995891898870468e-03 9.272547960281372070e-01
5.231634378433227539e-01 2.978212237358093262e-01
7.254265993833541870e-02 9.572324156761169434e-01
9.297540783882141113e-01 9.779096841812133789e-01
7.709125876426696777e-01 7.048629522323608398e-01
9.946694970130920410e-01 6.046881079673767090e-01
7.847284674644470215e-01 7.330980896949768066e-01
9.779229760169982910e-01 3.336269259452819824e-01
1.516139656305313110e-01 5.992596149444580078e-01
3.074598610401153564e-01 9.102054238319396973e-01
8.288328647613525391e-01 5.303519368171691895e-01
3.542504832148551941e-02 8.384448885917663574e-01
2.373968511819839478e-01 4.403257369995117188e-01
9.960985779762268066e-01 3.097356259822845459e-01
1.731050014495849609e-01 9.715213775634765625e-01
7.386984229087829590e-01 7.505466341972351074e-01
6.824029684066772461e-01 6.458324790000915527e-01
5.429763793945312500e-01 5.203463435173034668e-01
9.047300815582275391e-01 7.294234633445739746e-01
3.219968974590301514e-01 1.553514599800109863e-01
2.117106504738330841e-02 2.415968626737594604e-01
8.781053125858306885e-02 4.047722220420837402e-01
9.468362331390380859e-01 7.281579971313476562e-01
9.240114688873291016e-01 7.789578437805175781e-01
3.295944631099700928e-01 5.898073315620422363e-01
8.382746577262878418e-01 4.781373441219329834e-01
3.975619375705718994e-01 3.650531470775604248e-01
7.986617088317871094e-01 2.891684770584106445e-01
2.432641088962554932e-01 4.445616900920867920e-01
7.943876981735229492e-01 3.217929899692535400e-01
9.956946969032287598e-01 1.877393126487731934e-01
9.509029984474182129e-01 7.478703260421752930e-01
9.805723428726196289e-01 1.567238867282867432e-01
5.954695343971252441e-01 5.946751832962036133e-01
5.830264091491699219e-01 9.618409276008605957e-01
4.156461656093597412e-01 4.986699521541595459e-01
1.492913216352462769e-01 2.347763925790786743e-01
4.114240705966949463e-01 9.611240029335021973e-01
1.204418763518333435e-01 7.578066587448120117e-01
8.552706241607666016e-01 1.782620698213577271e-01
5.434829592704772949e-01 8.876152038574218750e-01
1.160450726747512817e-01 2.042328380048274994e-02
7.430807352066040039e-01 9.616706967353820801e-01
8.163703083992004395e-01 1.322165280580520630e-01
9.830068945884704590e-01 4.854666888713836670e-01
6.598765254020690918e-01 4.912367165088653564e-01
9.405043721199035645e-01 2.811511754989624023e-01
4.438502490520477295e-01 6.860575675964355469e-01
6.810568571090698242e-01 8.873639702796936035e-01
9.361881017684936523e-01 1.628103852272033691e-01
1.596225239336490631e-02 4.008043110370635986e-01
8.447366356849670410e-01 3.197920024394989014e-01
8.802499622106552124e-02 6.423405408859252930e-01
1.748418956995010376e-01 5.433991551399230957e-01
8.512709140777587891e-01 5.240275263786315918e-01
6.138839721679687500e-01 5.426662564277648926e-01
3.452721238136291504e-01 3.724935650825500488e-01
5.491667389869689941e-01 3.185904026031494141e-01
6.218184828758239746e-01 3.814311921596527100e-01
7.629879713058471680e-01 7.906211018562316895e-01
5.028463602066040039e-01 9.817809462547302246e-01
8.079937100410461426e-01 1.001822128891944885e-01
2.338431626558303833e-01 1.424651890993118286e-01
7.878941297531127930e-01 4.277008771896362305e-01
1.799658536911010742e-01 3.515034914016723633e-02
4.632341861724853516e-02 5.796745419502258301e-01
5.838190913200378418e-01 7.035596966743469238e-01
3.945237100124359131e-01 1.212796270847320557e-01
9.065949916839599609e-01 4.059737324714660645e-01
9.270384311676025391e-01 2.261529266834259033e-01
7.211154699325561523e-01 7.258173823356628418e-01
9.613347053527832031e-01 4.793989956378936768e-01
3.869533538818359375e-01 5.399871468544006348e-01
9.657729864120483398e-01 7.477380335330963135e-02
3.384729623794555664e-01 3.570252954959869385e-01
8.122658133506774902e-01 3.277418017387390137e-01
3.487857431173324585e-02 2.377036809921264648e-01
6.624410152435302734e-01 7.611711975187063217e-03
5.269798636436462402e-01 5.536661148071289062e-01
2.698767185211181641e-01 2.815198712050914764e-02
4.799852967262268066e-01 7.334031164646148682e-02
9.854462146759033203e-01 3.966598510742187500e-01
6.854477524757385254e-01 7.811210751533508301e-01
4.936193525791168213e-01 7.634341120719909668e-01
2.449486851692199707e-01 2.928297221660614014e-01
9.561426639556884766e-01 8.633113503456115723e-01
9.196717143058776855e-01 3.433251976966857910e-01
7.875756621360778809e-01 7.449671030044555664e-01
6.276810169219970703e-01 2.583477497100830078e-01
6.182568073272705078e-01 1.531933154910802841e-02
8.459831476211547852e-01 5.086982250213623047e-01
6.688359975814819336e-01 9.106581211090087891e-01
9.456604123115539551e-01 4.258494675159454346e-01
5.992237925529479980e-01 4.859781265258789062e-01
5.874136686325073242e-01 2.412894368171691895e-01
9.321460127830505371e-02 1.854059398174285889e-01
7.559803128242492676e-01 8.877571821212768555e-01
8.354927301406860352e-01 9.524611383676528931e-02
8.922979831695556641e-01 3.037789165973663330e-01
7.820695638656616211e-01 1.178972795605659485e-01
2.271092385053634644e-01 9.905804395675659180e-01
9.156373739242553711e-01 5.516544580459594727e-01
9.271559864282608032e-02 7.047271728515625000e-01
2.121224254369735718e-01 3.773389458656311035e-01
3.685389757156372070e-01 4.563571214675903320e-01
1.751562356948852539e-01 6.979022026062011719e-01
8.376666307449340820e-01 3.703707456588745117e-01
4.897512868046760559e-02 9.429351091384887695e-01
6.293101906776428223e-01 6.197261810302734375e-01
9.776007384061813354e-02 2.010138481855392456e-01
6.964943408966064453e-01 1.353001296520233154e-01
3.601868748664855957e-01 3.526406288146972656e-01
8.524862527847290039e-01 8.111079335212707520e-01
2.431760877370834351e-01 6.458690166473388672e-01
5.687431693077087402e-01 4.702707231044769287e-01
7.591880559921264648e-01 2.307911664247512817e-01
8.547080755233764648e-01 4.890754222869873047e-01
6.021324396133422852e-01 4.651271104812622070e-01
5.323931574821472168e-01 5.410819053649902344e-01
7.602586746215820312e-01 4.689459800720214844e-01
7.407969236373901367e-01 8.369749784469604492e-01
4.523584544658660889e-01 8.162596076726913452e-02
6.593313217163085938e-01 9.510366916656494141e-01
9.689667224884033203e-01 5.473355054855346680e-01
8.599687814712524414e-01 7.362364530563354492e-01
8.962750434875488281e-02 9.542680978775024414e-01
9.108487367630004883e-01 1.411544508300721645e-03
7.049909234046936035e-01 7.902776002883911133e-01
9.473598599433898926e-01 1.278935372829437256e-01
7.132173776626586914e-01 4.428843557834625244e-01
7.888254523277282715e-01 3.436221778392791748e-01
3.528867363929748535e-01 4.736268818378448486e-01
4.703501760959625244e-01 2.625634968280792236e-01
2.994075715541839600e-01 3.647386431694030762e-01
8.968146443367004395e-01 5.753185600042343140e-02
8.082093596458435059e-01 6.140363812446594238e-01
2.765940129756927490e-01 6.463963389396667480e-01
7.252001762390136719e-01 2.038880288600921631e-01
4.897831976413726807e-01 6.952817440032958984e-01
8.493092842400074005e-03 9.180157184600830078e-01
9.519544839859008789e-01 1.862462759017944336e-01
7.646064162254333496e-01 9.451225996017456055e-01
1.461129486560821533e-01 1.370264440774917603e-01
3.023453354835510254e-01 3.143397569656372070e-01
5.338274836540222168e-01 5.772980675101280212e-02
8.244488239288330078e-01 9.376878738403320312e-01
5.991863012313842773e-01 7.735400199890136719e-01
4.285323917865753174e-01 4.383921921253204346e-01
9.840186238288879395e-01 4.592321813106536865e-01
8.004752397537231445e-01 7.994205951690673828e-01
6.193835735321044922e-01 8.769163489341735840e-01
4.910756275057792664e-02 3.854264318943023682e-01
4.305371642112731934e-01 1.145160384476184845e-02
7.779479026794433594e-01 2.732291221618652344e-01
6.319127082824707031e-01 4.290621578693389893e-01
9.912376999855041504e-01 4.221036732196807861e-01
6.893355399370193481e-02 8.635916113853454590e-01
9.786067008972167969e-01 9.573802351951599121e-01
7.743110656738281250e-01 2.555873990058898926e-01
9.016104340553283691e-01 5.152176022529602051e-01
7.992495298385620117e-01 6.975025534629821777e-01
8.922601342201232910e-01 3.355810791254043579e-02
5.104569792747497559e-01 9.233848452568054199e-01
7.129338383674621582e-01 1.784880459308624268e-01
9.470672011375427246e-01 6.538553833961486816e-01
9.394313395023345947e-02 4.469667375087738037e-01
7.902013063430786133e-01 2.053198665380477905e-01
1.289469748735427856e-01 5.197566151618957520e-01
2.744722962379455566e-01 5.285267233848571777e-01
5.549046397209167480e-01 5.643633008003234863e-01
8.529722690582275391e-01 6.438335180282592773e-01
6.362850666046142578e-01 2.114842832088470459e-01
5.931007266044616699e-01 5.031564235687255859e-01
9.241377115249633789e-01 5.622004866600036621e-01
4.473527669906616211e-01 3.830170333385467529e-01
3.881402611732482910e-01 9.284966588020324707e-01
7.904457449913024902e-01 8.221392333507537842e-02
2.369323521852493286e-01 9.896356463432312012e-01
6.943531036376953125e-01 1.855681538581848145e-01
6.964768767356872559e-01 2.381960153579711914e-01
5.904414653778076172e-01 1.772560626268386841e-01
3.154134750366210938e-02 1.191379725933074951e-01
4.880972206592559814e-01 7.767858505249023438e-01
6.336088180541992188e-01 1.588629931211471558e-01
7.051550745964050293e-01 2.340290099382400513e-01
5.123031735420227051e-01 7.319236397743225098e-01
6.535416841506958008e-02 8.770944476127624512e-01
1.323420107364654541e-01 2.291315793991088867e-01
6.229557469487190247e-02 9.058980941772460938e-01
7.494053244590759277e-01 8.554834127426147461e-01
8.656105995178222656e-01 7.826436758041381836e-01
9.389870762825012207e-01 5.786651968955993652e-01
4.592334851622581482e-02 3.040754795074462891e-02
6.558580994606018066e-01 2.023815661668777466e-01
5.475615710020065308e-02 6.269823908805847168e-01
9.990646839141845703e-01 2.825974225997924805e-01
5.935056805610656738e-01 7.249249219894409180e-01
9.599450230598449707e-01 9.511634707450866699e-01
3.837611377239227295e-01 8.779283165931701660e-01
3.601607084274291992e-01 1.377786397933959961e-01
8.915069103240966797e-01 7.430735230445861816e-01
1.210329383611679077e-01 2.022819221019744873e-01
7.057645320892333984e-01 3.608211576938629150e-01
6.946319341659545898e-01 6.556084156036376953e-01
3.569425046443939209e-01 9.339796006679534912e-02
1.219065114855766296e-01 3.211802542209625244e-01
5.717716813087463379e-01 2.928208410739898682e-01
1.394906044006347656e-01 2.070368379354476929e-01
4.233417510986328125e-01 2.835665047168731689e-01
7.641262412071228027e-01 5.104456543922424316e-01
8.076686263084411621e-01 7.610604166984558105e-01
1.445752978324890137e-01 1.670423001050949097e-01
6.916761398315429688e-01 7.003083825111389160e-01
5.761345028877258301e-01 1.393069475889205933e-01
2.371279522776603699e-02 2.578504085540771484e-01
8.662518858909606934e-01 3.525256812572479248e-01
8.881228566169738770e-01 2.643428146839141846e-01
5.164435505867004395e-01 8.583221435546875000e-01
6.023744940757751465e-01 3.851962089538574219e-01
6.568764448165893555e-01 9.621460437774658203e-01
7.321461439132690430e-01 8.183502554893493652e-01
9.568349719047546387e-01 9.236727356910705566e-01
6.101973652839660645e-01 1.810511797666549683e-01
8.917281031608581543e-01 9.928638935089111328e-01
2.712981998920440674e-01 9.521369934082031250e-01
4.516808092594146729e-01 8.716259151697158813e-02
8.449013233184814453e-01 6.942922472953796387e-01
7.826871871948242188e-01 8.286784291267395020e-01
3.511126339435577393e-01 5.301485061645507812e-01
4.113129898905754089e-02 2.932519018650054932e-01
7.476150989532470703e-01 8.492217659950256348e-01
1.014998331665992737e-01 2.393154501914978027e-01
7.127603292465209961e-01 4.464845955371856689e-01
2.428312301635742188e-01 7.642703652381896973e-01
6.469898819923400879e-01 8.219797611236572266e-01
3.353529870510101318e-01 7.714953422546386719e-01
6.148745417594909668e-01 7.096489071846008301e-01
5.741944313049316406e-01 3.274857699871063232e-01
8.421511054039001465e-01 3.051359355449676514e-01
5.530213117599487305e-01 8.968506455421447754e-01
6.109691783785820007e-02 2.480214983224868774e-01
9.432228207588195801e-01 4.291584491729736328e-01
9.571670293807983398e-01 5.442230030894279480e-02
7.345263957977294922e-01 6.138395071029663086e-01
9.881879687309265137e-01 8.949585556983947754e-01
5.535415410995483398e-01 8.816803693771362305e-01
5.493876338005065918e-01 8.659509420394897461e-01
7.308909893035888672e-01 5.650454163551330566e-01
7.206819653511047363e-01 4.735030829906463623e-01
5.359277594834566116e-03 1.485758572816848755e-01
8.039747476577758789e-01 9.843592047691345215e-01
6.135803461074829102e-01 1.203150115907192230e-02
8.397841453552246094e-01 9.768416732549667358e-02
2.682900726795196533e-01 3.732407689094543457e-01
2.502708435058593750e-01 6.903936266899108887e-01
8.568883538246154785e-01 6.863509118556976318e-02
9.290474653244018555e-01 1.194121986627578735e-01
7.926396280527114868e-02 8.686314225196838379e-01
3.124868497252464294e-02 9.604039788246154785e-01
8.215177059173583984e-01 6.611941456794738770e-01
9.374737739562988281e-01 8.106281161308288574e-01
9.365308284759521484e-01 6.789219975471496582e-01
6.792108714580535889e-02 7.061731815338134766e-01
3.294317424297332764e-01 8.968138694763183594e-02
5.104754567146301270e-01 9.096585512161254883e-01
6.777034997940063477e-01 6.602654457092285156e-01
5.503541231155395508e-01 1.348403692245483398e-01
5.862881541252136230e-01 3.608805537223815918e-01
2.831479609012603760e-01 1.601732969284057617e-01
9.930345416069030762e-01 3.324886262416839600e-01
4.964988231658935547e-01 9.915133714675903320e-01
2.362177520990371704e-01 5.992695093154907227e-01
7.453296780586242676e-01 6.332340240478515625e-01
1.816919147968292236e-01 2.333300262689590454e-01
5.281085968017578125e-01 1.979528963565826416e-01
7.080363035202026367e-01 1.563247740268707275e-01
4.871922135353088379e-01 6.811659038066864014e-02
1.972699165344238281e-01 3.374439477920532227e-01
6.776512414216995239e-02 3.489669561386108398e-01
8.758776783943176270e-01 1.492204219102859497e-01
6.143775582313537598e-01 1.708332598209381104e-01
1.615284681320190430e-01 2.602367103099822998e-01
2.945250272750854492e-01 9.554486274719238281e-01
9.784662127494812012e-01 3.740767240524291992e-01
2.934887073934078217e-02 9.931856989860534668e-01
2.885252237319946289e-01 5.059984046965837479e-03
7.741840928792953491e-02 2.510785758495330811e-01
1.681375503540039062e-01 4.550339579582214355e-01
1.775010377168655396e-01 9.997558593750000000e-02
1.660769581794738770e-01 9.153388738632202148e-01
1.340982466936111450e-01 5.070921778678894043e-01
5.856010317802429199e-01 8.542630076408386230e-01
8.773964047431945801e-01 2.764354646205902100e-01
7.449290156364440918e-01 8.813507556915283203e-01
7.938395738601684570e-01 5.530098080635070801e-01
8.262342214584350586e-01 7.009310126304626465e-01
9.824810028076171875e-01 9.169858694076538086e-01
3.285330533981323242e-01 7.989315986633300781e-01
5.629320815205574036e-02 2.474038451910018921e-01
5.440644919872283936e-02 6.720133125782012939e-02
2.660503685474395752e-01 8.540515303611755371e-01
7.759181410074234009e-02 8.182789683341979980e-01
3.603192269802093506e-01 4.352536424994468689e-02
9.988290071487426758e-01 5.774469375610351562e-01
3.638166785240173340e-01 1.173665001988410950e-01
3.807463645935058594e-01 2.679471969604492188e-01
5.128052234649658203e-01 5.574901103973388672e-01
2.221571654081344604e-01 2.757622301578521729e-01
6.201166510581970215e-01 5.364555120468139648e-01
6.844109296798706055e-01 9.334500432014465332e-01
2.885236144065856934e-01 9.503974765539169312e-02
5.042900443077087402e-01 3.910683393478393555e-01
9.685362875461578369e-02 1.411579549312591553e-01
6.182023882865905762e-01 4.937054514884948730e-01
6.083185076713562012e-01 4.527708888053894043e-01
7.746781706809997559e-01 9.007383584976196289e-01
5.041995644569396973e-01 2.531724870204925537e-01
4.752134084701538086e-01 1.666141152381896973e-01
2.759650349617004395e-01 2.804364264011383057e-01
6.870694160461425781e-01 8.634896874427795410e-01
5.969476699829101562e-01 9.775043129920959473e-01
3.334007263183593750e-01 2.358246892690658569e-01
8.946168422698974609e-01 9.211594462394714355e-01
5.748912692070007324e-02 2.611325979232788086e-01
6.992816329002380371e-01 1.790850460529327393e-01
4.110312461853027344e-01 2.946417927742004395e-01
3.422806859016418457e-01 3.988038224633783102e-05
4.257748723030090332e-01 6.367767453193664551e-01
7.291547656059265137e-01 8.848049640655517578e-01
7.551407814025878906e-01 1.849991977214813232e-01
8.681651353836059570e-01 9.127956628799438477e-01
7.252101302146911621e-01 6.587271094322204590e-01
9.337404966354370117e-01 8.242985010147094727e-01
7.620566487312316895e-01 9.651566147804260254e-01
2.179840058088302612e-01 8.137580156326293945e-01
5.852656960487365723e-01 8.555862903594970703e-01
1.018531769514083862e-01 9.585288763046264648e-01
7.848120331764221191e-01 5.332207083702087402e-01
1.101467292755842209e-02 6.128435730934143066e-01
8.698069453239440918e-01 1.013840809464454651e-01
8.183101564645767212e-02 4.087049663066864014e-01
5.893163084983825684e-01 3.424066901206970215e-01
6.006981730461120605e-01 9.775012731552124023e-01
6.793704032897949219e-01 8.147348761558532715e-01
9.389871954917907715e-01 4.688050746917724609e-01
9.798410534858703613e-01 5.877702683210372925e-02
9.889907240867614746e-01 2.227815389633178711e-01
3.378028273582458496e-01 9.793900847434997559e-01
6.080383062362670898e-01 1.524421870708465576e-01
2.401176244020462036e-01 4.870122969150543213e-01
6.249793767929077148e-01 8.487137556076049805e-01
2.727608680725097656e-01 4.060966372489929199e-01
4.455193579196929932e-01 1.821939647197723389e-01
6.792918443679809570e-01 6.441528797149658203e-01
6.976108253002166748e-02 6.797713637351989746e-01
1.241816282272338867e-01 2.205274999141693115e-01
6.842835545539855957e-01 5.394806861877441406e-01
5.097656846046447754e-01 5.233826637268066406e-01
5.142005085945129395e-01 3.700673282146453857e-01
5.397695899009704590e-01 1.607419401407241821e-01
3.982531726360321045e-01 3.730835914611816406e-01
6.326109170913696289e-01 2.341018915176391602e-01
8.463792800903320312e-01 2.570827603340148926e-01
8.812279701232910156e-01 9.756520390510559082e-01
3.342092931270599365e-01 1.812212169170379639e-01
4.500787854194641113e-01 6.755666732788085938e-01
9.000461548566818237e-02 6.538906097412109375e-01
7.649179697036743164e-01 9.673990309238433838e-02
7.758626937866210938e-01 9.735077619552612305e-01
9.304239749908447266e-01 6.188334897160530090e-02
1.356027424335479736e-01 4.902783334255218506e-01
5.866982340812683105e-01 3.227665424346923828e-01
5.886385440826416016e-01 9.675554037094116211e-01
1.251385509967803955e-01 7.108500003814697266e-01
3.248278498649597168e-01 1.432690862566232681e-02
9.550041556358337402e-01 2.677641510963439941e-01
2.305438518524169922e-01 5.045186281204223633e-01
8.682999610900878906e-01 3.449761867523193359e-01
1.518073379993438721e-01 6.175274848937988281e-01
3.271773755550384521e-01 3.249669373035430908e-01
4.390713274478912354e-01 7.569503039121627808e-03
9.781948924064636230e-01 8.461704850196838379e-01
2.907018363475799561e-01 2.374035418033599854e-01
8.889076113700866699e-01 7.443987727165222168e-01
8.858861327171325684e-01 4.070591628551483154e-01
9.302153587341308594e-01 9.657026529312133789e-01
5.203693360090255737e-02 5.158152431249618530e-02
9.073325991630554199e-01 2.165019214153289795e-01
9.085141420364379883e-01 6.608176976442337036e-02
8.552665710449218750e-01 5.587878227233886719e-01
8.137922883033752441e-01 5.869480967521667480e-01
9.120812416076660156e-01 3.006354868412017822e-01
4.934494793415069580e-01 7.785885781049728394e-02
2.743139564990997314e-01 7.218593955039978027e-01
7.096961736679077148e-01 2.302979379892349243e-01
6.810699105262756348e-01 3.794236481189727783e-01
8.621098995208740234e-01 8.439501747488975525e-03
2.221902366727590561e-03 8.649795055389404297e-01
5.452462434768676758e-01 9.653079323470592499e-03
5.821692943572998047e-01 1.738590300083160400e-01
5.029169321060180664e-01 9.741096943616867065e-02
4.031693339347839355e-01 6.245893836021423340e-01
2.045575529336929321e-01 4.331315681338310242e-02
9.893606901168823242e-01 5.917064547538757324e-01
9.952445030212402344e-01 2.860271334648132324e-01
6.473361253738403320e-01 3.970414698123931885e-01
3.226503133773803711e-01 3.713567554950714111e-01
7.178872823715209961e-01 4.680677130818367004e-02
5.124015212059020996e-01 6.429423391819000244e-02
1.601063609123229980e-01 7.649863958358764648e-01
6.972886323928833008e-01 6.392562985420227051e-01
6.343446373939514160e-01 4.185058176517486572e-01
9.430075883865356445e-01 1.998752653598785400e-01
4.121286571025848389e-01 5.027977824211120605e-01
6.669132113456726074e-01 2.317933738231658936e-01
6.907047033309936523e-01 3.778289854526519775e-01
6.784566640853881836e-01 9.488093852996826172e-02
6.142048239707946777e-01 5.909904241561889648e-01
2.440809160470962524e-01 3.699448406696319580e-01
1.008202806115150452e-01 1.527716964483261108e-01
1.643018573522567749e-01 3.403204381465911865e-01
3.138750195503234863e-01 7.152953743934631348e-01
5.539891123771667480e-01 4.535395503044128418e-01
2.531432509422302246e-01 9.606420397758483887e-01
5.894612073898315430e-01 4.249710142612457275e-01
8.913590312004089355e-01 9.303249120712280273e-01
6.256525516510009766e-01 3.127293586730957031e-01
3.687666058540344238e-01 8.941723108291625977e-01
9.369833469390869141e-01 3.883239328861236572e-01
8.706709146499633789e-01 8.133210539817810059e-01
5.899747014045715332e-01 3.520970642566680908e-01
8.565040826797485352e-01 5.974252820014953613e-01
7.999649047851562500e-01 8.556669354438781738e-01
4.644905924797058105e-01 2.624102234840393066e-01
4.965976476669311523e-01 8.410106897354125977e-01
5.681896209716796875e-01 4.642592072486877441e-01
1.612106561660766602e-01 5.933099985122680664e-01
2.493408620357513428e-01 4.027392864227294922e-01
4.935823008418083191e-02 4.649203419685363770e-01
9.229094982147216797e-01 6.769601106643676758e-01
2.726713418960571289e-01 6.762883663177490234e-01
4.753815531730651855e-01 5.436306595802307129e-01
7.027133703231811523e-01 4.656577408313751221e-01
8.510481119155883789e-01 1.798637211322784424e-01
5.417241454124450684e-01 5.669872760772705078e-01
8.434274792671203613e-01 8.234207630157470703e-01
3.028776049613952637e-01 1.689506918191909790e-01
7.412835955619812012e-01 7.998651266098022461e-01
7.251753807067871094e-01 7.348101586103439331e-02
2.109863981604576111e-02 9.861531257629394531e-01
3.647156059741973877e-01 7.622598670423030853e-03
1.296985298395156860e-01 3.430463373661041260e-02
2.812670767307281494e-01 6.386852860450744629e-01
8.803755640983581543e-01 3.291586339473724365e-01
9.872652888298034668e-01 3.267145752906799316e-01
4.403895884752273560e-02 9.916150569915771484e-01
5.855610966682434082e-01 9.242996573448181152e-01
4.378496706485748291e-01 2.879555523395538330e-01
3.212845623493194580e-01 1.622788757085800171e-01
3.240907192230224609e-01 8.438406586647033691e-01
9.577498435974121094e-01 2.196625918149948120e-01
6.181795597076416016e-01 1.657667011022567749e-01
4.235206842422485352e-01 5.777233242988586426e-01
6.833325028419494629e-01 1.465767771005630493e-01
3.905644714832305908e-01 2.292116135358810425e-01
1.771682053804397583e-01 4.718970954418182373e-01
7.304689884185791016e-01 8.381657600402832031e-01
2.392957657575607300e-01 8.166373521089553833e-02
2.462964504957199097e-01 9.628375172615051270e-01
3.502114713191986084e-01 4.857021868228912354e-01
9.991970062255859375e-01 1.100125908851623535e-01
5.916032195091247559e-01 2.230681180953979492e-01
2.748717069625854492e-01 4.934948086738586426e-01
2.920100688934326172e-01 2.166772186756134033e-01
4.772394001483917236e-01 5.911212041974067688e-02
2.383944988250732422e-01 1.977246999740600586e-01
4.243176877498626709e-01 4.596214890480041504e-01
9.103712439537048340e-01 9.848863482475280762e-01
5.539056658744812012e-01 9.906421899795532227e-01
8.472230434417724609e-01 7.233466506004333496e-01
7.261440157890319824e-01 9.671571254730224609e-01
3.502643108367919922e-01 1.156874224543571472e-01
3.801463544368743896e-01 6.458615660667419434e-01
5.153788328170776367e-01 8.338408470153808594e-01
6.213986873626708984e-01 4.845866262912750244e-01
5.389401316642761230e-01 6.534611582756042480e-01
6.514809131622314453e-01 5.729397535324096680e-01
3.803287073969841003e-02 1.714722998440265656e-02
1.618147492408752441e-01 6.888393759727478027e-01
7.878690361976623535e-01 6.381505131721496582e-01
8.689022660255432129e-01 7.997550070285797119e-02
5.469272732734680176e-01 7.955175042152404785e-01
7.122918963432312012e-01 7.816720753908157349e-02
4.826120436191558838e-01 4.877674281597137451e-01
3.241935670375823975e-01 7.026321887969970703e-01
5.438182353973388672e-01 3.295866847038269043e-01
4.186431169509887695e-01 8.195173144340515137e-01
5.307558774948120117e-01 1.734910458326339722e-01
2.228595912456512451e-01 1.899512559175491333e-01
2.352198660373687744e-01 4.321067929267883301e-01
8.752309083938598633e-01 9.434915781021118164e-01
7.909867763519287109e-01 8.357216715812683105e-01
7.356263399124145508e-01 8.431566357612609863e-01
2.676515579223632812e-01 8.018824458122253418e-01
5.833591818809509277e-01 8.722342252731323242e-01
7.443638443946838379e-01 8.737160563468933105e-01
9.324575066566467285e-01 3.983754515647888184e-01
5.677375793457031250e-01 2.921107411384582520e-01
2.302515357732772827e-01 9.382939338684082031e-01
8.863111734390258789e-01 2.068715095520019531e-01
1.919965595006942749e-01 5.450546741485595703e-01
6.731542944908142090e-01 6.548619866371154785e-01
7.714360952377319336e-01 7.493791580200195312e-01
8.222825527191162109e-01 2.649178206920623779e-01
7.171502709388732910e-01 1.152339130640029907e-01
3.730099201202392578e-01 5.149788856506347656e-01
5.077351331710815430e-01 7.375649213790893555e-01
8.946332335472106934e-01 2.896058261394500732e-01
4.246903359889984131e-01 5.666282176971435547e-01
5.317227244377136230e-01 3.615681827068328857e-01
1.581423282623291016e-01 3.257807716727256775e-02
1.934080421924591064e-01 4.199669063091278076e-01
5.159699916839599609e-01 3.040061593055725098e-01
5.226093530654907227e-01 9.586505293846130371e-01
8.090760111808776855e-01 6.813374161720275879e-02
2.767170965671539307e-01 5.783212780952453613e-01
6.380183100700378418e-01 8.980947732925415039e-02
9.051234722137451172e-01 3.718256652355194092e-01
8.513458371162414551e-01 9.662055969238281250e-01
2.436824291944503784e-01 3.568443953990936279e-01
1.320172548294067383e-01 8.441579937934875488e-01
1.159417182207107544e-01 7.781484723091125488e-01
5.936227440834045410e-01 8.015865683555603027e-01
9.689781665802001953e-01 7.810457944869995117e-01
3.051583170890808105e-01 8.288224339485168457e-01
7.794997692108154297e-01 7.649855017662048340e-01
2.952669560909271240e-01 8.155558109283447266e-01
6.046003103256225586e-01 5.228269696235656738e-01
3.332532942295074463e-01 5.829298496246337891e-01
7.606328129768371582e-01 1.308169215917587280e-01
9.646894931793212891e-01 6.009817123413085938e-01
2.350557148456573486e-01 4.400635361671447754e-01
7.874546647071838379e-01 1.023155897855758667e-01
2.521705627441406250e-01 7.342774868011474609e-01
6.074693202972412109e-01 3.248697221279144287e-01
3.389158248901367188e-01 3.256386220455169678e-01
4.345439374446868896e-01 6.598556637763977051e-01
2.366131544113159180e-01 1.908739469945430756e-02
9.480227231979370117e-01 6.164401173591613770e-01
5.970103144645690918e-01 3.935776054859161377e-01
5.608636513352394104e-02 2.587070465087890625e-01
1.311355978250503540e-01 6.830404400825500488e-01
8.481013774871826172e-01 8.511683344841003418e-01
7.534369230270385742e-01 1.233055070042610168e-01
6.863962411880493164e-01 5.412324666976928711e-01
1.432214379310607910e-01 8.305637240409851074e-01
9.620253443717956543e-01 2.493078410625457764e-01
7.010158896446228027e-01 3.911237120628356934e-01
8.179661631584167480e-01 8.046491742134094238e-01
7.110078334808349609e-01 7.273829579353332520e-01
9.397888779640197754e-01 7.246112227439880371e-01
1.938197016716003418e-01 7.176019549369812012e-01
7.048318386077880859e-01 8.668586015701293945e-01
9.992772340774536133e-01 7.958646416664123535e-01
8.432673811912536621e-01 5.925299525260925293e-01
1.261190772056579590e-01 6.409130096435546875e-01
9.811570644378662109e-01 9.998075962066650391e-01
9.405904412269592285e-01 4.162039458751678467e-01
5.620289444923400879e-01 2.744983434677124023e-01
6.685743331909179688e-01 2.424096912145614624e-01
3.447495698928833008e-01 7.046498060226440430e-01
2.565906345844268799e-01 6.599434614181518555e-01
2.919158041477203369e-01 6.012918353080749512e-01
3.742074668407440186e-01 5.273947715759277344e-01
5.110098719596862793e-01 7.303506135940551758e-01
8.928796052932739258e-01 8.696593046188354492e-01
9.928930401802062988e-01 6.806653738021850586e-01
4.453472793102264404e-01 9.546763896942138672e-01
2.275222390890121460e-01 1.755722314119338989e-01
4.186556637287139893e-01 1.775312870740890503e-01
5.659743547439575195e-01 3.058414533734321594e-02
8.843833804130554199e-01 5.101979151368141174e-02
3.597318828105926514e-01 4.727428257465362549e-01
3.036763370037078857e-01 1.835826784372329712e-01
2.767418920993804932e-01 8.319548964500427246e-01
9.730877280235290527e-01 9.125081300735473633e-01
2.128853797912597656e-01 4.818943887948989868e-02
8.859764337539672852e-01 1.692654043436050415e-01
7.217014431953430176e-01 6.905098557472229004e-01
9.655151367187500000e-01 6.992079019546508789e-01
3.307456076145172119e-01 7.948809266090393066e-01
7.075819373130798340e-01 3.015376329421997070e-01
5.370879769325256348e-01 7.148953080177307129e-01
1.677055060863494873e-01 8.047042489051818848e-01
8.702428340911865234e-01 2.576714158058166504e-01
7.742253690958023071e-02 2.643486857414245605e-01
9.238921403884887695e-01 2.439848333597183228e-01
9.900785088539123535e-01 8.981483578681945801e-01
2.342527210712432861e-01 1.011882498860359192e-01
9.637671113014221191e-01 7.052626609802246094e-01
7.306139469146728516e-01 1.069722324609756470e-01
5.373594164848327637e-01 2.848421931266784668e-01
1.308365315198898315e-01 6.035491824150085449e-02
5.439512133598327637e-01 8.501277118921279907e-02
1.500259488821029663e-01 3.279514610767364502e-01
2.227308303117752075e-01 3.535684645175933838e-01
2.645786702632904053e-01 6.454184055328369141e-01
6.291784644126892090e-01 7.123888134956359863e-01
6.942307949066162109e-01 4.269306957721710205e-01
2.895164191722869873e-01 2.241866439580917358e-01
1.885774284601211548e-01 7.126215696334838867e-01
7.292249202728271484e-01 4.993652701377868652e-01
1.710402071475982666e-01 1.385928541421890259e-01
8.821310997009277344e-01 2.126552611589431763e-01
8.708372116088867188e-01 8.815932869911193848e-01
6.738255023956298828e-01 7.693551182746887207e-01
8.933612704277038574e-01 5.112809538841247559e-01
6.491500735282897949e-01 6.292709112167358398e-01
3.832668364048004150e-01 6.323196291923522949e-01
1.861368715763092041e-01 6.636075377464294434e-01
1.628602296113967896e-02 9.320710897445678711e-01
7.947753071784973145e-01 4.923994243144989014e-01
2.413514405488967896e-01 8.703392148017883301e-01
2.863197922706604004e-01 6.765305399894714355e-01
6.169580817222595215e-01 5.911564230918884277e-01
4.085622727870941162e-01 5.432661250233650208e-02
5.938230752944946289e-01 6.760748624801635742e-01
8.446983695030212402e-01 9.950454831123352051e-01
1.223190724849700928e-01 3.137799203395843506e-01
4.213492870330810547e-01 9.464851617813110352e-01
4.321223795413970947e-01 1.746321469545364380e-01
9.409812092781066895e-01 3.868649601936340332e-01
4.322513937950134277e-01 1.570792645215988159e-01
8.327173590660095215e-01 4.295938611030578613e-01
9.402114748954772949e-01 1.193193122744560242e-01
1.884595006704330444e-01 1.415227502584457397e-01
9.001904129981994629e-01 9.705120325088500977e-01
4.591059982776641846e-01 1.980942636728286743e-01
6.787384152412414551e-01 1.417416930198669434e-01
3.344438374042510986e-01 5.878562331199645996e-01
8.923136591911315918e-01 2.797905206680297852e-01
8.936767280101776123e-02 4.415886700153350830e-01
3.427709639072418213e-02 8.096452951431274414e-01
6.298860907554626465e-01 3.591859936714172363e-01
6.216447353363037109e-01 8.059946298599243164e-01
6.762934327125549316e-01 7.077800035476684570e-01
3.144001066684722900e-01 4.264805018901824951e-01
9.045941829681396484e-01 7.050474882125854492e-01
4.489629995077848434e-03 9.594064354896545410e-01
9.317684173583984375e-01 3.196210786700248718e-02
2.730849087238311768e-01 9.459992051124572754e-01
4.350261390209197998e-01 4.854987561702728271e-02
6.929524540901184082e-01 9.487361907958984375e-01
5.728955268859863281e-01 1.910507529973983765e-01
5.039206743240356445e-01 6.403641104698181152e-01
7.919744849205017090e-01 6.645032167434692383e-01
9.459263086318969727e-01 3.069599345326423645e-02
8.664810061454772949e-01 2.349894344806671143e-01
3.164234161376953125e-01 9.742917418479919434e-01
5.897408723831176758e-01 7.887336015701293945e-01
8.942649364471435547e-01 5.669788718223571777e-01
9.765052795410156250e-01 7.492561340332031250e-01
2.596845328807830811e-01 7.859082818031311035e-01
5.466767549514770508e-01 3.160515427589416504e-01
9.726468920707702637e-01 8.411773443222045898e-01
7.890940308570861816e-01 7.546545267105102539e-01
2.298146933317184448e-01 6.464637517929077148e-01
7.786394953727722168e-01 3.250146508216857910e-01
9.562392234802246094e-01 9.466211199760437012e-01
1.520720124244689941e-01 1.754505187273025513e-02
9.827521443367004395e-01 1.769106686115264893e-01
2.487878799438476562e-01 1.689541339874267578e-01
7.989770174026489258e-01 9.437533617019653320e-01
3.856529891490936279e-01 5.552865266799926758e-01
2.212821841239929199e-01 9.414783716201782227e-01
3.752604126930236816e-01 9.061848521232604980e-01
1.491015255451202393e-01 9.677616357803344727e-01
1.954263634979724884e-02 3.881392478942871094e-01
2.935660481452941895e-01 1.211654115468263626e-02
8.203116059303283691e-01 5.006224513053894043e-01
7.374824285507202148e-01 5.355888009071350098e-01
1.916824877262115479e-01 3.078332543373107910e-01
5.132878422737121582e-01 1.987958550453186035e-01
4.562067091464996338e-01 7.851295471191406250e-01
6.896342039108276367e-01 7.129966616630554199e-01
1.002679765224456787e-01 6.483010053634643555e-01
4.485629200935363770e-01 2.366034835577011108e-01
7.493286728858947754e-01 9.502660632133483887e-01
8.865808844566345215e-01 3.397858738899230957e-01
4.333095848560333252e-01 8.708581328392028809e-01
5.136212110519409180e-01 8.935193717479705811e-02
1.421003695577383041e-02 6.507100164890289307e-02
8.872696757316589355e-01 4.602769315242767334e-01
1.363114081323146820e-02 9.180131554603576660e-01
9.545722603797912598e-01 2.488399446010589600e-01
7.727192044258117676e-01 1.066229492425918579e-01
3.516280651092529297e-01 5.990612506866455078e-02
1.221606284379959106e-01 3.475611805915832520e-01
6.482706665992736816e-01 9.781907200813293457e-01
5.789666771888732910e-01 3.010474443435668945e-01
5.287074297666549683e-02 2.848330438137054443e-01
9.527523517608642578e-01 8.746289014816284180e-01
3.509146571159362793e-01 5.747330784797668457e-01
2.138610482215881348e-01 5.832876563072204590e-01
1.974094212055206299e-01 9.365401864051818848e-01
3.745295107364654541e-01 9.802598357200622559e-01
9.826543331146240234e-01 1.902311444282531738e-01
8.873927593231201172e-01 8.905633091926574707e-01
7.283332943916320801e-02 4.649708271026611328e-01
7.157125473022460938e-01 2.397690266370773315e-01
5.088953375816345215e-01 4.164610803127288818e-01
7.254961133003234863e-01 5.983334779739379883e-01
7.131241559982299805e-01 2.321384847164154053e-01
1.770054847002029419e-01 4.355579018592834473e-01
7.052354216575622559e-01 3.499051630496978760e-01
8.611950278282165527e-01 1.994022727012634277e-02
1.393274962902069092e-01 3.886229395866394043e-01
5.668581724166870117e-01 1.463504284620285034e-01
7.087321877479553223e-01 2.615658938884735107e-01
7.315778136253356934e-01 6.514816880226135254e-01
8.691884875297546387e-01 9.701737761497497559e-01
1.140501573681831360e-01 8.482983112335205078e-01
6.435194611549377441e-01 6.910610198974609375e-01
9.495198130607604980e-01 7.919728755950927734e-01
7.811645269393920898e-01 8.504829406738281250e-01
4.057133495807647705e-01 9.634230136871337891e-01
8.962585330009460449e-01 6.284775137901306152e-01
1.972876787185668945e-01 6.232324838638305664e-01
4.265934973955154419e-02 6.172595024108886719e-01
9.192590713500976562e-01 1.985132321715354919e-02
6.097005009651184082e-01 4.825432896614074707e-01
6.208820939064025879e-01 5.361066460609436035e-01
5.656429529190063477e-01 7.760540395975112915e-02
4.389332532882690430e-01 5.298178791999816895e-01
1.936748325824737549e-01 8.191180229187011719e-02
8.518328070640563965e-01 9.866033196449279785e-01
2.359107136726379395e-01 4.783364534378051758e-01
1.856204867362976074e-02 5.798779129981994629e-01
6.246217489242553711e-01 9.625898003578186035e-01
2.280686944723129272e-01 5.139969587326049805e-01
3.644212484359741211e-01 5.091006755828857422e-01
4.929518997669219971e-01 1.985166221857070923e-01
3.571591675281524658e-01 7.610117197036743164e-01
8.599578142166137695e-01 9.697077274322509766e-01
4.589397311210632324e-01 4.759269058704376221e-01
3.957879543304443359e-01 8.827747702598571777e-01
9.021520018577575684e-01 6.698063015937805176e-01
6.804040670394897461e-01 3.058208227157592773e-01
7.205378413200378418e-01 3.065506815910339355e-01
3.543262183666229248e-01 6.220648437738418579e-02
2.953390777111053467e-01 3.799329102039337158e-01
7.299746870994567871e-01 7.971330881118774414e-01
8.646901845932006836e-01 7.680917978286743164e-01
9.219203591346740723e-01 5.606686472892761230e-01
6.112846732139587402e-01 3.386884331703186035e-01
3.469704389572143555e-01 5.539561510086059570e-01
4.258217662572860718e-02 8.521918654441833496e-01
2.457465529441833496e-01 9.444929957389831543e-01
4.670446813106536865e-01 7.838693857192993164e-01
8.267542719841003418e-01 5.842509865760803223e-01
1.342602074146270752e-01 3.473072350025177002e-01
1.426280587911605835e-01 4.342245757579803467e-01
6.749675869941711426e-01 8.122536540031433105e-01
7.567088007926940918e-01 7.441340684890747070e-01
5.373163223266601562e-01 8.282223939895629883e-01
5.375033617019653320e-02 9.867809414863586426e-01
2.447796761989593506e-01 7.026359438896179199e-02
1.636228561401367188e-01 6.255300641059875488e-01
1.983010321855545044e-01 9.944032430648803711e-01
2.179208397865295410e-01 5.620066523551940918e-01
4.887115955352783203e-01 7.341262102127075195e-01
4.406537115573883057e-01 5.389836430549621582e-01
7.168005108833312988e-01 2.597306370735168457e-01
6.061374023556709290e-02 6.803612709045410156e-01
2.165203541517257690e-01 7.840367555618286133e-01
1.358485072851181030e-01 7.156133651733398438e-01
