6.993238925933837891e-01 1.692567467689514160e-01
4.515889585018157959e-01 7.633520364761352539e-01
8.891993016004562378e-02 6.453176736831665039e-01
7.679198384284973145e-01 6.425847411155700684e-01
6.278786659240722656e-01 9.814941883087158203e-01
9.689336270093917847e-02 1.848231554031372070e-01
3.566684126853942871e-01 4.211676120758056641e-01
8.634025454521179199e-01 1.115712709724903107e-02
4.209768176078796387e-01 5.364384055137634277e-01
5.679957866668701172e-01 2.096278071403503418e-01
7.113844752311706543e-01 8.104693293571472168e-01
3.538799583911895752e-01 7.329231500625610352e-02
6.343145966529846191e-01 7.086566835641860962e-02
7.018403410911560059e-01 7.834324836730957031e-01
6.412461400032043457e-01 1.771609634160995483e-01
7.883411645889282227e-01 9.732731580734252930e-01
3.805651366710662842e-01 2.549726366996765137e-01
1.690731644630432129e-01 9.207313060760498047e-01
4.921517670154571533e-01 1.989558786153793335e-01
9.401946663856506348e-01 1.416399329900741577e-01
9.572197794914245605e-01 8.693421483039855957e-01
8.427541255950927734e-01 6.335003376007080078e-01
6.565921306610107422e-01 7.973014116287231445e-01
7.342277765274047852e-01 8.198950290679931641e-01
4.075206071138381958e-02 8.411428928375244141e-01
2.684098482131958008e-01 8.557311445474624634e-02
3.642363548278808594e-01 2.605627775192260742e-01
1.337981130927801132e-02 5.633088350296020508e-01
1.325026601552963257e-01 6.200109124183654785e-01
5.303312540054321289e-01 2.806350588798522949e-02
4.855055734515190125e-02 5.112000703811645508e-01
4.295433163642883301e-01 6.276114583015441895e-01
6.642183065414428711e-01 4.884014427661895752e-01
5.152527242898941040e-02 6.569234132766723633e-01
8.105158209800720215e-01 4.009969234466552734e-01
9.989741444587707520e-01 6.216598153114318848e-01
9.379662275314331055e-01 8.852238655090332031e-01
9.361276030540466309e-01 5.098159909248352051e-01
5.777125358581542969e-01 4.106003046035766602e-01
1.654719412326812744e-01 3.758341968059539795e-01
3.942278623580932617e-01 6.826351284980773926e-01
1.710160076618194580e-01 4.702321588993072510e-01
2.191534638404846191e-01 2.582154795527458191e-02
7.875906229019165039e-01 9.216605424880981445e-01
2.919945120811462402e-01 2.609914541244506836e-01
6.026561260223388672e-01 2.419687211513519287e-01
4.626745730638504028e-02 6.695017814636230469e-01
5.468534231185913086e-01 1.099833250045776367e-01
4.033617079257965088e-01 1.886478960514068604e-01
5.444986224174499512e-01 5.099984407424926758e-01
9.656450897455215454e-02 9.947869926691055298e-02
6.441665440797805786e-02 5.015786886215209961e-01
6.830680966377258301e-01 8.086463809013366699e-01
8.348659276962280273e-01 9.901255965232849121e-01
9.038576483726501465e-01 8.763478994369506836e-01
7.485250830650329590e-01 7.154182791709899902e-01
4.954307079315185547e-01 8.621658682823181152e-01
7.068111896514892578e-01 3.933325409889221191e-01
3.399911522865295410e-01 7.671319693326950073e-02
4.669263958930969238e-01 8.187785744667053223e-01
6.494960188865661621e-01 9.468922019004821777e-01
4.388695359230041504e-01 8.946909904479980469e-01
6.331939697265625000e-01 7.315142750740051270e-01
9.344037771224975586e-01 2.918514907360076904e-01
6.436109542846679688e-01 6.527168750762939453e-01
2.071522623300552368e-01 7.170052528381347656e-01
9.238692522048950195e-01 5.883782505989074707e-01
7.098059635609388351e-03 7.377997040748596191e-01
8.872320652008056641e-01 9.512113332748413086e-01
8.189077377319335938e-01 9.988842606544494629e-01
1.799512058496475220e-01 1.603830307722091675e-01
6.259145736694335938e-01 7.363960742950439453e-01
7.596920132637023926e-01 8.079458475112915039e-01
2.321422994136810303e-01 9.488352537155151367e-01
8.506134152412414551e-01 1.207012012600898743e-01
5.537387132644653320e-01 3.430354297161102295e-01
9.039128422737121582e-01 4.039852619171142578e-01
3.367966786026954651e-02 2.864485681056976318e-01
8.308008909225463867e-01 2.971215359866619110e-02
4.793423414230346680e-01 2.934058010578155518e-01
6.579939275979995728e-02 3.934869766235351562e-01
7.745301723480224609e-01 2.417137473821640015e-02
9.243827462196350098e-01 3.190733790397644043e-01
9.462510943412780762e-01 6.801576614379882812e-01
5.495572090148925781e-01 7.211824655532836914e-01
4.337595999240875244e-01 4.483153522014617920e-01
9.504691958427429199e-01 5.841529965400695801e-01
8.135324716567993164e-02 1.081249192357063293e-01
5.482251644134521484e-01 9.627953171730041504e-01
5.964323878288269043e-01 4.419597685337066650e-01
7.731940746307373047e-01 8.104129433631896973e-01
9.766502678394317627e-02 4.746739566326141357e-01
9.386599063873291016e-01 9.962173700332641602e-01
3.670001626014709473e-01 9.941970705986022949e-01
1.685299277305603027e-01 1.124116703867912292e-01
7.483305335044860840e-01 2.697528898715972900e-01
7.213583588600158691e-01 9.002822637557983398e-01
6.260240077972412109e-01 4.830138683319091797e-01
7.527667880058288574e-01 5.754576325416564941e-01
3.026244342327117920e-01 5.242990851402282715e-01
1.426787078380584717e-01 1.896667182445526123e-01
5.336518287658691406e-01 8.277192115783691406e-01
6.068289875984191895e-01 1.408042460680007935e-01
5.325599908828735352e-01 9.395572543144226074e-01
9.025622159242630005e-02 4.392634034156799316e-01
6.864947676658630371e-01 7.085505127906799316e-01
6.406455636024475098e-01 2.821990549564361572e-01
5.889168381690979004e-01 3.116484880447387695e-01
1.100510582327842712e-01 1.814066171646118164e-01
8.393859118223190308e-02 7.125128507614135742e-01
8.998799324035644531e-01 5.503234267234802246e-01
3.830306231975555420e-01 8.335794508457183838e-02
2.584238648414611816e-01 7.745531797409057617e-01
9.165887236595153809e-01 2.935746610164642334e-01
1.671354621648788452e-01 5.015473961830139160e-01
8.580679297447204590e-01 4.779973030090332031e-01
1.484261900186538696e-01 9.865750074386596680e-01
1.504997760057449341e-01 5.243769884109497070e-01
7.427230477333068848e-01 8.076027631759643555e-01
9.938272237777709961e-01 5.974156260490417480e-01
8.412154912948608398e-01 9.340782463550567627e-02
8.753322958946228027e-01 6.852668523788452148e-01
3.088784813880920410e-01 7.901048064231872559e-01
3.819415867328643799e-01 1.295601278543472290e-01
8.440681695938110352e-01 5.681015253067016602e-01
1.332160383462905884e-01 9.519271254539489746e-01
3.410644829273223877e-01 2.180088460445404053e-01
4.434002339839935303e-01 2.270641177892684937e-01
9.744786620140075684e-01 1.116951331496238708e-01
7.214975357055664062e-01 9.756398200988769531e-01
6.327332854270935059e-01 2.667246162891387939e-01
4.579162597656250000e-01 7.876393944025039673e-02
3.396474123001098633e-01 5.706622004508972168e-01
7.166518270969390869e-02 7.618491649627685547e-01
9.187604784965515137e-01 5.344663262367248535e-01
7.152979373931884766e-01 9.887383580207824707e-01
6.870753765106201172e-01 3.802822530269622803e-01
4.326615035533905029e-01 6.954755783081054688e-01
2.513947486877441406e-01 6.715751886367797852e-01
9.263288378715515137e-01 5.486930608749389648e-01
5.484889149665832520e-01 5.941750407218933105e-01
1.502740085124969482e-01 8.921671658754348755e-02
5.668416023254394531e-01 8.889296650886535645e-01
6.774562411010265350e-03 7.406932115554809570e-01
4.590024352073669434e-01 8.827286362648010254e-01
2.998609244823455811e-01 8.945432901382446289e-01
6.482622623443603516e-01 2.696610987186431885e-01
6.996282339096069336e-01 4.998369216918945312e-01
3.048239834606647491e-02 6.902222037315368652e-01
6.183021664619445801e-01 8.178864717483520508e-01
1.876449882984161377e-01 1.985473325476050377e-03
6.799972616136074066e-04 8.673878908157348633e-01
4.165451973676681519e-02 7.231680750846862793e-01
6.613114476203918457e-01 6.970241069793701172e-01
4.776731729507446289e-01 8.786195516586303711e-01
6.684815287590026855e-01 3.005506098270416260e-01
8.809024095535278320e-01 8.350485563278198242e-02
7.062184214591979980e-01 7.068027853965759277e-01
5.083405375480651855e-01 5.316215157508850098e-01
8.320757746696472168e-01 2.275699973106384277e-01
9.890424013137817383e-01 8.177140951156616211e-01
1.293518673628568649e-02 1.722848713397979736e-01
8.219040036201477051e-01 3.346122801303863525e-01
5.348606109619140625e-01 1.321747601032257080e-01
9.380715489387512207e-01 9.749527275562286377e-02
1.224662363529205322e-01 1.050579771399497986e-01
3.896862864494323730e-01 7.457000017166137695e-01
7.834222316741943359e-01 2.204069793224334717e-01
1.125824898481369019e-01 2.086270600557327271e-01
6.078023314476013184e-01 5.142951607704162598e-01
5.122852921485900879e-01 3.465225100517272949e-01
3.373679816722869873e-01 1.677361130714416504e-01
6.724228858947753906e-01 8.749070763587951660e-01
2.202420830726623535e-01 2.660022377967834473e-01
1.215884536504745483e-01 2.870075702667236328e-01
4.916799068450927734e-01 9.206479042768478394e-02
6.630957126617431641e-01 6.155800819396972656e-01
6.144579648971557617e-01 7.338989973068237305e-01
4.382101893424987793e-01 9.591661691665649414e-01
9.586995840072631836e-01 5.142749547958374023e-01
6.288908720016479492e-01 2.554823756217956543e-01
2.662781178951263428e-01 5.969116687774658203e-01
7.106837630271911621e-01 8.402967453002929688e-01
1.069079488515853882e-01 1.842497438192367554e-01
4.691551923751831055e-01 3.088054656982421875e-01
3.571654260158538818e-01 6.520247459411621094e-01
1.334324181079864502e-01 2.050610035657882690e-01
1.999980360269546509e-01 8.562294393777847290e-02
5.125909447669982910e-01 5.659294724464416504e-01
6.605435013771057129e-01 6.352965235710144043e-01
6.430538371205329895e-03 5.691159963607788086e-01
4.472193494439125061e-02 2.203730642795562744e-01
7.983199357986450195e-01 2.651926316320896149e-02
6.907493472099304199e-01 8.102597594261169434e-01
8.543162047863006592e-02 3.320503234863281250e-01
5.214605107903480530e-02 8.859580010175704956e-02
8.427459597587585449e-01 6.822759509086608887e-01
8.459689021110534668e-01 7.614757418632507324e-01
9.067176580429077148e-01 1.288673579692840576e-01
6.571262478828430176e-01 6.171222925186157227e-01
7.736796736717224121e-01 7.898050546646118164e-01
7.384476065635681152e-01 8.359357714653015137e-01
5.156883001327514648e-01 5.689442753791809082e-01
2.537384629249572754e-01 5.529080629348754883e-01
7.067518830299377441e-01 3.188691437244415283e-01
2.791966795921325684e-01 4.532215595245361328e-01
7.143853306770324707e-01 6.981914043426513672e-01
6.720759868621826172e-01 7.458250522613525391e-01
3.798300623893737793e-01 3.156094998121261597e-02
7.053757905960083008e-01 9.581636786460876465e-01
5.121150612831115723e-01 9.118695855140686035e-01
1.603073924779891968e-01 9.520529508590698242e-01
5.324246883392333984e-01 6.042484641075134277e-01
8.231603503227233887e-01 9.534321427345275879e-01
9.466486424207687378e-02 8.177633583545684814e-02
6.105411648750305176e-01 2.855858206748962402e-01
5.688762068748474121e-01 5.136365890502929688e-01
6.860550045967102051e-01 3.430673480033874512e-01
1.161484867334365845e-01 2.319545671343803406e-02
7.594217658042907715e-01 6.328058242797851562e-01
3.648387491703033447e-01 3.066301345825195312e-01
3.232889771461486816e-01 1.697213351726531982e-01
4.684157073497772217e-01 5.421127676963806152e-01
4.977311789989471436e-01 7.996640801429748535e-01
5.229851603507995605e-01 5.173209905624389648e-01
1.154927015304565430e-01 2.161540836095809937e-01
2.519904971122741699e-01 3.906454145908355713e-01
2.570451200008392334e-01 2.083262652158737183e-01
4.190698862075805664e-01 5.105738639831542969e-01
4.752300381660461426e-01 7.974458932876586914e-01
7.125970721244812012e-02 3.655299842357635498e-01
5.354049205780029297e-01 6.595957875251770020e-01
1.146910041570663452e-01 5.970309376716613770e-01
8.891203999519348145e-01 5.886089801788330078e-01
5.065584778785705566e-01 4.216227531433105469e-01
3.872501254081726074e-01 9.829849004745483398e-01
5.151684880256652832e-01 3.239839971065521240e-01
6.348042488098144531e-01 1.008683592081069946e-01
3.805510401725769043e-01 7.067437469959259033e-02
7.161679863929748535e-01 8.597888350486755371e-01
4.249502122402191162e-01 3.667534291744232178e-01
8.714607357978820801e-01 6.999329477548599243e-02
8.762606382369995117e-01 7.064871191978454590e-01
2.488099634647369385e-01 8.880407214164733887e-01
3.952776491641998291e-01 4.379901587963104248e-01
1.614408493041992188e-01 1.178268566727638245e-01
8.032454252243041992e-01 7.499386668205261230e-01
9.805454611778259277e-01 5.503203868865966797e-01
6.077791452407836914e-01 3.586954772472381592e-01
6.153773069381713867e-01 5.610964894294738770e-01
6.836060881614685059e-01 1.342721283435821533e-01
5.871121287345886230e-01 8.761312961578369141e-01
4.224063456058502197e-01 4.620859324932098389e-01
2.697994709014892578e-01 5.569558739662170410e-01
7.604856491088867188e-01 4.605732560157775879e-01
6.734358668327331543e-01 2.479598671197891235e-01
8.229050040245056152e-01 2.740232944488525391e-01
8.534577488899230957e-01 5.891934037208557129e-01
7.416333556175231934e-01 5.633397698402404785e-01
5.350741147994995117e-01 6.343739032745361328e-01
5.317665338516235352e-01 2.863388359546661377e-01
7.612863183021545410e-01 8.688816428184509277e-01
8.081668615341186523e-01 8.289258480072021484e-01
5.935040116310119629e-01 6.639525890350341797e-01
9.454208612442016602e-01 7.849534749984741211e-01
3.361568748950958252e-01 1.129265576601028442e-01
1.751299649477005005e-01 9.363270998001098633e-01
6.457916498184204102e-01 6.174198389053344727e-01
6.651173233985900879e-01 8.865725994110107422e-01
7.801939249038696289e-01 8.703604936599731445e-01
7.443913221359252930e-01 8.899624347686767578e-01
7.850506305694580078e-01 5.169851183891296387e-01
1.898300498723983765e-01 2.418678626418113708e-02
6.595900058746337891e-01 6.728978157043457031e-01
3.785039484500885010e-01 3.874070942401885986e-01
5.416726469993591309e-01 2.795373797416687012e-01
8.530540466308593750e-01 7.124509811401367188e-01
1.295082122087478638e-01 8.150302618741989136e-02
8.404282331466674805e-01 9.035722017288208008e-01
8.592620491981506348e-01 3.478945195674896240e-01
8.608229756355285645e-01 6.444444656372070312e-01
7.674589753150939941e-01 7.092835307121276855e-01
7.366786003112792969e-01 6.773505210876464844e-01
6.386625766754150391e-01 3.908493518829345703e-01
9.728378802537918091e-02 3.362188041210174561e-01
8.133953809738159180e-01 2.535205483436584473e-01
9.146169424057006836e-01 9.350869655609130859e-01
3.420214354991912842e-02 1.075854673981666565e-01
9.050084948539733887e-01 8.969181776046752930e-01
6.026760935783386230e-01 4.066102206707000732e-01
7.010806798934936523e-01 8.438133001327514648e-01
1.064080297946929932e-01 2.871510013937950134e-02
6.006827354431152344e-01 3.003849983215332031e-01
1.160254031419754028e-01 9.349681138992309570e-01
6.905924677848815918e-01 3.920779228210449219e-01
1.730719059705734253e-01 9.711871743202209473e-01
6.460112333297729492e-02 4.201686978340148926e-01
1.952057182788848877e-01 4.135355725884437561e-02
5.570933818817138672e-01 5.221456885337829590e-01
8.825173974037170410e-01 5.033153891563415527e-01
3.732808679342269897e-02 1.421196162700653076e-01
1.078361645340919495e-01 2.780346274375915527e-01
4.948340058326721191e-01 2.157118171453475952e-01
1.711679995059967041e-01 9.743008613586425781e-01
4.811191856861114502e-01 6.865461468696594238e-01
6.001903489232063293e-02 7.216576933860778809e-01
4.862350523471832275e-01 4.627130925655364990e-01
7.083342075347900391e-01 8.950303196907043457e-01
8.725124001502990723e-01 1.502825170755386353e-01
8.373799920082092285e-01 6.836113929748535156e-01
7.311059832572937012e-01 7.255191802978515625e-01
9.470807015895843506e-02 6.431769728660583496e-01
1.695177704095840454e-01 6.709184646606445312e-01
3.066673576831817627e-01 7.922297120094299316e-01
7.909328937530517578e-01 7.065156698226928711e-01
5.283630490303039551e-01 1.455102115869522095e-01
3.205287456512451172e-01 3.076172471046447754e-01
1.068873628973960876e-01 1.903847418725490570e-02
5.193054080009460449e-01 5.294663906097412109e-01
1.324141919612884521e-01 8.240014314651489258e-02
6.168258190155029297e-01 6.734945178031921387e-01
1.938785314559936523e-01 2.157679647207260132e-01
1.159322261810302734e-01 4.147687256336212158e-01
6.806491017341613770e-01 2.091566622257232666e-01
5.201452970504760742e-01 5.031162500381469727e-01
7.533445358276367188e-01 1.748307496309280396e-01
7.162282466888427734e-01 5.665382742881774902e-01
4.106229245662689209e-01 4.798918068408966064e-01
7.060669064521789551e-01 6.999657303094863892e-02
5.611073374748229980e-01 5.855801105499267578e-01
1.100517809391021729e-01 8.113890886306762695e-03
2.203503698110580444e-01 3.240756690502166748e-01
7.537243962287902832e-01 9.335614442825317383e-01
8.746054172515869141e-01 8.882722854614257812e-01
8.318761587142944336e-01 7.587365508079528809e-01
1.851637214422225952e-01 9.986367821693420410e-01
5.203680992126464844e-01 7.866932749748229980e-01
8.597219586372375488e-01 6.497549414634704590e-01
1.443189531564712524e-01 1.524665057659149170e-01
8.372191786766052246e-01 6.539099216461181641e-01
6.323567032814025879e-01 2.782864868640899658e-01
5.864306688308715820e-01 4.759975969791412354e-01
6.376214623451232910e-01 9.695826172828674316e-01
7.098389267921447754e-01 2.982721626758575439e-01
1.198156028985977173e-01 2.185656726360321045e-01
6.277535557746887207e-01 6.309530138969421387e-01
7.733722329139709473e-01 9.690518379211425781e-01
9.494208693504333496e-01 8.185012340545654297e-01
6.083709001541137695e-01 5.775810480117797852e-01
6.410793662071228027e-01 5.952545404434204102e-01
5.039659142494201660e-01 1.733429431915283203e-01
7.242953777313232422e-01 2.561691999435424805e-01
5.110632181167602539e-01 8.950444459915161133e-01
3.592165708541870117e-01 1.804786771535873413e-01
6.665344238281250000e-01 9.392859935760498047e-01
9.122472405433654785e-01 1.621966958045959473e-01
5.693416595458984375e-01 2.734521627426147461e-01
9.982962012290954590e-01 5.495939850807189941e-01
2.155760377645492554e-01 6.286959052085876465e-01
1.392037570476531982e-01 1.074744388461112976e-01
1.669376194477081299e-01 4.624651968479156494e-01
9.993829727172851562e-01 4.702716320753097534e-02
4.686927497386932373e-01 4.870703518390655518e-01
5.938693284988403320e-01 7.581121325492858887e-01
1.565030193887650967e-03 4.405769407749176025e-01
2.580014802515506744e-02 3.352133929729461670e-02
1.027655228972434998e-01 4.681675434112548828e-01
4.911545515060424805e-01 2.975883483886718750e-01
6.563495397567749023e-01 6.295247673988342285e-01
9.337897300720214844e-01 1.493292748928070068e-01
7.657275199890136719e-01 4.373560845851898193e-01
2.488780021667480469e-01 3.372276425361633301e-01
1.727442294359207153e-01 3.592216968536376953e-01
9.558862447738647461e-01 6.787061691284179688e-02
6.808349490165710449e-01 7.080200314521789551e-01
1.304347664117813110e-01 5.921699404716491699e-01
9.022073149681091309e-01 2.031429857015609741e-01
5.325666069984436035e-01 6.088065505027770996e-01
2.054097503423690796e-01 3.995438516139984131e-01
6.152608990669250488e-01 8.041599392890930176e-01
5.979254245758056641e-01 7.929932475090026855e-01
8.526371419429779053e-02 1.707148551940917969e-02
2.911212444305419922e-01 7.800317406654357910e-01
4.195992350578308105e-01 7.780876755714416504e-01
5.678299665451049805e-01 2.285675257444381714e-01
9.884207248687744141e-01 7.471467256546020508e-01
6.265156269073486328e-01 3.971009254455566406e-01
1.771308928728103638e-01 6.011714339256286621e-01
4.984424710273742676e-01 1.935817003250122070e-01
2.698047161102294922e-01 8.502854108810424805e-01
2.117086648941040039e-01 2.613002657890319824e-01
6.594731211662292480e-01 8.659716248512268066e-01
6.159280538558959961e-01 5.866160988807678223e-01
5.249557271599769592e-02 5.371108651161193848e-03
3.279881775379180908e-01 4.185512196272611618e-03
7.605122923851013184e-01 6.545770764350891113e-01
8.738438487052917480e-01 4.447364509105682373e-01
2.094440609216690063e-01 8.327409625053405762e-01
5.885941982269287109e-01 4.354989826679229736e-01
1.201618760824203491e-01 3.288989663124084473e-01
2.001714706420898438e-01 1.111827120184898376e-01
1.183932200074195862e-01 7.523743063211441040e-02
4.645498991012573242e-01 2.410723268985748291e-01
1.256966143846511841e-01 9.148264303803443909e-03
7.806230187416076660e-01 1.404174417257308960e-01
1.212913542985916138e-01 4.031253755092620850e-01
9.194549322128295898e-01 9.421696066856384277e-01
8.568116277456283569e-02 2.034150809049606323e-01
2.865931093692779541e-01 7.664525508880615234e-01
3.058875538408756256e-02 1.931407898664474487e-01
8.298056125640869141e-01 8.303501009941101074e-01
1.129797175526618958e-01 2.473707944154739380e-01
4.021818637847900391e-01 9.520728588104248047e-01
3.087147474288940430e-01 4.059769511222839355e-01
1.218675286509096622e-03 2.244770340621471405e-02
8.879212141036987305e-01 9.802731126546859741e-02
8.471279144287109375e-01 3.425754010677337646e-01
6.188090518116950989e-02 6.399339437484741211e-01
5.525188446044921875e-01 3.388235867023468018e-01
6.923113465309143066e-01 8.972464799880981445e-01
2.343986332416534424e-01 6.893386244773864746e-01
6.175270080566406250e-01 4.368183314800262451e-01
5.152196884155273438e-01 9.511822462081909180e-02
4.813226759433746338e-01 6.149165034294128418e-01
9.657391905784606934e-01 9.845269322395324707e-01
5.735496878623962402e-01 8.168038725852966309e-01
8.815060257911682129e-01 5.414615869522094727e-01
8.295435905456542969e-01 7.394067049026489258e-01
7.442452311515808105e-01 9.883236885070800781e-01
9.384648203849792480e-01 7.705191373825073242e-01
2.425340563058853149e-01 7.655867189168930054e-02
7.220569998025894165e-02 1.646338850259780884e-01
2.293567210435867310e-01 5.823743343353271484e-01
1.103893518447875977e-01 2.833549082279205322e-01
8.418867588043212891e-01 7.458240985870361328e-01
9.906118512153625488e-01 7.118129730224609375e-01
8.221570849418640137e-01 7.520929574966430664e-01
9.427415132522583008e-01 9.877172708511352539e-01
2.764869928359985352e-01 2.005282342433929443e-01
2.290127277374267578e-01 2.055632323026657104e-01
2.930600345134735107e-01 9.712545871734619141e-01
4.920617043972015381e-01 2.906857132911682129e-01
6.457535624504089355e-01 4.571404457092285156e-01
7.651887536048889160e-01 5.285712480545043945e-01
1.561017930507659912e-01 5.547853112220764160e-01
6.750946044921875000e-01 7.987191677093505859e-01
9.656645059585571289e-01 8.112739324569702148e-01
6.658071279525756836e-02 9.866663813591003418e-01
9.270142316818237305e-01 7.917770743370056152e-01
1.811796128749847412e-01 4.175451099872589111e-01
2.422263622283935547e-01 7.221890687942504883e-01
1.539451628923416138e-01 9.110476374626159668e-01
1.770477443933486938e-01 1.615680903196334839e-01
5.392373204231262207e-01 8.326414227485656738e-02
7.369668483734130859e-01 8.740531802177429199e-01
7.674932479858398438e-02 3.843344748020172119e-01
5.793978571891784668e-01 7.855580449104309082e-01
7.873914241790771484e-01 7.640647292137145996e-01
3.491601645946502686e-01 6.871007084846496582e-01
2.875849306583404541e-01 7.669110298156738281e-01
7.872834056615829468e-02 2.131465822458267212e-01
3.464301526546478271e-01 8.755773901939392090e-01
4.813733324408531189e-02 5.891492962837219238e-01
5.499330163002014160e-01 8.350449800491333008e-02
9.221151471138000488e-01 5.260025858879089355e-01
3.190480768680572510e-01 2.851267158985137939e-01
1.514389961957931519e-01 5.251531004905700684e-01
8.654075860977172852e-01 7.341508269309997559e-01
8.966888189315795898e-01 4.736033454537391663e-02
1.076649352908134460e-01 2.081486433744430542e-01
3.011590838432312012e-01 9.884411692619323730e-01
2.086841687560081482e-02 8.641589283943176270e-01
9.174255281686782837e-02 5.635288357734680176e-01
5.838202834129333496e-01 4.198113679885864258e-01
9.710372090339660645e-01 7.433435916900634766e-01
5.848983526229858398e-01 9.452047944068908691e-01
7.727246284484863281e-01 8.482683300971984863e-01
8.301118612289428711e-01 5.915653705596923828e-02
7.188031077384948730e-01 6.079766154289245605e-01
2.759150862693786621e-01 7.984755039215087891e-01
9.617028385400772095e-02 2.015406042337417603e-01
3.996406197547912598e-01 4.997353851795196533e-01
3.061081171035766602e-01 4.756534397602081299e-01
8.882064223289489746e-01 3.960191607475280762e-01
9.001359939575195312e-01 1.654949784278869629e-01
2.685850858688354492e-02 1.931252330541610718e-01
9.788327664136886597e-02 7.234903573989868164e-01
6.879786252975463867e-01 6.449559926986694336e-01
4.741499200463294983e-02 3.891864717006683350e-01
5.462995171546936035e-01 8.277603983879089355e-01
8.390703797340393066e-01 6.479346156120300293e-01
7.963275313377380371e-01 2.312216013669967651e-01
6.897346675395965576e-02 3.733825385570526123e-01
6.003859043121337891e-01 5.598806142807006836e-01
3.683947026729583740e-01 4.530230909585952759e-02
5.293975472450256348e-01 8.304386138916015625e-01
1.190347820520401001e-01 6.371950358152389526e-02
3.748091757297515869e-01 2.584232091903686523e-01
3.193868994712829590e-01 7.164071202278137207e-01
6.871631741523742676e-01 1.439467966556549072e-01
7.915782928466796875e-01 9.865404963493347168e-01
7.781755328178405762e-01 2.809829115867614746e-01
9.235287308692932129e-01 8.380926251411437988e-01
8.123550415039062500e-01 3.607274591922760010e-01
3.800626993179321289e-01 8.403058648109436035e-01
5.279460549354553223e-01 1.038105189800262451e-01
6.630063802003860474e-02 7.544583678245544434e-01
3.005220890045166016e-01 1.285625547170639038e-01
9.155510067939758301e-01 4.832632839679718018e-01
3.120967149734497070e-01 7.525888830423355103e-02
9.321178197860717773e-01 7.503556013107299805e-01
5.905715283006429672e-03 3.901951014995574951e-01
6.529340147972106934e-01 9.790834188461303711e-01
8.939737677574157715e-01 2.095930129289627075e-01
8.354139924049377441e-01 9.064860939979553223e-01
1.694250106811523438e-01 4.124018549919128418e-01
4.110021889209747314e-01 6.998658180236816406e-01
2.915204688906669617e-02 1.236370205879211426e-01
5.961160659790039062e-01 2.802290022373199463e-01
9.496992230415344238e-01 1.056238040328025818e-01
7.886463999748229980e-01 5.857496857643127441e-01
9.265654087066650391e-01 5.180058479309082031e-01
5.353505015373229980e-01 7.875027060508728027e-01
9.130569696426391602e-01 7.599692940711975098e-01
6.555995941162109375e-01 5.298235416412353516e-01
7.513494491577148438e-01 6.196071505546569824e-01
6.532473564147949219e-01 9.065698981285095215e-01
9.093131422996520996e-01 2.974942028522491455e-01
9.464478492736816406e-01 8.075388669967651367e-01
4.940168261528015137e-01 2.482083886861801147e-01
5.236485004425048828e-01 4.766984283924102783e-01
6.080036759376525879e-01 7.114915847778320312e-01
8.722197413444519043e-01 3.051338195800781250e-01
2.364219725131988525e-01 8.968352675437927246e-01
6.072178483009338379e-02 4.710196554660797119e-01
6.174625754356384277e-01 4.038320183753967285e-01
1.567728519439697266e-01 4.424118995666503906e-01
3.895200788974761963e-01 7.555437684059143066e-01
2.925968542695045471e-02 9.028530120849609375e-01
4.504927396774291992e-01 3.582377433776855469e-01
2.461136281490325928e-01 2.758614122867584229e-01
1.303303390741348267e-01 1.551080048084259033e-01
2.973463237285614014e-01 1.783739961683750153e-02
8.633221983909606934e-01 2.600833177566528320e-01
1.164753213524818420e-01 2.511461377143859863e-01
3.755889832973480225e-01 3.959722220897674561e-01
4.840756952762603760e-01 8.043249845504760742e-01
1.075366698205471039e-02 4.229339063167572021e-01
1.168150082230567932e-01 2.891722023487091064e-01
7.296171188354492188e-01 5.406131148338317871e-01
4.777098596096038818e-01 6.531971096992492676e-01
9.128358960151672363e-01 7.185805439949035645e-01
4.066838026046752930e-01 1.912449151277542114e-01
1.830675452947616577e-01 1.823496222496032715e-01
1.596211642026901245e-01 3.613535761833190918e-01
7.763574123382568359e-01 5.015771389007568359e-01
8.041883707046508789e-01 2.227978035807609558e-02
7.529459595680236816e-01 4.727688729763031006e-01
5.182123184204101562e-02 9.624468684196472168e-01
6.060771346092224121e-01 5.233155488967895508e-01
2.547484934329986572e-01 1.807156503200531006e-01
3.215509653091430664e-01 9.078685045242309570e-01
6.854078173637390137e-01 9.148165583610534668e-01
2.112055867910385132e-01 2.273709625005722046e-01
1.696510910987854004e-01 8.750157803297042847e-02
1.740480065345764160e-01 3.795503675937652588e-01
2.092008739709854126e-01 5.081069469451904297e-01
1.779074370861053467e-01 2.516853809356689453e-01
2.663493454456329346e-01 9.163688421249389648e-01
3.302767872810363770e-01 5.338822603225708008e-01
4.798885285854339600e-01 2.819184362888336182e-01
5.348418951034545898e-01 4.476184248924255371e-01
1.499667465686798096e-01 3.766571581363677979e-01
6.705792546272277832e-01 6.509283781051635742e-01
8.166545033454895020e-01 8.609125018119812012e-01
5.751455426216125488e-01 3.394605219364166260e-01
7.482236623764038086e-01 2.511678040027618408e-01
1.823990195989608765e-01 5.119090676307678223e-01
6.819382309913635254e-01 3.935722261667251587e-02
7.631391286849975586e-01 5.881879329681396484e-01
4.464864432811737061e-01 3.718604519963264465e-02
7.140694856643676758e-01 6.159085631370544434e-01
1.394014209508895874e-01 1.231500282883644104e-01
9.865898489952087402e-01 7.821699231863021851e-02
9.663232564926147461e-01 6.272711157798767090e-01
8.709902167320251465e-01 8.340776562690734863e-01
3.071495890617370605e-01 1.123375818133354187e-01
8.217196464538574219e-01 8.136515617370605469e-01
2.043904662132263184e-01 3.032908774912357330e-02
1.481509953737258911e-01 1.202633306384086609e-01
5.251626372337341309e-01 1.247240826487541199e-01
9.285660386085510254e-01 8.695927262306213379e-01
7.120231986045837402e-01 8.526921272277832031e-01
2.069903910160064697e-02 2.148706763982772827e-01
4.757546782493591309e-01 6.935210227966308594e-01
2.784158587455749512e-01 3.824599981307983398e-01
1.520483344793319702e-01 6.296633481979370117e-01
3.221409618854522705e-01 9.519824981689453125e-01
9.157394766807556152e-01 7.606933116912841797e-01
8.460344076156616211e-01 1.988739371299743652e-01
2.708833217620849609e-01 4.972833096981048584e-01
4.829337894916534424e-01 5.043182969093322754e-01
1.931534893810749054e-02 3.628954291343688965e-01
7.979547381401062012e-01 5.944435596466064453e-01
2.365025505423545837e-02 9.708310961723327637e-01
1.425803750753402710e-01 2.801304757595062256e-01
9.379655718803405762e-01 4.784494340419769287e-01
8.492646217346191406e-01 9.448080062866210938e-01
4.779056012630462646e-01 9.915415942668914795e-02
3.246138095855712891e-01 9.792572855949401855e-01
8.536741137504577637e-01 6.723435521125793457e-01
6.668235063552856445e-01 8.138990402221679688e-02
4.954051375389099121e-01 3.189333975315093994e-01
8.711676001548767090e-01 4.884567856788635254e-01
1.556195914745330811e-01 4.575669467449188232e-01
4.175717830657958984e-01 4.607060551643371582e-01
2.521204054355621338e-01 2.588842213153839111e-01
2.300579696893692017e-01 2.515280842781066895e-01
3.579473197460174561e-01 3.351812958717346191e-01
2.184474617242813110e-01 5.497619509696960449e-03
8.016028255224227905e-02 3.423008322715759277e-02
1.356670409440994263e-01 7.254558205604553223e-01
1.581696420907974243e-01 5.517718791961669922e-01
1.609766334295272827e-01 4.596436321735382080e-01
8.487990498542785645e-01 4.829578697681427002e-01
2.180657386779785156e-01 6.176546812057495117e-01
4.374092221260070801e-01 3.080305159091949463e-01
7.644714713096618652e-01 6.812930703163146973e-01
4.052089750766754150e-01 2.788661718368530273e-01
5.769320726394653320e-01 8.037993907928466797e-01
6.087624430656433105e-01 3.149933740496635437e-02
9.894456863403320312e-01 2.659124732017517090e-01
1.732954978942871094e-01 7.022825479507446289e-01
9.613222479820251465e-01 8.325076103210449219e-02
5.023070573806762695e-01 7.814489006996154785e-01
7.356445193290710449e-01 5.827222466468811035e-01
2.080340832471847534e-01 5.401647686958312988e-01
5.457217693328857422e-01 7.211772799491882324e-01
5.441879034042358398e-01 1.356391608715057373e-01
8.357576131820678711e-01 9.396119713783264160e-01
7.402753233909606934e-01 9.974599480628967285e-01
8.992242217063903809e-01 5.474697351455688477e-01
7.124641537666320801e-01 4.349570274353027344e-01
6.817826628684997559e-01 4.320251569151878357e-02
9.691506028175354004e-01 5.782238766551017761e-02
8.390465974807739258e-01 5.263665914535522461e-01
2.996755242347717285e-01 5.062879323959350586e-01
6.457481980323791504e-01 5.918654203414916992e-01
3.921988904476165771e-01 5.286396741867065430e-01
8.615279197692871094e-01 6.234241127967834473e-01
3.047087229788303375e-02 9.425932168960571289e-02
7.847958207130432129e-01 2.653087377548217773e-01
1.155632361769676208e-01 4.954687654972076416e-01
6.509571671485900879e-01 3.332320749759674072e-01
7.585064768791198730e-01 3.878963589668273926e-01
5.323750972747802734e-01 1.070465147495269775e-01
5.504404306411743164e-01 9.757978320121765137e-01
1.725074797868728638e-01 3.948760032653808594e-01
4.132067263126373291e-01 8.258861899375915527e-01
4.074739515781402588e-01 7.871118187904357910e-01
9.551599621772766113e-02 2.411189526319503784e-01
1.817787140607833862e-01 5.624931305646896362e-02
6.848363876342773438e-01 8.231287598609924316e-01
4.381954073905944824e-01 4.442947804927825928e-01
7.835967540740966797e-01 2.916578054428100586e-01
4.269745200872421265e-02 1.647259891033172607e-01
8.947219699621200562e-02 4.640825092792510986e-01
2.665196955204010010e-01 3.202512562274932861e-01
9.064130187034606934e-01 6.119081377983093262e-02
1.731478273868560791e-01 8.715212941169738770e-01
1.767650991678237915e-01 1.598450988531112671e-01
3.193506598472595215e-01 3.496913611888885498e-01
3.825209140777587891e-01 8.621419668197631836e-01
9.810956120491027832e-01 5.132901072502136230e-01
3.653997555375099182e-02 8.095670342445373535e-01
4.126920998096466064e-01 4.273042976856231689e-01
9.561502933502197266e-01 1.648152023553848267e-01
4.626629948616027832e-01 7.710547745227813721e-02
3.833693861961364746e-01 1.649467945098876953e-01
9.881771206855773926e-01 8.821552395820617676e-01
6.876815557479858398e-01 3.833068907260894775e-01
3.757103085517883301e-01 4.309152066707611084e-02
7.417132854461669922e-01 3.063347339630126953e-01
1.797916144132614136e-01 7.354807257652282715e-01
8.863530755043029785e-01 1.558920294046401978e-01
9.606438875198364258e-02 1.579264253377914429e-01
7.971421480178833008e-01 8.198267817497253418e-01
7.459585070610046387e-01 7.160950303077697754e-01
4.751472473144531250e-01 7.976243495941162109e-01
6.785019040107727051e-01 7.643824815750122070e-01
1.906284689903259277e-01 1.452663093805313110e-01
6.817221641540527344e-01 6.843226552009582520e-01
4.101856052875518799e-01 4.901337623596191406e-01
2.977094352245330811e-01 5.644033551216125488e-01
8.856736421585083008e-01 8.983805775642395020e-01
7.449834346771240234e-01 6.162536740303039551e-01
6.589318513870239258e-01 6.504331231117248535e-01
5.043876171112060547e-01 5.815722346305847168e-01
7.012921571731567383e-01 2.131356596946716309e-01
2.640979290008544922e-01 9.306999444961547852e-01
7.864954471588134766e-01 3.371055722236633301e-01
2.830736339092254639e-01 3.162531852722167969e-01
6.686732769012451172e-01 9.017980098724365234e-01
5.538895726203918457e-01 8.297978043556213379e-01
2.615160644054412842e-01 6.809820234775543213e-02
1.803096681833267212e-01 9.298543632030487061e-02
5.477251410484313965e-01 9.180817604064941406e-01
5.376417636871337891e-01 5.637264847755432129e-01
9.142618179321289062e-01 5.184616446495056152e-01
3.506445586681365967e-01 9.191563129425048828e-01
1.955290883779525757e-01 2.355394065380096436e-01
6.081658601760864258e-01 6.530002355575561523e-01
4.593245983123779297e-01 5.198121070861816406e-01
8.573049902915954590e-01 9.143832921981811523e-01
4.519487619400024414e-01 5.512522459030151367e-01
2.281037718057632446e-01 9.320432543754577637e-01
3.376401066780090332e-01 5.186052322387695312e-01
2.475502043962478638e-01 6.038953661918640137e-01
6.251714378595352173e-02 1.977335214614868164e-01
6.237366795539855957e-01 9.416335225105285645e-01
9.086365103721618652e-01 3.579601943492889404e-01
2.381109446287155151e-01 8.955276012420654297e-01
5.622499585151672363e-01 7.872876524925231934e-01
6.576289534568786621e-01 6.774879693984985352e-01
4.769549071788787842e-01 1.241474747657775879e-01
7.202032208442687988e-01 6.944713592529296875e-01
3.893141150474548340e-01 3.554573953151702881e-01
7.850005030632019043e-01 5.512714982032775879e-01
6.343424916267395020e-01 6.686236262321472168e-01
1.612094342708587646e-01 1.112932562828063965e-01
3.450258970260620117e-01 2.144558429718017578e-01
7.127195596694946289e-01 7.727145552635192871e-01
6.988845765590667725e-02 8.821958303451538086e-01
5.408594608306884766e-01 3.025867044925689697e-01
2.775957882404327393e-01 4.414173364639282227e-01
6.568680405616760254e-01 4.617688059806823730e-01
8.631144165992736816e-01 7.070818543434143066e-01
6.416015028953552246e-01 9.110701829195022583e-02
7.453002929687500000e-01 2.870405614376068115e-01
7.549574971199035645e-01 7.280206084251403809e-01
9.626220464706420898e-01 8.641014099121093750e-01
6.681672334671020508e-01 9.638364315032958984e-01
1.915863603353500366e-01 2.531708478927612305e-01
8.668204545974731445e-01 4.332504868507385254e-01
4.311427772045135498e-01 8.402475118637084961e-01
6.183225512504577637e-01 2.095246165990829468e-01
1.855324506759643555e-01 2.956674695014953613e-01
6.163860559463500977e-01 2.438729256391525269e-01
9.845914244651794434e-01 1.237530633807182312e-01
8.361635804176330566e-01 7.225235700607299805e-01
1.033708825707435608e-01 5.680075883865356445e-01
2.974776737391948700e-02 4.300519227981567383e-01
8.827852010726928711e-01 2.812527120113372803e-01
5.980787277221679688e-01 8.213241100311279297e-01
4.708844423294067383e-01 9.417527914047241211e-01
5.276933312416076660e-01 6.438276171684265137e-01
8.748096972703933716e-02 1.143045499920845032e-01
9.489259123802185059e-01 7.826975584030151367e-01
2.930766902863979340e-02 4.102568328380584717e-01
7.602357268333435059e-01 2.231747657060623169e-01
5.969604253768920898e-01 7.334038019180297852e-01
1.302355080842971802e-01 9.656155109405517578e-01
2.148672789335250854e-01 2.907900512218475342e-01
8.449518680572509766e-02 1.932415366172790527e-02
8.096083402633666992e-01 1.127818822860717773e-01
3.867898583412170410e-01 8.987210988998413086e-01
5.093879103660583496e-01 7.845315933227539062e-01
1.291995793581008911e-01 5.239286422729492188e-01
4.359511137008666992e-01 4.854688346385955811e-01
5.073933601379394531e-01 2.331026270985603333e-02
4.004562497138977051e-01 9.685977548360824585e-02
4.124202728271484375e-01 3.816857933998107910e-01
6.942459344863891602e-01 6.343827247619628906e-01
3.479928672313690186e-01 8.623927831649780273e-01
3.949318230152130127e-01 8.616031408309936523e-01
7.647005915641784668e-01 6.118324398994445801e-01
1.729212515056133270e-02 6.126196980476379395e-01
3.405891060829162598e-01 5.244129300117492676e-01
5.943859219551086426e-01 6.467419266700744629e-01
2.465467341244220734e-02 9.945244193077087402e-01
1.947973519563674927e-01 1.215209588408470154e-01
6.849127411842346191e-01 7.550618052482604980e-01
5.174314379692077637e-01 7.539712637662887573e-02
4.204582571983337402e-01 9.980953931808471680e-01
4.605593085289001465e-01 6.159294843673706055e-01
6.234955787658691406e-01 7.380275726318359375e-01
9.842094182968139648e-01 6.986046433448791504e-01
8.203864693641662598e-01 9.904756546020507812e-01
9.061947464942932129e-01 4.705898836255073547e-02
7.397880554199218750e-01 7.094227075576782227e-01
1.356623172760009766e-01 5.833248496055603027e-01
5.214272141456604004e-01 3.847047984600067139e-01
2.769788205623626709e-01 3.718441724777221680e-01
5.575024485588073730e-01 9.279267191886901855e-01
2.425898015499114990e-01 2.568882107734680176e-01
8.769859075546264648e-01 5.343133807182312012e-01
5.455046892166137695e-01 4.352672696113586426e-01
2.519429326057434082e-01 6.764768064022064209e-02
9.964050650596618652e-01 5.212541222572326660e-01
3.180181086063385010e-01 6.144958734512329102e-01
4.807316958904266357e-01 3.195605240762233734e-03
4.246993660926818848e-01 2.405157499015331268e-02
2.917431592941284180e-01 9.116647839546203613e-01
8.189350366592407227e-02 6.075324863195419312e-02
8.369294404983520508e-01 7.157111167907714844e-01
7.565336227416992188e-01 7.188852429389953613e-01
1.321288049221038818e-01 3.169234097003936768e-01
8.719813823699951172e-01 8.564464449882507324e-01
8.170921802520751953e-01 3.603729978203773499e-02
3.007135540246963501e-02 2.180349975824356079e-01
2.630022764205932617e-01 5.213810205459594727e-01
5.451910495758056641e-01 3.983787000179290771e-01
1.349429190158843994e-01 5.546280145645141602e-01
6.307451128959655762e-01 5.603656172752380371e-01
3.947134912014007568e-01 3.629876375198364258e-01
9.182744622230529785e-01 8.133622407913208008e-01
8.424935340881347656e-01 8.234702050685882568e-02
4.490668475627899170e-01 5.834993720054626465e-01
3.405491709709167480e-01 7.690435647964477539e-01
5.072839260101318359e-01 7.380394339561462402e-01
4.437116086483001709e-01 1.970736235380172729e-01
6.560510993003845215e-01 6.050041913986206055e-01
5.590112209320068359e-01 7.811209559440612793e-01
5.433447957038879395e-01 6.384804844856262207e-02
5.315941199660301208e-02 2.018497139215469360e-01
9.803783297538757324e-01 3.072967007756233215e-02
7.517550587654113770e-01 1.565446704626083374e-01
7.869137525558471680e-01 7.388488054275512695e-01
6.955781579017639160e-01 4.544575810432434082e-01
7.822180986404418945e-01 2.301526367664337158e-01
8.228973150253295898e-01 6.983955502510070801e-01
3.793569505214691162e-01 9.979265928268432617e-01
3.399080932140350342e-01 9.902536869049072266e-02
7.835648059844970703e-01 8.289690017700195312e-01
6.675938516855239868e-02 9.524296224117279053e-02
8.323456048965454102e-01 2.223020344972610474e-01
5.786491557955741882e-02 2.231018543243408203e-01
7.649120688438415527e-01 3.302867710590362549e-01
1.078805103898048401e-01 6.480823457241058350e-02
2.291866242885589600e-01 2.512156665325164795e-01
4.388837516307830811e-01 1.273889690637588501e-01
9.359683841466903687e-03 8.409658670425415039e-01
7.053487896919250488e-01 8.111522793769836426e-01
5.278238058090209961e-01 3.495983183383941650e-01
5.001572966575622559e-01 4.130783975124359131e-01
5.056454334408044815e-03 7.415657043457031250e-01
3.483113050460815430e-01 8.681420087814331055e-01
7.371166944503784180e-01 7.969623208045959473e-01
7.111818790435791016e-01 6.384653449058532715e-01
7.134027481079101562e-01 7.975371479988098145e-01
7.905123233795166016e-01 5.920214056968688965e-01
6.274877190589904785e-01 3.453310132026672363e-01
6.728454828262329102e-01 9.882495999336242676e-01
1.788783222436904907e-01 1.009932458400726318e-01
2.674531638622283936e-01 8.540909737348556519e-02
1.263518184423446655e-01 9.424759447574615479e-02
9.705179333686828613e-01 2.086678147315979004e-01
3.043238520622253418e-01 6.963276267051696777e-01
4.504608511924743652e-01 2.026159912347793579e-01
1.904232800006866455e-01 3.898651897907257080e-02
1.240930482745170593e-01 6.760511398315429688e-01
4.657682478427886963e-01 7.698773741722106934e-01
8.740793466567993164e-01 7.550000548362731934e-01
1.935910284519195557e-01 1.806143224239349365e-01
7.860330343246459961e-01 4.312257766723632812e-01
5.298468470573425293e-01 1.938287019729614258e-01
7.246273756027221680e-01 6.916613578796386719e-01
3.907365202903747559e-01 2.483412176370620728e-01
1.286065131425857544e-01 1.532856673002243042e-01
4.599188864231109619e-01 9.012675285339355469e-01
4.324674904346466064e-01 4.075912535190582275e-01
7.571989670395851135e-03 1.790947020053863525e-01
6.492727398872375488e-01 3.975727558135986328e-01
3.111516535282135010e-01 4.114300608634948730e-01
6.551256775856018066e-01 4.881597757339477539e-01
5.055427923798561096e-02 1.339081078767776489e-01
8.060386776924133301e-02 5.412583351135253906e-01
3.403887748718261719e-01 5.088599920272827148e-01
7.307651638984680176e-01 5.298794507980346680e-01
4.420225322246551514e-01 6.846765279769897461e-01
5.653288364410400391e-01 2.149679809808731079e-01
6.522298790514469147e-03 6.803890466690063477e-01
5.819792151451110840e-01 2.797654867172241211e-01
8.448267579078674316e-01 5.199042558670043945e-01
3.545278012752532959e-01 9.514569044113159180e-01
9.740704894065856934e-01 3.824556618928909302e-02
1.855774372816085815e-01 9.304280281066894531e-01
5.760818347334861755e-02 3.249889910221099854e-01
2.508966326713562012e-01 4.247196614742279053e-01
5.228710174560546875e-01 3.370129466056823730e-01
5.204185843467712402e-01 8.928005099296569824e-01
7.525045871734619141e-01 4.921642839908599854e-01
6.881208419799804688e-01 6.260172724723815918e-01
5.897176265716552734e-01 9.461266994476318359e-01
8.423278927803039551e-01 8.223854899406433105e-01
6.213417053222656250e-01 2.479763031005859375e-01
7.120507955551147461e-01 3.944199383258819580e-01
3.476647138595581055e-01 7.595025897026062012e-01
6.699652075767517090e-01 8.701120018959045410e-01
7.694459557533264160e-01 5.992414951324462891e-01
5.247701406478881836e-01 9.777713567018508911e-02
3.943391740322113037e-01 2.508113980293273926e-01
4.562703967094421387e-01 4.452130496501922607e-01
5.583063364028930664e-01 4.085043072700500488e-01
8.841983079910278320e-01 4.583517014980316162e-01
8.350934982299804688e-01 7.481173425912857056e-02
7.307846099138259888e-02 4.265746772289276123e-01
1.787017136812210083e-01 3.594507277011871338e-01
5.312016606330871582e-01 3.940507769584655762e-01
9.159988760948181152e-01 7.920895814895629883e-01
4.613672494888305664e-01 4.462508559226989746e-01
6.431075930595397949e-01 4.782420694828033447e-01
7.247068285942077637e-01 9.392994046211242676e-01
3.275799453258514404e-01 3.317997455596923828e-01
8.368934988975524902e-01 7.542667984962463379e-01
3.077408969402313232e-01 1.414031237363815308e-01
9.194543957710266113e-01 4.119364619255065918e-01
7.916632890701293945e-01 1.953849941492080688e-01
1.407195925712585449e-01 1.200229376554489136e-01
7.917501926422119141e-01 7.243394851684570312e-02
8.009235262870788574e-01 7.675993442535400391e-01
4.745641946792602539e-01 8.499452471733093262e-01
3.990513980388641357e-01 5.845414996147155762e-01
5.078676342964172363e-01 4.255605936050415039e-01
6.813855171203613281e-01 9.742844104766845703e-02
5.417113900184631348e-01 1.859722137451171875e-01
6.044903993606567383e-01 2.767636179924011230e-01
9.946067631244659424e-02 9.017904400825500488e-01
1.657389998435974121e-01 5.955061912536621094e-01
1.617898195981979370e-01 9.682892262935638428e-02
2.219339646399021149e-02 2.958475351333618164e-01
1.957084238529205322e-01 5.900214910507202148e-01
4.275194704532623291e-01 4.331229031085968018e-01
1.841556578874588013e-01 8.116551637649536133e-01
7.514573335647583008e-01 6.833568811416625977e-01
7.791973352432250977e-01 6.615700125694274902e-01
2.821374833583831787e-01 1.965825557708740234e-01
1.748582124710083008e-01 8.808526396751403809e-01
2.343199849128723145e-01 2.224627286195755005e-01
1.037181168794631958e-01 3.064767718315124512e-01
3.816415667533874512e-01 3.076183795928955078e-01
5.262357592582702637e-01 8.267207443714141846e-02
1.053576841950416565e-01 7.155665159225463867e-01
6.352890729904174805e-01 7.749272584915161133e-01
4.742904007434844971e-01 1.151844114065170288e-01
4.939710497856140137e-01 5.007200837135314941e-01
9.570986777544021606e-02 1.099989339709281921e-01
9.808100759983062744e-02 7.668763399124145508e-01
2.714368999004364014e-01 4.071075320243835449e-01
9.541136622428894043e-01 9.606875181198120117e-01
7.490449547767639160e-01 2.483659684658050537e-01
9.054270386695861816e-01 3.934542089700698853e-02
5.884432196617126465e-01 5.155572891235351562e-01
6.689801216125488281e-01 8.138288855552673340e-01
2.936511635780334473e-01 1.362934708595275879e-01
2.931938171386718750e-01 7.827152013778686523e-01
3.302289843559265137e-01 5.719171091914176941e-02
6.414404511451721191e-01 5.326910018920898438e-01
1.322554498910903931e-01 5.383757352828979492e-01
8.112435936927795410e-01 3.956102132797241211e-01
7.806248664855957031e-01 9.450233578681945801e-01
4.586269855499267578e-01 2.372917532920837402e-01
7.961753010749816895e-01 4.643016755580902100e-01
1.192080676555633545e-01 2.061201184988021851e-01
6.720618605613708496e-01 7.848204970359802246e-01
5.471987128257751465e-01 6.630034446716308594e-01
9.847807288169860840e-01 4.031002223491668701e-01
1.562707573175430298e-01 9.674509167671203613e-01
1.300928592681884766e-01 2.736681401729583740e-01
6.015918254852294922e-01 7.370922565460205078e-01
9.605459570884704590e-01 9.510493874549865723e-01
8.127102851867675781e-01 1.286657303571701050e-01
4.886702299118041992e-01 7.268832325935363770e-01
1.094005554914474487e-01 8.487733453512191772e-02
6.118035912513732910e-01 3.893823921680450439e-01
3.674019873142242432e-02 6.835595965385437012e-01
6.379406154155731201e-02 6.410424709320068359e-01
9.185989499092102051e-01 9.774696230888366699e-01
3.822943270206451416e-01 5.192511081695556641e-01
2.816706597805023193e-01 5.553081631660461426e-01
3.934593796730041504e-01 8.050493001937866211e-01
8.099778555333614349e-03 1.593790501356124878e-01
6.031314730644226074e-01 7.588453888893127441e-01
7.441934943199157715e-01 7.659181952476501465e-01
7.585970759391784668e-01 8.123968839645385742e-01
7.620988488197326660e-01 3.632287979125976562e-01
9.122645854949951172e-01 8.912655711174011230e-01
6.153976321220397949e-01 9.197760820388793945e-01
5.633298754692077637e-01 4.022136330604553223e-01
7.380170822143554688e-01 9.793425798416137695e-01
9.716243147850036621e-01 2.320173382759094238e-01
2.290029823780059814e-01 1.711826622486114502e-01
5.421363115310668945e-01 3.974742293357849121e-01
9.363297224044799805e-01 7.009121179580688477e-01
8.129150271415710449e-01 6.147996187210083008e-01
9.094323515892028809e-01 3.202864229679107666e-01
5.907604098320007324e-02 3.648045957088470459e-01
5.405948162078857422e-01 2.165637165307998657e-01
1.772697865962982178e-01 6.266608834266662598e-02
3.519678115844726562e-01 6.306224465370178223e-01
2.985526621341705322e-01 2.837255299091339111e-01
7.945451736450195312e-01 4.857524037361145020e-01
5.400909110903739929e-02 8.683808147907257080e-02
5.736026763916015625e-01 2.219312191009521484e-01
9.146189689636230469e-01 2.130020558834075928e-01
6.262943148612976074e-01 2.586597800254821777e-01
3.654032945632934570e-01 5.518811345100402832e-01
2.534364759922027588e-01 6.841468811035156250e-01
8.858398795127868652e-01 7.582077383995056152e-01
1.857671588659286499e-01 2.816793620586395264e-01
5.736347436904907227e-01 6.564344763755798340e-01
5.532651543617248535e-01 4.619715809822082520e-01
3.878712952136993408e-01 4.477609097957611084e-01
6.462301313877105713e-02 3.022694587707519531e-01
3.186955153942108154e-01 7.774447798728942871e-01
8.866802453994750977e-01 2.834283113479614258e-01
8.911194205284118652e-01 8.273848295211791992e-01
2.827540934085845947e-01 1.995558887720108032e-01
4.908647835254669189e-01 7.120255827903747559e-01
7.651110887527465820e-01 8.654653429985046387e-01
1.126101836562156677e-01 4.489139914512634277e-01
9.545207768678665161e-02 6.241613030433654785e-01
7.561876773834228516e-01 8.383789658546447754e-01
2.722522057592868805e-02 9.677672982215881348e-01
