6.155458688735961914e-01 1.247769966721534729e-01
9.006763100624084473e-01 5.570455789566040039e-01
2.966339290142059326e-01 7.658032178878784180e-01
6.176369190216064453e-01 5.607599616050720215e-01
6.368390917778015137e-01 3.887788653373718262e-01
5.977193713188171387e-01 4.898004233837127686e-02
4.451884329319000244e-01 3.249584436416625977e-01
5.959867238998413086e-01 8.141044974327087402e-01
4.612577557563781738e-01 7.266593575477600098e-01
5.277935862541198730e-01 8.725228905677795410e-01
9.702508449554443359e-01 8.006383180618286133e-01
8.512040600180625916e-03 6.236191987991333008e-01
6.242660880088806152e-01 7.922655940055847168e-01
7.779894471168518066e-01 1.114728972315788269e-01
8.338045477867126465e-01 1.048552617430686951e-01
8.359698057174682617e-01 3.041774928569793701e-01
6.152787208557128906e-01 2.094009816646575928e-01
8.389151096343994141e-01 3.012315928936004639e-01
9.454501867294311523e-01 9.577828049659729004e-01
8.775185346603393555e-01 2.771041989326477051e-01
6.680612266063690186e-02 4.713777303695678711e-01
5.701996684074401855e-01 3.121533989906311035e-02
3.472898304462432861e-01 3.626152873039245605e-01
8.970255255699157715e-01 7.285212278366088867e-01
6.006489992141723633e-01 8.445427417755126953e-01
4.586106836795806885e-01 2.412931621074676514e-01
4.035885334014892578e-01 7.664320468902587891e-01
3.303771018981933594e-01 5.529578924179077148e-01
6.558986902236938477e-01 2.927068173885345459e-01
2.065795660018920898e-01 3.034506142139434814e-01
7.341036796569824219e-01 9.144812077283859253e-02
4.169432073831558228e-02 9.535930156707763672e-01
1.385692209005355835e-01 5.565953999757766724e-02
7.500669956207275391e-01 6.398572325706481934e-01
1.499672681093215942e-01 8.502324819564819336e-01
4.912177920341491699e-01 8.373272418975830078e-01
8.973997831344604492e-01 5.715475082397460938e-01
4.630281925201416016e-01 6.771552562713623047e-01
5.256337523460388184e-01 9.782713651657104492e-01
7.123906612396240234e-01 1.068915277719497681e-01
7.195100784301757812e-01 8.695216774940490723e-01
8.881685137748718262e-01 4.941876530647277832e-01
7.961758375167846680e-01 3.072018623352050781e-01
9.495269060134887695e-01 4.038088917732238770e-01
2.342884242534637451e-01 8.986234664916992188e-01
8.259146213531494141e-01 8.872371912002563477e-01
6.091258302330970764e-02 3.774974346160888672e-01
1.629440337419509888e-01 7.752553224563598633e-01
9.564949870109558105e-01 3.891837894916534424e-01
4.882166683673858643e-01 4.503482580184936523e-01
5.852434635162353516e-01 5.786474347114562988e-01
9.764153361320495605e-01 7.809085845947265625e-01
9.751942753791809082e-01 3.756605088710784912e-01
3.137086331844329834e-02 9.885618835687637329e-02
8.478981852531433105e-01 1.939123868942260742e-01
4.030249714851379395e-01 3.608319759368896484e-01
4.909582138061523438e-01 6.647004485130310059e-01
1.124612614512443542e-01 2.054510861635208130e-01
1.365600973367691040e-01 1.176502853631973267e-01
4.593150913715362549e-01 1.510237306356430054e-01
4.566093087196350098e-01 1.117742881178855896e-01
9.986620545387268066e-01 6.196648478507995605e-01
8.293183445930480957e-01 5.820666551589965820e-01
8.282070755958557129e-01 2.129259109497070312e-01
1.534870266914367676e-02 9.477786421775817871e-01
6.472560763359069824e-01 6.499041318893432617e-01
7.679876089096069336e-01 6.158435344696044922e-01
3.675127923488616943e-01 2.682793736457824707e-01
6.931293010711669922e-01 1.218506395816802979e-01
1.723297834396362305e-01 9.926519393920898438e-01
7.913874387741088867e-01 4.885400831699371338e-01
6.855550408363342285e-01 1.512508094310760498e-01
6.636645793914794922e-01 8.453214168548583984e-01
4.376217257231473923e-03 9.064619541168212891e-01
1.115179210901260376e-01 8.667908310890197754e-01
5.612263679504394531e-01 7.539815306663513184e-01
2.326349020004272461e-01 1.113541722297668457e-01
2.219242602586746216e-01 6.279528141021728516e-02
8.788266777992248535e-01 2.911672294139862061e-01
6.297123432159423828e-01 8.636407256126403809e-01
3.087126314640045166e-01 6.049621701240539551e-01
2.534852623939514160e-01 1.123277842998504639e-01
1.376776397228240967e-01 1.882602572441101074e-01
4.909900128841400146e-01 3.429038226604461670e-01
7.524121403694152832e-01 5.144299864768981934e-01
6.403285861015319824e-01 7.547678947448730469e-01
4.410044848918914795e-01 8.176508545875549316e-02
3.752743452787399292e-02 4.866767227649688721e-01
8.527947068214416504e-01 1.861212849617004395e-01
9.754359126091003418e-01 9.216342568397521973e-01
9.795926809310913086e-01 7.388139367103576660e-01
9.065209627151489258e-01 2.227233946323394775e-01
9.978775978088378906e-01 1.814993917942047119e-01
3.614083826541900635e-01 7.134057283401489258e-01
7.709263265132904053e-02 1.644501239061355591e-01
8.816115856170654297e-01 1.118054464459419250e-01
5.706338286399841309e-01 5.896777510643005371e-01
5.741611868143081665e-02 1.067138370126485825e-02
2.289453744888305664e-01 7.369545102119445801e-01
1.507591605186462402e-01 1.327554285526275635e-01
2.363908737897872925e-01 7.619383931159973145e-01
9.385273456573486328e-01 3.046946525573730469e-01
6.138787865638732910e-01 3.413122892379760742e-01
9.053087234497070312e-01 8.592420816421508789e-01
3.165722489356994629e-01 9.687355756759643555e-01
7.870856523513793945e-01 4.282318651676177979e-01
9.951710104942321777e-01 1.287481039762496948e-01
6.210160255432128906e-01 4.119280874729156494e-01
7.048644423484802246e-01 4.533189237117767334e-01
8.837125301361083984e-01 3.356127440929412842e-01
4.411990344524383545e-01 1.083693876862525940e-01
4.205041229724884033e-01 9.221282601356506348e-01
4.618616104125976562e-01 6.426149513572454453e-03
7.230854630470275879e-01 4.961511790752410889e-01
5.350188910961151123e-02 2.641556560993194580e-01
6.791110038757324219e-01 8.751673698425292969e-01
7.136314362287521362e-02 4.026919305324554443e-01
9.754209518432617188e-01 3.346094861626625061e-02
3.668217957019805908e-01 9.153556823730468750e-01
8.991444110870361328e-01 9.271938800811767578e-01
2.886885106563568115e-01 7.198917865753173828e-02
4.021493196487426758e-01 4.679013192653656006e-01
4.847756773233413696e-02 5.929902195930480957e-01
1.906630843877792358e-01 1.510782390832901001e-01
2.172390967607498169e-01 5.776814818382263184e-01
8.365225195884704590e-01 1.502318233251571655e-01
9.597745537757873535e-01 5.785355344414710999e-02
1.891700029373168945e-01 3.902071118354797363e-01
8.728418946266174316e-01 3.676972985267639160e-01
6.917290687561035156e-01 1.847406774759292603e-01
2.931116521358489990e-01 9.913779497146606445e-01
3.008033335208892822e-01 3.781040608882904053e-01
6.140462756156921387e-01 5.451012253761291504e-01
8.387632369995117188e-01 3.261290788650512695e-01
9.601150155067443848e-01 6.234083697199821472e-02
7.601501941680908203e-01 9.767748117446899414e-01
9.589760899543762207e-01 9.860411286354064941e-01
8.189119100570678711e-01 5.933697819709777832e-01
1.464244872331619263e-01 8.729274272918701172e-01
7.331405282020568848e-01 1.257814168930053711e-01
6.768637299537658691e-01 7.268621325492858887e-01
7.602579593658447266e-01 7.730109989643096924e-02
6.737961769104003906e-01 7.503786087036132812e-01
8.648354411125183105e-01 8.385168313980102539e-01
8.412723541259765625e-01 5.878980159759521484e-01
4.566824138164520264e-01 1.762007027864456177e-01
5.368211269378662109e-01 9.040246009826660156e-01
7.570959925651550293e-01 4.248135983943939209e-01
5.371466279029846191e-01 7.982240915298461914e-01
5.422516167163848877e-02 5.588356852531433105e-01
9.578055143356323242e-01 1.730172485113143921e-01
8.782098889350891113e-01 8.354226350784301758e-01
3.769720494747161865e-01 7.474961876869201660e-01
4.305540621280670166e-01 6.368335485458374023e-01
5.876191258430480957e-01 3.955875709652900696e-02
9.591745138168334961e-01 7.349762916564941406e-01
4.776483178138732910e-01 7.606575489044189453e-01
8.152484297752380371e-01 3.932330310344696045e-01
4.310482442378997803e-01 4.850940406322479248e-01
6.624875664710998535e-01 8.462293744087219238e-01
7.069392502307891846e-02 7.657495141029357910e-01
9.897090792655944824e-01 7.158898711204528809e-01
8.322623372077941895e-01 5.653180181980133057e-02
8.946924805641174316e-01 8.029473423957824707e-01
2.459879517555236816e-01 4.203931391239166260e-01
9.526289701461791992e-01 1.051317006349563599e-01
5.924126505851745605e-01 2.341581135988235474e-02
1.602262072265148163e-02 3.567394614219665527e-01
6.373338699340820312e-01 9.506524205207824707e-01
8.868815302848815918e-01 7.670536637306213379e-01
6.522324085235595703e-01 8.808666467666625977e-01
9.555045366287231445e-01 9.616772532463073730e-01
4.741781055927276611e-01 1.913525909185409546e-01
7.627668380737304688e-01 3.401670753955841064e-01
8.186812996864318848e-01 8.292927145957946777e-01
8.119021654129028320e-01 2.600491642951965332e-01
5.563057661056518555e-01 2.097298204898834229e-01
8.133607506752014160e-01 5.799691081047058105e-01
3.785421848297119141e-01 8.043005317449569702e-02
8.171977996826171875e-01 7.748552560806274414e-01
9.761841893196105957e-01 2.797729074954986572e-01
6.966557502746582031e-01 6.221856921911239624e-02
5.450307726860046387e-01 6.883377432823181152e-01
5.182923078536987305e-01 2.146258205175399780e-01
3.693817257881164551e-01 6.603692173957824707e-01
9.562003612518310547e-01 3.720560073852539062e-01
5.544854402542114258e-01 4.704459011554718018e-01
1.954005658626556396e-01 5.619247555732727051e-01
5.996763110160827637e-01 6.367601752281188965e-01
1.333441138267517090e-01 7.458558678627014160e-01
9.160882234573364258e-01 3.414208590984344482e-01
6.117883920669555664e-01 2.289693355560302734e-01
4.773928523063659668e-01 2.357110530138015747e-01
9.678797125816345215e-01 9.712216854095458984e-01
1.797527819871902466e-01 8.195041418075561523e-01
1.237606704235076904e-01 3.515219092369079590e-01
6.103231906890869141e-01 5.292868614196777344e-01
7.039998769760131836e-01 1.939405947923660278e-01
6.245446801185607910e-01 8.995147049427032471e-02
8.255850523710250854e-02 9.286586046218872070e-01
9.748147726058959961e-01 5.373896360397338867e-01
5.254524350166320801e-01 6.815333366394042969e-01
8.640057593584060669e-02 6.945593953132629395e-01
4.014607667922973633e-01 5.857967734336853027e-01
8.918407559394836426e-02 8.192569017410278320e-01
8.664817214012145996e-01 2.125637680292129517e-01
3.977577686309814453e-01 9.042094945907592773e-01
3.082911670207977295e-01 8.431486487388610840e-01
8.925885558128356934e-01 4.527461528778076172e-01
9.680681824684143066e-01 9.405203461647033691e-01
7.425139546394348145e-01 7.007091641426086426e-01
8.665536046028137207e-01 3.001214237883687019e-03
6.914080977439880371e-01 5.261562466621398926e-01
5.451419949531555176e-02 2.946137189865112305e-01
2.464103400707244873e-01 7.480822205543518066e-01
3.836570978164672852e-01 5.596556663513183594e-01
9.532625079154968262e-01 3.482441902160644531e-01
8.754099719226360321e-03 2.749147117137908936e-01
6.941258907318115234e-01 5.361664891242980957e-01
3.193612769246101379e-02 6.305813193321228027e-01
2.379056662321090698e-01 3.426212072372436523e-01
4.655546247959136963e-01 9.131699800491333008e-02
8.826888203620910645e-01 7.947065681219100952e-02
6.228931546211242676e-01 2.571353614330291748e-01
7.660447955131530762e-01 2.695287168025970459e-01
4.743453562259674072e-01 8.791177272796630859e-01
4.408842027187347412e-01 2.857449948787689209e-01
8.314272165298461914e-01 3.833963871002197266e-01
8.633483052253723145e-01 4.445407986640930176e-01
5.779118537902832031e-01 8.438023924827575684e-02
4.038383960723876953e-01 9.280498027801513672e-01
3.061540126800537109e-01 6.702342033386230469e-01
5.182289481163024902e-01 9.573363661766052246e-01
1.467387005686759949e-02 5.416341125965118408e-03
8.788502216339111328e-01 8.286609649658203125e-01
7.110633887350559235e-03 1.390431076288223267e-01
1.629584580659866333e-01 6.630531549453735352e-01
8.432592153549194336e-01 9.849287271499633789e-01
1.128121092915534973e-01 5.696387290954589844e-01
6.050850152969360352e-01 8.759194016456604004e-01
3.864250481128692627e-01 1.082780286669731140e-01
7.513863444328308105e-01 1.551207751035690308e-01
9.494971036911010742e-01 7.415166497230529785e-01
6.658497452735900879e-01 7.212172150611877441e-01
7.003944516181945801e-01 9.907722473144531250e-01
7.780653238296508789e-01 6.215560436248779297e-01
5.741171240806579590e-01 2.573020458221435547e-01
4.296585917472839355e-01 8.023526072502136230e-01
5.695154070854187012e-01 2.602922357618808746e-02
4.906771481037139893e-01 5.855916142463684082e-01
7.537947297096252441e-01 8.571189045906066895e-01
8.921322226524353027e-01 3.802089989185333252e-01
6.950264573097229004e-01 9.663061499595642090e-01
4.064388275146484375e-01 4.885044097900390625e-01
1.155605614185333252e-01 6.228924989700317383e-01
9.261272549629211426e-01 2.983540855348110199e-02
4.114573895931243896e-01 6.624828577041625977e-01
8.836114406585693359e-01 9.284351021051406860e-02
7.085596323013305664e-01 4.873687326908111572e-01
9.983299374580383301e-01 8.673959970474243164e-01
6.365585923194885254e-01 7.065345644950866699e-01
7.774064540863037109e-01 5.080181360244750977e-01
8.561393022537231445e-01 5.779617428779602051e-01
2.169826775789260864e-01 4.609252810478210449e-01
1.144273355603218079e-01 2.583561241626739502e-01
9.952021241188049316e-01 7.035942077636718750e-01
5.754400417208671570e-02 7.680040001869201660e-01
4.108588993549346924e-01 9.556596279144287109e-01
9.639379978179931641e-01 4.005529284477233887e-01
8.737473189830780029e-02 1.517057269811630249e-01
4.439282417297363281e-01 3.858474791049957275e-01
9.405556321144104004e-01 2.003015130758285522e-01
7.781260013580322266e-01 4.850248396396636963e-01
6.680477857589721680e-01 1.213771104812622070e-01
8.700238466262817383e-01 5.224497318267822266e-01
6.681696772575378418e-01 6.489899158477783203e-01
2.399321794509887695e-01 1.833190172910690308e-01
7.933321595191955566e-01 2.392886877059936523e-01
5.313494205474853516e-01 1.958117038011550903e-01
9.037494659423828125e-01 6.781182289123535156e-01
9.379433393478393555e-01 3.096679747104644775e-01
9.849165081977844238e-01 4.905740022659301758e-01
7.445949316024780273e-01 4.455389678478240967e-01
6.330991387367248535e-01 7.322878241539001465e-01
8.975285887718200684e-01 7.354199290275573730e-01
2.014332264661788940e-01 4.548962116241455078e-01
7.551648616790771484e-01 9.076808393001556396e-02
7.145314812660217285e-01 1.985938251018524170e-01
8.618342280387878418e-01 4.192168712615966797e-01
7.495353817939758301e-01 4.359183609485626221e-01
5.810476839542388916e-03 2.468367218971252441e-01
2.359257638454437256e-01 4.846361577510833740e-01
8.782790899276733398e-01 1.208453103899955750e-01
4.083114266395568848e-01 2.190611660480499268e-01
1.059603840112686157e-01 8.801514506340026855e-01
2.910294532775878906e-01 1.374790817499160767e-01
4.998896420001983643e-01 6.346485461108386517e-04
3.382547199726104736e-01 5.226882100105285645e-01
1.597998440265655518e-01 5.201033949851989746e-01
7.907312512397766113e-01 5.619361400604248047e-01
8.632158041000366211e-01 3.569200038909912109e-01
9.014383554458618164e-01 7.192872762680053711e-01
5.877476334571838379e-01 3.808254897594451904e-01
3.823389410972595215e-01 7.426348924636840820e-01
2.730461061000823975e-01 8.933542966842651367e-01
6.609410643577575684e-01 6.917169094085693359e-01
3.683249950408935547e-01 6.177189350128173828e-01
2.601357698440551758e-01 8.832203596830368042e-02
5.691103339195251465e-01 2.572920024394989014e-01
3.126525133848190308e-02 3.077543526887893677e-02
9.878168702125549316e-01 3.694145679473876953e-01
8.089783191680908203e-01 1.136710643768310547e-01
7.709813714027404785e-01 2.536454796791076660e-01
7.561796903610229492e-01 2.182405441999435425e-01
2.311954498291015625e-01 9.519265890121459961e-01
7.242047190666198730e-01 5.976120829582214355e-01
3.693717420101165771e-01 6.566134095191955566e-01
6.634154319763183594e-01 2.389167845249176025e-01
9.236590266227722168e-01 3.871984481811523438e-01
8.376510441303253174e-02 4.782482087612152100e-01
9.521460533142089844e-01 4.473026096820831299e-01
8.016288876533508301e-01 6.659700870513916016e-01
8.655756115913391113e-01 2.043332532048225403e-02
4.972466528415679932e-01 6.269508004188537598e-01
4.920841157436370850e-01 6.785154342651367188e-02
9.737713932991027832e-01 9.468074142932891846e-02
4.546938836574554443e-01 5.306654572486877441e-01
3.167596161365509033e-01 9.718577861785888672e-01
2.140875719487667084e-02 7.664699554443359375e-01
5.292356014251708984e-01 8.436857461929321289e-01
7.112158536911010742e-01 6.254383921623229980e-01
4.425306320190429688e-01 8.544347882270812988e-01
6.519405245780944824e-01 3.180394470691680908e-01
8.630428910255432129e-01 5.483174920082092285e-01
1.455784738063812256e-01 8.359875679016113281e-01
2.120461165904998779e-01 5.781483054161071777e-01
8.754113316535949707e-01 9.407305717468261719e-01
4.695418775081634521e-01 4.871877133846282959e-01
8.941587209701538086e-01 6.768353283405303955e-02
4.670102000236511230e-01 4.748938381671905518e-01
5.941221117973327637e-01 6.281229257583618164e-01
9.843111038208007812e-02 6.516699492931365967e-02
4.225427657365798950e-02 2.959727942943572998e-01
6.362632513046264648e-01 9.366371631622314453e-01
4.550405740737915039e-01 6.027539372444152832e-01
7.906014919281005859e-01 2.143924683332443237e-01
2.604833841323852539e-01 1.371642202138900757e-02
9.168617129325866699e-01 3.220694065093994141e-01
6.482402086257934570e-01 9.524049162864685059e-01
1.123885959386825562e-01 7.706622481346130371e-01
8.477858304977416992e-01 1.418375819921493530e-01
7.366135716438293457e-01 3.679125607013702393e-01
1.565518528223037720e-01 9.082530140876770020e-01
8.920401334762573242e-01 3.587057068943977356e-02
2.688132412731647491e-02 9.934344291687011719e-01
6.008536815643310547e-01 1.331349462270736694e-01
9.176282286643981934e-01 6.885729432106018066e-01
2.980219721794128418e-01 7.733572721481323242e-01
7.057023793458938599e-02 2.688169181346893311e-01
7.757219672203063965e-01 3.865219056606292725e-01
7.644167542457580566e-01 5.377548933029174805e-01
6.505055427551269531e-01 8.161188364028930664e-01
9.966577291488647461e-01 7.279219031333923340e-01
6.964083313941955566e-01 4.623745381832122803e-01
5.569380521774291992e-01 6.449320316314697266e-01
5.763563513755798340e-01 3.782308101654052734e-01
6.750964522361755371e-01 8.834560960531234741e-02
5.072083473205566406e-01 2.147213071584701538e-01
2.266458570957183838e-01 6.968904137611389160e-01
4.638262093067169189e-01 5.936840772628784180e-01
9.177775382995605469e-01 2.777182757854461670e-01
4.235525056719779968e-02 3.603999316692352295e-01
9.035063385963439941e-01 1.688041538000106812e-01
5.760576948523521423e-02 4.203462973237037659e-02
9.312013983726501465e-01 7.779561281204223633e-01
5.023776888847351074e-01 2.429019957780838013e-01
5.996183753013610840e-01 5.529941320419311523e-01
7.514358758926391602e-01 8.279220461845397949e-01
2.417740076780319214e-01 8.200427889823913574e-02
8.406532406806945801e-01 2.503826916217803955e-01
1.274088472127914429e-01 5.313424468040466309e-01
7.405676245689392090e-01 4.204386174678802490e-01
2.302258461713790894e-01 7.666749954223632812e-01
8.970369100570678711e-01 6.754748225212097168e-01
5.983893871307373047e-01 4.100146889686584473e-01
7.909581065177917480e-01 9.397439658641815186e-02
9.594709873199462891e-01 1.157761588692665100e-01
6.733663082122802734e-01 5.591836571693420410e-01
6.854696869850158691e-01 7.225398439913988113e-03
3.482022881507873535e-01 5.101329684257507324e-01
3.373741805553436279e-01 2.228017896413803101e-01
2.354415059089660645e-01 9.671333432197570801e-01
8.650448918342590332e-02 1.804490759968757629e-02
3.107808828353881836e-01 6.244113445281982422e-01
1.484860777854919434e-01 2.095713466405868530e-01
7.018880844116210938e-01 3.812152743339538574e-01
8.499570935964584351e-02 6.198744177818298340e-01
9.054889678955078125e-01 6.734844297170639038e-02
9.008910059928894043e-01 5.194664597511291504e-01
7.561177015304565430e-01 3.805288299918174744e-02
6.971819400787353516e-01 8.885685801506042480e-01
4.783137440681457520e-01 6.582865715026855469e-01
4.613965153694152832e-01 1.017472073435783386e-01
3.958157896995544434e-01 1.066179051995277405e-01
2.945931628346443176e-02 6.859886646270751953e-01
6.163293123245239258e-01 4.439700245857238770e-01
9.582595229148864746e-01 4.284733533859252930e-01
5.980232357978820801e-01 5.098419785499572754e-01
5.650277137756347656e-01 2.718581855297088623e-01
8.604251146316528320e-01 3.399416506290435791e-01
6.064975857734680176e-01 5.396654605865478516e-01
4.289385974407196045e-01 8.719682693481445312e-01
9.149277210235595703e-01 4.762098193168640137e-01
6.806249618530273438e-01 8.131030797958374023e-01
7.373189926147460938e-01 6.998340487480163574e-01
3.691350221633911133e-01 2.245712280273437500e-02
8.132974505424499512e-01 4.786865115165710449e-01
4.442929029464721680e-01 4.819476008415222168e-01
9.463054537773132324e-01 7.411615848541259766e-01
2.888095378875732422e-02 1.268007699400186539e-02
6.220984086394309998e-02 8.700049519538879395e-01
9.860619902610778809e-02 1.982908844947814941e-01
8.730131983757019043e-01 4.526576697826385498e-01
7.874138355255126953e-01 5.532741546630859375e-01
7.512978911399841309e-01 7.200293540954589844e-01
5.715234875679016113e-01 8.170395344495773315e-02
4.767031967639923096e-01 5.996693372726440430e-01
9.698855280876159668e-01 3.571802377700805664e-01
4.749135673046112061e-01 4.415075108408927917e-02
9.033296704292297363e-01 5.501919984817504883e-01
6.479009389877319336e-01 5.814591646194458008e-01
7.910297513008117676e-01 4.651234447956085205e-01
8.712224364280700684e-01 6.557331681251525879e-01
7.319378852844238281e-01 2.280844748020172119e-01
3.398024737834930420e-01 4.080156385898590088e-01
8.430306911468505859e-01 2.059413939714431763e-01
8.180373311042785645e-01 4.891098141670227051e-01
2.437538281083106995e-02 2.520442306995391846e-01
6.918130069971084595e-02 4.018415510654449463e-01
6.202443838119506836e-01 3.697077929973602295e-01
1.548201739788055420e-01 9.290945529937744141e-01
5.373145937919616699e-01 5.097143650054931641e-01
6.036525964736938477e-01 2.345332354307174683e-01
4.031073749065399170e-01 4.257442951202392578e-01
6.654694676399230957e-01 9.210749864578247070e-01
2.373301535844802856e-01 4.347075521945953369e-02
1.420407593250274658e-01 8.429039716720581055e-01
7.681632041931152344e-01 5.318767428398132324e-01
8.167348504066467285e-01 7.143502235412597656e-01
6.706857681274414062e-01 1.875278949737548828e-01
8.749006390571594238e-01 2.740081846714019775e-01
2.643908262252807617e-01 2.139958888292312622e-01
1.170299425721168518e-01 8.079715967178344727e-01
7.692971229553222656e-01 5.558407902717590332e-01
7.542327046394348145e-01 7.914414405822753906e-01
9.691604971885681152e-01 3.721503317356109619e-01
9.088941812515258789e-01 4.830902218818664551e-01
9.101867079734802246e-01 3.939785659313201904e-01
7.901699542999267578e-01 7.487420737743377686e-02
8.508464694023132324e-01 2.377018034458160400e-01
5.520598292350769043e-01 1.367596089839935303e-01
7.737685441970825195e-01 2.949840724468231201e-01
8.272355198860168457e-01 2.424563318490982056e-01
8.211898058652877808e-02 1.696837693452835083e-01
7.526682615280151367e-01 3.517967164516448975e-01
4.200471639633178711e-01 8.151453137397766113e-01
7.540576457977294922e-01 8.437204957008361816e-01
6.136810779571533203e-01 8.110361099243164062e-01
8.931546211242675781e-01 7.928822636604309082e-01
7.347441315650939941e-01 4.446652829647064209e-01
1.090476736426353455e-01 3.312278538942337036e-02
3.601551651954650879e-01 4.038707613945007324e-01
3.975151181221008301e-01 3.388020694255828857e-01
9.650496840476989746e-01 5.104466080665588379e-01
5.773724913597106934e-01 6.825488805770874023e-01
9.426809549331665039e-01 7.049652338027954102e-01
3.456507325172424316e-01 1.367019396275281906e-02
3.619219362735748291e-01 6.655474901199340820e-01
4.607171565294265747e-02 2.939695417881011963e-01
8.130560517311096191e-01 4.454576969146728516e-01
7.829147577285766602e-01 2.261654883623123169e-01
9.285064339637756348e-01 8.746592700481414795e-02
2.924259752035140991e-02 4.458766877651214600e-01
7.239544987678527832e-01 8.802526593208312988e-01
1.075294166803359985e-01 1.499794870615005493e-01
1.109962984919548035e-01 4.132669270038604736e-01
4.587445259094238281e-01 8.813989758491516113e-01
1.962857842445373535e-01 3.872553706169128418e-01
8.972438573837280273e-01 1.125107929110527039e-01
7.828240841627120972e-02 5.040845870971679688e-01
1.393067240715026855e-01 7.568375468254089355e-01
4.457286596298217773e-01 8.535369038581848145e-01
7.199762463569641113e-01 5.627379417419433594e-01
2.470931224524974823e-02 2.826360464096069336e-01
1.547212302684783936e-01 7.234231829643249512e-01
2.467897534370422363e-01 8.721227049827575684e-01
6.271870136260986328e-01 5.599817633628845215e-01
5.315079689025878906e-01 9.998384714126586914e-01
8.334795236587524414e-01 3.920838832855224609e-01
5.981343388557434082e-01 2.767944633960723877e-01
1.564106196165084839e-01 9.714487791061401367e-01
1.336225867271423340e-01 6.402735710144042969e-01
7.225909829139709473e-01 6.055061817169189453e-01
2.165468037128448486e-01 9.551814794540405273e-01
8.599511981010437012e-01 4.605211317539215088e-01
5.020757317543029785e-01 2.050126194953918457e-01
3.076787292957305908e-01 8.442791104316711426e-01
8.015312552452087402e-01 4.749485552310943604e-01
2.453487366437911987e-02 3.934082090854644775e-01
9.242815375328063965e-01 1.998162865638732910e-01
7.829313278198242188e-01 5.754208564758300781e-01
8.431652784347534180e-01 3.082666695117950439e-01
3.500821292400360107e-01 7.241231203079223633e-02
2.791672945022583008e-01 8.577197194099426270e-01
9.885533452033996582e-01 1.958028972148895264e-01
4.645181000232696533e-01 5.859469994902610779e-02
6.764668226242065430e-01 9.942768216133117676e-01
7.822964191436767578e-01 3.114475011825561523e-01
5.200001597404479980e-02 3.167762756347656250e-01
2.770557999610900879e-01 2.478062957525253296e-01
9.894177317619323730e-01 9.756978750228881836e-01
9.986603856086730957e-01 6.394330263137817383e-01
3.100976943969726562e-01 1.130610797554254532e-02
8.892358541488647461e-01 8.902003169059753418e-01
4.358568191528320312e-01 6.397981047630310059e-01
5.071339607238769531e-01 7.370926737785339355e-01
2.483201213181018829e-02 4.714503884315490723e-01
8.933418989181518555e-01 9.989989995956420898e-01
9.783377051353454590e-01 3.648688495159149170e-01
2.648980319499969482e-01 4.988023638725280762e-01
5.444025993347167969e-01 6.853692531585693359e-01
8.036736249923706055e-01 7.247789502143859863e-01
2.578575909137725830e-01 8.007522225379943848e-01
3.092671632766723633e-01 5.636038184165954590e-01
4.822873771190643311e-01 9.826371669769287109e-01
6.105074882507324219e-01 4.623679816722869873e-01
4.624300897121429443e-01 7.271738052368164062e-01
7.845968008041381836e-01 2.688270509243011475e-01
4.392126202583312988e-01 1.354374438524246216e-01
5.506116747856140137e-01 2.327012121677398682e-01
9.104873538017272949e-01 9.084931612014770508e-01
6.672973036766052246e-01 2.680632174015045166e-01
1.967156380414962769e-01 9.843624234199523926e-01
4.266319051384925842e-02 9.867675304412841797e-01
7.514635920524597168e-01 2.283754525706171989e-03
7.630360722541809082e-01 7.354175448417663574e-01
6.555096507072448730e-01 9.392969608306884766e-01
8.764314055442810059e-01 7.026833891868591309e-01
6.300382018089294434e-01 4.065115153789520264e-01
9.149489402770996094e-01 2.977391481399536133e-01
1.787114329636096954e-02 7.971531152725219727e-01
1.722406037151813507e-02 3.149408102035522461e-01
6.317815780639648438e-01 1.748482435941696167e-01
8.491433858871459961e-01 4.544183909893035889e-01
9.077937006950378418e-01 6.103041768074035645e-02
8.534257411956787109e-01 8.827950954437255859e-01
3.800401985645294189e-01 8.668268918991088867e-01
2.737234532833099365e-01 1.267844438552856445e-01
2.346951365470886230e-01 4.098425433039665222e-02
6.281940937042236328e-01 1.867116428911685944e-02
6.150929331779479980e-01 2.053871899843215942e-01
6.013242602348327637e-01 3.940364122390747070e-01
1.536652445793151855e-02 6.969293206930160522e-02
6.614761427044868469e-03 8.068463802337646484e-01
4.308873116970062256e-01 7.016147971153259277e-01
3.555732071399688721e-01 9.719236493110656738e-01
2.013524621725082397e-01 2.407073043286800385e-02
1.099762618541717529e-01 1.334580630064010620e-01
6.401471495628356934e-01 5.551600456237792969e-01
7.799791097640991211e-01 3.085213480517268181e-03
9.451535344123840332e-01 4.690195918083190918e-01
3.396612703800201416e-01 6.826382875442504883e-02
3.396962285041809082e-01 3.694106340408325195e-01
5.650489404797554016e-02 4.456118047237396240e-01
1.383962184190750122e-01 3.588365614414215088e-01
4.482097327709197998e-01 7.821987867355346680e-01
1.375178247690200806e-02 7.709334790706634521e-02
8.345338106155395508e-01 9.906433522701263428e-02
7.780249118804931641e-01 3.876424729824066162e-01
6.885222792625427246e-01 8.846014142036437988e-01
7.061948180198669434e-01 6.295964717864990234e-01
3.583052158355712891e-01 5.859968066215515137e-01
9.436163306236267090e-01 7.113009095191955566e-01
9.341100603342056274e-02 5.966613888740539551e-01
7.999542951583862305e-01 6.176150441169738770e-01
7.693069577217102051e-01 8.319094777107238770e-01
3.097843825817108154e-01 1.696385890245437622e-01
5.517746806144714355e-01 6.438227891921997070e-01
1.499280929565429688e-01 9.078393578529357910e-01
4.432027041912078857e-01 7.856955379247665405e-02
6.358551979064941406e-01 9.941842555999755859e-01
7.988986372947692871e-01 8.689830303192138672e-01
5.938240289688110352e-01 1.788761466741561890e-01
9.017966389656066895e-01 9.797215461730957031e-01
6.765847802162170410e-01 4.710581600666046143e-01
9.459386467933654785e-01 2.798396944999694824e-01
9.216862916946411133e-01 3.567394912242889404e-01
1.614317893981933594e-01 9.206972718238830566e-01
4.245803952217102051e-01 8.135043382644653320e-01
1.471621692180633545e-01 3.578235208988189697e-01
9.609779715538024902e-01 6.081701517105102539e-01
5.119957327842712402e-01 7.559088468551635742e-01
9.901823997497558594e-01 5.660463571548461914e-01
4.058071672916412354e-01 3.122719228267669678e-01
9.132663607597351074e-01 4.336034059524536133e-01
4.630899056792259216e-02 3.878646492958068848e-01
2.740838825702667236e-01 2.756069004535675049e-01
6.469489932060241699e-01 4.014560580253601074e-01
9.489633440971374512e-01 9.720125198364257812e-01
2.174152880907058716e-01 9.439507126808166504e-01
8.251352310180664062e-01 5.164684057235717773e-01
7.622646689414978027e-01 5.250539779663085938e-01
1.635928601026535034e-01 1.063383668661117554e-01
8.835973143577575684e-01 8.336281180381774902e-01
2.126217484474182129e-01 7.555928826332092285e-01
7.697541117668151855e-01 7.663518935441970825e-02
3.231342434883117676e-01 2.832053899765014648e-01
8.967786431312561035e-01 6.012452244758605957e-01
2.036428600549697876e-01 4.631406962871551514e-01
7.215713262557983398e-01 4.792145192623138428e-01
7.166316360235214233e-02 1.650428324937820435e-01
6.366608142852783203e-01 4.927254021167755127e-01
2.645588815212249756e-01 3.550166264176368713e-02
7.135897278785705566e-01 4.402988404035568237e-02
6.768016815185546875e-01 7.495182752609252930e-01
6.792487502098083496e-01 6.118430495262145996e-01
6.369789242744445801e-01 7.166482806205749512e-01
9.463525414466857910e-01 1.065601706504821777e-01
9.424211382865905762e-01 7.033957839012145996e-01
3.253209292888641357e-01 3.451057076454162598e-01
9.707778096199035645e-01 5.558937788009643555e-01
8.586051464080810547e-01 3.543064892292022705e-01
4.411982595920562744e-01 9.615969657897949219e-01
2.214185744524002075e-01 6.642969846725463867e-01
6.754406690597534180e-01 7.487837076187133789e-01
4.146516323089599609e-01 2.069208472967147827e-01
6.881420612335205078e-01 4.357618689537048340e-01
4.750657677650451660e-01 7.003047466278076172e-01
4.782592356204986572e-01 1.979842334985733032e-01
9.787961840629577637e-01 7.064113020896911621e-01
5.028969049453735352e-01 2.786731719970703125e-01
6.033705472946166992e-01 7.812508940696716309e-01
9.688210487365722656e-01 3.746137619018554688e-01
6.436223387718200684e-01 2.692595720291137695e-01
2.817813456058502197e-01 4.685821235179901123e-01
4.025577306747436523e-01 6.648504734039306641e-01
3.838829398155212402e-01 8.052007108926773071e-02
5.627594590187072754e-01 2.504042983055114746e-01
5.788518190383911133e-01 4.648239910602569580e-01
8.549185991287231445e-01 9.597132205963134766e-01
6.291241049766540527e-01 2.182103320956230164e-02
3.683003783226013184e-01 8.546381592750549316e-01
9.064964652061462402e-01 1.167549714446067810e-01
7.147530913352966309e-01 8.072206377983093262e-01
2.892359793186187744e-01 1.046397835016250610e-01
1.526954621076583862e-01 6.098740696907043457e-01
6.693244576454162598e-01 1.948983408510684967e-02
4.759272933006286621e-01 6.013742089271545410e-01
9.970728754997253418e-01 1.779527962207794189e-01
1.384821534156799316e-01 4.521648585796356201e-01
7.499848008155822754e-01 9.637308716773986816e-01
6.097320914268493652e-01 7.005161046981811523e-02
5.572132468223571777e-01 3.841275465674698353e-04
4.314039945602416992e-01 7.115815877914428711e-01
1.571545600891113281e-01 6.537148952484130859e-01
4.891272187232971191e-01 2.417934089899063110e-01
5.928285717964172363e-01 9.814113974571228027e-01
7.553056478500366211e-01 8.967366218566894531e-01
3.941666781902313232e-01 5.681158304214477539e-01
9.013487100601196289e-01 7.111530303955078125e-01
1.473716944456100464e-01 4.593074619770050049e-01
6.403099894523620605e-01 6.350257396697998047e-01
9.329962134361267090e-01 1.694654226303100586e-01
7.889643311500549316e-01 1.817921102046966553e-01
5.786255598068237305e-01 7.930437326431274414e-01
4.867853820323944092e-01 9.196425080299377441e-01
4.359844624996185303e-01 5.191358327865600586e-01
6.886409521102905273e-01 6.204999685287475586e-01
1.958249807357788086e-01 9.045339226722717285e-01
6.007350608706474304e-02 8.379624038934707642e-02
3.542587459087371826e-01 2.449719011783599854e-01
8.922305107116699219e-01 9.968189001083374023e-01
5.832917690277099609e-01 9.214823842048645020e-01
9.004614353179931641e-01 4.395814538002014160e-01
9.597405195236206055e-01 1.871133893728256226e-01
7.001668214797973633e-01 9.030826091766357422e-01
1.971001923084259033e-01 4.708218872547149658e-01
9.961309432983398438e-01 6.653191447257995605e-01
5.307050943374633789e-01 2.807740271091461182e-01
9.007806181907653809e-01 1.558749079704284668e-01
3.286542594432830811e-01 6.207451224327087402e-01
6.804380416870117188e-01 4.811384975910186768e-01
3.610159754753112793e-01 1.015620082616806030e-01
8.955952525138854980e-01 3.753155767917633057e-01
5.454536676406860352e-01 4.570210874080657959e-01
9.362127780914306641e-01 6.518382430076599121e-01
7.110017538070678711e-02 9.975934028625488281e-01
8.176679611206054688e-01 5.644929409027099609e-01
2.044668942689895630e-01 4.027738273143768311e-01
5.591433048248291016e-01 8.394621610641479492e-01
1.573195010423660278e-01 4.388937950134277344e-01
2.452606856822967529e-01 7.079685330390930176e-01
6.498727016150951385e-03 8.809701204299926758e-01
1.100770756602287292e-01 6.873538345098495483e-02
7.246959805488586426e-01 5.052913427352905273e-01
5.204276442527770996e-01 8.419771492481231689e-02
9.696478843688964844e-01 1.582472175359725952e-01
9.077563285827636719e-01 6.581515669822692871e-01
5.422614216804504395e-01 1.246923282742500305e-01
7.476634979248046875e-01 2.999007105827331543e-01
8.342921137809753418e-01 6.838369369506835938e-01
6.647977232933044434e-01 3.268908858299255371e-01
9.888235479593276978e-02 6.506060361862182617e-01
4.724951386451721191e-01 5.843667387962341309e-01
7.361965775489807129e-01 8.711190819740295410e-01
7.895817160606384277e-01 8.584032058715820312e-01
8.527050614356994629e-01 4.240729287266731262e-02
1.375362128019332886e-01 4.556030333042144775e-01
2.412861734628677368e-01 6.568419337272644043e-01
8.996152281761169434e-01 2.102594524621963501e-01
9.273606538772583008e-01 2.701784670352935791e-01
6.591122150421142578e-01 4.967061877250671387e-01
3.796720877289772034e-02 6.760080903768539429e-02
6.664878726005554199e-01 2.855106592178344727e-01
8.075779676437377930e-01 4.361520111560821533e-01
2.069741189479827881e-01 6.548051536083221436e-02
9.215508103370666504e-01 8.511568307876586914e-01
8.669620752334594727e-01 6.344395875930786133e-01
5.849063396453857422e-01 2.017979770898818970e-01
8.199478387832641602e-01 1.526937782764434814e-01
1.488014459609985352e-01 7.386296987533569336e-02
9.473735690116882324e-01 9.782301187515258789e-01
2.171776443719863892e-01 7.300414443016052246e-01
4.429765045642852783e-01 4.081201553344726562e-01
4.630227386951446533e-01 2.863013148307800293e-01
7.195206284523010254e-01 7.731733322143554688e-01
5.760786533355712891e-01 3.923737406730651855e-01
6.269085407257080078e-01 3.705599904060363770e-01
6.189867854118347168e-01 1.327398717403411865e-01
6.841071844100952148e-01 7.637809514999389648e-01
8.849801421165466309e-01 6.194810569286346436e-02
7.695812582969665527e-01 6.876176595687866211e-02
2.207639515399932861e-01 8.216360807418823242e-01
5.496464371681213379e-01 7.795467227697372437e-02
8.795030713081359863e-01 2.495318353176116943e-01
9.914698600769042969e-01 5.583297461271286011e-02
6.106986403465270996e-01 2.710738480091094971e-01
5.501873046159744263e-02 3.535941839218139648e-01
9.226595163345336914e-01 5.559028983116149902e-01
5.454068779945373535e-01 8.062319755554199219e-01
7.364330291748046875e-01 5.087054967880249023e-01
2.746784314513206482e-02 4.039947092533111572e-01
2.229499518871307373e-01 5.630318447947502136e-02
2.924964129924774170e-01 4.059344828128814697e-01
2.950542867183685303e-01 2.459794431924819946e-01
3.147436976432800293e-01 3.859067559242248535e-01
9.230419397354125977e-01 2.101727724075317383e-01
3.047424256801605225e-01 2.761814296245574951e-01
7.476654052734375000e-01 1.090636923909187317e-01
6.628604531288146973e-01 7.068959474563598633e-01
7.609632015228271484e-01 5.680748224258422852e-01
4.736477136611938477e-02 9.355492591857910156e-01
2.187530249357223511e-01 9.489852786064147949e-01
9.135868549346923828e-01 5.624563694000244141e-01
8.188788890838623047e-01 3.238825500011444092e-02
6.802484989166259766e-01 6.161293387413024902e-01
2.276213467121124268e-01 9.005580544471740723e-01
9.246695637702941895e-01 8.892910480499267578e-01
1.954658031463623047e-01 3.030211329460144043e-01
4.678719639778137207e-01 3.142322897911071777e-01
9.963206201791763306e-02 3.558639883995056152e-01
9.576303362846374512e-01 8.564237356185913086e-01
4.943634271621704102e-01 2.480776514858007431e-03
3.124790489673614502e-01 6.065939664840698242e-01
1.521446555852890015e-01 5.297198891639709473e-01
6.542041897773742676e-01 3.893327713012695312e-01
6.414040327072143555e-01 5.327407121658325195e-01
3.149744272232055664e-01 4.410926997661590576e-01
6.225315928459167480e-01 2.639634907245635986e-01
9.723042249679565430e-01 4.842565357685089111e-01
6.798857450485229492e-01 7.178872823715209961e-01
1.419570595026016235e-01 3.610197305679321289e-01
9.323466420173645020e-01 7.567081451416015625e-01
4.200989305973052979e-01 7.855208516120910645e-01
2.778235375881195068e-01 4.525519311428070068e-01
6.364757418632507324e-01 3.355187177658081055e-01
6.823644638061523438e-01 2.425245940685272217e-01
6.767479181289672852e-01 6.641437411308288574e-01
4.120956063270568848e-01 8.936716914176940918e-01
9.384146928787231445e-01 2.445171624422073364e-01
5.944789648056030273e-01 8.547477126121520996e-01
6.724447607994079590e-01 9.280803799629211426e-01
5.888428688049316406e-01 2.910052239894866943e-01
4.387170076370239258e-01 7.905781269073486328e-01
8.990023732185363770e-01 2.434947192668914795e-01
2.620086371898651123e-01 5.711676552891731262e-02
9.441374540328979492e-01 5.063431262969970703e-01
8.368661254644393921e-02 6.199184060096740723e-01
3.372653201222419739e-02 9.398567080497741699e-01
5.087852478027343750e-01 4.410708248615264893e-01
9.626101851463317871e-01 3.072842657566070557e-01
9.336819648742675781e-01 7.345098853111267090e-01
6.869952678680419922e-01 8.419327139854431152e-01
5.642493069171905518e-02 3.843423724174499512e-01
8.357573151588439941e-01 3.457548618316650391e-01
9.584660530090332031e-01 2.922122180461883545e-01
5.033088326454162598e-01 6.317718625068664551e-01
6.775715947151184082e-02 1.698846817016601562e-01
1.163025014102458954e-02 5.043932795524597168e-01
5.008591413497924805e-01 6.821572035551071167e-02
1.661923713982105255e-03 8.461992144584655762e-01
9.994229078292846680e-01 9.510166049003601074e-01
2.182951718568801880e-01 2.138258218765258789e-01
1.446319520473480225e-01 1.858866065740585327e-01
6.777766346931457520e-01 4.289227426052093506e-01
4.604768157005310059e-01 4.857367277145385742e-01
3.644528090953826904e-01 8.721230030059814453e-01
2.668876349925994873e-01 2.177227139472961426e-01
4.458494782447814941e-01 6.902953237295150757e-02
8.051358461380004883e-01 4.766320586204528809e-01
3.438600301742553711e-01 9.989727735519409180e-01
7.578805685043334961e-01 9.957025945186614990e-02
6.869067996740341187e-02 8.468633890151977539e-01
9.449277520179748535e-01 7.817576080560684204e-02
6.772776246070861816e-01 1.816754043102264404e-01
1.793376505374908447e-01 1.351279616355895996e-01
8.089269399642944336e-01 9.492890238761901855e-01
6.666560769081115723e-01 2.423856258392333984e-01
6.794809103012084961e-01 3.233489096164703369e-01
5.848171114921569824e-01 1.568407751619815826e-02
6.638867855072021484e-01 3.810481131076812744e-01
5.466650128364562988e-01 9.048882126808166504e-01
7.261118292808532715e-01 8.260971903800964355e-01
9.124768972396850586e-01 2.498496174812316895e-01
6.659825444221496582e-01 2.995823323726654053e-01
1.884614974260330200e-01 1.885810941457748413e-01
6.335889548063278198e-02 5.558700561523437500e-01
6.851375102996826172e-01 8.415564894676208496e-02
2.228897809982299805e-01 5.013896226882934570e-01
9.957644939422607422e-01 9.922516942024230957e-01
6.962480396032333374e-02 8.011997342109680176e-01
2.393140643835067749e-01 2.518177628517150879e-01
7.669360935688018799e-02 3.655419051647186279e-01
6.769357323646545410e-01 4.258537888526916504e-01
8.826907873153686523e-01 1.016831696033477783e-01
2.603943645954132080e-01 8.721787929534912109e-01
9.440273046493530273e-01 1.295524239540100098e-01
7.169218063354492188e-01 9.059678763151168823e-02
3.175233006477355957e-01 1.956260800361633301e-01
8.173065185546875000e-01 4.777249991893768311e-01
7.802796363830566406e-01 9.679917693138122559e-01
5.394899845123291016e-01 1.561750918626785278e-01
7.775009274482727051e-01 6.209144592285156250e-01
3.002794086933135986e-01 3.779220283031463623e-01
9.549497365951538086e-01 3.033902347087860107e-01
4.639732241630554199e-01 3.436543941497802734e-01
8.850925564765930176e-01 3.752098977565765381e-01
7.169010043144226074e-01 3.567302972078323364e-02
9.733981490135192871e-01 2.102370709180831909e-01
2.440231293439865112e-01 7.963342070579528809e-01
6.123237609863281250e-01 3.695037662982940674e-01
7.788943648338317871e-01 1.300646066665649414e-01
6.033540964126586914e-01 5.907073020935058594e-01
7.536741495132446289e-01 1.995903700590133667e-01
6.099931597709655762e-01 7.564534544944763184e-01
2.823766767978668213e-01 2.021386474370956421e-01
1.292536556720733643e-01 4.948171377182006836e-01
7.726252079010009766e-01 9.674566388130187988e-01
9.930892586708068848e-01 2.728841900825500488e-01
4.382272660732269287e-01 9.264342784881591797e-01
1.587986946105957031e-01 8.405937552452087402e-01
5.629686117172241211e-01 2.710273861885070801e-01
3.703144490718841553e-01 3.607634007930755615e-01
9.757815003395080566e-01 8.718488216400146484e-01
9.927287101745605469e-01 9.228961169719696045e-02
4.103901684284210205e-01 7.312864661216735840e-01
8.939125537872314453e-01 9.366781264543533325e-02
2.366932630538940430e-01 1.477410644292831421e-01
3.690852224826812744e-01 3.541657328605651855e-01
2.899416722357273102e-02 8.812835216522216797e-01
3.996952474117279053e-01 8.873814344406127930e-01
5.792317986488342285e-01 4.701616466045379639e-01
2.062192261219024658e-01 8.718401789665222168e-01
2.934377789497375488e-01 2.809526324272155762e-01
9.683402180671691895e-01 9.203505516052246094e-01
7.778334617614746094e-01 2.688535749912261963e-01
1.386947482824325562e-01 7.815778255462646484e-02
5.880041122436523438e-01 2.908542752265930176e-01
9.740595221519470215e-01 5.483275651931762695e-01
1.393894851207733154e-01 2.095265127718448639e-02
1.882850974798202515e-01 7.788518667221069336e-01
7.564578652381896973e-01 1.247102618217468262e-01
1.512038707733154297e-02 8.007857203483581543e-01
3.731129169464111328e-01 6.901971250772476196e-02
3.936683833599090576e-01 1.431051492691040039e-01
7.756454348564147949e-01 5.577051639556884766e-02
9.504748582839965820e-01 7.095991373062133789e-01
5.135809779167175293e-01 8.707677125930786133e-01
1.823835074901580811e-01 9.851853251457214355e-01
1.400192677974700928e-01 1.440054625272750854e-01
4.452765583992004395e-01 8.989042639732360840e-01
4.156586527824401855e-01 2.536822296679019928e-02
6.632663607597351074e-01 7.217271625995635986e-02
9.694166183471679688e-01 1.816726624965667725e-01
9.631075859069824219e-01 9.205089807510375977e-01
8.152788281440734863e-01 6.157999634742736816e-01
2.455787509679794312e-01 8.243708014488220215e-01
9.094631671905517578e-01 2.599380314350128174e-01
3.462274372577667236e-02 8.960821032524108887e-01
5.734980702400207520e-01 5.167181491851806641e-01
1.351222842931747437e-01 8.927881121635437012e-01
1.744128316640853882e-01 5.846316218376159668e-01
6.984899193048477173e-02 6.658045202493667603e-02
9.055445790290832520e-01 1.371595114469528198e-01
3.451590538024902344e-01 1.865848600864410400e-01
5.263252928853034973e-02 8.590705394744873047e-01
5.620201826095581055e-01 5.294619202613830566e-01
4.833466410636901855e-01 8.800646662712097168e-01
9.357037544250488281e-01 1.312871724367141724e-01
1.822707802057266235e-01 3.043926954269409180e-01
1.855434924364089966e-01 1.811088919639587402e-01
5.489286780357360840e-01 9.751407504081726074e-01
3.792735934257507324e-01 2.155784517526626587e-01
7.256382703781127930e-01 3.477583825588226318e-01
6.436255574226379395e-01 2.297522276639938354e-01
1.389586329460144043e-01 3.992706239223480225e-01
6.243767142295837402e-01 5.714830756187438965e-01
1.656228452920913696e-01 2.957498729228973389e-01
1.217869222164154053e-01 3.935580253601074219e-01
1.291685849428176880e-01 4.428506791591644287e-01
6.143103837966918945e-01 4.003506898880004883e-01
4.223268330097198486e-01 3.460253775119781494e-01
6.047806143760681152e-01 7.356370687484741211e-01
4.621038734912872314e-01 5.939252376556396484e-01
3.784986734390258789e-01 9.313255548477172852e-01
3.310921192169189453e-01 1.577571481466293335e-01
2.331456393003463745e-01 4.952007234096527100e-01
7.060730457305908203e-01 7.638599276542663574e-01
9.432147145271301270e-01 2.976169995963573456e-02
2.948297560214996338e-01 7.253264784812927246e-01
2.123806178569793701e-01 1.421780139207839966e-01
2.313705831766128540e-01 8.336848616600036621e-01
8.859156370162963867e-01 1.578614711761474609e-01
1.757405102252960205e-01 8.884503692388534546e-02
5.428086221218109131e-02 7.729789614677429199e-01
6.148330569267272949e-01 3.468934297561645508e-01
5.268763303756713867e-01 8.891205787658691406e-01
2.445730268955230713e-01 8.441621065139770508e-01
9.179280400276184082e-01 1.039869803935289383e-02
6.986646652221679688e-01 5.196436047554016113e-01
7.712373733520507812e-01 3.273434638977050781e-01
1.028762236237525940e-01 4.910817146301269531e-01
3.215608745813369751e-02 2.534276843070983887e-01
3.971689939498901367e-01 2.723268270492553711e-01
1.787759363651275635e-01 9.899533987045288086e-01
7.301828861236572266e-01 1.574226319789886475e-01
6.853265166282653809e-01 2.626032829284667969e-01
2.894297540187835693e-01 9.715581536293029785e-01
8.988404870033264160e-01 5.107615590095520020e-01
7.815539836883544922e-01 9.813185334205627441e-01
3.244580235332250595e-03 3.636178374290466309e-01
2.670173943042755127e-01 9.817836284637451172e-01
9.760106801986694336e-01 2.202527076005935669e-01
8.735987544059753418e-01 1.171706467866897583e-01
6.892103552818298340e-01 6.939832568168640137e-01
4.641235470771789551e-01 9.080887436866760254e-01
9.875907301902770996e-01 2.393052428960800171e-01
7.180601358413696289e-01 8.193816989660263062e-02
5.103985071182250977e-01 7.670980095863342285e-01
4.105146527290344238e-01 7.316623926162719727e-01
8.571723103523254395e-01 8.232498168945312500e-01
7.368420958518981934e-01 8.947879076004028320e-01
2.718989849090576172e-01 1.714937239885330200e-01
7.823199629783630371e-01 5.879637002944946289e-01
7.785571739077568054e-03 5.302968025207519531e-01
7.687804102897644043e-01 4.127095043659210205e-01
1.181042715907096863e-01 9.693472981452941895e-01
6.145028471946716309e-01 2.290258854627609253e-01
9.490431547164916992e-01 1.442858576774597168e-01
3.649351000785827637e-02 9.555450677871704102e-01
1.938339471817016602e-01 8.093279004096984863e-01
8.294378519058227539e-01 3.999690413475036621e-01
9.133818745613098145e-01 4.553394019603729248e-01
9.720994234085083008e-01 2.498046159744262695e-01
1.977973878383636475e-01 5.891337990760803223e-01
2.570486068725585938e-01 8.532194495201110840e-01
1.704041510820388794e-01 7.961396574974060059e-01
1.190178319811820984e-01 6.800581216812133789e-01
5.571417212486267090e-01 4.150474851485341787e-04
3.913216590881347656e-01 3.733529746532440186e-01
4.540279507637023926e-01 8.613924384117126465e-01
2.806151807308197021e-01 8.846716284751892090e-01
6.520431637763977051e-01 9.806876629590988159e-02
9.892247319221496582e-01 1.643428057432174683e-01
9.470063447952270508e-01 5.273362994194030762e-01
4.793378710746765137e-01 1.603066772222518921e-01
2.747059464454650879e-01 3.910694718360900879e-01
6.061944961547851562e-01 8.163171261548995972e-02
2.471897453069686890e-01 8.662509173154830933e-02
5.034717321395874023e-01 2.553341388702392578e-01
7.725833058357238770e-01 5.389880537986755371e-01
9.672453999519348145e-01 2.046971619129180908e-01
9.771133065223693848e-01 9.891135692596435547e-01
9.205213785171508789e-01 2.038869559764862061e-01
1.447113156318664551e-01 3.546133637428283691e-01
4.786461591720581055e-01 5.359513759613037109e-01
7.049707174301147461e-01 4.358644783496856689e-02
4.775271415710449219e-01 8.110579848289489746e-01
7.144126296043395996e-01 8.217922449111938477e-01
1.605416834354400635e-01 9.763500094413757324e-01
9.800816178321838379e-01 3.778217732906341553e-02
7.973209023475646973e-01 4.460183084011077881e-01
1.903571933507919312e-01 3.486918210983276367e-01
2.331534773111343384e-01 8.922828435897827148e-01
3.300626873970031738e-01 4.941936209797859192e-02
5.774192810058593750e-01 4.936330616474151611e-01
7.306224703788757324e-01 2.774442136287689209e-01
1.409852355718612671e-01 1.342760473489761353e-01
6.273274421691894531e-01 8.198846578598022461e-01
7.491898536682128906e-01 8.597002029418945312e-01
4.425338804721832275e-01 5.576090216636657715e-01
7.904976010322570801e-01 8.785750865936279297e-01
3.446756601333618164e-01 5.607016086578369141e-01
2.767750620841979980e-02 9.130371212959289551e-01
