5.587097406387329102e-01 9.944775104522705078e-01
8.540236353874206543e-01 2.601487040519714355e-01
7.128857374191284180e-01 7.472166419029235840e-01
5.571861863136291504e-01 4.924092590808868408e-01
3.251659274101257324e-01 2.461623251438140869e-01
4.306128919124603271e-01 3.343941271305084229e-01
4.889449179172515869e-01 5.955577492713928223e-01
6.357849836349487305e-01 9.502233564853668213e-02
1.110595241189002991e-01 6.283468604087829590e-01
2.638498842716217041e-01 5.722620487213134766e-01
3.124367594718933105e-01 7.865020632743835449e-01
5.890569686889648438e-01 7.587983608245849609e-01
7.215443253517150879e-02 7.665768861770629883e-01
9.540206193923950195e-01 7.565308809280395508e-01
2.204410731792449951e-01 5.197769403457641602e-01
2.595287859439849854e-01 1.659467518329620361e-01
7.683095335960388184e-01 9.339645504951477051e-01
3.790406286716461182e-01 4.712719321250915527e-01
2.349806874990463257e-01 2.065270394086837769e-01
3.115198612213134766e-01 6.508514285087585449e-01
6.495385169982910156e-01 4.774383604526519775e-01
7.260221838951110840e-01 3.971768021583557129e-01
3.097929954528808594e-01 2.997472584247589111e-01
2.375485897064208984e-01 8.174782395362854004e-01
2.681779563426971436e-01 7.566439509391784668e-01
2.217268943786621094e-01 9.422114491462707520e-01
3.957126736640930176e-01 3.841164708137512207e-01
9.123909473419189453e-01 3.483043909072875977e-01
9.120888710021972656e-01 8.178290128707885742e-01
4.538660645484924316e-01 5.450597405433654785e-01
2.229855209589004517e-01 6.196172237396240234e-01
6.318650841712951660e-01 2.239135056734085083e-01
7.068218588829040527e-01 8.162534236907958984e-01
3.455935120582580566e-01 4.273772537708282471e-01
9.282757043838500977e-01 5.195853114128112793e-01
9.576661586761474609e-01 9.746841788291931152e-01
2.260092794895172119e-01 9.676997661590576172e-01
3.471517562866210938e-01 1.711528450250625610e-01
2.021010220050811768e-01 5.402852296829223633e-01
1.125630736351013184e-01 8.461465835571289062e-01
5.199040770530700684e-01 9.324917793273925781e-01
8.169021606445312500e-01 3.401125669479370117e-01
8.330641984939575195e-01 8.543105721473693848e-01
9.481113553047180176e-01 9.952437877655029297e-01
5.954545736312866211e-01 6.070130467414855957e-01
3.028823137283325195e-01 4.809096753597259521e-01
5.854970812797546387e-01 4.354211091995239258e-01
9.587681889533996582e-01 3.534515798091888428e-01
5.061401724815368652e-01 3.891502022743225098e-01
3.601341247558593750e-01 6.654866337776184082e-01
9.776589274406433105e-01 2.196130007505416870e-01
8.380534052848815918e-01 6.039910316467285156e-01
8.371121883392333984e-01 3.002741932868957520e-01
9.501149654388427734e-01 5.305854678153991699e-01
2.831408381462097168e-01 1.200163085013628006e-02
3.241745829582214355e-01 5.560012161731719971e-02
6.060428023338317871e-01 2.193385064601898193e-01
9.149875640869140625e-01 9.215344786643981934e-01
6.087237596511840820e-01 8.236379623413085938e-01
1.891291737556457520e-01 8.914843201637268066e-01
7.315528392791748047e-01 5.759164094924926758e-01
2.801485359668731689e-01 6.303552985191345215e-01
9.895831942558288574e-01 2.414834797382354736e-01
1.674058735370635986e-01 6.771816611289978027e-01
4.933065176010131836e-01 5.414665937423706055e-01
6.065325736999511719e-01 7.318271398544311523e-01
7.694584131240844727e-01 6.965194940567016602e-01
8.687037229537963867e-01 8.774840831756591797e-01
4.620491862297058105e-01 5.652022957801818848e-01
4.993161261081695557e-01 3.967228904366493225e-02
5.187229514122009277e-01 8.187761306762695312e-01
6.736367940902709961e-01 5.105986595153808594e-01
2.104855030775070190e-01 2.458805590867996216e-01
6.544241905212402344e-01 5.921986699104309082e-01
1.862618625164031982e-01 3.305086791515350342e-01
3.254303336143493652e-01 3.770641386508941650e-01
9.641167521476745605e-01 9.051983952522277832e-01
4.192008078098297119e-01 3.700028955936431885e-01
1.874596811830997467e-02 5.703381448984146118e-02
1.518564820289611816e-01 6.007828116416931152e-01
7.505549788475036621e-01 3.190284073352813721e-01
9.911332130432128906e-01 5.333369374275207520e-01
2.060716412961483002e-02 8.287286758422851562e-01
3.676056563854217529e-01 8.598093986511230469e-01
3.350911736488342285e-01 9.096648693084716797e-01
3.695590198040008545e-01 4.952209293842315674e-01
6.874885559082031250e-01 1.658527404069900513e-01
1.556087285280227661e-01 5.819064974784851074e-01
9.180461764335632324e-01 2.023661583662033081e-01
4.121431112289428711e-01 8.344073295593261719e-01
4.215472340583801270e-01 7.874971628189086914e-01
7.144781351089477539e-01 8.387321233749389648e-01
5.678370594978332520e-01 3.931411504745483398e-01
2.701762020587921143e-01 8.326699137687683105e-01
1.499660015106201172e-01 3.867342770099639893e-01
8.548822999000549316e-01 5.379734039306640625e-01
7.007366418838500977e-01 1.977462172508239746e-01
8.945911526679992676e-01 4.871258735656738281e-01
3.746055960655212402e-01 4.394410550594329834e-01
9.664478302001953125e-01 9.105973839759826660e-01
8.665630817413330078e-01 1.431813836097717285e-02
2.979766726493835449e-01 3.739445507526397705e-01
4.362063109874725342e-01 9.172073006629943848e-02
6.061552166938781738e-01 5.802849531173706055e-01
5.518348813056945801e-01 6.296050548553466797e-01
5.414433479309082031e-01 8.769289851188659668e-01
7.024521827697753906e-01 4.300385117530822754e-01
2.576001286506652832e-01 9.735491126775741577e-02
5.843390822410583496e-01 8.900799602270126343e-02
7.876629829406738281e-01 8.530771732330322266e-01
7.384502887725830078e-01 1.554343849420547485e-01
5.673090815544128418e-01 5.440200567245483398e-01
6.500176191329956055e-01 3.013825714588165283e-01
4.543240666389465332e-01 2.211696356534957886e-01
3.350777626037597656e-01 2.207897007465362549e-01
3.322883844375610352e-01 5.069731473922729492e-01
3.713909983634948730e-01 1.900785118341445923e-01
7.433644533157348633e-01 3.197174668312072754e-01
1.641992032527923584e-01 3.490476310253143311e-01
9.412516951560974121e-01 5.385234951972961426e-01
6.961840391159057617e-01 7.677210569381713867e-01
2.605926394462585449e-01 2.698202729225158691e-01
2.174283191561698914e-02 7.523925900459289551e-01
7.876345515251159668e-02 4.582711458206176758e-01
7.803365588188171387e-02 1.501309871673583984e-02
5.770108103752136230e-01 8.127728104591369629e-01
9.712759256362915039e-01 7.406340837478637695e-01
1.078322082757949829e-01 1.321247071027755737e-01
5.567953586578369141e-01 3.057502210140228271e-01
4.923708364367485046e-02 6.205230951309204102e-01
1.080434024333953857e-01 4.880790412425994873e-01
4.105538427829742432e-01 8.494045138359069824e-01
9.653657078742980957e-01 6.746826767921447754e-01
5.779048800468444824e-01 2.074835151433944702e-01
6.887679100036621094e-01 8.126940578222274780e-02
6.539538502693176270e-01 1.964355111122131348e-01
6.191193461418151855e-01 4.465316236019134521e-01
2.873994708061218262e-01 5.513649582862854004e-01
9.925320148468017578e-01 3.128249347209930420e-01
4.801453053951263428e-01 4.694266915321350098e-01
4.752281308174133301e-01 9.588858485221862793e-01
7.321863174438476562e-01 2.658787667751312256e-01
3.203153014183044434e-01 5.824349522590637207e-01
2.907662093639373779e-01 2.506292462348937988e-01
3.612146973609924316e-01 4.550642967224121094e-01
6.669631600379943848e-01 7.121177911758422852e-01
8.011376857757568359e-01 1.223818212747573853e-01
6.829307675361633301e-01 3.849630653858184814e-01
9.642975777387619019e-02 3.066057860851287842e-01
6.603735089302062988e-01 8.176120519638061523e-01
6.617299467325210571e-02 3.532852232456207275e-01
1.064245775341987610e-01 3.876547515392303467e-01
9.526615142822265625e-01 8.327103257179260254e-01
3.411177098751068115e-01 6.354925632476806641e-01
6.658762097358703613e-01 5.387413874268531799e-02
9.768155813217163086e-01 9.722634553909301758e-01
7.028031349182128906e-01 1.031197831034660339e-01
9.856665134429931641e-01 6.668750047683715820e-01
2.412832528352737427e-02 5.883890390396118164e-01
9.359990358352661133e-01 2.396381795406341553e-01
8.413524627685546875e-01 1.528968364000320435e-01
8.818648457527160645e-01 3.923452198505401611e-01
1.059451028704643250e-01 5.021293759346008301e-01
2.119660079479217529e-01 1.560008525848388672e-01
2.358969151973724365e-01 3.211980164051055908e-01
3.256635367870330811e-01 2.829367108643054962e-02
4.735127985477447510e-01 3.302842378616333008e-01
5.732297524809837341e-02 1.738798767328262329e-01
7.695925235748291016e-01 2.104861885309219360e-01
3.354135155677795410e-02 4.122187495231628418e-01
5.156504511833190918e-01 4.133968055248260498e-01
7.602833509445190430e-01 9.880514144897460938e-01
5.921360254287719727e-01 7.636957168579101562e-01
7.769839838147163391e-03 3.855088949203491211e-01
1.997067034244537354e-01 1.418388336896896362e-01
3.562285900115966797e-01 5.868919491767883301e-01
8.937386870384216309e-01 2.260905951261520386e-01
3.511551022529602051e-01 7.590225338935852051e-01
5.171695947647094727e-01 5.498217940330505371e-01
4.988730847835540771e-01 4.236646890640258789e-01
4.482417404651641846e-01 3.998003005981445312e-01
9.206397533416748047e-01 4.857621192932128906e-01
7.831847667694091797e-01 9.284727573394775391e-01
4.407160729169845581e-02 3.181715905666351318e-01
8.339738845825195312e-01 1.135313361883163452e-01
5.171383731067180634e-03 2.938119769096374512e-01
8.359099626541137695e-01 4.978005588054656982e-02
7.616443037986755371e-01 9.022362828254699707e-01
5.862414836883544922e-01 5.287863612174987793e-01
9.617199897766113281e-01 5.516112446784973145e-01
5.271721482276916504e-01 4.439721703529357910e-01
4.576733410358428955e-01 6.338372230529785156e-01
9.170655012130737305e-01 1.715893000364303589e-01
4.183773994445800781e-01 5.691271424293518066e-01
3.638584315776824951e-01 4.087065458297729492e-01
5.484437942504882812e-01 6.763209104537963867e-01
3.383777439594268799e-01 1.883363574743270874e-01
6.636197566986083984e-01 5.419534444808959961e-01
6.847683191299438477e-01 4.521195292472839355e-01
9.266623258590698242e-01 6.506931781768798828e-01
6.656927615404129028e-02 8.954631090164184570e-01
3.046603128314018250e-02 8.963517546653747559e-01
8.739230632781982422e-01 1.216997802257537842e-01
2.488820999860763550e-01 1.562878340482711792e-01
3.701764941215515137e-01 6.604329943656921387e-01
5.936477780342102051e-01 2.816320955753326416e-01
6.309773325920104980e-01 1.037611886858940125e-01
8.871868252754211426e-01 8.636576533317565918e-01
7.414301037788391113e-01 5.622168183326721191e-01
5.287837982177734375e-01 7.335481047630310059e-01
3.467228114604949951e-01 7.662402391433715820e-01
8.946624398231506348e-01 4.076511263847351074e-01
5.077798962593078613e-01 4.873972535133361816e-01
4.517180323600769043e-01 5.798121094703674316e-01
6.875938773155212402e-01 3.203242719173431396e-01
2.298383414745330811e-01 4.630530476570129395e-01
4.063935577869415283e-02 7.956790924072265625e-01
7.439484596252441406e-01 1.798643171787261963e-01
6.573830246925354004e-01 7.690221071243286133e-01
3.804509043693542480e-01 1.985094249248504639e-01
1.512848138809204102e-01 3.655102103948593140e-02
2.087725847959518433e-01 8.116921782493591309e-01
1.560130417346954346e-01 6.090385913848876953e-01
4.306886345148086548e-02 1.292071938514709473e-01
9.657642245292663574e-01 4.445524811744689941e-01
6.223421096801757812e-01 4.387156069278717041e-01
7.031581401824951172e-01 2.224990725517272949e-01
1.301443278789520264e-01 2.227394729852676392e-01
3.963180482387542725e-01 2.206597328186035156e-01
9.689401984214782715e-01 1.374108046293258667e-01
8.464766740798950195e-01 3.708731234073638916e-01
1.643203496932983398e-01 8.094067573547363281e-01
4.810394048690795898e-01 3.586966395378112793e-01
4.601057171821594238e-01 5.675093531608581543e-01
9.312764406204223633e-01 5.624806284904479980e-01
8.946739435195922852e-01 7.585478425025939941e-01
4.985527098178863525e-01 9.730076789855957031e-01
7.396373748779296875e-01 2.174201011657714844e-01
2.447490543127059937e-01 5.591239929199218750e-01
1.344922780990600586e-01 8.866645693778991699e-01
8.749623894691467285e-01 1.240560561418533325e-01
7.580625414848327637e-01 2.563960552215576172e-01
3.834337294101715088e-01 5.620183348655700684e-01
1.846901476383209229e-01 8.021069318056106567e-02
2.469431757926940918e-01 1.409758925437927246e-01
2.567969076335430145e-02 3.524527549743652344e-01
8.533736467361450195e-01 2.551429672166705132e-03
8.788374066352844238e-01 1.340507064014673233e-03
8.613287657499313354e-02 2.272059321403503418e-01
3.634892702102661133e-01 7.473538517951965332e-01
6.128739714622497559e-01 4.568600356578826904e-01
1.305252611637115479e-01 2.805510461330413818e-01
2.882392704486846924e-01 9.404640197753906250e-01
9.077785015106201172e-01 4.907986223697662354e-01
9.222843647003173828e-01 4.236902594566345215e-01
2.020412087440490723e-01 6.083433032035827637e-01
2.606876492500305176e-01 5.673792362213134766e-01
7.994595170021057129e-01 7.581005692481994629e-01
3.491833806037902832e-01 3.393787145614624023e-01
5.466158390045166016e-01 8.645910024642944336e-02
9.951984286308288574e-01 3.327483832836151123e-01
3.488521575927734375e-01 7.668145895004272461e-01
4.185659885406494141e-01 2.367541939020156860e-01
3.309932649135589600e-01 6.410893797874450684e-01
9.829618334770202637e-01 5.764418244361877441e-01
4.241529405117034912e-01 1.793156564235687256e-01
8.953694701194763184e-01 1.275960803031921387e-01
5.634441971778869629e-01 2.268402278423309326e-01
8.403970003128051758e-01 2.563836276531219482e-01
2.697277069091796875e-01 3.608329296112060547e-01
4.849635660648345947e-01 9.626516103744506836e-01
7.068547606468200684e-01 6.188253760337829590e-01
2.869273424148559570e-01 4.425023794174194336e-01
7.246687412261962891e-01 7.694572806358337402e-01
2.923389673233032227e-01 1.835775822401046753e-01
3.122370541095733643e-01 6.958707571029663086e-01
4.810885339975357056e-02 3.265128135681152344e-01
1.506633125245571136e-02 1.831379830837249756e-01
3.893472850322723389e-01 5.053251385688781738e-01
2.275573313236236572e-01 5.599907040596008301e-01
9.845796227455139160e-01 8.236566781997680664e-01
9.045384526252746582e-01 1.764099001884460449e-01
7.344917654991149902e-01 7.746754884719848633e-01
1.018487960100173950e-01 7.129446268081665039e-01
3.552691340446472168e-01 7.667632699012756348e-01
8.177390694618225098e-01 4.016389548778533936e-01
5.722739100456237793e-01 7.790033221244812012e-01
1.863249689340591431e-01 5.307055115699768066e-01
2.905341684818267822e-01 4.422222077846527100e-01
2.861447036266326904e-01 1.621260493993759155e-01
9.684107452630996704e-02 7.207690477371215820e-01
3.357394337654113770e-01 8.855724334716796875e-01
8.339401483535766602e-01 8.283626437187194824e-01
8.001543879508972168e-01 5.325230360031127930e-01
5.210420489311218262e-01 6.389010548591613770e-01
6.513952016830444336e-01 1.442796587944030762e-01
9.927300810813903809e-01 1.995391845703125000e-01
8.691323548555374146e-02 7.922407388687133789e-01
6.203054785728454590e-01 4.830648005008697510e-01
3.479896485805511475e-01 8.227089643478393555e-01
2.497788071632385254e-01 2.078790217638015747e-01
3.323929607868194580e-01 7.653406262397766113e-01
4.127714931964874268e-01 4.432119429111480713e-01
7.279834896326065063e-02 7.665761709213256836e-01
3.148158192634582520e-01 8.393123745918273926e-01
3.285607695579528809e-01 3.180867135524749756e-01
6.882224082946777344e-01 2.741275727748870850e-01
5.170088410377502441e-01 8.616460561752319336e-01
1.735707223415374756e-01 4.998669326305389404e-01
4.489784538745880127e-01 4.179849326610565186e-01
7.265519350767135620e-02 7.350595593452453613e-01
7.313499450683593750e-01 4.408609271049499512e-01
8.353438377380371094e-01 3.730795383453369141e-01
5.387268066406250000e-01 5.882070660591125488e-01
7.552632689476013184e-01 8.393379449844360352e-01
1.013017892837524414e-01 7.871160507202148438e-01
2.500081658363342285e-01 5.673283338546752930e-01
8.557224273681640625e-01 8.794444203376770020e-01
8.843622803688049316e-01 2.524031400680541992e-01
2.901588082313537598e-01 9.723746180534362793e-01
2.517594397068023682e-01 2.694351598620414734e-02
5.440105199813842773e-01 5.992686748504638672e-01
3.579925000667572021e-01 3.328345417976379395e-01
2.269178628921508789e-01 6.885655522346496582e-01
8.337780833244323730e-01 5.569346249103546143e-03
4.267216026782989502e-01 1.304788887500762939e-01
1.081275418400764465e-01 9.464053511619567871e-01
2.496316283941268921e-01 3.704977631568908691e-01
6.909861564636230469e-01 5.586962103843688965e-01
8.274337649345397949e-01 3.259686231613159180e-01
2.860864400863647461e-01 5.857771039009094238e-01
5.218297615647315979e-02 4.072722196578979492e-01
9.723509550094604492e-01 2.140389084815979004e-01
9.777216911315917969e-01 3.360129147768020630e-02
3.625213503837585449e-01 7.228795439004898071e-02
7.307267189025878906e-01 9.056409001350402832e-01
8.194393515586853027e-01 4.894508719444274902e-01
9.857571125030517578e-01 7.821502089500427246e-01
5.610828995704650879e-01 9.555479884147644043e-01
1.963883787393569946e-01 4.631671905517578125e-01
9.983249902725219727e-01 1.551192551851272583e-01
2.444172650575637817e-01 4.193726778030395508e-01
5.352898836135864258e-01 5.220478177070617676e-01
3.211398422718048096e-02 6.182397603988647461e-01
3.803634271025657654e-02 3.369616270065307617e-01
5.435178279876708984e-01 6.412748098373413086e-01
6.722766160964965820e-01 9.479752182960510254e-01
1.672103255987167358e-01 7.245188355445861816e-01
8.977098464965820312e-01 4.887063205242156982e-01
5.175417661666870117e-01 6.318688392639160156e-01
2.265944890677928925e-02 7.384177446365356445e-01
4.236908257007598877e-01 3.534322679042816162e-01
1.208261325955390930e-01 2.900615036487579346e-01
1.610302180051803589e-01 4.847249388694763184e-01
3.693202435970306396e-01 8.265805840492248535e-01
4.049281179904937744e-01 6.770403385162353516e-01
9.898701310157775879e-01 5.528903007507324219e-01
2.248922139406204224e-01 3.588127195835113525e-01
2.455000132322311401e-01 2.495710998773574829e-01
4.868279397487640381e-01 1.243076175451278687e-01
3.250980675220489502e-01 9.429937005043029785e-01
6.372379064559936523e-01 5.942582488059997559e-01
3.763062059879302979e-01 1.880466043949127197e-01
4.632615447044372559e-01 1.197199374437332153e-01
3.716853447258472443e-03 9.358922243118286133e-01
1.588510423898696899e-01 2.208355367183685303e-01
7.365709543228149414e-01 1.549843698740005493e-01
3.000245988368988037e-02 7.432334423065185547e-01
7.530589103698730469e-01 3.319707512855529785e-01
1.945694088935852051e-01 3.010478615760803223e-01
5.026806592941284180e-01 7.555616497993469238e-01
8.016903996467590332e-01 6.483538448810577393e-02
8.956993818283081055e-01 8.911762237548828125e-01
5.293812751770019531e-01 7.136018276214599609e-01
8.144291043281555176e-01 1.598194986581802368e-01
7.483418583869934082e-01 3.220137655735015869e-01
3.057192265987396240e-01 3.679470717906951904e-01
9.580624699592590332e-01 5.251249074935913086e-01
8.760809898376464844e-01 6.536875963211059570e-01
7.901375293731689453e-01 7.848834395408630371e-01
9.741452336311340332e-01 1.445599794387817383e-01
9.885275363922119141e-01 2.004633992910385132e-01
7.483730912208557129e-01 2.990937232971191406e-01
4.232793748378753662e-01 7.413612604141235352e-01
2.418714314699172974e-01 5.792389512062072754e-01
9.311118721961975098e-01 9.421825408935546875e-01
3.621169924736022949e-01 6.053520441055297852e-01
1.730811893939971924e-01 6.744347810745239258e-01
9.809807538986206055e-01 5.248828604817390442e-02
8.725412487983703613e-01 3.571426272392272949e-01
3.355153501033782959e-01 6.223286390304565430e-01
9.928529858589172363e-01 7.744507193565368652e-01
6.664397120475769043e-01 1.827629506587982178e-01
9.048318862915039062e-02 9.313868880271911621e-01
9.209033846855163574e-01 2.326513528823852539e-01
7.218458056449890137e-01 3.737110495567321777e-01
2.287381589412689209e-01 2.499248087406158447e-01
2.461129724979400635e-01 9.655473828315734863e-01
4.829563498497009277e-01 5.152617692947387695e-01
3.079781234264373779e-01 7.908807992935180664e-01
6.850084289908409119e-03 5.109176039695739746e-01
9.700496196746826172e-01 2.288070172071456909e-01
7.836051583290100098e-01 3.933785259723663330e-01
8.796190023422241211e-01 3.573962748050689697e-01
3.144775032997131348e-01 8.480886816978454590e-01
1.297820210456848145e-01 3.803535997867584229e-01
2.217499911785125732e-01 7.486398816108703613e-01
4.160874783992767334e-01 3.526852652430534363e-02
4.554583132266998291e-01 9.144281148910522461e-01
4.851778745651245117e-01 1.832371056079864502e-01
6.861032545566558838e-02 7.174133658409118652e-01
9.055488556623458862e-02 8.504788875579833984e-01
7.775493264198303223e-01 6.640926748514175415e-02
3.011592328548431396e-01 5.928347706794738770e-01
4.958845376968383789e-01 3.177349567413330078e-01
2.064920365810394287e-01 8.235081285238265991e-02
3.705431818962097168e-01 6.786248683929443359e-01
2.120423167943954468e-01 3.089372627437114716e-02
2.420651167631149292e-01 5.966321825981140137e-01
7.040299773216247559e-01 3.445427417755126953e-01
5.193471908569335938e-01 9.863408654928207397e-02
8.765308260917663574e-01 6.790724396705627441e-01
7.849863171577453613e-01 5.887789726257324219e-01
6.105444431304931641e-01 9.213898777961730957e-01
5.112729668617248535e-01 5.026604533195495605e-01
4.570730924606323242e-01 7.414270639419555664e-01
4.489953517913818359e-01 9.208721518516540527e-01
1.892074495553970337e-01 6.117013096809387207e-01
1.372469216585159302e-01 6.547424793243408203e-01
1.113983094692230225e-01 4.872781634330749512e-01
6.605873256921768188e-02 3.235509395599365234e-01
1.844487339258193970e-01 4.384452402591705322e-01
7.987707853317260742e-01 1.185384616255760193e-01
4.963165223598480225e-01 4.445920288562774658e-01
7.303991168737411499e-02 4.669065475463867188e-01
8.150354623794555664e-01 3.019554316997528076e-01
1.520671993494033813e-01 7.279008030891418457e-01
9.014434814453125000e-01 1.578928083181381226e-01
7.703071236610412598e-01 6.014774441719055176e-01
1.793588548898696899e-01 5.566201210021972656e-01
5.322098731994628906e-01 6.900873184204101562e-01
2.271878272294998169e-01 9.894748926162719727e-01
7.121402621269226074e-01 4.587209522724151611e-01
9.875727295875549316e-01 3.998861908912658691e-01
5.978946685791015625e-01 8.908095955848693848e-01
2.916248142719268799e-01 9.187485575675964355e-01
3.807302273344248533e-04 1.362645179033279419e-01
8.268539905548095703e-01 4.254038631916046143e-01
3.605107665061950684e-01 9.860728979110717773e-01
3.494950234889984131e-01 5.729809999465942383e-01
7.433466911315917969e-01 1.738190352916717529e-01
6.719506978988647461e-01 4.949650168418884277e-02
5.720060467720031738e-01 4.253976345062255859e-01
8.326941728591918945e-01 8.666575886309146881e-03
2.383881956338882446e-01 4.865383207798004150e-01
3.995147719979286194e-02 1.922496110200881958e-01
8.561699986457824707e-01 2.858476042747497559e-01
7.901648283004760742e-01 2.332105338573455811e-01
3.603592049330472946e-03 1.848999112844467163e-01
7.507850527763366699e-01 7.164923548698425293e-01
1.503527015447616577e-01 1.651838421821594238e-01
9.959198832511901855e-01 6.287044286727905273e-01
5.727031230926513672e-01 4.527447819709777832e-01
3.737301230430603027e-01 2.192808687686920166e-01
4.444446861743927002e-01 9.112859964370727539e-01
5.484355092048645020e-01 8.538799285888671875e-01
6.586439609527587891e-01 1.939811706542968750e-01
7.420172542333602905e-02 4.773190990090370178e-02
6.932508945465087891e-01 5.658075809478759766e-01
4.099747240543365479e-01 8.015130758285522461e-01
4.433591365814208984e-01 6.906810402870178223e-01
2.580774889793246984e-04 9.628684520721435547e-01
3.918451964855194092e-01 3.359939157962799072e-01
7.528610229492187500e-01 3.168684244155883789e-01
6.584994792938232422e-01 2.677511870861053467e-01
2.768125236034393311e-01 5.054990053176879883e-01
7.974275946617126465e-01 3.853413462638854980e-02
2.364455759525299072e-01 6.875810027122497559e-01
9.169488400220870972e-02 8.962894082069396973e-01
2.700336277484893799e-01 5.274183154106140137e-01
5.660510063171386719e-01 4.525657594203948975e-01
8.730648458003997803e-02 2.774189710617065430e-01
8.796446323394775391e-01 3.911919593811035156e-01
7.186214327812194824e-01 1.231254711747169495e-01
2.511021196842193604e-01 9.132331013679504395e-01
5.856118798255920410e-01 1.882403343915939331e-01
3.287515342235565186e-01 6.531524658203125000e-01
6.439917683601379395e-01 4.915480315685272217e-01
6.485741734504699707e-01 7.101070880889892578e-01
9.610844254493713379e-01 8.146400451660156250e-01
1.240547746419906616e-01 8.256940841674804688e-01
1.773386895656585693e-01 1.568916290998458862e-01
7.982442378997802734e-01 5.550137162208557129e-01
7.434423565864562988e-01 1.930209249258041382e-01
6.132069230079650879e-01 4.760673344135284424e-01
7.612281441688537598e-01 1.494117826223373413e-01
7.066770792007446289e-01 3.997880816459655762e-01
3.466835618019104004e-01 7.718034982681274414e-01
6.899052113294601440e-02 2.268378138542175293e-01
7.978529334068298340e-01 3.855441212654113770e-01
9.721705317497253418e-02 6.376354396343231201e-02
6.302002668380737305e-01 1.409654468297958374e-01
4.501222670078277588e-01 3.542520478367805481e-02
8.202684521675109863e-01 5.136215090751647949e-01
1.697669178247451782e-01 2.512392699718475342e-01
4.105682373046875000e-01 7.959113121032714844e-01
9.738959074020385742e-01 2.822659611701965332e-01
9.526718854904174805e-01 7.233729958534240723e-01
7.142475843429565430e-01 4.848824441432952881e-01
3.617022931575775146e-01 4.842121303081512451e-01
7.019566893577575684e-01 5.296248793601989746e-01
5.046973824501037598e-01 4.469328820705413818e-01
9.585209488868713379e-01 6.310863047838211060e-02
2.038959264755249023e-01 1.799431443214416504e-01
5.385534167289733887e-01 5.082175731658935547e-01
4.136507511138916016e-01 2.138595469295978546e-02
3.835016489028930664e-02 9.534276127815246582e-01
8.858780264854431152e-01 2.439152747392654419e-01
6.009005308151245117e-01 5.034630298614501953e-01
1.591301709413528442e-01 2.654213607311248779e-01
1.620646566152572632e-01 1.872465312480926514e-01
4.278780519962310791e-01 6.967328786849975586e-01
1.118798628449440002e-01 5.628265738487243652e-01
9.625914096832275391e-01 6.887828707695007324e-01
1.251367926597595215e-01 6.556943655014038086e-01
6.486835479736328125e-01 5.369984507560729980e-01
4.191121757030487061e-01 6.626566052436828613e-01
2.022470235824584961e-01 6.938972473144531250e-01
2.599462568759918213e-01 6.892836093902587891e-01
2.014527171850204468e-01 1.449790149927139282e-01
4.213768243789672852e-01 8.876100182533264160e-02
9.799776077270507812e-01 2.217874825000762939e-01
6.485213041305541992e-01 6.675002574920654297e-01
9.552794694900512695e-01 9.474000334739685059e-01
7.400011271238327026e-02 4.543667137622833252e-01
7.641327381134033203e-02 5.574439764022827148e-01
5.725210905075073242e-01 5.908087268471717834e-02
9.407712817192077637e-01 7.271195054054260254e-01
5.968507528305053711e-01 7.729630470275878906e-01
5.229163765907287598e-01 2.969677150249481201e-01
2.511502504348754883e-01 5.667970180511474609e-01
7.618532180786132812e-01 2.484991103410720825e-01
4.986468851566314697e-01 2.804090678691864014e-01
2.706565260887145996e-01 9.265485405921936035e-01
3.328389674425125122e-02 7.903711795806884766e-01
9.777299761772155762e-01 3.330455124378204346e-01
3.385814130306243896e-01 3.015856444835662842e-01
5.007197856903076172e-01 9.216759800910949707e-01
6.583889722824096680e-01 4.200223088264465332e-01
3.551591932773590088e-01 2.784526646137237549e-01
3.765746355056762695e-01 2.481941133737564087e-01
7.880617678165435791e-02 4.668491482734680176e-01
7.115258574485778809e-01 1.980416942387819290e-03
3.748193085193634033e-01 5.311945676803588867e-01
2.190481722354888916e-01 3.553484976291656494e-01
3.343676328659057617e-01 3.620009124279022217e-01
2.722590565681457520e-01 1.524116396903991699e-01
6.755091547966003418e-01 3.834501504898071289e-01
8.789215683937072754e-01 5.043089985847473145e-01
9.105843305587768555e-01 2.954855561256408691e-01
4.761851131916046143e-01 5.472324490547180176e-01
7.918992042541503906e-01 1.540866307914257050e-02
1.763431131839752197e-01 2.055431157350540161e-01
5.559138655662536621e-01 4.137502014636993408e-01
7.484326511621475220e-02 5.030698180198669434e-01
1.490088850259780884e-01 8.826882839202880859e-01
8.387643694877624512e-01 9.162434935569763184e-02
2.555083334445953369e-01 9.442303180694580078e-01
3.497277498245239258e-01 9.379506707191467285e-01
1.663047075271606445e-02 9.908379316329956055e-01
8.732292652130126953e-01 5.410742163658142090e-01
1.527913659811019897e-01 6.785660386085510254e-01
7.000280618667602539e-01 2.114430963993072510e-01
3.808929026126861572e-01 8.039976358413696289e-01
3.007106482982635498e-01 9.732899665832519531e-01
2.508629858493804932e-01 5.820724368095397949e-01
2.834020555019378662e-01 9.229276776313781738e-01
7.540435194969177246e-01 4.414510726928710938e-01
4.856542348861694336e-01 5.183758139610290527e-01
2.911715507507324219e-01 7.009156979620456696e-03
5.985516905784606934e-01 1.251979470252990723e-01
6.286504864692687988e-01 3.252221047878265381e-01
7.237530946731567383e-01 1.517207324504852295e-01
3.086261749267578125e-01 5.045021176338195801e-01
1.453501582145690918e-01 6.824802160263061523e-01
7.841432094573974609e-01 3.456738293170928955e-01
1.919049769639968872e-01 7.707120776176452637e-01
5.977941304445266724e-02 6.015259027481079102e-01
3.586768805980682373e-01 9.871470928192138672e-01
7.797618508338928223e-01 3.007933497428894043e-01
3.336693644523620605e-01 3.026808798313140869e-01
1.977068036794662476e-01 1.540888249874114990e-01
5.439126491546630859e-01 9.592379331588745117e-01
8.177849650382995605e-01 4.576205611228942871e-01
5.799987912178039551e-01 2.042293995618820190e-01
4.920198321342468262e-01 4.274564385414123535e-01
3.139018714427947998e-01 4.499965906143188477e-01
1.925565749406814575e-01 3.892454132437705994e-02
5.748192667961120605e-01 8.684636950492858887e-01
7.054601311683654785e-01 7.098534703254699707e-01
7.816323041915893555e-01 2.085345238447189331e-01
7.428245544433593750e-01 3.895668312907218933e-02
6.395725905895233154e-02 8.356055021286010742e-01
1.914483457803726196e-01 7.804535031318664551e-01
9.710340499877929688e-01 5.304096341133117676e-01
1.468142271041870117e-01 6.151741743087768555e-01
4.283488690853118896e-01 4.042907655239105225e-01
6.939179301261901855e-01 1.610465496778488159e-01
2.952872216701507568e-01 8.973284363746643066e-01
6.619881391525268555e-01 2.942343950271606445e-01
4.564672410488128662e-01 6.558402776718139648e-01
1.696006208658218384e-01 3.672457933425903320e-01
9.619457721710205078e-01 1.192087158560752869e-01
7.952116131782531738e-01 4.576790630817413330e-01
3.254381418228149414e-01 4.296011030673980713e-01
8.588765561580657959e-02 9.981688857078552246e-01
9.803545475006103516e-01 6.976742148399353027e-01
4.017257392406463623e-01 8.056014776229858398e-01
1.276534944772720337e-01 7.420485019683837891e-01
8.250338435173034668e-01 1.649919301271438599e-01
3.342926204204559326e-01 2.502866983413696289e-01
4.062606692314147949e-01 1.095270067453384399e-01
2.326753437519073486e-01 4.820049107074737549e-01
2.487646490335464478e-01 2.680043280124664307e-01
5.207039713859558105e-01 1.762807220220565796e-01
3.800028562545776367e-01 4.226436093449592590e-02
6.235851049423217773e-01 2.937372326850891113e-01
2.601937353610992432e-01 4.060468077659606934e-01
7.998052239418029785e-01 1.996956765651702881e-02
1.431811600923538208e-03 6.886926889419555664e-01
8.876014947891235352e-01 3.513734042644500732e-01
4.508856832981109619e-01 9.863455891609191895e-01
6.510222703218460083e-02 8.162695169448852539e-01
7.272404432296752930e-01 7.231209427118301392e-02
1.200058385729789734e-01 2.256997823715209961e-01
1.049161702394485474e-01 6.832378506660461426e-01
8.930794596672058105e-01 4.610145390033721924e-01
4.471181035041809082e-01 8.279568552970886230e-01
1.994379162788391113e-01 8.989815711975097656e-01
5.204445719718933105e-01 9.195137023925781250e-01
5.413424372673034668e-01 8.928196430206298828e-01
9.692663550376892090e-01 1.790441125631332397e-01
8.029934018850326538e-02 5.435213446617126465e-01
1.230955496430397034e-01 3.217489123344421387e-01
8.642840385437011719e-01 9.175521731376647949e-01
5.014197826385498047e-01 7.486612200736999512e-01
5.992020964622497559e-01 1.913407742977142334e-01
8.569002747535705566e-01 1.968685984611511230e-01
3.667610883712768555e-01 5.037517547607421875e-01
3.883344829082489014e-01 3.754504024982452393e-01
6.978945732116699219e-01 1.476352065801620483e-01
6.476780176162719727e-01 4.028576612472534180e-01
7.787225842475891113e-01 8.981821537017822266e-01
2.751158736646175385e-02 8.426053524017333984e-01
3.664316236972808838e-01 5.709262490272521973e-01
2.865749895572662354e-01 1.244031861424446106e-01
9.226013422012329102e-01 3.899895027279853821e-02
2.301442809402942657e-02 1.647029817104339600e-01
7.866160869598388672e-01 2.378617525100708008e-01
6.540610790252685547e-01 7.805301547050476074e-01
3.938333690166473389e-01 4.360416531562805176e-01
4.563964307308197021e-01 5.923027396202087402e-01
2.834334671497344971e-01 5.920377373695373535e-01
6.434873342514038086e-01 2.896794080734252930e-01
5.398147106170654297e-01 4.022263586521148682e-01
1.759212911128997803e-01 8.888592123985290527e-01
9.084496498107910156e-01 1.948334574699401855e-01
8.578227162361145020e-01 3.954375684261322021e-01
5.865739583969116211e-01 6.121770739555358887e-01
8.790653944015502930e-01 9.079014658927917480e-01
7.685084939002990723e-01 1.799957007169723511e-01
4.518589973449707031e-01 1.385224610567092896e-01
4.184524714946746826e-01 4.686090350151062012e-02
3.341575562953948975e-01 2.770407795906066895e-01
5.927239656448364258e-01 2.088042199611663818e-01
9.963133931159973145e-01 3.829313814640045166e-01
1.802463270723819733e-02 3.869054317474365234e-01
2.016442567110061646e-01 4.790564179420471191e-01
8.975189924240112305e-01 2.842689752578735352e-01
3.766811788082122803e-01 9.692528098821640015e-02
9.373013973236083984e-01 6.513954997062683105e-01
3.850593864917755127e-01 8.661923408508300781e-01
3.687866628170013428e-01 1.100381091237068176e-01
9.412466883659362793e-01 7.944306731224060059e-01
7.360235452651977539e-01 3.088194727897644043e-01
6.677227467298507690e-02 4.819240048527717590e-02
4.217364490032196045e-01 2.375994808971881866e-03
1.243062540888786316e-01 4.668596982955932617e-01
1.336443587206304073e-03 6.160274147987365723e-01
8.439797759056091309e-01 2.969457805156707764e-01
8.233892917633056641e-01 1.419520974159240723e-01
5.560913681983947754e-01 7.177333831787109375e-01
2.662993371486663818e-01 6.448028683662414551e-01
6.853103637695312500e-01 3.534135222434997559e-01
1.171723157167434692e-01 6.248462796211242676e-01
5.387208461761474609e-01 6.948050260543823242e-01
9.386070966720581055e-01 6.294865906238555908e-02
5.646948218345642090e-01 7.352110147476196289e-01
8.549609780311584473e-01 2.942714691162109375e-01
7.575600743293762207e-01 7.405784130096435547e-01
5.151722431182861328e-01 4.731704294681549072e-01
2.533113062381744385e-01 6.795915365219116211e-01
7.066856026649475098e-01 9.601882845163345337e-02
8.234246969223022461e-01 9.234083294868469238e-01
4.428828358650207520e-01 5.117741227149963379e-01
7.699692845344543457e-01 5.625019669532775879e-01
5.627632141113281250e-01 5.381744503974914551e-01
1.830281168222427368e-01 9.997299313545227051e-01
6.496446728706359863e-01 1.056737676262855530e-01
1.942717730998992920e-01 8.538261651992797852e-01
9.248408675193786621e-01 9.831219315528869629e-01
5.888194441795349121e-01 1.440238654613494873e-01
2.876168787479400635e-01 6.430789828300476074e-01
4.984845519065856934e-01 1.809554547071456909e-01
9.481084346771240234e-01 7.675309777259826660e-01
2.326569557189941406e-01 3.879876136779785156e-01
4.732074439525604248e-01 4.031298160552978516e-01
3.475883603096008301e-01 2.635804414749145508e-01
9.177848696708679199e-01 4.262760281562805176e-02
9.655034542083740234e-01 8.720716834068298340e-01
9.089667797088623047e-01 8.672721385955810547e-01
9.879539608955383301e-01 5.374000668525695801e-01
4.853996634483337402e-01 7.532503604888916016e-01
9.256717748939990997e-03 4.172751903533935547e-01
7.171607613563537598e-01 3.746682703495025635e-01
8.954415321350097656e-01 9.262344241142272949e-01
3.762672841548919678e-01 4.236211180686950684e-01
2.991765737533569336e-01 8.932343125343322754e-01
4.690173864364624023e-01 4.531512260437011719e-01
6.703783273696899414e-01 5.444926023483276367e-02
1.133112087845802307e-01 3.641583025455474854e-01
6.208080053329467773e-01 7.591741085052490234e-01
5.033842921257019043e-01 3.074553906917572021e-01
4.101248085498809814e-02 3.988221287727355957e-01
3.851816523820161819e-03 4.647758603096008301e-01
5.951395034790039062e-01 6.724662780761718750e-01
5.443199872970581055e-01 7.572451978921890259e-02
1.873538196086883545e-01 6.367964744567871094e-01
6.652802824974060059e-01 2.948126196861267090e-01
6.902015805244445801e-01 1.349464058876037598e-01
6.800609827041625977e-01 8.947126865386962891e-01
7.811015248298645020e-01 1.172567903995513916e-02
2.615278027951717377e-02 8.308178782463073730e-01
6.404557079076766968e-02 4.197866618633270264e-01
4.091210067272186279e-01 4.127004742622375488e-02
7.828929424285888672e-01 3.673414587974548340e-01
4.053755402565002441e-01 5.855720639228820801e-01
2.778013348579406738e-01 5.462465286254882812e-01
4.318321645259857178e-01 4.747943282127380371e-01
2.832879312336444855e-02 4.162944257259368896e-01
5.121569037437438965e-01 6.054533720016479492e-01
5.041226148605346680e-01 4.668235480785369873e-01
3.712838143110275269e-02 4.093050956726074219e-01
8.479652404785156250e-01 5.018188953399658203e-01
2.641997039318084717e-01 3.311062753200531006e-01
5.438605546951293945e-01 7.815430164337158203e-01
4.723953306674957275e-01 4.040549397468566895e-01
5.017580389976501465e-01 4.139356911182403564e-01
9.288032650947570801e-01 4.713402092456817627e-01
9.415286779403686523e-01 2.055591344833374023e-01
1.285725831985473633e-01 4.202517569065093994e-01
6.689576506614685059e-01 2.160329818725585938e-01
8.434445261955261230e-01 1.173378154635429382e-02
2.575572133064270020e-01 3.515326976776123047e-01
3.777621984481811523e-01 8.426161408424377441e-01
8.477387018501758575e-03 6.087981462478637695e-01
6.839036941528320312e-01 2.876521646976470947e-01
3.454026579856872559e-01 2.000833451747894287e-01
3.693760931491851807e-01 5.063320398330688477e-01
2.792655304074287415e-02 3.900753557682037354e-01
2.402798235416412354e-01 1.563451141119003296e-01
9.160950183868408203e-01 7.395995855331420898e-01
5.143603682518005371e-01 5.929721593856811523e-01
2.664692103862762451e-01 2.211052626371383667e-01
4.938699305057525635e-01 6.311478614807128906e-01
1.930391639471054077e-01 5.396248698234558105e-01
1.025197505950927734e-01 9.896354377269744873e-02
3.509668707847595215e-01 3.037514984607696533e-01
6.626551747322082520e-01 6.552197933197021484e-01
7.775681614875793457e-01 3.672577738761901855e-01
2.194916456937789917e-01 1.163195818662643433e-01
3.390018045902252197e-01 1.486889272928237915e-01
2.177028059959411621e-01 6.863290667533874512e-01
6.244715303182601929e-02 8.823421001434326172e-01
4.602242112159729004e-01 9.642108082771301270e-01
4.323167502880096436e-01 9.400860071182250977e-01
7.231395840644836426e-01 6.163370609283447266e-01
1.983278198167681694e-03 1.896306723356246948e-01
5.605118870735168457e-01 4.767703711986541748e-01
6.751269698143005371e-01 2.826657891273498535e-01
9.207684993743896484e-01 1.819445490837097168e-01
1.542915254831314087e-01 9.995083212852478027e-01
2.357985526323318481e-01 5.805460810661315918e-01
4.781819581985473633e-01 5.677959918975830078e-01
7.002997398376464844e-01 3.569000363349914551e-01
2.868428826332092285e-01 8.493205308914184570e-01
3.972457349300384521e-01 6.171579360961914062e-01
5.065931677818298340e-01 1.659892648458480835e-01
2.370097190141677856e-01 4.754614084959030151e-02
5.218850970268249512e-01 7.493212223052978516e-01
7.794258594512939453e-01 1.648538708686828613e-01
7.985052466392517090e-01 4.568074941635131836e-01
8.058200478553771973e-01 1.231185123324394226e-01
1.475224047899246216e-01 3.219281435012817383e-01
8.917680978775024414e-01 4.759592115879058838e-01
3.250064551830291748e-01 7.978463172912597656e-01
2.531059086322784424e-01 9.272686243057250977e-01
2.170915305614471436e-01 7.307597398757934570e-01
7.824674248695373535e-01 3.054805099964141846e-01
5.731498599052429199e-01 5.892357826232910156e-01
6.350443363189697266e-01 5.347856879234313965e-02
2.251879572868347168e-01 4.966593086719512939e-01
4.539432823657989502e-01 8.508033752441406250e-01
1.667739939875900745e-03 1.344988793134689331e-01
8.621533513069152832e-01 8.257890939712524414e-01
5.246578454971313477e-01 1.056288257241249084e-01
3.877162039279937744e-01 6.978430747985839844e-01
1.470971405506134033e-01 4.486436247825622559e-01
6.461002677679061890e-02 2.064145952463150024e-01
6.899521350860595703e-01 8.653334379196166992e-01
7.253449559211730957e-01 6.689963936805725098e-01
8.642857670783996582e-01 1.380589455366134644e-01
8.712206035852432251e-02 1.302842348814010620e-01
6.860651969909667969e-01 3.024119436740875244e-01
6.907861232757568359e-01 8.380920886993408203e-01
6.187799572944641113e-01 3.082967400550842285e-01
8.540510535240173340e-01 4.638740420341491699e-01
8.805766701698303223e-01 2.673344016075134277e-01
4.124728143215179443e-01 2.809204161167144775e-01
6.625147461891174316e-01 9.076412916183471680e-01
5.760750174522399902e-01 4.167047441005706787e-01
3.437169492244720459e-01 3.390871286392211914e-01
7.765779495239257812e-01 5.978122353553771973e-01
6.945955753326416016e-01 2.391579151153564453e-01
6.117629632353782654e-02 9.977121353149414062e-01
7.714958190917968750e-01 2.761168777942657471e-01
4.273542463779449463e-01 7.688782811164855957e-01
3.715259730815887451e-01 3.257438838481903076e-01
7.319528460502624512e-01 7.419802546501159668e-01
6.792336106300354004e-01 1.880284845829010010e-01
1.144730970263481140e-01 5.861215591430664062e-01
9.315623044967651367e-01 3.235634267330169678e-01
4.630286991596221924e-01 1.383880078792572021e-01
6.403082013130187988e-01 5.891982316970825195e-01
1.920887231826782227e-01 6.062006354331970215e-01
2.067861109972000122e-01 5.641834139823913574e-01
8.456866443157196045e-02 1.875637322664260864e-01
9.853207468986511230e-01 1.083656698465347290e-01
6.226205229759216309e-01 2.373318523168563843e-01
2.633337974548339844e-01 3.741594552993774414e-01
8.974997997283935547e-01 4.628410562872886658e-02
4.470706284046173096e-01 3.079847395420074463e-01
9.870204329490661621e-01 2.307587862014770508e-01
9.817069768905639648e-01 6.276684999465942383e-01
6.307404041290283203e-01 2.240779846906661987e-01
8.987663388252258301e-01 6.340687870979309082e-01
3.161509633064270020e-01 8.843311667442321777e-01
8.910105824470520020e-01 2.438176423311233521e-01
7.936300635337829590e-01 3.265551626682281494e-01
2.210755944252014160e-01 7.922471761703491211e-01
3.915081024169921875e-01 9.529933929443359375e-01
9.761393666267395020e-01 5.279190540313720703e-01
4.514122009277343750e-01 3.731471896171569824e-01
4.426313638687133789e-01 6.832964420318603516e-01
8.366506099700927734e-01 3.144721090793609619e-01
5.527122616767883301e-01 8.522240519523620605e-01
1.128988787531852722e-01 1.542189121246337891e-01
9.938300251960754395e-01 1.105049028992652893e-01
1.143550798296928406e-01 7.183293104171752930e-01
8.617441654205322266e-01 7.787379622459411621e-01
2.229328304529190063e-01 5.722156167030334473e-01
8.631011247634887695e-01 8.684474974870681763e-02
5.730167031288146973e-01 3.759045302867889404e-01
1.655694395303726196e-01 4.855641350150108337e-02
1.562823802232742310e-01 2.323950082063674927e-01
2.002685815095901489e-01 7.209556102752685547e-01
6.104663610458374023e-01 1.437223255634307861e-01
2.607158124446868896e-01 3.341642022132873535e-01
4.346082508563995361e-01 6.384600400924682617e-01
7.799336910247802734e-01 2.336717993021011353e-01
4.510256350040435791e-01 5.774742960929870605e-01
6.767228841781616211e-01 2.621785700321197510e-01
9.492423534393310547e-01 9.635227322578430176e-01
5.867570638656616211e-01 6.031246781349182129e-01
3.473798930644989014e-01 2.134382724761962891e-01
6.299809813499450684e-01 4.384994506835937500e-01
1.699382090009748936e-03 9.338579177856445312e-01
4.596849679946899414e-01 2.141965478658676147e-01
2.024774402379989624e-01 8.611603081226348877e-02
9.096189737319946289e-01 3.815365731716156006e-01
4.672439694404602051e-01 2.897974662482738495e-02
3.836679160594940186e-01 5.016369223594665527e-01
6.954069137573242188e-01 7.289051413536071777e-01
4.014649093151092529e-01 7.725266218185424805e-01
3.024663329124450684e-01 3.970503509044647217e-01
3.787055313587188721e-01 6.025979518890380859e-01
4.836636185646057129e-01 2.809055447578430176e-01
8.509557247161865234e-01 8.552855998277664185e-02
5.125201344490051270e-01 7.371679544448852539e-01
7.249710559844970703e-01 5.561302900314331055e-01
2.927475795149803162e-02 6.317255496978759766e-01
1.953444033861160278e-01 8.461310267448425293e-01
3.650152683258056641e-01 6.093904376029968262e-01
6.781628727912902832e-01 5.997409224510192871e-01
2.146719694137573242e-01 8.582513928413391113e-01
5.880924314260482788e-02 4.476791322231292725e-01
7.511800527572631836e-01 2.496939301490783691e-01
9.142188429832458496e-01 5.869288928806781769e-03
4.938948154449462891e-01 8.648635745048522949e-01
6.688657402992248535e-01 1.019104570150375366e-02
1.273754537105560303e-01 7.347279787063598633e-02
8.541584014892578125e-01 1.874192953109741211e-01
6.393459439277648926e-01 5.482766032218933105e-01
5.640293955802917480e-01 1.126324385404586792e-01
7.039760351181030273e-01 2.159918546676635742e-01
4.764469563961029053e-01 7.443828582763671875e-01
5.852890014648437500e-01 3.807187452912330627e-02
2.190498858690261841e-01 2.304691374301910400e-01
8.717851638793945312e-01 9.733188748359680176e-01
6.090369820594787598e-01 2.070073783397674561e-01
5.215496420860290527e-01 1.480801701545715332e-01
8.139978051185607910e-01 3.860850036144256592e-01
4.630825519561767578e-01 4.197070002555847168e-01
4.623638093471527100e-01 1.333039849996566772e-01
4.521817266941070557e-01 5.503873825073242188e-01
3.111955150961875916e-02 3.316322863101959229e-01
6.352739930152893066e-01 5.504139512777328491e-02
1.265900284051895142e-01 4.104386270046234131e-01
5.097382068634033203e-01 7.093475461006164551e-01
4.000682383775711060e-03 4.645139276981353760e-01
8.031997084617614746e-01 2.703103721141815186e-01
1.834279149770736694e-01 5.614301562309265137e-01
2.999109625816345215e-01 3.541571199893951416e-01
8.032776713371276855e-01 4.483972787857055664e-01
4.675584733486175537e-01 6.424803733825683594e-01
1.257822811603546143e-01 3.435057103633880615e-01
8.953570127487182617e-01 2.353395819664001465e-01
1.947581022977828979e-01 9.649356007575988770e-01
4.677976369857788086e-01 9.922186732292175293e-01
2.404068708419799805e-01 9.462718367576599121e-01
6.319567561149597168e-01 6.128268241882324219e-01
9.566535353660583496e-01 2.529554963111877441e-01
9.816263318061828613e-01 8.888335824012756348e-01
3.854783177375793457e-01 6.284545063972473145e-01
4.493942260742187500e-01 8.378589749336242676e-01
2.258178442716598511e-01 8.504088521003723145e-01
5.909946560859680176e-01 1.173624321818351746e-01
2.037029415369033813e-01 5.007566809654235840e-01
4.186673164367675781e-01 3.310918807983398438e-01
6.217053532600402832e-01 7.216171026229858398e-01
5.416104197502136230e-01 9.128420948982238770e-01
4.205853641033172607e-01 8.959311246871948242e-01
9.560809731483459473e-01 9.870930807664990425e-04
8.294393420219421387e-01 1.119607686996459961e-01
3.864057827740907669e-03 9.386047124862670898e-01
1.214282363653182983e-01 8.960242867469787598e-01
8.852579593658447266e-01 5.241556763648986816e-01
6.403239965438842773e-01 7.472698092460632324e-01
9.167135357856750488e-01 2.581663429737091064e-01
1.502667963504791260e-01 4.051604270935058594e-01
2.852679491043090820e-01 9.676797986030578613e-01
5.691898465156555176e-01 3.557545244693756104e-01
1.164690405130386353e-01 1.573185808956623077e-02
7.372127175331115723e-01 5.679090619087219238e-01
7.300117015838623047e-01 2.849320471286773682e-01
1.103135570883750916e-01 2.391309589147567749e-01
6.014347076416015625e-01 5.412359237670898438e-01
5.517321228981018066e-01 3.464672267436981201e-01
4.155437052249908447e-01 2.156531065702438354e-01
6.134945154190063477e-01 5.487305298447608948e-02
3.953316807746887207e-01 5.212450623512268066e-01
4.926740527153015137e-01 5.026566386222839355e-01
5.172622799873352051e-01 1.827913671731948853e-01
1.035151034593582153e-01 1.929997801780700684e-01
8.646445274353027344e-01 3.844983875751495361e-01
3.527136147022247314e-01 1.515857130289077759e-01
6.155619025230407715e-01 2.901715040206909180e-01
7.620841860771179199e-01 1.577213853597640991e-01
3.399521112442016602e-01 9.525048136711120605e-01
3.779719471931457520e-01 1.967264115810394287e-01
6.577259302139282227e-01 2.420179545879364014e-01
6.214599609375000000e-01 8.309651017189025879e-01
6.260530352592468262e-01 3.935096561908721924e-01
2.883819937705993652e-01 5.432648658752441406e-01
8.450353145599365234e-02 8.086026310920715332e-01
3.175449371337890625e-01 5.786266326904296875e-01
8.251008391380310059e-01 5.397339463233947754e-01
7.164177894592285156e-01 2.488964051008224487e-01
1.891684383153915405e-01 6.746989488601684570e-01
6.341723799705505371e-01 3.427647054195404053e-02
3.412228822708129883e-01 9.076690673828125000e-01
4.078264236450195312e-01 1.779055148363113403e-01
5.466824173927307129e-01 3.633699119091033936e-01
1.591360010206699371e-02 4.193785488605499268e-01
4.892853796482086182e-01 2.205626666545867920e-01
6.495224833488464355e-01 2.340255975723266602e-01
5.363267660140991211e-01 1.046857908368110657e-01
9.630949795246124268e-02 9.827298521995544434e-01
6.384193301200866699e-01 9.151860475540161133e-01
9.497987031936645508e-01 1.905218809843063354e-01
7.582988142967224121e-01 3.904397785663604736e-02
1.239522397518157959e-01 8.936089873313903809e-01
9.402992725372314453e-01 4.631704092025756836e-01
8.856904506683349609e-01 1.311745941638946533e-01
3.033274114131927490e-01 9.063220024108886719e-01
9.593110084533691406e-01 9.298932552337646484e-01
9.245532751083374023e-01 8.170152902603149414e-01
7.124795913696289062e-01 5.552576184272766113e-01
6.974692344665527344e-01 1.524046957492828369e-01
5.952459573745727539e-01 4.494818449020385742e-01
9.232397675514221191e-01 4.490357041358947754e-01
1.555250436067581177e-01 7.287628650665283203e-01
2.797854244709014893e-01 8.485071659088134766e-01
2.980754077434539795e-01 7.088950872421264648e-01
5.649601817131042480e-01 5.669500827789306641e-01
8.305883407592773438e-01 9.185357391834259033e-02
3.201561570167541504e-01 8.359388709068298340e-01
7.804874181747436523e-01 3.461043536663055420e-01
8.451148867607116699e-01 5.531162619590759277e-01
4.506915807723999023e-01 6.343326568603515625e-01
2.043258100748062134e-01 7.162361741065979004e-01
3.595072925090789795e-01 4.606138765811920166e-01
9.070965647697448730e-01 5.625216364860534668e-01
9.331264346837997437e-02 1.118149235844612122e-01
