4.971810802817344666e-02 6.569232940673828125e-01
3.774080574512481689e-01 9.280983209609985352e-01
9.397831559181213379e-01 4.245620667934417725e-01
3.626956343650817871e-01 9.342401027679443359e-01
2.789979279041290283e-01 2.170031964778900146e-01
8.686472773551940918e-01 8.563178032636642456e-02
2.940434217453002930e-01 3.289092481136322021e-01
9.911010861396789551e-01 4.601216614246368408e-01
7.222089171409606934e-01 4.188911616802215576e-01
8.605219721794128418e-01 7.494615912437438965e-01
6.580618023872375488e-01 3.695470988750457764e-01
9.421691298484802246e-01 5.349391102790832520e-01
9.418188333511352539e-01 4.893408715724945068e-01
4.892529845237731934e-01 1.768052726984024048e-01
3.582007586956024170e-01 6.478694081306457520e-01
2.527225315570831299e-01 2.349507063627243042e-01
7.025147676467895508e-01 5.359457731246948242e-01
7.008059024810791016e-01 3.731719851493835449e-01
9.915888309478759766e-01 4.581978321075439453e-01
8.781644701957702637e-02 1.792536377906799316e-01
7.671517729759216309e-01 1.060603410005569458e-01
2.324556261301040649e-01 2.639588713645935059e-01
5.045086741447448730e-01 8.186291456222534180e-01
2.056840807199478149e-01 4.261314570903778076e-01
8.277763724327087402e-01 4.063268601894378662e-01
3.295075595378875732e-01 3.476838171482086182e-01
9.669077396392822266e-01 5.929085984826087952e-02
1.054706349968910217e-01 7.719452977180480957e-01
5.458043515682220459e-02 1.411965489387512207e-01
2.268712222576141357e-01 2.052519321441650391e-01
1.512666195631027222e-01 7.158544659614562988e-02
1.334781497716903687e-01 3.104148209095001221e-01
3.859215676784515381e-01 9.881855845451354980e-01
2.318511307239532471e-01 8.284802734851837158e-02
8.073348551988601685e-02 2.534712851047515869e-01
1.896118819713592529e-01 8.268516659736633301e-01
7.339498400688171387e-01 9.857757687568664551e-01
6.165061593055725098e-01 7.366564273834228516e-01
8.694989085197448730e-01 9.125220179557800293e-01
3.013863861560821533e-01 6.237241029739379883e-01
6.989138722419738770e-01 2.699626982212066650e-01
6.298483014106750488e-01 1.685504913330078125e-01
2.227794611826539040e-03 9.449467658996582031e-01
7.774989008903503418e-01 5.958179011940956116e-03
5.198332667350769043e-01 2.966344654560089111e-01
7.706982493400573730e-01 7.679611444473266602e-01
8.909794688224792480e-01 8.359884023666381836e-01
3.431162238121032715e-01 3.292106091976165771e-02
9.003956317901611328e-01 5.233837366104125977e-01
4.204952418804168701e-01 4.257622063159942627e-01
9.754276871681213379e-01 9.426913857460021973e-01
5.196280479431152344e-01 6.593641638755798340e-01
6.567969918251037598e-02 5.751367807388305664e-01
5.263909697532653809e-01 9.148612618446350098e-01
2.060610204935073853e-01 3.757682442665100098e-01
6.649892330169677734e-01 5.981577634811401367e-01
3.702868521213531494e-01 3.720839917659759521e-01
6.992714405059814453e-01 7.002808451652526855e-01
1.814123839139938354e-01 8.981451392173767090e-01
9.561161398887634277e-01 4.137087166309356689e-01
3.932312130928039551e-02 2.664329409599304199e-01
9.567605853080749512e-01 9.588652253150939941e-01
9.319096803665161133e-01 3.906013667583465576e-01
1.756563186645507812e-01 8.994632959365844727e-01
8.753640651702880859e-01 5.875303745269775391e-01
6.806953549385070801e-01 4.662975668907165527e-01
5.033922791481018066e-01 1.247787848114967346e-01
5.497079715132713318e-02 8.334348201751708984e-01
5.656555294990539551e-01 3.152655959129333496e-01
6.740012764930725098e-01 2.243456393480300903e-01
7.423225641250610352e-01 4.403799772262573242e-01
1.004810910671949387e-02 1.276431977748870850e-01
7.852509617805480957e-01 9.580534696578979492e-01
6.409418303519487381e-03 2.851939201354980469e-01
8.746601343154907227e-01 4.907121062278747559e-01
2.918587923049926758e-01 1.476459205150604248e-01
9.933066964149475098e-01 1.986187100410461426e-01
3.858312368392944336e-01 4.920536279678344727e-01
9.841364026069641113e-01 2.850739099085330963e-02
6.937029361724853516e-01 1.385442614555358887e-01
1.075060442090034485e-01 5.284245610237121582e-01
8.090074062347412109e-01 7.622415423393249512e-01
3.843101263046264648e-01 5.425352454185485840e-01
9.122536778450012207e-01 9.698094725608825684e-01
4.078295528888702393e-01 4.360932111740112305e-01
2.603754401206970215e-01 1.959587633609771729e-02
7.633113861083984375e-01 7.919014096260070801e-01
6.327220797538757324e-01 3.009492456912994385e-01
2.827969491481781006e-01 3.861415088176727295e-01
7.454348206520080566e-01 2.400678396224975586e-01
5.856416225433349609e-01 7.109966874122619629e-01
2.363518923521041870e-01 6.472985148429870605e-01
4.699362516403198242e-01 7.520070075988769531e-01
2.090573459863662720e-01 7.100180983543395996e-01
2.870507836341857910e-01 9.827787876129150391e-01
5.773427486419677734e-01 1.699293404817581177e-01
1.773655712604522705e-01 4.340556859970092773e-01
4.803007841110229492e-01 4.731549918651580811e-01
3.148622810840606689e-01 1.070436462759971619e-02
7.534130811691284180e-01 5.088033676147460938e-01
8.360444903373718262e-01 5.516982078552246094e-01
5.352183580398559570e-01 3.618386983871459961e-01
6.341362595558166504e-01 5.920383334159851074e-01
3.254824280738830566e-01 1.036652177572250366e-01
9.579555988311767578e-01 7.850848436355590820e-01
1.859922558069229126e-01 4.855101108551025391e-01
6.312301754951477051e-02 1.328278481960296631e-01
9.051102399826049805e-01 2.114766985177993774e-01
4.014019295573234558e-02 2.025976479053497314e-01
5.300154685974121094e-01 8.522588014602661133e-01
9.720380902290344238e-01 4.937188923358917236e-01
4.205284416675567627e-01 9.156247377395629883e-01
7.438448667526245117e-01 7.725051641464233398e-01
2.160791158676147461e-01 6.528481245040893555e-01
9.018045067787170410e-01 7.680034637451171875e-01
9.679141640663146973e-01 6.929016858339309692e-02
2.614286243915557861e-01 7.871936559677124023e-01
6.791515946388244629e-01 9.068643450736999512e-01
7.623784542083740234e-01 3.698415756225585938e-01
7.785075306892395020e-01 5.054334402084350586e-01
4.307022094726562500e-01 2.850862443447113037e-01
5.807536244392395020e-01 7.978112697601318359e-01
5.351731181144714355e-01 5.757477283477783203e-01
9.347611665725708008e-01 3.885031640529632568e-01
8.965944647789001465e-01 4.832293689250946045e-01
2.593508958816528320e-01 9.850593805313110352e-01
9.712179303169250488e-01 6.524587869644165039e-01
8.913320302963256836e-01 3.836114406585693359e-01
7.108279466629028320e-01 2.528646886348724365e-01
3.535395860671997070e-01 1.902849376201629639e-01
6.624711751937866211e-01 1.045140251517295837e-01
9.362882971763610840e-01 2.167166769504547119e-01
9.761404395103454590e-01 3.071209490299224854e-01
1.661082804203033447e-01 4.098266065120697021e-01
2.591915130615234375e-01 6.460336446762084961e-01
1.548350453376770020e-01 7.045956850051879883e-01
7.019628286361694336e-01 3.478034436702728271e-01
1.532587707042694092e-01 6.541587114334106445e-01
3.644871711730957031e-01 7.249972224235534668e-01
4.974307119846343994e-01 9.475197196006774902e-01
2.542447745800018311e-01 4.163395166397094727e-01
7.704951167106628418e-01 9.515379071235656738e-01
7.977046817541122437e-02 4.346338808536529541e-01
8.190579712390899658e-02 9.419586062431335449e-01
6.272051930427551270e-01 2.477917075157165527e-01
2.685343027114868164e-01 1.261188834905624390e-01
9.753246307373046875e-01 1.604600809514522552e-02
4.203667044639587402e-01 3.670081496238708496e-01
3.963609337806701660e-01 8.121975064277648926e-01
6.996805071830749512e-01 8.276743292808532715e-01
4.843361973762512207e-01 3.826681673526763916e-01
5.028477683663368225e-02 6.044209599494934082e-01
7.225579023361206055e-02 2.340222299098968506e-01
5.319869518280029297e-01 6.331648677587509155e-02
3.990828990936279297e-01 9.242116212844848633e-01
3.762474656105041504e-01 2.928880155086517334e-01
8.946185559034347534e-02 1.633908003568649292e-01
1.823403537273406982e-01 3.041295707225799561e-01
2.134329825639724731e-01 8.089554905891418457e-01
7.433795928955078125e-02 4.519406557083129883e-01
3.531266376376152039e-02 5.300263762474060059e-01
5.103510022163391113e-01 6.087747812271118164e-01
4.050416052341461182e-01 9.841460585594177246e-01
6.940922141075134277e-01 9.631102681159973145e-01
8.217024207115173340e-01 4.245535731315612793e-01
7.157312035560607910e-01 5.421949028968811035e-01
4.719083607196807861e-01 9.704226851463317871e-01
9.906628727912902832e-01 2.424299269914627075e-01
5.430147051811218262e-01 5.861619710922241211e-01
2.961015701293945312e-01 9.239071607589721680e-01
2.191190868616104126e-01 6.542898416519165039e-01
1.758733391761779785e-01 2.390719056129455566e-01
7.388502955436706543e-01 2.574731782078742981e-02
6.001822948455810547e-01 7.937398552894592285e-01
1.048536598682403564e-01 1.950232982635498047e-01
9.944869279861450195e-01 9.793164730072021484e-01
1.366084218025207520e-01 8.296970278024673462e-02
1.125827431678771973e-01 7.641055583953857422e-01
5.295031070709228516e-01 8.466886878013610840e-01
3.016068935394287109e-01 6.958889365196228027e-01
1.145929377526044846e-02 3.376931846141815186e-01
5.751923918724060059e-01 4.455332458019256592e-01
6.758576035499572754e-01 1.395094841718673706e-01
2.252356112003326416e-01 9.542936682701110840e-01
6.026995554566383362e-02 5.125607848167419434e-01
7.085681557655334473e-01 6.840400099754333496e-01
3.891901969909667969e-01 1.726200282573699951e-01
8.776762485504150391e-01 3.506425619125366211e-01
1.111086010932922363e-01 4.704469740390777588e-01
7.350778579711914062e-01 5.027193427085876465e-01
6.963975429534912109e-01 8.083126544952392578e-01
5.188581347465515137e-01 5.793150067329406738e-01
1.260555833578109741e-01 2.573900818824768066e-01
5.943620204925537109e-02 5.479500815272331238e-02
6.249975562095642090e-01 9.800080060958862305e-01
7.427426576614379883e-01 4.514272511005401611e-02
1.895412653684616089e-01 9.113352298736572266e-01
8.310507535934448242e-01 2.504063546657562256e-01
1.872541606426239014e-01 4.066511094570159912e-01
4.845327138900756836e-02 8.541826605796813965e-01
2.889828681945800781e-01 5.231145620346069336e-01
1.935303658246994019e-01 1.082813739776611328e-01
6.492714285850524902e-01 2.334472723305225372e-02
8.101460933685302734e-01 5.046485736966133118e-02
9.994227290153503418e-01 5.302120447158813477e-01
3.664039373397827148e-01 7.922135591506958008e-01
3.106766939163208008e-01 3.511957824230194092e-01
6.718344092369079590e-01 8.951379060745239258e-01
2.410058975219726562e-01 8.003916144371032715e-01
3.675099015235900879e-01 9.633609652519226074e-01
5.352982282638549805e-01 7.423161268234252930e-01
9.753360152244567871e-01 3.407543897628784180e-01
4.438996016979217529e-01 9.911949038505554199e-01
7.997099161148071289e-01 8.353681117296218872e-02
9.452415257692337036e-02 7.310390472412109375e-01
5.155900027602910995e-03 7.843319177627563477e-01
5.054538846015930176e-01 8.200288414955139160e-01
9.839990139007568359e-01 3.801047205924987793e-01
1.479341462254524231e-02 5.664926171302795410e-01
2.874428629875183105e-01 8.293805122375488281e-01
1.651699990034103394e-01 2.112263739109039307e-01
5.635850876569747925e-02 2.481867969036102295e-01
2.948195636272430420e-01 6.536388397216796875e-01
3.057426214218139648e-01 2.099535018205642700e-01
1.556615978479385376e-01 8.999518752098083496e-01
8.215625882148742676e-01 6.618820428848266602e-01
2.467455863952636719e-01 2.606248557567596436e-01
1.081882640719413757e-01 2.954588830471038818e-01
9.085220694541931152e-01 1.611164659261703491e-01
8.683719038963317871e-01 8.239398002624511719e-01
3.988375067710876465e-01 2.494033426046371460e-02
2.191597074270248413e-01 9.991005063056945801e-02
3.103280365467071533e-01 5.926513671875000000e-01
1.755004674196243286e-01 3.108175694942474365e-01
1.298574805259704590e-01 5.897597596049308777e-02
4.389577209949493408e-01 8.829675912857055664e-01
6.196822524070739746e-01 4.325568974018096924e-01
1.465286463499069214e-01 8.289827704429626465e-01
9.603732228279113770e-01 2.656294107437133789e-01
9.538738131523132324e-01 4.841398000717163086e-01
2.337338477373123169e-01 4.619038701057434082e-01
6.624032855033874512e-01 1.828621625900268555e-01
4.296574275940656662e-03 9.103665947914123535e-01
3.248778581619262695e-01 8.769201040267944336e-01
8.606402873992919922e-01 7.736774682998657227e-01
8.159591555595397949e-01 7.748672962188720703e-01
4.294978976249694824e-01 7.755036652088165283e-02
8.404243588447570801e-01 5.625118017196655273e-01
9.171743988990783691e-01 8.795323371887207031e-01
2.100951075553894043e-01 3.143129050731658936e-01
6.419462561607360840e-01 9.951325654983520508e-01
8.321007490158081055e-01 1.875851750373840332e-01
4.773364067077636719e-01 2.641745842993259430e-03
9.888451695442199707e-01 2.965629100799560547e-01
7.756913304328918457e-01 7.295110821723937988e-02
5.055397748947143555e-01 2.346334606409072876e-01
2.495774924755096436e-01 5.021978616714477539e-01
7.658696174621582031e-01 3.512719273567199707e-01
5.429732799530029297e-01 8.808057308197021484e-01
2.662725746631622314e-01 1.801235675811767578e-01
2.883735299110412598e-01 7.018613815307617188e-02
5.042392015457153320e-01 8.664758801460266113e-01
1.113694161176681519e-01 4.087739586830139160e-01
5.694704055786132812e-01 7.093147039413452148e-01
6.990298032760620117e-01 7.951381206512451172e-01
5.650290250778198242e-01 5.518525838851928711e-01
8.472936600446701050e-02 6.405756622552871704e-02
2.714661657810211182e-01 1.280201673507690430e-01
5.930463671684265137e-01 9.536479711532592773e-01
1.134829781949520111e-02 1.017185747623443604e-01
3.564438521862030029e-01 9.682345986366271973e-01
3.913715183734893799e-01 5.109531804919242859e-02
2.721486389636993408e-01 4.762770533561706543e-01
4.567755460739135742e-01 2.312023192644119263e-03
9.678490757942199707e-01 2.300989031791687012e-01
4.219439327716827393e-01 2.976504862308502197e-01
5.190656185150146484e-01 6.374230384826660156e-01
1.781458258628845215e-01 1.188742741942405701e-01
7.626757025718688965e-01 3.278582394123077393e-01
7.469636797904968262e-01 1.708500832319259644e-01
9.491009712219238281e-01 2.990710139274597168e-01
4.132941365242004395e-03 2.678451836109161377e-01
2.162005007266998291e-01 1.675076633691787720e-01
4.153350293636322021e-01 7.054310441017150879e-01
4.566327854990959167e-02 9.495817422866821289e-01
4.555617868900299072e-01 4.206818342208862305e-01
9.933221340179443359e-01 5.497282743453979492e-01
9.570007026195526123e-02 2.291261553764343262e-01
2.568893432617187500e-01 1.692504286766052246e-01
4.061177372932434082e-01 2.425961047410964966e-01
7.992393374443054199e-01 6.297097802162170410e-01
3.816607296466827393e-01 4.888681694865226746e-02
6.061612963676452637e-01 3.255919516086578369e-01
8.540584146976470947e-02 4.969145059585571289e-01
4.479480087757110596e-01 2.080536931753158569e-01
7.766242027282714844e-01 4.641367793083190918e-01
6.100441813468933105e-01 3.275527358055114746e-01
7.016236186027526855e-01 5.462030768394470215e-01
9.293357729911804199e-01 8.733989000320434570e-01
9.655061960220336914e-01 3.202206790447235107e-01
4.582266509532928467e-01 3.575102984905242920e-01
9.239154458045959473e-01 7.677408456802368164e-01
3.276724517345428467e-01 4.806157946586608887e-01
7.350977063179016113e-01 7.959340810775756836e-01
1.318808048963546753e-01 5.711807608604431152e-01
9.142959117889404297e-02 2.081630080938339233e-01
2.742088735103607178e-01 7.253202795982360840e-01
3.148053213953971863e-02 3.406975567340850830e-01
2.743163406848907471e-01 4.978697299957275391e-01
5.824439525604248047e-01 2.585810422897338867e-01
8.062540888786315918e-01 6.292099505662918091e-02
9.140178561210632324e-01 8.267045021057128906e-01
4.502079486846923828e-01 7.361068576574325562e-02
1.428712904453277588e-01 6.912323236465454102e-01
4.712575972080230713e-01 6.717323511838912964e-02
4.889935851097106934e-01 5.456557273864746094e-01
7.403244972229003906e-01 1.086238846182823181e-01
9.800688028335571289e-01 2.987833619117736816e-01
6.662499159574508667e-02 5.515255928039550781e-01
2.946698665618896484e-01 9.882409572601318359e-01
9.467506408691406250e-01 6.982805132865905762e-01
7.352440953254699707e-01 4.745402038097381592e-01
4.085237681865692139e-01 4.651700556278228760e-01
9.800094962120056152e-01 2.934632301330566406e-01
9.955936074256896973e-01 8.544068932533264160e-01
7.902002334594726562e-01 2.287292480468750000e-01
6.541838645935058594e-01 2.383177578449249268e-01
2.078837752342224121e-01 2.136229872703552246e-01
3.795082494616508484e-02 7.163096070289611816e-01
1.682644188404083252e-01 9.153398275375366211e-01
3.122327104210853577e-02 1.449928730726242065e-01
8.664261698722839355e-01 6.086837053298950195e-01
2.049381136894226074e-01 4.274309277534484863e-01
3.185805678367614746e-02 6.085049510002136230e-01
4.104359149932861328e-01 8.518763780593872070e-01
3.621535003185272217e-01 2.700564265251159668e-01
3.113842308521270752e-01 5.914193391799926758e-01
6.320236325263977051e-01 1.074372604489326477e-01
6.959227323532104492e-01 7.025005817413330078e-01
6.599794626235961914e-01 4.283183813095092773e-01
3.047569990158081055e-01 7.013576030731201172e-01
6.505511999130249023e-01 7.432591319084167480e-01
6.866002678871154785e-01 7.028957605361938477e-01
3.044309318065643311e-01 5.138626694679260254e-01
5.409789085388183594e-01 1.710368692874908447e-02
9.718830883502960205e-02 5.283881425857543945e-01
8.097637295722961426e-01 2.021659910678863525e-01
9.556725025177001953e-01 4.513501524925231934e-01
5.039662718772888184e-01 3.369245827198028564e-01
1.752585321664810181e-01 4.847027733922004700e-02
3.769733011722564697e-01 1.960162818431854248e-01
3.839802145957946777e-01 3.740373551845550537e-01
3.481256663799285889e-01 9.086136221885681152e-01
2.901084534823894501e-02 2.773352861404418945e-01
3.610165715217590332e-01 3.693554997444152832e-01
5.331769585609436035e-01 5.529265403747558594e-01
6.224596500396728516e-01 4.505417943000793457e-01
1.259056031703948975e-01 6.330103278160095215e-01
5.233721435070037842e-02 6.244675517082214355e-01
2.188509404659271240e-01 8.548780679702758789e-01
7.915423512458801270e-01 1.284114271402359009e-01
4.149956107139587402e-01 4.809640347957611084e-01
7.581369876861572266e-01 4.710743129253387451e-01
6.017391681671142578e-01 9.128441214561462402e-01
2.134534865617752075e-01 1.515598595142364502e-01
5.915037393569946289e-01 4.273887872695922852e-01
9.685797691345214844e-01 2.513605952262878418e-01
1.643209606409072876e-01 8.232539892196655273e-01
6.000933051109313965e-01 4.537627398967742920e-01
1.260560154914855957e-01 6.728360056877136230e-01
3.422039151191711426e-01 5.108886361122131348e-01
9.297856092453002930e-01 5.793523788452148438e-01
7.515617460012435913e-02 3.767172619700431824e-02
3.714872002601623535e-01 4.872257411479949951e-01
3.679761886596679688e-01 2.417874932289123535e-01
3.298431932926177979e-01 8.323784470558166504e-01
5.528668761253356934e-01 9.573396295309066772e-02
5.530320405960083008e-01 2.975980341434478760e-01
8.417742848396301270e-01 3.880793750286102295e-01
1.349366605281829834e-01 4.153089523315429688e-01
1.134321615099906921e-01 6.134404540061950684e-01
3.926317989826202393e-01 9.282736778259277344e-01
9.635275602340698242e-02 1.792597174644470215e-01
4.765170812606811523e-01 4.882666766643524170e-01
1.135172918438911438e-01 5.933594703674316406e-01
4.707961082458496094e-01 5.484400391578674316e-01
1.208990663290023804e-01 3.575196564197540283e-01
5.692327618598937988e-01 3.626499176025390625e-01
7.833242416381835938e-01 4.117231070995330811e-02
7.091575860977172852e-01 2.978235185146331787e-01
3.511836528778076172e-01 5.072338581085205078e-01
4.517658352851867676e-01 9.063414931297302246e-01
6.478592753410339355e-01 1.361599564552307129e-01
3.244589567184448242e-01 6.893771290779113770e-01
8.464908003807067871e-01 4.143605530261993408e-01
3.815714120864868164e-01 1.338700652122497559e-01
3.644405305385589600e-01 2.676814198493957520e-01
7.547147870063781738e-01 8.263564705848693848e-01
9.009646773338317871e-01 9.138305187225341797e-01
3.603940010070800781e-01 8.602116107940673828e-01
8.813017606735229492e-01 7.978390902280807495e-02
8.955320119857788086e-01 6.598494648933410645e-01
3.344360888004302979e-01 7.880772948265075684e-01
8.880236744880676270e-01 9.860076755285263062e-02
2.649131119251251221e-01 3.121858835220336914e-01
3.570326566696166992e-01 4.186529219150543213e-01
8.268434405326843262e-01 6.622197031974792480e-01
1.851863265037536621e-01 2.350619137287139893e-01
3.228819072246551514e-01 9.035404324531555176e-01
2.891384959220886230e-01 5.525366663932800293e-01
2.076717466115951538e-02 1.021765395998954773e-01
3.365458250045776367e-01 3.189503252506256104e-01
3.524945974349975586e-01 4.390112757682800293e-01
3.063108921051025391e-01 2.984772920608520508e-01
9.493033289909362793e-01 5.102940201759338379e-01
3.162589967250823975e-01 9.638502597808837891e-01
9.799553155899047852e-01 5.864526331424713135e-02
9.000846147537231445e-01 1.088099479675292969e-01
7.003965973854064941e-01 3.189178109169006348e-01
7.421624660491943359e-01 3.757195472717285156e-01
9.150629639625549316e-01 9.955309033393859863e-01
8.021739125251770020e-02 8.339494466781616211e-01
8.730197548866271973e-01 5.525026917457580566e-01
7.051503658294677734e-01 7.532581686973571777e-01
8.048455119132995605e-01 5.713408589363098145e-01
3.792678713798522949e-01 5.195180773735046387e-01
4.740095138549804688e-01 4.840587452054023743e-02
5.758977532386779785e-01 1.873970478773117065e-01
2.291635721921920776e-01 6.365025639533996582e-01
1.416194438934326172e-01 8.921350240707397461e-01
1.417119652032852173e-01 6.495221257209777832e-01
2.734602689743041992e-01 8.050640225410461426e-01
3.067139685153961182e-01 1.099119037389755249e-01
8.284002542495727539e-01 2.546334564685821533e-01
9.088034033775329590e-01 8.758772015571594238e-01
8.472369313240051270e-01 6.920505166053771973e-01
8.207316398620605469e-01 5.196502208709716797e-01
2.391985207796096802e-01 2.067165374755859375e-01
3.002334833145141602e-01 2.123856991529464722e-01
3.464319407939910889e-01 2.682345807552337646e-01
2.670866549015045166e-01 2.834298275411128998e-02
7.223455905914306641e-01 7.724402546882629395e-01
8.877214193344116211e-01 2.842576503753662109e-01
2.568718791007995605e-01 2.200126945972442627e-01
6.558483839035034180e-01 9.593362212181091309e-01
6.502754092216491699e-01 5.993697643280029297e-01
8.191833496093750000e-01 3.291456103324890137e-01
9.430536031723022461e-01 4.844236969947814941e-01
4.778401255607604980e-01 2.698895931243896484e-01
5.856075286865234375e-01 1.896154135465621948e-01
2.701490223407745361e-01 3.561921715736389160e-01
5.642343163490295410e-01 1.325186192989349365e-01
8.914416432380676270e-01 4.114692807197570801e-01
8.249818682670593262e-01 8.508875370025634766e-01
8.990005850791931152e-01 4.141091406345367432e-01
1.910582184791564941e-01 5.332245230674743652e-01
3.191394507884979248e-01 1.324759721755981445e-01
1.798170804977416992e-01 6.349864602088928223e-01
1.128424182534217834e-01 8.575649857521057129e-01
1.803878843784332275e-01 7.419872879981994629e-01
1.837344914674758911e-01 1.570079475641250610e-01
2.924684882164001465e-01 6.056352853775024414e-01
9.423536062240600586e-01 9.299942255020141602e-01
1.260814666748046875e-01 2.303886860609054565e-01
1.580651998519897461e-01 3.141722679138183594e-01
1.099821478128433228e-01 7.469678521156311035e-01
2.043708264827728271e-01 9.011846780776977539e-01
4.898667335510253906e-01 5.467090606689453125e-01
1.003477126359939575e-01 1.905767321586608887e-01
4.212165474891662598e-01 6.501067876815795898e-01
4.465404748916625977e-01 3.003731966018676758e-01
8.643567562103271484e-01 5.915694832801818848e-01
3.319520056247711182e-01 1.994073241949081421e-01
5.288366675376892090e-01 9.863210320472717285e-01
5.361974835395812988e-01 4.271575435996055603e-02
9.987305998802185059e-01 5.100954174995422363e-01
1.608310341835021973e-01 1.592765599489212036e-01
8.947951197624206543e-01 1.169309988617897034e-01
6.515445113182067871e-01 9.914342761039733887e-01
1.529666334390640259e-01 6.589555144309997559e-01
1.555765271186828613e-01 8.414851427078247070e-01
1.628528349101543427e-02 5.129407048225402832e-01
4.659768044948577881e-01 5.636445283889770508e-01
4.321903586387634277e-01 1.849301755428314209e-01
2.915140092372894287e-01 1.983021348714828491e-01
4.096397385001182556e-02 1.279936581850051880e-01
5.663380622863769531e-01 5.782318711280822754e-01
8.334651589393615723e-01 5.050718411803245544e-02
7.091869711875915527e-01 4.288249015808105469e-01
6.879930496215820312e-01 8.711728453636169434e-01
2.625769078731536865e-01 7.552555799484252930e-01
6.446770429611206055e-01 3.122440911829471588e-02
6.913317441940307617e-01 1.748036444187164307e-01
5.140993595123291016e-01 3.527310192584991455e-01
8.309069871902465820e-01 2.506483495235443115e-01
1.574860662221908569e-01 8.054063916206359863e-01
2.259147018194198608e-01 6.624756455421447754e-01
2.909720875322818756e-02 5.020064115524291992e-01
7.126961350440979004e-01 6.063714623451232910e-01
8.085497617721557617e-01 7.111045718193054199e-01
7.598283290863037109e-01 9.568446874618530273e-01
6.458843350410461426e-01 7.985032796859741211e-01
4.765919148921966553e-01 2.224493473768234253e-01
8.197195082902908325e-02 2.186129987239837646e-01
1.377344429492950439e-01 7.331807613372802734e-01
9.847231507301330566e-01 4.035804569721221924e-01
1.486769318580627441e-01 2.064113020896911621e-01
3.757843747735023499e-02 4.755120575428009033e-01
5.125582814216613770e-01 7.068759202957153320e-01
5.842292308807373047e-01 4.505406022071838379e-01
4.329193532466888428e-01 8.860605359077453613e-01
3.213651478290557861e-01 9.831068515777587891e-01
7.215549945831298828e-01 7.142323255538940430e-01
5.871295928955078125e-01 7.034228444099426270e-01
4.146471619606018066e-01 5.041656494140625000e-01
4.891950786113739014e-01 6.880241632461547852e-01
5.173949003219604492e-01 9.230358600616455078e-01
4.760436713695526123e-01 3.353102803230285645e-01
2.352274507284164429e-01 5.953059196472167969e-01
1.246449276804924011e-01 4.061866402626037598e-01
5.057853460311889648e-01 3.996613919734954834e-01
6.686344742774963379e-01 2.710456550121307373e-01
5.665804743766784668e-01 5.979134440422058105e-01
4.832119941711425781e-01 4.859996438026428223e-01
5.552438497543334961e-01 4.930494725704193115e-01
1.069148406386375427e-01 9.567804932594299316e-01
9.395043253898620605e-01 2.037751972675323486e-01
6.331309080123901367e-01 1.939741969108581543e-01
2.394439466297626495e-02 6.076845526695251465e-01
1.579163819551467896e-01 6.010143831372261047e-02
3.280442953109741211e-01 3.059793449938297272e-02
2.107650637626647949e-01 5.033653974533081055e-01
2.410112470388412476e-01 3.650346398353576660e-02
2.570763230323791504e-01 3.233071863651275635e-01
4.756598174571990967e-01 9.310517311096191406e-01
4.737177491188049316e-01 8.583138883113861084e-02
7.568891048431396484e-01 7.477233409881591797e-01
4.794225841760635376e-02 8.111662864685058594e-01
6.067923903465270996e-01 9.562846422195434570e-01
6.321730017662048340e-01 9.338763952255249023e-01
9.938993453979492188e-01 2.752305269241333008e-01
4.680791199207305908e-01 8.632578253746032715e-01
3.185396790504455566e-01 8.460754156112670898e-01
3.189561367034912109e-01 3.179577365517616272e-02
1.488705128431320190e-01 8.587310910224914551e-01
8.017937541007995605e-01 2.444559633731842041e-01
8.938337564468383789e-01 7.706901431083679199e-01
9.290797114372253418e-01 3.288690149784088135e-01
8.124721646308898926e-01 7.805708050727844238e-01
6.393299102783203125e-01 8.010511845350265503e-02
1.783576160669326782e-01 4.474179148674011230e-01
2.841428816318511963e-01 9.400113224983215332e-01
3.376569151878356934e-01 6.558563709259033203e-01
1.900822073221206665e-01 3.694545626640319824e-01
9.128798842430114746e-01 5.776529908180236816e-01
1.207697764039039612e-01 9.211330413818359375e-01
1.903595626354217529e-01 2.468818053603172302e-02
4.353989362716674805e-01 9.164198040962219238e-01
4.341605603694915771e-01 3.778088092803955078e-01
5.500456690788269043e-01 9.576722234487533569e-02
9.837354421615600586e-01 1.783945560455322266e-01
2.305375039577484131e-01 6.006643772125244141e-01
4.795165061950683594e-01 5.319286584854125977e-01
5.197237133979797363e-01 5.487793684005737305e-01
5.527350902557373047e-01 4.014535248279571533e-01
1.402053087949752808e-01 9.531204700469970703e-01
5.536703467369079590e-01 7.117638587951660156e-01
1.180723682045936584e-01 2.261839509010314941e-01
1.229230090975761414e-01 1.196987777948379517e-01
9.493449926376342773e-01 9.991942048072814941e-01
7.217216491699218750e-01 4.338791966438293457e-01
3.581081330776214600e-01 1.010479331016540527e-01
4.158403277397155762e-01 9.019265770912170410e-01
4.322475492954254150e-01 8.499436974525451660e-01
1.277112960815429688e-01 3.423483073711395264e-01
3.342006504535675049e-01 8.704187273979187012e-01
3.012116849422454834e-01 2.093481868505477905e-01
1.851035803556442261e-01 7.318874001502990723e-01
5.333361625671386719e-01 4.130175709724426270e-02
2.710750997066497803e-01 8.888236284255981445e-01
2.210864573717117310e-01 5.829327702522277832e-01
4.582819938659667969e-01 3.410008847713470459e-01
7.542949914932250977e-02 5.258834362030029297e-01
5.326256752014160156e-01 1.482488065958023071e-01
1.878537088632583618e-01 2.508874535560607910e-01
5.832555890083312988e-01 1.941135674715042114e-01
9.778866767883300781e-01 1.216105595231056213e-01
1.371756196022033691e-01 7.696645259857177734e-01
7.177528738975524902e-01 2.436987906694412231e-01
7.490471750497817993e-02 1.807644963264465332e-01
5.966793894767761230e-01 8.802187442779541016e-01
5.471119880676269531e-01 7.254801988601684570e-01
5.395073294639587402e-01 7.925145626068115234e-01
2.229830473661422729e-01 8.860359191894531250e-01
4.468654096126556396e-02 3.165669739246368408e-01
7.770062685012817383e-01 5.500254631042480469e-01
3.873730897903442383e-01 1.149198785424232483e-01
4.160307049751281738e-01 4.672873020172119141e-01
9.875866174697875977e-01 3.609704673290252686e-01
8.505270481109619141e-01 4.458097815513610840e-01
7.833339571952819824e-01 5.406854748725891113e-01
3.238518536090850830e-01 3.441844582557678223e-01
1.917934119701385498e-01 6.504681110382080078e-01
2.530886232852935791e-01 4.670888781547546387e-01
1.182723119854927063e-01 1.737201809883117676e-01
5.431364178657531738e-01 2.280577123165130615e-01
9.794359207153320312e-01 2.661073505878448486e-01
3.847151100635528564e-01 7.556732296943664551e-01
4.496148228645324707e-01 9.839951992034912109e-01
6.505940556526184082e-01 7.634374499320983887e-01
5.080760121345520020e-01 7.060530185699462891e-01
8.031477332115173340e-01 9.742161631584167480e-02
7.150509953498840332e-01 4.167436659336090088e-01
3.530003130435943604e-01 7.319362759590148926e-01
7.431614398956298828e-01 3.596637248992919922e-01
7.656563073396682739e-02 8.520829677581787109e-01
5.144944787025451660e-01 2.332648932933807373e-01
8.657333999872207642e-02 7.260527610778808594e-01
6.181212663650512695e-01 3.953500986099243164e-01
5.192184448242187500e-01 6.042384356260299683e-02
9.839202761650085449e-01 9.484187960624694824e-01
7.438145577907562256e-02 2.622913420200347900e-01
2.361735850572586060e-01 8.136718273162841797e-01
2.609767206013202667e-02 6.675679683685302734e-01
4.009025096893310547e-01 9.798725843429565430e-01
6.262513995170593262e-01 9.233980774879455566e-01
4.125297367572784424e-01 7.802179455757141113e-02
8.857931941747665405e-03 1.727507561445236206e-01
2.461630403995513916e-01 9.520531892776489258e-01
8.995189666748046875e-01 9.210703969001770020e-01
6.573358178138732910e-01 3.617047071456909180e-01
1.859072297811508179e-01 3.264329433441162109e-01
8.034114241600036621e-01 1.997824907302856445e-01
7.287459373474121094e-01 3.101451396942138672e-01
9.041030704975128174e-02 5.947206616401672363e-01
6.396951675415039062e-01 2.175339460372924805e-01
2.682280242443084717e-01 1.096899583935737610e-01
4.956316053867340088e-01 4.929832816123962402e-01
3.658583164215087891e-01 2.857118844985961914e-01
2.009315192699432373e-01 1.344355195760726929e-01
9.191766381263732910e-01 4.602522552013397217e-01
5.056990385055541992e-01 5.661264061927795410e-01
7.320298552513122559e-01 6.094915866851806641e-01
6.098185777664184570e-01 5.117394328117370605e-01
3.305464610457420349e-02 6.984320878982543945e-01
8.970679640769958496e-01 8.101016283035278320e-02
1.044070720672607422e-01 6.777055263519287109e-01
3.686566352844238281e-01 2.449557930231094360e-01
8.578128367662429810e-02 4.350611269474029541e-01
2.589662075042724609e-01 4.102287590503692627e-01
6.021891832351684570e-01 8.386202454566955566e-01
6.415402889251708984e-02 4.027820229530334473e-01
7.098836898803710938e-01 3.559567928314208984e-01
9.458194375038146973e-01 3.281387984752655029e-01
2.350144237279891968e-01 3.887615501880645752e-01
1.367368847131729126e-01 1.777094751596450806e-01
4.096529483795166016e-01 9.346477985382080078e-01
3.857084957417100668e-04 7.446031570434570312e-01
7.849281430244445801e-01 8.861589431762695312e-01
8.338354527950286865e-02 7.314890623092651367e-02
8.760676980018615723e-01 5.770240426063537598e-01
6.782103180885314941e-01 4.643749892711639404e-01
1.618204871192574501e-03 4.847815930843353271e-01
4.347240924835205078e-01 3.855004012584686279e-01
8.687297701835632324e-01 9.372160434722900391e-01
3.391860127449035645e-01 3.973231315612792969e-01
8.156750798225402832e-01 1.522192955017089844e-01
9.223019480705261230e-01 1.481374949216842651e-01
5.361108779907226562e-01 9.554321318864822388e-02
5.670950561761856079e-02 7.382675409317016602e-01
3.422527313232421875e-01 4.900355339050292969e-01
3.657853230834007263e-02 5.888762474060058594e-01
2.651294693350791931e-02 8.361168205738067627e-02
4.173334240913391113e-01 8.908373303711414337e-03
7.553644180297851562e-01 3.568072617053985596e-01
2.356721460819244385e-01 1.610483974218368530e-01
5.064202547073364258e-01 5.134733319282531738e-01
6.837845444679260254e-01 1.270094662904739380e-01
7.945991754531860352e-01 1.837725751101970673e-02
6.884194612503051758e-01 3.962021470069885254e-01
4.563678801059722900e-01 1.371550858020782471e-01
6.366240978240966797e-01 7.142455577850341797e-01
1.615448445081710815e-01 5.086724162101745605e-01
4.133001267910003662e-01 5.393730401992797852e-01
8.896020054817199707e-01 4.017195403575897217e-01
6.103716492652893066e-01 6.019782423973083496e-01
5.995013117790222168e-01 7.927840352058410645e-01
4.551879167556762695e-01 8.226832747459411621e-01
1.388336569070816040e-01 5.406321883201599121e-01
4.411878883838653564e-01 5.386195182800292969e-01
8.235059380531311035e-01 4.152834713459014893e-01
7.133907079696655273e-01 6.455057263374328613e-01
2.186450064182281494e-01 1.437775492668151855e-01
4.210909903049468994e-01 4.621737003326416016e-01
9.564321041107177734e-01 5.007150769233703613e-01
9.896454811096191406e-01 2.613515257835388184e-01
5.404213666915893555e-01 9.671601653099060059e-01
6.977238059043884277e-01 7.623861432075500488e-01
2.426614314317703247e-01 6.515102386474609375e-01
1.876670569181442261e-01 7.938348054885864258e-01
8.558933734893798828e-01 4.229191839694976807e-01
2.303428761661052704e-02 2.552383244037628174e-01
8.445038795471191406e-01 6.613540649414062500e-01
3.467659652233123779e-01 3.304013609886169434e-01
5.468466281890869141e-01 1.671415865421295166e-01
2.772050499916076660e-01 8.442689180374145508e-01
1.926202178001403809e-01 5.897899270057678223e-01
8.045944571495056152e-01 7.313835024833679199e-01
7.944537997245788574e-01 3.419182598590850830e-01
2.226650267839431763e-01 3.702087402343750000e-01
9.532659649848937988e-01 4.626956582069396973e-01
4.419794380664825439e-01 5.930890440940856934e-01
7.120288014411926270e-01 5.829983353614807129e-01
1.882216781377792358e-01 5.598927736282348633e-01
1.929189860820770264e-01 3.896143734455108643e-01
4.273847043514251709e-01 4.334708303213119507e-02
5.207524895668029785e-01 3.763592541217803955e-01
1.564611643552780151e-01 5.985231399536132812e-01
1.235750168561935425e-01 9.215224385261535645e-01
7.594628930091857910e-01 5.505392551422119141e-01
9.711458086967468262e-01 2.954863309860229492e-01
6.274766921997070312e-01 6.783201694488525391e-01
3.590313494205474854e-01 7.931647300720214844e-01
8.199979662895202637e-01 9.883413314819335938e-01
1.346570551395416260e-01 5.710172057151794434e-01
7.540461421012878418e-01 2.975523471832275391e-01
3.390479683876037598e-01 8.063278794288635254e-01
5.204989910125732422e-01 1.677979230880737305e-01
2.827472388744354248e-01 7.670653462409973145e-01
7.898335456848144531e-01 4.545521140098571777e-01
7.322975397109985352e-01 9.957022070884704590e-01
7.416421175003051758e-01 6.349241137504577637e-01
6.388216614723205566e-01 1.133861243724822998e-01
7.200726866722106934e-01 7.737160325050354004e-01
4.882147610187530518e-01 3.538549244403839111e-01
2.173336595296859741e-01 1.099030748009681702e-01
7.246541380882263184e-01 6.075103282928466797e-01
2.668237090110778809e-01 4.526798129081726074e-01
8.509141802787780762e-01 1.141900569200515747e-01
8.294428586959838867e-01 9.942796230316162109e-01
7.620822787284851074e-01 7.790505886077880859e-01
3.496055901050567627e-01 1.523075103759765625e-01
4.402668774127960205e-01 7.554808855056762695e-01
7.464530412107706070e-03 2.352303266525268555e-01
1.532093435525894165e-01 5.332783460617065430e-01
9.015514254570007324e-01 6.066601276397705078e-01
9.414995908737182617e-01 8.867843747138977051e-01
8.107120394706726074e-01 7.293958216905593872e-02
6.329897642135620117e-01 4.571500718593597412e-01
7.653763890266418457e-01 2.729865908622741699e-01
7.220065593719482422e-01 7.144414782524108887e-01
6.839723140001296997e-02 3.425673544406890869e-01
2.194251120090484619e-01 3.202856779098510742e-01
3.539253473281860352e-01 8.399805426597595215e-01
3.979854285717010498e-01 3.491036593914031982e-01
2.956610023975372314e-01 5.659425258636474609e-01
4.059379994869232178e-01 3.050674200057983398e-01
5.722142457962036133e-01 3.332130312919616699e-01
8.860563635826110840e-01 3.556641982868313789e-03
7.194342017173767090e-01 9.877688884735107422e-01
5.219753384590148926e-01 2.514099478721618652e-01
4.752059876918792725e-01 1.030424386262893677e-01
3.111329115927219391e-02 7.396897077560424805e-01
3.029464483261108398e-01 2.159750461578369141e-01
9.335662722587585449e-01 6.626689434051513672e-01
5.215668082237243652e-01 5.847233906388282776e-02
7.511420249938964844e-01 3.845272362232208252e-01
3.289056420326232910e-01 5.453805327415466309e-01
2.473176270723342896e-01 8.239437341690063477e-01
7.777156233787536621e-01 5.324709415435791016e-01
8.200234174728393555e-01 2.190240621566772461e-01
1.233761385083198547e-01 4.229454696178436279e-01
8.675119280815124512e-01 6.449397802352905273e-01
2.788027226924896240e-01 1.342356801033020020e-01
1.092399284243583679e-01 7.838303446769714355e-01
3.037926256656646729e-01 1.201324686408042908e-01
1.676650345325469971e-01 6.637384295463562012e-01
5.207913368940353394e-02 1.298939734697341919e-01
6.970284581184387207e-01 6.143529415130615234e-01
6.547273397445678711e-01 3.523660004138946533e-01
6.670791506767272949e-01 8.744872808456420898e-01
2.674625217914581299e-01 3.607696592807769775e-01
5.755937099456787109e-01 1.447168551385402679e-02
4.000649452209472656e-01 9.477179646492004395e-01
7.887625694274902344e-01 7.156759500503540039e-01
9.994354844093322754e-01 7.269431948661804199e-01
2.039573490619659424e-01 7.402799725532531738e-01
2.924858927726745605e-01 6.121977791190147400e-02
7.834192514419555664e-01 2.958514690399169922e-01
5.160098671913146973e-01 5.608282685279846191e-01
7.296834588050842285e-01 5.059873461723327637e-01
7.801564335823059082e-01 3.630923032760620117e-01
9.943596720695495605e-01 1.114597544074058533e-01
4.146480560302734375e-02 6.132752895355224609e-01
7.757356166839599609e-01 7.444138824939727783e-02
8.189468383789062500e-01 6.317418813705444336e-01
5.251661539077758789e-01 9.550666809082031250e-01
8.510514497756958008e-01 6.398251652717590332e-01
4.122007787227630615e-01 1.293034404516220093e-01
5.621550083160400391e-01 1.498108059167861938e-01
2.954522073268890381e-01 3.178641796112060547e-01
4.053615629673004150e-01 2.624175846576690674e-01
4.985689520835876465e-01 8.166270852088928223e-01
5.986354947090148926e-01 2.368727475404739380e-01
7.883425951004028320e-01 6.287379860877990723e-01
3.482403159141540527e-01 2.483492195606231689e-01
2.996088564395904541e-01 4.092011451721191406e-01
4.017277657985687256e-01 5.671778321266174316e-01
3.954161331057548523e-02 4.685518145561218262e-01
5.719884634017944336e-01 7.171502709388732910e-01
4.965492524206638336e-03 7.583987116813659668e-01
3.073477745056152344e-01 3.063858449459075928e-01
5.991923809051513672e-01 9.162228554487228394e-02
4.939747154712677002e-01 1.724693626165390015e-01
7.703897953033447266e-01 7.136173546314239502e-02
2.430009990930557251e-01 9.113481044769287109e-01
8.173192143440246582e-01 1.527247875928878784e-01
2.370730638504028320e-01 6.806676983833312988e-01
6.300390958786010742e-01 7.271118760108947754e-01
3.230329751968383789e-01 1.793510913848876953e-01
4.839811027050018311e-01 4.967150744050741196e-03
3.964592218399047852e-01 2.217226028442382812e-01
1.001102402806282043e-01 4.468615055084228516e-01
3.220047056674957275e-01 6.882146000862121582e-01
1.818027943372726440e-01 1.745165288448333740e-01
5.403605699539184570e-01 5.950546637177467346e-02
2.662080824375152588e-01 7.727785706520080566e-01
2.240355908870697021e-01 7.480068802833557129e-01
7.818158864974975586e-01 7.919225692749023438e-01
2.530655860900878906e-01 3.768875598907470703e-01
1.861867457628250122e-01 6.113311275839805603e-03
6.610847711563110352e-01 9.469714164733886719e-01
4.632054269313812256e-01 7.757210731506347656e-01
1.740124225616455078e-01 8.082019686698913574e-01
3.239845158532261848e-03 5.680773258209228516e-01
6.894791126251220703e-01 8.523225188255310059e-01
9.971176981925964355e-01 9.560033082962036133e-01
4.889118075370788574e-01 9.943384528160095215e-01
2.607446014881134033e-01 2.229519486427307129e-01
4.882375001907348633e-01 6.209911704063415527e-01
8.730377256870269775e-02 8.308976292610168457e-01
6.212729215621948242e-01 4.156113266944885254e-01
4.271614849567413330e-01 1.766419596970081329e-02
4.385024309158325195e-01 9.915804862976074219e-01
7.822681069374084473e-01 8.485090732574462891e-01
9.552323222160339355e-01 7.085752487182617188e-01
4.098855853080749512e-01 2.590793371200561523e-01
7.843524813652038574e-01 4.381322264671325684e-01
6.291439533233642578e-01 4.246956706047058105e-01
4.722746312618255615e-01 7.215368747711181641e-01
9.145925045013427734e-01 4.284082353115081787e-02
4.788404703140258789e-01 4.309642612934112549e-01
2.820321619510650635e-01 8.587578535079956055e-01
3.770637512207031250e-01 8.201116323471069336e-01
5.982776284217834473e-01 3.875830173492431641e-01
4.338648319244384766e-01 7.887504100799560547e-01
6.062774658203125000e-01 4.709281027317047119e-01
4.072692692279815674e-01 4.852545261383056641e-01
1.348192542791366577e-01 1.373526155948638916e-01
8.747860193252563477e-01 5.756561756134033203e-01
8.757116198539733887e-01 7.859969735145568848e-01
5.784831047058105469e-01 3.977548778057098389e-01
6.856074184179306030e-02 5.230156779289245605e-01
4.283547699451446533e-01 9.775700569152832031e-01
2.868129909038543701e-01 6.147289872169494629e-01
6.522527337074279785e-01 5.736067891120910645e-01
1.363337188959121704e-01 6.568698287010192871e-01
1.487444341182708740e-01 5.400207042694091797e-01
4.816926717758178711e-01 1.616097539663314819e-01
7.067136168479919434e-01 1.672343611717224121e-01
1.420989632606506348e-01 2.978424131870269775e-01
8.949705362319946289e-01 8.342359662055969238e-01
1.418856084346771240e-01 8.362528681755065918e-01
6.953076720237731934e-01 9.506472945213317871e-01
8.803890943527221680e-01 1.097348239272832870e-02
7.162070870399475098e-01 2.493455410003662109e-01
4.340308010578155518e-01 6.240350604057312012e-01
3.872413039207458496e-01 5.270064473152160645e-01
2.001258432865142822e-01 8.203289508819580078e-01
9.582290053367614746e-01 9.107053875923156738e-01
4.440677464008331299e-01 2.637664675712585449e-01
2.763403058052062988e-01 1.703197956085205078e-01
7.463770508766174316e-01 5.578305125236511230e-01
5.341597199440002441e-01 3.882195949554443359e-01
3.201978504657745361e-01 1.421789228916168213e-01
6.245350241661071777e-01 6.970937848091125488e-01
3.069202005863189697e-01 8.883985877037048340e-01
1.550944708287715912e-02 6.389143466949462891e-01
7.736504077911376953e-01 1.511390060186386108e-01
3.378690183162689209e-01 9.413607716560363770e-01
4.277380704879760742e-01 5.203979611396789551e-01
8.327280730009078979e-02 4.317556619644165039e-01
9.696862697601318359e-01 1.604013442993164062e-01
1.456015408039093018e-01 8.970612287521362305e-01
7.859117388725280762e-01 3.389300405979156494e-01
2.708049714565277100e-01 1.462425887584686279e-01
1.649169474840164185e-01 5.741665959358215332e-01
4.310846030712127686e-01 1.050195693969726562e-01
2.318740040063858032e-01 9.092108160257339478e-02
4.490526914596557617e-01 5.629365146160125732e-02
2.959071993827819824e-01 8.029296398162841797e-01
8.594689369201660156e-01 7.204615473747253418e-01
1.176316961646080017e-01 9.680486321449279785e-01
1.452514529228210449e-01 5.749344825744628906e-01
4.582022130489349365e-01 6.235578060150146484e-01
9.123683571815490723e-01 8.827487826347351074e-01
2.997437417507171631e-01 1.614359319210052490e-01
2.375003881752490997e-02 6.975901126861572266e-01
1.041770204901695251e-01 6.469965577125549316e-01
9.799797534942626953e-01 4.756559729576110840e-01
9.365077018737792969e-01 6.943041086196899414e-01
2.603048384189605713e-01 2.946028113365173340e-01
6.749550104141235352e-01 5.559832453727722168e-01
5.307829380035400391e-01 1.060908436775207520e-01
7.452765703201293945e-01 2.578472793102264404e-01
3.943895101547241211e-01 5.014250278472900391e-01
1.488564014434814453e-01 8.444732427597045898e-01
9.656137228012084961e-01 8.085559010505676270e-01
3.258790075778961182e-01 4.035949707031250000e-01
3.245000541210174561e-01 4.162186011672019958e-02
6.196025609970092773e-01 4.717848300933837891e-01
2.666435539722442627e-01 8.896594047546386719e-01
8.233417868614196777e-01 8.614422082901000977e-01
3.099877536296844482e-01 9.859225153923034668e-01
1.836214959621429443e-01 3.704080879688262939e-01
2.480425089597702026e-01 7.672807574272155762e-01
8.891381025314331055e-01 5.829092264175415039e-01
6.838228106498718262e-01 9.136313796043395996e-01
5.599356293678283691e-01 3.453990519046783447e-01
5.868323445320129395e-01 6.520806550979614258e-01
2.836266458034515381e-01 5.777034163475036621e-01
3.494594097137451172e-01 2.418795228004455566e-01
4.886687695980072021e-01 8.863664269447326660e-01
3.558407723903656006e-01 8.853393197059631348e-01
2.453783899545669556e-01 2.303884476423263550e-01
9.483240842819213867e-01 6.362227350473403931e-02
5.697911381721496582e-01 1.116127073764801025e-01
5.044150948524475098e-01 4.258373677730560303e-01
9.024580121040344238e-01 6.275042891502380371e-01
8.546671867370605469e-01 4.932704269886016846e-01
1.439955681562423706e-01 6.838783025741577148e-01
2.301061600446701050e-01 1.699996590614318848e-01
5.508058071136474609e-01 3.645577430725097656e-01
7.028297185897827148e-01 5.971279740333557129e-01
8.246241807937622070e-01 2.110386341810226440e-01
4.880702495574951172e-01 9.557548761367797852e-01
2.760253548622131348e-01 2.579523622989654541e-01
9.468854665756225586e-01 7.361953258514404297e-01
3.115719854831695557e-01 9.516040086746215820e-01
5.159354954957962036e-02 7.485449314117431641e-02
1.143646463751792908e-01 3.670638501644134521e-01
3.084394037723541260e-01 9.441831707954406738e-01
2.855008840560913086e-01 9.949332475662231445e-01
2.700019180774688721e-01 6.811047792434692383e-01
4.857104122638702393e-01 2.316354066133499146e-01
4.724376797676086426e-01 3.804011344909667969e-01
9.065785408020019531e-01 5.694895982742309570e-01
2.266743928194046021e-01 4.449497461318969727e-01
5.338135957717895508e-01 5.255464315414428711e-01
7.617512941360473633e-01 4.959550201892852783e-01
3.290513753890991211e-01 1.694853305816650391e-01
6.387092471122741699e-01 1.996528357267379761e-01
4.393992200493812561e-02 9.035346508026123047e-01
2.894991934299468994e-01 7.656694203615188599e-02
3.395706117153167725e-01 8.637815713882446289e-01
6.893649697303771973e-01 5.186263322830200195e-01
5.319530963897705078e-01 2.909643948078155518e-01
9.578278660774230957e-01 1.119403392076492310e-01
5.021725296974182129e-01 5.763475298881530762e-01
3.037620484828948975e-01 4.959168732166290283e-01
1.662709414958953857e-01 3.330995738506317139e-01
8.591610193252563477e-01 3.620414733886718750e-01
9.601318240165710449e-01 5.579259395599365234e-01
7.723771333694458008e-01 3.262726366519927979e-01
7.994545102119445801e-01 1.853205962106585503e-03
7.208138108253479004e-01 5.107561349868774414e-01
7.441128492355346680e-01 1.900427788496017456e-01
8.941845893859863281e-01 1.360532492399215698e-01
3.908369839191436768e-01 4.233874678611755371e-01
9.205875396728515625e-01 6.197696924209594727e-01
8.696623444557189941e-01 3.067547678947448730e-01
5.731244683265686035e-01 9.773938059806823730e-01
6.809790134429931641e-01 1.931450814008712769e-01
2.370292134582996368e-02 6.046905517578125000e-01
3.454075157642364502e-01 3.810029625892639160e-01
2.366401851177215576e-01 7.000029683113098145e-01
5.503177046775817871e-01 4.097074866294860840e-01
3.829563260078430176e-01 1.630637943744659424e-01
5.629898905754089355e-01 1.763926148414611816e-01
1.654334515333175659e-01 6.688324213027954102e-01
7.695993185043334961e-01 8.392719030380249023e-01
4.907651245594024658e-01 5.639581084251403809e-01
7.972805500030517578e-01 4.824109971523284912e-01
1.040180549025535583e-01 1.758913248777389526e-01
3.930034637451171875e-01 3.266698718070983887e-01
9.239934086799621582e-01 4.439058303833007812e-01
2.331947237253189087e-01 7.802674770355224609e-01
4.329981505870819092e-01 3.175022900104522705e-01
6.633974909782409668e-01 5.418298244476318359e-01
2.798108160495758057e-01 1.091760993003845215e-01
9.227275848388671875e-02 2.561059296131134033e-01
5.075849890708923340e-01 7.223278284072875977e-01
2.096854448318481445e-01 3.584965169429779053e-01
1.468709260225296021e-01 7.252874374389648438e-01
3.361746966838836670e-01 6.583999991416931152e-01
1.033494025468826294e-01 2.111159712076187134e-01
8.725745230913162231e-02 3.442642688751220703e-01
2.382953418418765068e-03 3.751761317253112793e-01
7.623113989830017090e-01 8.350312113761901855e-01
1.979809552431106567e-01 8.351448178291320801e-01
9.927874207496643066e-01 7.466643452644348145e-01
6.471426486968994141e-01 5.744488239288330078e-01
8.945713639259338379e-01 4.712914824485778809e-01
1.483613252639770508e-01 9.082188606262207031e-01
2.052852511405944824e-01 4.174329042434692383e-01
1.661135256290435791e-01 6.936371326446533203e-01
9.335972070693969727e-01 9.065965190529823303e-03
7.576019167900085449e-01 2.272001802921295166e-01
4.297143220901489258e-01 3.739196658134460449e-01
8.747735619544982910e-02 5.460909008979797363e-01
2.249153256416320801e-01 3.758536577224731445e-01
6.413445472717285156e-01 6.606402993202209473e-02
8.395404219627380371e-01 9.608166217803955078e-01
2.797012627124786377e-01 6.040628552436828613e-01
