4.624026715755462646e-01 7.656324505805969238e-01
3.248965740203857422e-01 8.391230553388595581e-02
8.641547560691833496e-01 3.785510361194610596e-01
1.396543532609939575e-01 9.057686477899551392e-02
8.008384704589843750e-01 8.716047406196594238e-01
3.387415111064910889e-01 5.360345244407653809e-01
9.662382006645202637e-01 6.846809983253479004e-01
2.409674227237701416e-01 7.629380822181701660e-01
1.128063648939132690e-01 3.657397329807281494e-01
9.448915123939514160e-01 9.296855330467224121e-01
1.688487231731414795e-01 2.439365983009338379e-01
3.234811425209045410e-01 9.385244846343994141e-01
4.523115456104278564e-01 4.462176561355590820e-01
5.874962732195854187e-02 9.637813568115234375e-01
8.560286760330200195e-01 4.970811605453491211e-01
4.814781248569488525e-01 9.001646041870117188e-01
6.308050826191902161e-03 7.125124335289001465e-01
8.182192593812942505e-02 2.899099886417388916e-01
9.543173909187316895e-01 6.447689533233642578e-01
1.910332143306732178e-01 2.956999093294143677e-02
4.186543226242065430e-01 1.982039362192153931e-01
7.394493818283081055e-01 4.954154789447784424e-01
7.799872756004333496e-01 3.331947922706604004e-01
7.818911969661712646e-02 6.659617424011230469e-01
7.693822979927062988e-01 4.512881636619567871e-01
3.834304809570312500e-01 6.318764686584472656e-01
7.414000034332275391e-01 8.441144227981567383e-01
1.649482548236846924e-01 9.081854224205017090e-01
4.369849562644958496e-01 9.469464421272277832e-01
9.093478918075561523e-01 9.477002024650573730e-01
5.020985007286071777e-01 8.519295454025268555e-01
2.601770758628845215e-01 1.385405361652374268e-01
6.482322216033935547e-01 1.353135257959365845e-01
5.405095219612121582e-01 9.581944942474365234e-01
3.908252343535423279e-02 3.275846540927886963e-01
3.659069538116455078e-01 2.613576948642730713e-01
5.087484121322631836e-01 2.331030517816543579e-01
6.875861436128616333e-02 5.803855061531066895e-01
4.789499342441558838e-01 5.742073655128479004e-01
6.898607015609741211e-01 6.705896854400634766e-01
4.668360054492950439e-01 7.702621221542358398e-01
8.501170873641967773e-01 3.970104455947875977e-01
7.443524599075317383e-01 5.350934863090515137e-01
2.493370324373245239e-03 2.817226946353912354e-01
8.019826412200927734e-01 7.390899658203125000e-01
8.506101965904235840e-01 4.485889375209808350e-01
6.151942014694213867e-01 3.952869772911071777e-01
6.505395770072937012e-01 6.771705579012632370e-03
5.494095087051391602e-01 7.019230127334594727e-01
2.504767179489135742e-01 3.973246514797210693e-01
7.874941229820251465e-01 6.583563685417175293e-01
3.174870014190673828e-01 4.551249444484710693e-01
2.840783596038818359e-01 2.021825313568115234e-01
6.123013496398925781e-01 9.539651870727539062e-01
2.237948216497898102e-02 2.073583751916885376e-01
1.980706453323364258e-01 4.512187540531158447e-01
3.810794949531555176e-01 7.939798831939697266e-01
4.632382690906524658e-01 3.170359730720520020e-01
9.031853079795837402e-02 3.132309615612030029e-01
1.233164742588996887e-01 4.017085134983062744e-01
1.249095872044563293e-01 2.164191752672195435e-01
1.699971407651901245e-01 9.183171391487121582e-01
1.056550815701484680e-01 1.578087508678436279e-01
4.991571903228759766e-01 3.657594323158264160e-02
9.847767949104309082e-01 9.695481657981872559e-01
8.009584546089172363e-01 7.543401718139648438e-01
5.900197029113769531e-01 4.791301190853118896e-01
6.291877031326293945e-01 4.380705654621124268e-01
4.877306986600160599e-03 3.685980141162872314e-01
8.170043230056762695e-01 8.466047048568725586e-01
2.481883019208908081e-01 8.914177119731903076e-02
4.769997894763946533e-01 2.462304830551147461e-01
2.701099812984466553e-01 6.084944009780883789e-01
4.576674997806549072e-01 4.527153968811035156e-01
5.266025662422180176e-01 4.341135025024414062e-01
7.731433510780334473e-01 6.487972736358642578e-01
8.893923163414001465e-01 1.441368907690048218e-01
5.909332633018493652e-01 9.640562534332275391e-01
3.434322774410247803e-01 9.280875921249389648e-01
2.474671751260757446e-01 2.445297092199325562e-01
2.213929742574691772e-01 8.125454783439636230e-01
3.141589164733886719e-01 4.547502994537353516e-01
2.573208510875701904e-01 4.256317615509033203e-01
7.762507200241088867e-01 3.288539052009582520e-01
8.032764792442321777e-01 9.122153520584106445e-01
3.365225857123732567e-03 3.836087882518768311e-01
9.141609072685241699e-01 8.853979706764221191e-01
1.649397015571594238e-01 7.877061963081359863e-01
5.473145842552185059e-02 9.509965777397155762e-01
9.870455861091613770e-01 7.751675844192504883e-01
1.175572425127029419e-01 4.838686585426330566e-01
1.120565980672836304e-01 5.737859010696411133e-01
1.505883485078811646e-01 4.843322634696960449e-01
1.434710323810577393e-01 2.149212211370468140e-01
3.787944912910461426e-01 4.456113874912261963e-01
2.678861618041992188e-01 7.451821565628051758e-01
3.092709183692932129e-01 1.382063329219818115e-01
6.652587056159973145e-01 6.719497442245483398e-01
4.769153520464897156e-02 7.836312651634216309e-01
1.167323067784309387e-01 3.219669461250305176e-01
2.792710661888122559e-01 9.817602038383483887e-01
8.920192122459411621e-01 5.975387096405029297e-01
2.799696028232574463e-01 6.288135647773742676e-01
6.242421269416809082e-01 2.380870282649993896e-01
3.411375880241394043e-01 3.071907460689544678e-01
7.014470696449279785e-01 3.738162219524383545e-01
8.131610602140426636e-02 2.614899873733520508e-01
2.742859125137329102e-01 7.645610570907592773e-01
2.152464538812637329e-01 3.028338849544525146e-01
5.812114477157592773e-01 8.836173415184020996e-01
4.128451049327850342e-01 6.999275088310241699e-01
6.441418528556823730e-01 4.963033497333526611e-01
1.835322082042694092e-01 2.477855682373046875e-01
7.815546989440917969e-01 5.943151116371154785e-01
4.934774935245513916e-01 9.580287337303161621e-01
7.581990957260131836e-01 2.699189782142639160e-01
9.482420086860656738e-01 6.119255423545837402e-01
5.942239165306091309e-01 7.817072272300720215e-01
2.242808975279331207e-02 2.937745749950408936e-01
7.592906355857849121e-01 3.503901958465576172e-01
7.914248108863830566e-01 3.550235033035278320e-01
5.582349300384521484e-01 1.443573981523513794e-01
1.547469645738601685e-01 3.672626316547393799e-01
2.767924964427947998e-01 8.533419370651245117e-01
7.727380394935607910e-01 9.148672223091125488e-01
1.287939697504043579e-01 5.254137516021728516e-01
9.478222727775573730e-01 3.292815983295440674e-01
2.664894759654998779e-01 3.239416182041168213e-01
2.128654271364212036e-01 8.483231067657470703e-01
9.670691490173339844e-01 9.427764415740966797e-01
4.572973251342773438e-01 2.316380590200424194e-01
1.656101047992706299e-01 1.212329342961311340e-01
6.404202580451965332e-01 5.625202655792236328e-01
3.034852445125579834e-01 5.287461280822753906e-01
6.598447561264038086e-01 7.847671508789062500e-01
3.415780663490295410e-01 3.059480488300323486e-01
5.433011651039123535e-01 4.666498899459838867e-01
3.556476831436157227e-01 5.811380147933959961e-01
4.110538959503173828e-01 2.974658906459808350e-01
5.021840929985046387e-01 6.104847788810729980e-01
3.287286460399627686e-01 1.936234980821609497e-01
8.363468050956726074e-01 8.242591619491577148e-01
8.182976245880126953e-01 4.358485043048858643e-01
8.404434323310852051e-01 8.573052883148193359e-01
3.227041065692901611e-01 4.386549293994903564e-01
8.121756911277770996e-01 3.904587924480438232e-01
2.236838638782501221e-01 4.069275781512260437e-02
7.518752813339233398e-01 3.698194921016693115e-01
3.852666169404983521e-02 8.888935297727584839e-02
2.893344266340136528e-03 2.735748589038848877e-01
6.648299098014831543e-01 4.475535154342651367e-01
9.308027029037475586e-01 6.423656344413757324e-01
2.592014670372009277e-01 9.236511588096618652e-01
9.091392904520034790e-02 7.770535349845886230e-01
6.717664003372192383e-01 7.768335342407226562e-01
7.215726375579833984e-01 6.807032227516174316e-01
2.084044516086578369e-01 1.279072463512420654e-01
1.986726671457290649e-01 1.958125680685043335e-01
1.960460692644119263e-01 2.516502141952514648e-01
7.544046640396118164e-02 9.685947000980377197e-02
3.210033178329467773e-01 9.207150936126708984e-01
3.061023652553558350e-01 1.716514676809310913e-01
7.520708441734313965e-01 4.038270413875579834e-01
3.166824579238891602e-01 8.592665195465087891e-01
7.831063866615295410e-01 5.866884589195251465e-01
8.407403826713562012e-01 4.067588746547698975e-01
2.774043083190917969e-01 2.517254948616027832e-01
2.483374178409576416e-01 1.871961802244186401e-01
3.460712134838104248e-01 2.871614396572113037e-01
9.980094432830810547e-01 4.681838154792785645e-01
2.762754559516906738e-01 3.377484679222106934e-01
2.468227967619895935e-02 1.157163009047508240e-01
8.612222075462341309e-01 5.774177908897399902e-01
8.342298269271850586e-01 9.570720791816711426e-01
1.834269165992736816e-01 7.285435795783996582e-01
5.951223969459533691e-01 4.016382694244384766e-01
5.896559953689575195e-01 3.938191533088684082e-01
3.325942158699035645e-01 4.633904695510864258e-01
4.965891838073730469e-01 9.525719881057739258e-01
2.814960777759552002e-01 8.091121912002563477e-01
7.006748318672180176e-01 1.712789386510848999e-01
1.529621034860610962e-01 4.020449221134185791e-01
3.521077036857604980e-01 6.524031162261962891e-01
7.992713451385498047e-01 8.647283315658569336e-01
1.994186490774154663e-01 1.418769080191850662e-02
4.682247638702392578e-01 7.757819890975952148e-01
1.847981661558151245e-01 5.746413767337799072e-02
6.249179244041442871e-01 7.883132100105285645e-01
1.012883335351943970e-01 6.108270287513732910e-01
9.803343415260314941e-01 3.340476751327514648e-01
3.112961649894714355e-01 1.753047108650207520e-01
6.680335402488708496e-01 6.260989904403686523e-01
4.747239351272583008e-01 1.808210611343383789e-01
3.167623877525329590e-01 5.554513335227966309e-01
2.108268253505229950e-02 3.590219840407371521e-02
4.932778477668762207e-01 9.267261028289794922e-01
7.832318544387817383e-01 1.794664561748504639e-01
7.171124815940856934e-01 3.908694684505462646e-01
3.079372048377990723e-01 8.429945111274719238e-01
5.675456523895263672e-01 5.702769011259078979e-02
3.719081729650497437e-02 1.248980164527893066e-01
5.153924599289894104e-02 3.545010089874267578e-01
1.157359108328819275e-01 2.588611841201782227e-01
2.190281897783279419e-01 8.867844007909297943e-03
6.741232275962829590e-01 5.860921144485473633e-01
7.759336829185485840e-01 8.303245902061462402e-01
8.857505917549133301e-01 7.064277529716491699e-01
8.604753762483596802e-02 2.515965998172760010e-01
3.441724777221679688e-01 9.300883412361145020e-01
1.722965836524963379e-01 7.928474545478820801e-01
3.131767511367797852e-01 5.320414304733276367e-01
1.999779343605041504e-01 3.250583410263061523e-01
5.878031849861145020e-01 9.506387114524841309e-01
7.280374765396118164e-01 7.277878522872924805e-01
2.179300189018249512e-01 6.458634734153747559e-01
3.630697429180145264e-01 9.222688078880310059e-01
1.437301188707351685e-02 2.623595893383026123e-01
5.844995975494384766e-01 2.571905218064785004e-02
5.166374444961547852e-01 5.736876726150512695e-01
9.306973814964294434e-01 6.437120437622070312e-01
6.857395172119140625e-02 9.015886187553405762e-01
7.639809846878051758e-01 9.448284506797790527e-01
4.785476326942443848e-01 8.069443702697753906e-01
5.366657376289367676e-01 8.437787294387817383e-01
6.372410058975219727e-01 6.598628759384155273e-01
1.602399647235870361e-01 4.695926606655120850e-01
3.383357822895050049e-02 3.145167529582977295e-01
4.271214902400970459e-01 3.402842879295349121e-01
7.575075328350067139e-02 2.488532960414886475e-01
2.844915986061096191e-01 1.826982796192169189e-01
8.637203574180603027e-01 3.729836642742156982e-01
2.718228399753570557e-01 4.102727770805358887e-01
9.272141382098197937e-03 7.821322083473205566e-01
6.206980347633361816e-02 4.606293439865112305e-01
1.657839864492416382e-02 9.580334424972534180e-01
4.305587410926818848e-01 6.587845683097839355e-01
5.885648131370544434e-01 9.994265437126159668e-01
1.007931008934974670e-01 7.308038473129272461e-01
8.577281236648559570e-01 2.999775707721710205e-01
3.661507368087768555e-01 4.279991686344146729e-01
2.397085875272750854e-01 9.403446912765502930e-01
8.481548428535461426e-01 3.219932913780212402e-01
7.035195231437683105e-01 2.652747333049774170e-01
5.945885181427001953e-01 6.960740685462951660e-01
1.533025354146957397e-01 5.812787413597106934e-01
3.583822846412658691e-01 4.576841020025312901e-04
8.709821105003356934e-01 4.016799330711364746e-01
1.852001398801803589e-01 7.187142968177795410e-01
2.215970307588577271e-01 3.088769614696502686e-01
9.525779634714126587e-02 9.008539319038391113e-01
7.856814265251159668e-01 2.119268476963043213e-01
5.443801283836364746e-01 6.118175387382507324e-02
9.656167626380920410e-01 7.394294142723083496e-01
2.296985238790512085e-01 9.147298336029052734e-02
2.011815011501312256e-01 6.629900336265563965e-01
2.047404050827026367e-01 4.761976599693298340e-01
3.860864639282226562e-01 6.176481246948242188e-01
2.289187461137771606e-01 3.623677492141723633e-01
5.054221749305725098e-01 2.001120895147323608e-01
3.321335911750793457e-01 8.652961850166320801e-01
1.527394801378250122e-01 5.712133049964904785e-01
7.170213758945465088e-02 5.706465840339660645e-01
6.511430721729993820e-03 6.600899696350097656e-01
3.715530633926391602e-01 1.118656992912292480e-01
5.403552651405334473e-01 3.475638031959533691e-01
3.353936374187469482e-01 4.577156305313110352e-01
5.414688587188720703e-01 3.066187202930450439e-01
4.556592404842376709e-01 3.264535665512084961e-01
3.542438745498657227e-01 4.862302243709564209e-01
8.442080020904541016e-01 6.927847266197204590e-01
2.849532663822174072e-01 4.794473648071289062e-01
2.447777986526489258e-01 6.949596852064132690e-02
9.267243742942810059e-01 6.909664869308471680e-01
9.949295520782470703e-01 6.024801135063171387e-01
2.346885353326797485e-01 1.919355127029120922e-03
3.900048434734344482e-01 7.105710506439208984e-01
3.309599161148071289e-01 1.550724655389785767e-01
7.737661004066467285e-01 2.537159323692321777e-01
7.888193130493164062e-01 5.709430575370788574e-01
1.601626724004745483e-01 5.517910122871398926e-01
5.618267655372619629e-01 9.320414662361145020e-01
2.918274700641632080e-01 5.634207725524902344e-01
6.113974452018737793e-01 3.125572800636291504e-01
8.545114994049072266e-01 7.780953645706176758e-01
6.790800094604492188e-01 1.254431605339050293e-01
4.849407672882080078e-01 2.497044205665588379e-01
2.469330430030822754e-01 2.550567984580993652e-01
4.463923573493957520e-01 9.101662635803222656e-01
2.960080048069357872e-03 5.986093729734420776e-02
4.508452415466308594e-01 4.078052043914794922e-01
3.013111352920532227e-01 4.541305303573608398e-01
7.918764948844909668e-01 7.048056721687316895e-01
3.725063800811767578e-01 7.371938824653625488e-01
3.801431357860565186e-01 8.637176752090454102e-01
1.519360393285751343e-02 1.476590484380722046e-01
7.401161193847656250e-01 5.015834569931030273e-01
7.479049563407897949e-01 3.772301971912384033e-01
8.117820024490356445e-01 4.348764121532440186e-01
9.305899739265441895e-01 5.277344584465026855e-01
2.989920675754547119e-01 8.354189395904541016e-01
2.215667068958282471e-02 8.654732108116149902e-01
2.383385300636291504e-01 5.118905305862426758e-01
5.991925001144409180e-01 3.015919588506221771e-02
1.734644621610641479e-01 9.271745085716247559e-01
3.063574135303497314e-01 5.082967877388000488e-01
4.373081922531127930e-01 3.347803056240081787e-01
4.108547270298004150e-01 7.943805456161499023e-01
5.218117237091064453e-01 1.262377947568893433e-01
1.686734706163406372e-01 4.964445531368255615e-01
1.531408131122589111e-01 1.012948080897331238e-01
1.107074413448572159e-02 2.006146498024463654e-02
2.429824471473693848e-01 5.835568904876708984e-01
6.564798951148986816e-01 1.026669889688491821e-02
3.392351567745208740e-01 8.602586388587951660e-01
7.882580757141113281e-01 9.585842490196228027e-02
4.212889671325683594e-01 5.306533575057983398e-01
8.011804819107055664e-01 7.794223427772521973e-01
1.723231226205825806e-01 3.267146348953247070e-01
4.899979531764984131e-01 7.958881258964538574e-01
2.290201783180236816e-01 3.128439784049987793e-01
1.323742568492889404e-01 3.435631096363067627e-01
1.716578155755996704e-01 1.573690474033355713e-01
4.104160964488983154e-01 4.409726709127426147e-02
5.112662315368652344e-01 1.392663866281509399e-01
6.079801917076110840e-01 5.639089345932006836e-01
6.003222465515136719e-01 3.110127151012420654e-01
8.662538528442382812e-01 6.682970523834228516e-01
5.526396632194519043e-01 6.301574707031250000e-01
5.237611010670661926e-02 7.434172034263610840e-01
7.435047030448913574e-01 9.959138035774230957e-01
1.957625448703765869e-01 4.737635254859924316e-01
4.112999886274337769e-03 6.544016003608703613e-01
4.358359873294830322e-01 5.907384753227233887e-01
1.853067725896835327e-01 5.751185417175292969e-01
3.263927400112152100e-01 8.362390995025634766e-01
6.921551227569580078e-01 8.883921504020690918e-01
2.020894289016723633e-01 9.436918497085571289e-01
4.016662538051605225e-01 7.532557845115661621e-02
4.982470273971557617e-01 3.180778771638870239e-02
3.497710451483726501e-02 7.983810901641845703e-01
1.428574919700622559e-01 2.629590034484863281e-01
4.399149715900421143e-01 1.339250802993774414e-01
5.644351243972778320e-01 5.659244656562805176e-01
7.176709771156311035e-01 5.329970717430114746e-01
3.942300081253051758e-01 3.298556506633758545e-01
7.921590805053710938e-01 6.112141609191894531e-01
2.472763508558273315e-01 9.529744386672973633e-01
3.381570875644683838e-01 7.027438879013061523e-01
7.908728718757629395e-01 8.156319260597229004e-01
8.665621280670166016e-01 7.649585008621215820e-01
9.156781435012817383e-01 2.232612818479537964e-01
8.223130702972412109e-01 4.818446338176727295e-01
3.488660752773284912e-01 7.131788730621337891e-01
4.735188782215118408e-01 4.970688819885253906e-01
2.212211042642593384e-01 3.916859030723571777e-01
1.116810590028762817e-01 3.045429885387420654e-01
1.312160640954971313e-01 2.989445328712463379e-01
6.430117487907409668e-01 4.236822426319122314e-01
1.002562567591667175e-01 1.707955598831176758e-01
4.280207753181457520e-01 8.442214727401733398e-01
1.991219520568847656e-01 5.670307278633117676e-01
9.135919213294982910e-01 7.170410752296447754e-01
5.911683291196823120e-02 4.755749106407165527e-01
8.987277150154113770e-01 4.085640311241149902e-01
9.351442456245422363e-01 8.105869293212890625e-01
5.743948221206665039e-01 8.179019093513488770e-01
5.094110369682312012e-01 6.576858758926391602e-01
1.180240511894226074e-01 8.004142642021179199e-01
4.135979413986206055e-01 8.616539835929870605e-01
2.789653539657592773e-01 7.974448204040527344e-01
3.746437132358551025e-01 8.743189573287963867e-01
6.475744843482971191e-01 9.345058798789978027e-01
9.315229058265686035e-01 7.254967689514160156e-01
5.630531311035156250e-01 8.427684903144836426e-01
4.268139302730560303e-01 3.212974369525909424e-01
7.433807849884033203e-01 3.724345564842224121e-01
5.528362840414047241e-02 1.440943218767642975e-02
8.757262229919433594e-01 3.290264606475830078e-01
7.343360185623168945e-01 2.943990230560302734e-01
1.410637199878692627e-01 4.720370471477508545e-01
7.292328476905822754e-01 3.490343391895294189e-01
5.439591407775878906e-01 1.570082157850265503e-01
5.581821203231811523e-01 4.724597930908203125e-01
8.226145058870315552e-02 8.226861953735351562e-01
9.610392451286315918e-01 6.747855544090270996e-01
7.136321663856506348e-01 6.310276389122009277e-01
1.569299548864364624e-01 3.507958650588989258e-01
4.224184155464172363e-01 6.185211539268493652e-01
8.962314724922180176e-01 7.845112681388854980e-01
1.902560144662857056e-01 6.141625642776489258e-01
9.616510272026062012e-01 4.065039157867431641e-01
3.490148186683654785e-01 5.901062488555908203e-01
9.900317341089248657e-02 5.371833443641662598e-01
2.816093862056732178e-01 4.946262240409851074e-01
3.116027116775512695e-01 6.338123083114624023e-01
1.998759955167770386e-01 2.916957437992095947e-01
1.279206126928329468e-01 3.080174885690212250e-02
8.870674967765808105e-01 6.897640228271484375e-01
2.501881122589111328e-01 9.340144991874694824e-01
9.365407228469848633e-01 2.841675281524658203e-01
9.108425974845886230e-01 3.187709748744964600e-01
7.379625439643859863e-01 4.317723214626312256e-01
9.305438399314880371e-01 4.185794889926910400e-01
1.551986783742904663e-01 5.504224076867103577e-02
1.683275997638702393e-01 9.511818885803222656e-01
4.842986464500427246e-01 2.668845951557159424e-01
9.964396357536315918e-01 2.849514484405517578e-01
3.273738622665405273e-01 4.532743990421295166e-01
4.691069424152374268e-01 4.241328537464141846e-01
7.582058012485504150e-02 6.262050867080688477e-01
6.728996038436889648e-01 2.516145110130310059e-01
8.711792826652526855e-01 5.295448899269104004e-01
6.726376414299011230e-01 9.133026003837585449e-01
8.085312843322753906e-01 7.625607252120971680e-01
3.708516061305999756e-01 4.121890366077423096e-01
4.870662093162536621e-01 6.336767673492431641e-01
5.383997559547424316e-01 1.462028175592422485e-01
1.416414231061935425e-01 3.700399994850158691e-01
7.829286456108093262e-01 9.962633252143859863e-01
8.839275836944580078e-01 9.986304640769958496e-01
4.796323478221893311e-01 3.960785642266273499e-02
9.423975944519042969e-01 4.718059301376342773e-01
2.578650414943695068e-01 9.644433856010437012e-01
5.146872997283935547e-01 6.652497649192810059e-01
7.478753924369812012e-01 1.617331951856613159e-01
4.420527517795562744e-01 8.705400824546813965e-01
3.611126244068145752e-01 8.676501512527465820e-01
7.937467843294143677e-02 8.911789059638977051e-01
3.536457419395446777e-01 4.704384207725524902e-01
5.815771818161010742e-01 4.641282260417938232e-01
3.158256113529205322e-01 4.537281095981597900e-01
1.901811212301254272e-01 1.812357455492019653e-01
5.918791145086288452e-02 6.943981647491455078e-01
3.483319655060768127e-02 2.383146435022354126e-02
5.199642181396484375e-01 1.416382938623428345e-01
3.730321824550628662e-01 9.917750358581542969e-01
9.861730784177780151e-02 6.806007623672485352e-01
9.557803273200988770e-01 7.528327107429504395e-01
7.346983551979064941e-01 2.329909056425094604e-01
9.140129089355468750e-01 3.683829605579376221e-01
2.469711452722549438e-01 6.841079592704772949e-01
7.876409292221069336e-01 2.799070477485656738e-01
1.827817112207412720e-01 4.320741295814514160e-01
2.583172917366027832e-01 8.812355399131774902e-01
7.925726771354675293e-01 6.348464488983154297e-01
5.673992633819580078e-01 7.242639064788818359e-01
4.479091465473175049e-01 4.191949963569641113e-01
8.960649371147155762e-01 8.944042325019836426e-01
4.961398243904113770e-01 3.266108334064483643e-01
5.937405228614807129e-01 7.481511831283569336e-01
2.092760801315307617e-01 6.722880601882934570e-01
6.327260732650756836e-01 9.445142745971679688e-02
3.533405959606170654e-01 5.950748920440673828e-01
3.527837395668029785e-01 8.096604943275451660e-01
1.581351906061172485e-01 4.426628649234771729e-01
6.840265989303588867e-01 3.006232976913452148e-01
3.301263451576232910e-01 7.583239078521728516e-01
1.303203552961349487e-01 3.990460038185119629e-01
9.497422575950622559e-01 8.645401597023010254e-01
8.532941937446594238e-01 3.485270440578460693e-01
1.794852018356323242e-01 6.925353407859802246e-01
4.513398110866546631e-01 1.065659895539283752e-01
1.820338368415832520e-01 1.441830489784479141e-02
8.262506127357482910e-01 3.025745451450347900e-01
2.560167610645294189e-01 5.194017887115478516e-01
2.387473285198211670e-01 7.892006039619445801e-01
1.011039465665817261e-01 7.236154079437255859e-01
1.079120934009552002e-01 7.485387921333312988e-01
3.472342714667320251e-02 6.591451764106750488e-01
4.725739359855651855e-01 2.418829947710037231e-01
1.749638617038726807e-01 9.797574281692504883e-01
1.950901933014392853e-02 2.665989696979522705e-01
8.269197344779968262e-01 5.931749343872070312e-01
3.871242702007293701e-01 3.645381331443786621e-01
3.648255169391632080e-01 4.116238653659820557e-01
2.443361878395080566e-01 6.563516259193420410e-01
9.239373356103897095e-02 1.464318782091140747e-01
9.067947268486022949e-01 8.336479663848876953e-01
5.150154978036880493e-02 1.845880597829818726e-01
3.140290379524230957e-01 8.433912396430969238e-01
5.759664773941040039e-01 3.105072379112243652e-01
1.453489363193511963e-01 4.632715582847595215e-01
3.864045739173889160e-01 8.031854629516601562e-01
9.370001554489135742e-01 4.718078766018152237e-03
6.342585682868957520e-01 3.554023802280426025e-01
1.085446774959564209e-01 4.383144378662109375e-01
1.108671873807907104e-01 2.654420770704746246e-02
2.715782225131988525e-01 1.301937699317932129e-01
8.779840469360351562e-01 4.599786400794982910e-01
4.081612229347229004e-01 7.814085483551025391e-01
3.074768185615539551e-01 4.032684564590454102e-01
7.753411531448364258e-01 4.429935514926910400e-01
1.804890483617782593e-01 5.668469667434692383e-01
1.413251310586929321e-01 9.986807703971862793e-01
3.259222805500030518e-01 1.666370630264282227e-01
5.999063327908515930e-02 1.363097578287124634e-01
4.915197491645812988e-01 2.027546614408493042e-01
3.470598757266998291e-01 9.440465569496154785e-01
5.785322785377502441e-01 3.200011849403381348e-01
1.216659173369407654e-01 3.069481253623962402e-01
5.297537446022033691e-01 6.803393363952636719e-01
5.165041685104370117e-01 4.921071827411651611e-01
6.636587977409362793e-01 5.363051295280456543e-01
4.106185436248779297e-01 6.698438525199890137e-01
9.536959975957870483e-02 2.232322692871093750e-01
9.674363136291503906e-01 6.218562126159667969e-01
7.868596911430358887e-01 8.076094985008239746e-01
6.093904376029968262e-01 9.694345593452453613e-01
2.807123959064483643e-01 8.096741437911987305e-01
3.068008720874786377e-01 4.297321438789367676e-01
1.685032993555068970e-01 8.476400375366210938e-01
5.037446618080139160e-01 6.970592588186264038e-02
6.064042448997497559e-02 7.615008950233459473e-01
9.586934447288513184e-01 7.483040690422058105e-01
7.699092030525207520e-01 1.243437975645065308e-01
9.169344305992126465e-01 7.058403491973876953e-01
3.082370758056640625e-01 8.997135162353515625e-01
3.110947012901306152e-01 2.534129619598388672e-01
1.735403239727020264e-01 8.834213614463806152e-01
5.168583244085311890e-02 1.506579518318176270e-01
8.859251141548156738e-01 9.682003855705261230e-01
1.802731677889823914e-02 6.191365122795104980e-01
5.940558910369873047e-01 8.609904646873474121e-01
6.627734303474426270e-01 8.301708698272705078e-01
2.425734102725982666e-01 7.704104185104370117e-01
7.303541898727416992e-01 7.295786738395690918e-01
9.143432378768920898e-01 6.908833384513854980e-01
6.847075223922729492e-01 6.812624335289001465e-01
4.475878551602363586e-02 1.436589360237121582e-01
1.674469374120235443e-02 1.707070469856262207e-01
5.705791115760803223e-01 8.909775018692016602e-01
1.865043491125106812e-01 7.730389386415481567e-02
6.372950673103332520e-01 9.278844594955444336e-01
9.903685450553894043e-01 2.625658512115478516e-01
4.568050205707550049e-01 1.114590093493461609e-01
8.916236758232116699e-01 2.707030773162841797e-01
2.412437796592712402e-01 8.820755779743194580e-02
7.818261384963989258e-01 2.674877345561981201e-01
8.056289553642272949e-01 9.242228269577026367e-01
2.992339432239532471e-01 9.989099502563476562e-01
5.077618733048439026e-02 4.783712029457092285e-01
2.561010718345642090e-01 1.398014724254608154e-01
5.617156624794006348e-01 3.636932671070098877e-01
8.398084640502929688e-01 4.107600450515747070e-01
5.026836991310119629e-01 3.612551689147949219e-01
2.815652191638946533e-01 9.958903789520263672e-01
6.225493550300598145e-01 1.964178532361984253e-01
2.032078951597213745e-01 2.738277241587638855e-02
4.053770005702972412e-01 6.035997271537780762e-01
9.036102890968322754e-01 3.949650526046752930e-01
6.908882260322570801e-01 8.322440981864929199e-01
9.879886507987976074e-01 5.781224370002746582e-01
5.222654938697814941e-01 7.325440645217895508e-01
8.574558496475219727e-01 9.463909268379211426e-01
4.207813441753387451e-01 4.728141427040100098e-01
2.323105782270431519e-01 3.354218006134033203e-01
7.977118492126464844e-01 3.567548096179962158e-01
4.486101269721984863e-01 1.261973083019256592e-01
8.890900015830993652e-01 7.152363657951354980e-01
8.077875375747680664e-01 6.711799502372741699e-01
9.032209515571594238e-01 3.558578193187713623e-01
6.800495982170104980e-01 3.157718479633331299e-01
6.185161471366882324e-01 7.329328060150146484e-01
8.821915388107299805e-01 6.068023443222045898e-01
1.847441121935844421e-02 6.536552906036376953e-01
3.105194568634033203e-01 7.124537825584411621e-01
3.682219088077545166e-01 4.546062052249908447e-01
8.490847051143646240e-02 4.444264471530914307e-01
8.086084723472595215e-01 6.821380853652954102e-01
9.318572878837585449e-01 7.084106206893920898e-01
1.072744876146316528e-01 3.406636118888854980e-01
4.863484501838684082e-01 7.172405123710632324e-01
6.362393498420715332e-02 2.589936554431915283e-01
2.840402424335479736e-01 5.894276499748229980e-01
4.556474387645721436e-01 5.281266570091247559e-01
2.988628447055816650e-01 6.533876657485961914e-01
7.869891077280044556e-02 7.595133781433105469e-01
8.700543642044067383e-01 5.125330090522766113e-01
8.705750703811645508e-01 1.403805017471313477e-01
5.987815856933593750e-01 4.005949497222900391e-01
2.321309000253677368e-01 2.112689614295959473e-01
1.763708591461181641e-01 5.261586308479309082e-01
2.081864029169082642e-01 7.102553546428680420e-02
4.088898599147796631e-01 5.429104566574096680e-01
3.329485952854156494e-01 7.645060420036315918e-01
6.769120097160339355e-01 5.892912745475769043e-01
4.238863587379455566e-01 2.878334838896989822e-03
4.240209162235260010e-01 7.212267518043518066e-01
3.122341036796569824e-01 6.420939564704895020e-01
1.414856612682342529e-01 1.345726847648620605e-01
1.966322958469390869e-01 9.397761225700378418e-01
3.835071027278900146e-01 7.634047269821166992e-01
7.748363018035888672e-01 3.796398639678955078e-01
3.220605105161666870e-02 5.218807458877563477e-01
3.359474539756774902e-01 4.432953298091888428e-01
1.623834818601608276e-01 9.404250979423522949e-01
2.437053769826889038e-01 6.465097665786743164e-01
3.012211322784423828e-01 7.999148368835449219e-01
5.183020830154418945e-01 7.861813902854919434e-01
5.285449624061584473e-01 9.509141445159912109e-01
3.281164467334747314e-01 7.026783823966979980e-01
2.116737365722656250e-01 2.865037322044372559e-01
1.506263017654418945e-01 5.278298854827880859e-01
8.465719223022460938e-01 8.107270598411560059e-01
7.349128723144531250e-01 9.509709477424621582e-01
7.780843973159790039e-02 3.615568578243255615e-02
3.746794164180755615e-01 3.595743477344512939e-01
9.200035929679870605e-01 6.546509861946105957e-01
8.164925575256347656e-01 9.215990900993347168e-01
5.377912521362304688e-01 4.497792124748229980e-01
6.622532010078430176e-01 9.093918800354003906e-01
3.259434401988983154e-01 4.508385360240936279e-01
8.212558627128601074e-01 2.799200713634490967e-01
8.202162981033325195e-01 3.532082736492156982e-01
6.945594549179077148e-01 5.820871591567993164e-01
4.014095366001129150e-01 9.828009605407714844e-01
5.068487673997879028e-02 1.503058075904846191e-01
5.890857577323913574e-01 7.589929699897766113e-01
5.412448048591613770e-01 9.124639630317687988e-01
6.005226075649261475e-02 3.223516643047332764e-01
7.837674617767333984e-01 7.810366153717041016e-02
2.195218950510025024e-01 3.422732353210449219e-01
5.622155070304870605e-01 7.259359955787658691e-01
2.385241836309432983e-01 9.444970488548278809e-01
4.073759913444519043e-01 3.656103909015655518e-01
7.183828949928283691e-02 4.649811983108520508e-01
2.073775529861450195e-01 1.966250836849212646e-01
6.807838678359985352e-01 4.822919964790344238e-01
9.515837430953979492e-01 7.700306773185729980e-01
5.036768317222595215e-01 2.806306071579456329e-02
4.655036032199859619e-01 6.860842108726501465e-01
4.239975810050964355e-01 8.430687189102172852e-01
4.056880995631217957e-02 7.410436868667602539e-02
4.764860868453979492e-01 5.117409229278564453e-01
7.023488283157348633e-01 2.314952015876770020e-01
3.221569061279296875e-01 6.657099723815917969e-01
1.042528674006462097e-01 3.783024251461029053e-01
9.004179835319519043e-01 6.071592569351196289e-01
4.328612685203552246e-01 7.778398394584655762e-01
4.365690648555755615e-01 5.613287091255187988e-01
5.098099634051322937e-02 1.031412929296493530e-01
8.081707954406738281e-01 6.113276481628417969e-01
2.970231771469116211e-01 1.562990806996822357e-02
4.507326781749725342e-01 8.387317061424255371e-01
2.667807787656784058e-02 6.498698890209197998e-02
3.566037118434906006e-01 2.578842937946319580e-01
1.923989504575729370e-01 8.213375210762023926e-01
9.337438941001892090e-01 2.405344396829605103e-01
2.545391917228698730e-01 4.705273211002349854e-01
9.999347329139709473e-01 3.820500969886779785e-01
9.304211139678955078e-01 7.085516452789306641e-01
3.465690314769744873e-01 3.314267992973327637e-01
9.262372255325317383e-01 8.170072436332702637e-01
7.509442567825317383e-01 9.690536856651306152e-01
2.736114859580993652e-01 5.295134782791137695e-01
2.137889862060546875e-01 3.788864016532897949e-01
7.513388395309448242e-01 4.123441278934478760e-01
2.007501199841499329e-03 4.484717845916748047e-01
7.826109528541564941e-01 7.349726557731628418e-01
8.746186494827270508e-01 4.363808035850524902e-01
2.041007876396179199e-01 2.739605307579040527e-01
8.722137212753295898e-01 7.920605540275573730e-01
4.133190214633941650e-01 3.570771217346191406e-01
5.965722799301147461e-01 3.815396726131439209e-01
1.925918310880661011e-01 4.930249452590942383e-01
2.030746489763259888e-01 9.858114123344421387e-01
3.431557714939117432e-01 2.346892803907394409e-01
6.676654815673828125e-01 2.549810409545898438e-01
1.859415322542190552e-01 8.192903399467468262e-01
1.092465817928314209e-01 2.933336198329925537e-01
8.171243965625762939e-02 5.712903141975402832e-01
1.180910691618919373e-01 7.401195168495178223e-01
2.667021751403808594e-01 5.314905047416687012e-01
2.453570663928985596e-01 2.344632893800735474e-01
2.351901866495609283e-02 6.264647245407104492e-01
7.577322721481323242e-01 3.279885053634643555e-01
7.568967342376708984e-01 6.369637846946716309e-01
8.698143362998962402e-01 4.863665997982025146e-01
1.626793295145034790e-01 2.385788112878799438e-01
2.507848441600799561e-01 3.785946071147918701e-01
8.698396086692810059e-01 7.039532661437988281e-01
1.550430804491043091e-01 1.036373376846313477e-01
1.742682904005050659e-01 6.227269768714904785e-01
7.605255246162414551e-01 7.696223855018615723e-01
9.232308864593505859e-01 8.041819930076599121e-01
2.401200234889984131e-01 6.411208510398864746e-01
6.294790655374526978e-02 9.606347084045410156e-01
7.970577478408813477e-01 2.657864689826965332e-01
1.969828903675079346e-01 5.854464173316955566e-01
8.131216764450073242e-01 9.616389870643615723e-01
4.406695812940597534e-02 1.654703170061111450e-01
9.919911026954650879e-01 8.969626575708389282e-02
5.282041430473327637e-01 6.826558113098144531e-01
4.904434084892272949e-01 3.880394250154495239e-02
6.544111967086791992e-01 1.827367953956127167e-02
9.610687494277954102e-01 9.792765378952026367e-01
4.683415405452251434e-03 3.402539193630218506e-01
2.779245078563690186e-01 4.650391638278961182e-01
9.300696849822998047e-02 2.731886208057403564e-01
5.897452235221862793e-01 4.477486312389373779e-01
8.197213411331176758e-01 7.763206362724304199e-01
2.811298370361328125e-01 8.655801415443420410e-01
7.041338086128234863e-01 1.090392172336578369e-01
1.789795160293579102e-01 8.396743237972259521e-02
1.588247865438461304e-01 9.658722877502441406e-01
7.570024132728576660e-01 8.872054815292358398e-01
8.072302937507629395e-01 8.356561064720153809e-01
2.121679633855819702e-01 9.017749428749084473e-01
3.816730380058288574e-01 8.950353264808654785e-01
4.300793409347534180e-01 8.309441208839416504e-01
6.530308127403259277e-01 8.605113625526428223e-01
6.261609196662902832e-01 9.856152534484863281e-01
2.200547754764556885e-01 6.621462106704711914e-01
6.920842528343200684e-01 8.728994727134704590e-01
2.676927745342254639e-01 4.530712962150573730e-01
9.432105422019958496e-01 5.328192114830017090e-01
7.577078789472579956e-02 8.137035369873046875e-01
8.562564104795455933e-02 6.700149923563003540e-02
8.297347426414489746e-01 4.591289758682250977e-01
2.545014917850494385e-01 7.624310851097106934e-01
8.662880659103393555e-01 5.439018011093139648e-01
5.256814956665039062e-01 3.552407026290893555e-02
4.432090371847152710e-02 1.155056953430175781e-01
5.986789464950561523e-01 5.123509168624877930e-01
5.547872781753540039e-01 2.859819829463958740e-01
1.633815318346023560e-01 6.642621755599975586e-01
2.622759938240051270e-01 8.174595236778259277e-01
5.574648976325988770e-01 4.573231935501098633e-01
8.869506120681762695e-01 9.782012701034545898e-01
1.622799411416053772e-02 2.785151898860931396e-01
9.551145881414413452e-02 4.446301758289337158e-01
4.034627974033355713e-01 1.790442019701004028e-01
4.950256049633026123e-01 2.226003408432006836e-01
5.350888371467590332e-01 7.791136503219604492e-01
2.709750533103942871e-01 3.666271269321441650e-01
4.498174190521240234e-01 7.910702228546142578e-01
6.232215762138366699e-01 3.339015543460845947e-01
4.999710619449615479e-01 3.646719753742218018e-01
4.679531976580619812e-02 9.779631495475769043e-01
9.040377140045166016e-01 7.808282226324081421e-02
1.352425105869770050e-02 4.135315716266632080e-01
4.139017760753631592e-01 2.245199382305145264e-01
6.786112785339355469e-01 3.584326505661010742e-01
3.648042082786560059e-01 5.905112624168395996e-01
2.616457045078277588e-01 9.892430305480957031e-01
1.576353460550308228e-01 9.958934783935546875e-01
8.979698419570922852e-01 9.670876264572143555e-01
8.011226058006286621e-01 8.115630149841308594e-01
9.521936774253845215e-01 7.329158782958984375e-01
4.657889008522033691e-01 2.558357119560241699e-01
2.248121947050094604e-01 4.996759593486785889e-01
5.783930420875549316e-01 4.855134487152099609e-01
7.272777557373046875e-01 1.927953809499740601e-01
4.182305037975311279e-01 1.029866188764572144e-01
8.693851232528686523e-01 5.615674853324890137e-01
2.757707536220550537e-01 2.488741278648376465e-01
4.150824248790740967e-02 5.059919953346252441e-01
7.591207623481750488e-01 3.455070853233337402e-01
3.537933342158794403e-03 1.001662239432334900e-01
8.613191843032836914e-01 9.319186210632324219e-02
2.268670499324798584e-01 3.784631565213203430e-02
2.864067852497100830e-01 8.829441070556640625e-01
1.051277369260787964e-01 7.045630216598510742e-01
8.578907847404479980e-01 5.893883109092712402e-01
9.745699763298034668e-01 7.098890542984008789e-01
5.466569662094116211e-01 2.097677290439605713e-01
1.351759582757949829e-01 4.344275593757629395e-01
4.117723703384399414e-01 3.540672659873962402e-01
1.267825216054916382e-01 9.693847298622131348e-01
4.774329662322998047e-01 2.913834154605865479e-01
8.807178735733032227e-01 9.791154861450195312e-01
3.836188614368438721e-01 6.572178602218627930e-01
3.320370018482208252e-01 2.922538816928863525e-01
4.376884698867797852e-01 9.017720818519592285e-01
7.008477300405502319e-02 2.844072878360748291e-01
5.308324098587036133e-01 8.924953341484069824e-01
2.892389297485351562e-01 4.188925921916961670e-01
3.346911370754241943e-01 3.587015867233276367e-01
1.359898895025253296e-01 9.955929517745971680e-01
3.902491927146911621e-01 8.603173494338989258e-01
8.460978865623474121e-01 9.166063666343688965e-01
9.308175444602966309e-01 9.364547729492187500e-01
2.682370841503143311e-01 5.287659764289855957e-01
6.000513434410095215e-01 7.906872630119323730e-01
9.651204943656921387e-01 5.030125379562377930e-01
5.537478253245353699e-03 9.958975762128829956e-02
6.763606667518615723e-01 2.447766512632369995e-01
8.354341983795166016e-01 4.623202681541442871e-01
7.431649565696716309e-01 7.601929903030395508e-01
5.224871635437011719e-01 4.378870427608489990e-01
9.161239862442016602e-01 2.480783015489578247e-01
8.898711949586868286e-02 5.474864840507507324e-01
6.096037104725837708e-02 3.115231096744537354e-01
2.298515439033508301e-01 9.137197136878967285e-01
6.503084301948547363e-02 8.825042247772216797e-01
4.008859097957611084e-01 6.368818879127502441e-01
4.205282628536224365e-01 2.271964699029922485e-01
1.377953588962554932e-01 2.032698839902877808e-01
4.487002491950988770e-01 3.855316340923309326e-01
1.774324327707290649e-01 4.291079342365264893e-01
1.306192576885223389e-01 8.479486703872680664e-01
6.309641599655151367e-01 8.896028995513916016e-01
4.498789310455322266e-01 4.021092951297760010e-01
5.935068130493164062e-01 1.684695780277252197e-01
3.938800394535064697e-01 8.348234891891479492e-01
2.121949493885040283e-01 7.671639919281005859e-01
7.563191056251525879e-01 6.635637283325195312e-01
7.333679199218750000e-01 6.739386916160583496e-01
5.241187810897827148e-01 6.753392219543457031e-01
2.102470546960830688e-01 6.683707237243652344e-01
4.356300234794616699e-01 2.650568485260009766e-01
2.759277820587158203e-01 9.892410635948181152e-01
3.813535869121551514e-01 1.873856931924819946e-01
7.922839522361755371e-01 2.756442725658416748e-01
1.393246352672576904e-01 7.219984531402587891e-01
6.074950098991394043e-01 4.225595593452453613e-01
6.679680347442626953e-01 7.227020263671875000e-01
1.207173690199851990e-01 2.620097100734710693e-01
9.164912700653076172e-01 9.427633881568908691e-01
3.214430212974548340e-01 8.709328770637512207e-01
7.815531492233276367e-01 2.468933165073394775e-01
7.929241061210632324e-01 9.365001320838928223e-01
4.414601027965545654e-01 9.199470877647399902e-01
2.199774682521820068e-01 7.711023092269897461e-01
9.608633518218994141e-01 6.988064050674438477e-01
1.866290867328643799e-01 9.315181374549865723e-01
3.186970949172973633e-01 7.389813065528869629e-01
1.181673258543014526e-02 9.127358198165893555e-01
2.234439551830291748e-01 8.582590222358703613e-01
5.798282623291015625e-01 5.574498176574707031e-01
4.134599566459655762e-01 4.974500536918640137e-01
3.652305305004119873e-01 6.372559070587158203e-01
8.333495259284973145e-02 5.196770429611206055e-01
9.827445149421691895e-01 9.657112360000610352e-01
1.227016076445579529e-01 4.849358201026916504e-01
7.424647808074951172e-01 9.688168168067932129e-01
3.385407626628875732e-01 8.477930426597595215e-01
9.929174184799194336e-01 6.384795904159545898e-01
3.661594986915588379e-01 9.626482129096984863e-01
2.880734205245971680e-01 4.352824985980987549e-01
8.678935766220092773e-01 9.913426041603088379e-01
2.916306555271148682e-01 8.154076933860778809e-01
5.665175616741180420e-02 2.913669645786285400e-01
4.868884980678558350e-01 9.049990214407444000e-03
3.540250286459922791e-02 2.410641312599182129e-01
4.992427229881286621e-01 6.203261613845825195e-01
1.283989846706390381e-01 8.406135439872741699e-02
7.198726534843444824e-01 7.306979298591613770e-01
7.737948298454284668e-01 8.749300837516784668e-01
2.771065831184387207e-01 4.028043150901794434e-01
1.065092682838439941e-01 2.849131524562835693e-01
8.946615457534790039e-01 6.501061320304870605e-01
8.483870029449462891e-01 9.782221317291259766e-01
7.496976256370544434e-01 3.229235410690307617e-01
6.752390265464782715e-01 2.905552983283996582e-01
5.718427896499633789e-01 9.625579118728637695e-01
3.574579060077667236e-01 1.080798953771591187e-01
9.531055092811584473e-01 6.907685995101928711e-01
1.906448453664779663e-01 6.614457368850708008e-01
2.619522213935852051e-01 4.198172390460968018e-01
4.666638374328613281e-01 7.353093624114990234e-01
7.300297021865844727e-01 5.226385593414306641e-01
3.475840389728546143e-01 5.954122636467218399e-03
6.692953705787658691e-01 2.296318709850311279e-01
3.289172947406768799e-01 1.634958684444427490e-01
1.277486830949783325e-01 6.223217248916625977e-01
3.373768925666809082e-01 8.894297294318675995e-03
3.834698796272277832e-01 6.484464406967163086e-01
8.072484135627746582e-01 1.680865734815597534e-01
2.643164694309234619e-01 7.097469568252563477e-01
3.285763412714004517e-02 5.376202985644340515e-03
7.775089740753173828e-01 7.986885309219360352e-01
1.193970665335655212e-01 7.933018356561660767e-02
3.393208980560302734e-02 3.206306099891662598e-01
8.918447047472000122e-02 4.621177315711975098e-01
9.544150829315185547e-01 7.421761155128479004e-01
5.026444196701049805e-01 8.489741683006286621e-01
3.360555469989776611e-01 8.926833868026733398e-01
5.865805149078369141e-01 6.600540280342102051e-01
7.569741606712341309e-01 7.926585674285888672e-01
5.018197298049926758e-01 2.219557613134384155e-01
7.909348607063293457e-02 1.734962761402130127e-01
1.120785698294639587e-01 1.988793909549713135e-01
7.218508720397949219e-01 6.231671571731567383e-01
1.061186790466308594e-01 4.399044215679168701e-01
8.761338889598846436e-02 8.623275756835937500e-01
4.947784915566444397e-02 7.451977729797363281e-01
4.467495977878570557e-01 1.404877454042434692e-01
6.391592621803283691e-01 7.899265289306640625e-01
8.595846891403198242e-01 7.000650763511657715e-01
9.626710414886474609e-01 4.034819304943084717e-01
9.387278556823730469e-01 3.811881542205810547e-01
9.725839644670486450e-02 8.726063966751098633e-01
1.658759415149688721e-01 7.067874073982238770e-01
3.451194167137145996e-01 9.447532892227172852e-01
9.028795957565307617e-01 7.315514087677001953e-01
1.529621630907058716e-01 8.197057247161865234e-01
9.260711073875427246e-01 4.566270411014556885e-01
1.536289453506469727e-01 6.704488396644592285e-01
5.786669254302978516e-01 1.406346410512924194e-01
8.159418106079101562e-01 6.775672435760498047e-01
8.255308866500854492e-01 3.084548115730285645e-01
9.465218335390090942e-02 3.467471897602081299e-02
4.164859279990196228e-02 9.253211021423339844e-01
4.631054997444152832e-01 6.022620201110839844e-01
9.558415412902832031e-01 4.791759550571441650e-01
9.119122624397277832e-01 6.445977687835693359e-01
4.426605105400085449e-01 4.260880947113037109e-01
3.911749124526977539e-01 3.527694344520568848e-01
1.133639737963676453e-01 2.937638759613037109e-01
4.548183977603912354e-01 7.199929356575012207e-01
6.389993429183959961e-01 1.628406047821044922e-01
9.170697331428527832e-01 2.852162718772888184e-01
6.151703596115112305e-01 5.367937684059143066e-01
1.732982099056243896e-01 4.556655585765838623e-01
7.149432897567749023e-01 6.595231294631958008e-01
8.700860738754272461e-01 2.718456685543060303e-01
8.354525566101074219e-01 7.063533067703247070e-01
8.509520292282104492e-01 7.684695124626159668e-01
5.437431335449218750e-01 2.034372687339782715e-01
1.876046508550643921e-01 5.219663977622985840e-01
2.671117484569549561e-01 1.362507939338684082e-01
9.282860904932022095e-02 3.391091227531433105e-01
6.880773901939392090e-01 2.465638220310211182e-01
1.082487925887107849e-01 9.623270034790039062e-01
4.332099258899688721e-01 2.387897223234176636e-01
1.022591218352317810e-01 2.641569077968597412e-01
1.708215326070785522e-01 4.791311919689178467e-01
6.872230768203735352e-01 3.923723697662353516e-01
7.375966906547546387e-01 3.055888600647449493e-02
9.176928400993347168e-01 7.673282027244567871e-01
1.561592668294906616e-01 1.412251293659210205e-01
3.726950883865356445e-01 8.238000869750976562e-01
6.761016845703125000e-01 3.513701856136322021e-01
9.622673988342285156e-01 4.467731118202209473e-01
9.686431884765625000e-01 8.995367288589477539e-01
4.524665772914886475e-01 9.557543396949768066e-01
3.097435534000396729e-01 2.840017080307006836e-01
2.023730278015136719e-01 3.655606880784034729e-02
3.440026640892028809e-01 7.111099362373352051e-01
2.624728381633758545e-01 4.406265318393707275e-01
6.645595431327819824e-01 2.984475493431091309e-01
1.473906785249710083e-01 5.631246566772460938e-01
3.637906908988952637e-01 5.781643986701965332e-01
3.902930617332458496e-01 6.544017791748046875e-01
7.857298254966735840e-01 9.047734141349792480e-01
3.496538847684860229e-02 2.467541992664337158e-01
8.632982969284057617e-01 6.747573018074035645e-01
2.454755455255508423e-01 6.075032353401184082e-01
3.052972853183746338e-01 2.160065025091171265e-01
2.649560868740081787e-01 5.746001005172729492e-01
2.512532472610473633e-01 6.559240221977233887e-01
6.824433803558349609e-01 4.990710914134979248e-01
1.194538846611976624e-01 1.327095776796340942e-01
9.018388390541076660e-01 2.375958114862442017e-01
9.321423172950744629e-01 6.271603107452392578e-01
2.665226161479949951e-01 4.090912640094757080e-01
1.775227487087249756e-01 7.485824823379516602e-01
4.014532268047332764e-01 8.996347784996032715e-01
2.805811725556850433e-02 8.715128898620605469e-01
6.839933991432189941e-01 9.922164082527160645e-01
6.265041232109069824e-01 6.970122456550598145e-01
5.706927776336669922e-01 3.806032836437225342e-01
8.432433605194091797e-01 6.096695661544799805e-01
9.230352044105529785e-01 2.573468685150146484e-01
8.365464210510253906e-02 5.190709829330444336e-01
5.192807912826538086e-01 3.244793713092803955e-01
5.314809679985046387e-01 3.118387758731842041e-01
2.363031357526779175e-01 4.600101411342620850e-01
2.202708423137664795e-01 3.022913634777069092e-01
7.385381460189819336e-01 6.427644491195678711e-01
4.178600013256072998e-01 7.554653882980346680e-01
3.224107325077056885e-01 1.089373975992202759e-01
5.742428302764892578e-01 6.288239359855651855e-01
4.529716968536376953e-01 2.778402566909790039e-01
5.241602659225463867e-01 5.545461773872375488e-01
3.891129195690155029e-01 5.088037252426147461e-02
9.359186887741088867e-01 5.004322528839111328e-01
7.080365419387817383e-01 8.097360730171203613e-01
1.917174756526947021e-01 2.536688148975372314e-01
7.320964336395263672e-01 8.248677849769592285e-01
1.962776035070419312e-01 9.771233052015304565e-02
5.455428957939147949e-01 7.344389557838439941e-01
1.456284821033477783e-01 5.099372863769531250e-01
2.389351427555084229e-01 6.861060261726379395e-01
8.010134100914001465e-01 4.368758797645568848e-01
5.428519845008850098e-01 8.935221433639526367e-01
1.449708938598632812e-01 7.894817590713500977e-01
3.053674995899200439e-01 4.955857396125793457e-01
3.410576879978179932e-01 5.955864787101745605e-01
5.044438689947128296e-02 3.544392287731170654e-01
3.653198778629302979e-01 8.734040260314941406e-01
9.114075452089309692e-02 8.469890058040618896e-02
8.290448188781738281e-01 5.617364048957824707e-01
1.369739174842834473e-01 9.086082577705383301e-01
3.313326239585876465e-01 5.859764814376831055e-01
2.004959061741828918e-02 9.117102622985839844e-01
7.222029566764831543e-02 1.179635152220726013e-01
9.120543599128723145e-01 7.052599191665649414e-01
9.365310668945312500e-01 8.641760349273681641e-01
4.440342187881469727e-01 9.359580278396606445e-02
8.104845285415649414e-01 2.311350405216217041e-01
4.288344457745552063e-02 5.425669718533754349e-03
2.285388261079788208e-01 4.773350954055786133e-01
2.804168164730072021e-01 5.459395647048950195e-01
8.979897499084472656e-01 4.386729598045349121e-01
9.103751778602600098e-01 9.150527715682983398e-01
1.370928287506103516e-01 3.844155073165893555e-01
5.336195230484008789e-01 5.659211874008178711e-01
8.717346787452697754e-01 1.414216607809066772e-01
1.689525991678237915e-01 4.008214771747589111e-01
7.343441992998123169e-02 1.446067392826080322e-01
1.841217130422592163e-01 4.178693890571594238e-01
2.815793268382549286e-02 4.690526127815246582e-01
3.200494050979614258e-01 5.397531986236572266e-01
4.826975762844085693e-01 5.679895877838134766e-01
3.910268545150756836e-01 9.618169665336608887e-01
9.509142041206359863e-01 7.968248724937438965e-01
3.978971242904663086e-01 3.820798993110656738e-01
2.387175522744655609e-02 8.321195244789123535e-01
2.210322171449661255e-01 5.515719056129455566e-01
8.077917098999023438e-01 8.213330507278442383e-01
1.721146553754806519e-01 9.442430734634399414e-01
9.910143017768859863e-01 3.804812729358673096e-01
