2.673217356204986572e-01 1.396752595901489258e-01
7.047529518604278564e-02 9.886873364448547363e-01
8.563031554222106934e-01 1.296687722206115723e-01
5.880399346351623535e-01 2.862581908702850342e-01
5.464981198310852051e-01 3.268597424030303955e-01
1.796592324972152710e-01 1.483337283134460449e-01
2.625022530555725098e-01 9.381370544433593750e-01
6.550064682960510254e-01 2.365719377994537354e-01
5.197688937187194824e-01 4.180821478366851807e-01
1.220931410789489746e-01 6.530851125717163086e-01
3.917897641658782959e-01 4.061296284198760986e-01
2.133457735180854797e-02 2.154087424278259277e-01
7.628122717142105103e-02 8.584384322166442871e-01
2.508577108383178711e-01 5.086781382560729980e-01
4.785961806774139404e-01 7.226136922836303711e-01
6.635274887084960938e-01 5.341037362813949585e-02
9.474519491195678711e-01 2.400295138359069824e-01
3.273269534111022949e-01 3.203773796558380127e-01
3.445215821266174316e-01 9.815265536308288574e-01
2.257183939218521118e-02 3.134379982948303223e-01
2.520737051963806152e-01 8.975901603698730469e-01
3.731625527143478394e-02 1.217285022139549255e-01
5.418919324874877930e-01 7.166504859924316406e-01
8.988206982612609863e-01 5.017521381378173828e-01
8.620038628578186035e-01 7.310105562210083008e-01
1.093997880816459656e-01 8.463932275772094727e-01
6.046580076217651367e-01 5.649325251579284668e-01
3.404000997543334961e-01 7.989586591720581055e-01
1.563370227813720703e-01 1.908043771982192993e-01
8.343718647956848145e-01 3.565612137317657471e-01
8.281216025352478027e-01 7.077996134757995605e-01
1.552606523036956787e-01 8.672578334808349609e-01
5.822299718856811523e-01 2.852061986923217773e-01
5.813974738121032715e-01 9.436421990394592285e-01
5.799199342727661133e-01 4.128005802631378174e-01
4.500724673271179199e-01 9.856237769126892090e-01
9.931126832962036133e-01 5.642969608306884766e-01
8.270902037620544434e-01 9.266243577003479004e-01
1.053274348378181458e-01 4.604260623455047607e-01
5.276377797126770020e-01 2.950883805751800537e-01
5.940971970558166504e-01 4.858489632606506348e-01
1.767631247639656067e-02 6.605440974235534668e-01
8.160188198089599609e-01 9.226597547531127930e-01
9.294626712799072266e-01 9.774718880653381348e-01
3.247745931148529053e-01 8.949422240257263184e-01
3.118684887886047363e-01 6.526246070861816406e-01
9.574967622756958008e-01 7.359619736671447754e-01
6.321530938148498535e-01 9.609536081552505493e-02
3.368462249636650085e-02 5.794929862022399902e-01
6.586776375770568848e-01 2.440783530473709106e-01
6.677024066448211670e-03 3.595395982265472412e-01
5.388904809951782227e-01 9.763905405998229980e-01
7.294202446937561035e-01 5.814625620841979980e-01
8.589573502540588379e-01 5.472667887806892395e-02
2.074408344924449921e-02 3.137766718864440918e-01
6.341553330421447754e-01 2.642593979835510254e-01
1.230449676513671875e-01 6.926761269569396973e-01
1.786092817783355713e-01 8.446898460388183594e-01
7.043052315711975098e-01 6.382048595696687698e-03
4.473411142826080322e-01 9.618752002716064453e-01
9.586334824562072754e-01 5.552381873130798340e-01
3.585976064205169678e-01 5.987318754196166992e-01
5.943890213966369629e-01 8.420096337795257568e-02
3.426548838615417480e-01 4.940492212772369385e-01
3.061497807502746582e-01 2.323982268571853638e-01
8.111949563026428223e-01 8.964068293571472168e-01
8.391784429550170898e-01 7.153750061988830566e-01
4.782805442810058594e-01 2.085684835910797119e-01
3.874236643314361572e-01 3.884524106979370117e-01
9.956673383712768555e-01 8.185802102088928223e-01
5.583875775337219238e-01 8.393587470054626465e-01
5.404541492462158203e-01 2.001065313816070557e-01
1.041860878467559814e-01 9.214420318603515625e-01
1.400347501039505005e-01 8.857764005661010742e-01
8.834223151206970215e-01 7.553330063819885254e-01
4.221065342426300049e-01 7.132257819175720215e-01
2.905357778072357178e-01 1.572903990745544434e-01
7.117066979408264160e-01 3.749200999736785889e-01
2.061256319284439087e-01 7.380931377410888672e-01
8.308442234992980957e-01 3.954550325870513916e-01
6.713971495628356934e-02 4.754386246204376221e-01
4.725675880908966064e-01 2.461495846509933472e-01
5.417139083147048950e-02 4.317456185817718506e-01
5.055884122848510742e-01 3.623455464839935303e-01
1.922294348478317261e-01 6.454641222953796387e-01
6.623049974441528320e-01 7.503928989171981812e-02
1.776180416345596313e-01 5.441601276397705078e-01
1.755887269973754883e-01 7.347086668014526367e-01
4.968554675579071045e-01 4.748410880565643311e-01
4.479555487632751465e-01 6.783614158630371094e-01
2.446934208273887634e-02 7.024934887886047363e-01
8.285085558891296387e-01 7.892524003982543945e-01
8.462377786636352539e-01 6.187926977872848511e-02
1.832407265901565552e-01 6.890978217124938965e-01
8.552361130714416504e-01 2.119500935077667236e-02
7.214518785476684570e-01 7.091639637947082520e-01
6.277871131896972656e-01 6.661529541015625000e-01
8.625729084014892578e-01 2.527127265930175781e-01
4.203846305608749390e-02 8.487988114356994629e-01
4.997559487819671631e-01 4.027312994003295898e-01
8.746008872985839844e-01 8.680201172828674316e-01
9.246954321861267090e-02 2.586659491062164307e-01
9.205375313758850098e-01 4.036845862865447998e-01
4.964853450655937195e-02 5.912479162216186523e-01
1.664238572120666504e-01 9.009857177734375000e-01
1.014052107930183411e-01 3.445916771888732910e-01
2.107807695865631104e-01 6.904036402702331543e-01
7.569502294063568115e-02 4.662896394729614258e-01
6.332574784755706787e-02 6.929860115051269531e-01
7.780835032463073730e-01 8.895924091339111328e-01
1.183227971196174622e-01 2.144432365894317627e-01
7.848663926124572754e-01 4.233588874340057373e-01
6.144102215766906738e-01 9.755358695983886719e-01
7.094499468803405762e-01 9.879924058914184570e-01
2.898680865764617920e-01 4.102098941802978516e-01
7.121198773384094238e-01 1.770384460687637329e-01
6.289199590682983398e-01 6.230049133300781250e-01
8.053764104843139648e-01 8.134578168392181396e-02
7.072573304176330566e-01 2.378736883401870728e-01
6.590763926506042480e-01 4.238619506359100342e-01
6.496474146842956543e-02 5.811306834220886230e-01
1.827559322118759155e-01 5.982215404510498047e-01
9.853005409240722656e-02 5.989705324172973633e-01
6.218734979629516602e-01 6.799427270889282227e-01
1.936426609754562378e-01 4.060226678848266602e-02
7.883425354957580566e-01 5.512970089912414551e-01
6.852188110351562500e-01 7.130110859870910645e-01
3.692312836647033691e-01 3.053665757179260254e-01
8.922591060400009155e-02 8.889063000679016113e-01
8.538041710853576660e-01 1.512381136417388916e-01
9.371572732925415039e-01 7.546160221099853516e-01
8.866153359413146973e-01 3.119917511940002441e-01
2.427770346403121948e-01 6.288065314292907715e-01
2.427066266536712646e-01 3.358089923858642578e-01
4.777860045433044434e-01 9.311417937278747559e-01
1.205716580152511597e-01 8.645562529563903809e-01
9.149597287178039551e-01 1.042559146881103516e-01
2.138034403324127197e-01 3.703291118144989014e-01
2.036629058420658112e-02 5.481763184070587158e-02
7.421090006828308105e-01 3.139519095420837402e-01
1.113123893737792969e-01 5.523492693901062012e-01
9.421597123146057129e-01 7.977508306503295898e-01
3.775297403335571289e-01 1.847691535949707031e-01
4.224330782890319824e-01 5.827521085739135742e-01
4.427500069141387939e-01 5.033644437789916992e-01
1.627169996500015259e-01 5.198346376419067383e-01
8.927607536315917969e-02 9.062564969062805176e-01
6.455906629562377930e-01 8.430304527282714844e-01
1.329740434885025024e-01 3.026156425476074219e-01
5.834105610847473145e-01 4.396498501300811768e-01
3.538610041141510010e-01 7.443172931671142578e-01
2.192185670137405396e-01 2.874879837036132812e-01
6.028221249580383301e-01 3.132034540176391602e-01
6.554226875305175781e-01 7.065953016281127930e-01
3.805944919586181641e-01 9.624009132385253906e-01
8.768683075904846191e-01 3.126022815704345703e-01
6.395767331123352051e-01 5.991122722625732422e-01
6.787229180335998535e-01 4.066123068332672119e-01
3.908551111817359924e-02 7.055909633636474609e-01
5.938108637928962708e-02 3.799025714397430420e-01
5.692900419235229492e-01 3.652546703815460205e-01
3.899446129798889160e-01 3.108390867710113525e-01
8.657838702201843262e-01 5.631328225135803223e-01
3.144164979457855225e-01 6.134893894195556641e-01
9.822462797164916992e-01 3.118004202842712402e-01
6.224390268325805664e-01 3.703348040580749512e-01
2.698007524013519287e-01 4.104414880275726318e-01
5.300158634781837463e-02 4.640597701072692871e-01
3.062476515769958496e-01 5.864028334617614746e-01
8.484408855438232422e-01 4.841759055852890015e-02
4.934125542640686035e-01 5.977215245366096497e-02
4.108132719993591309e-01 9.839119911193847656e-01
1.172748133540153503e-01 8.247399330139160156e-01
5.971363782882690430e-01 1.588597297668457031e-01
9.160862565040588379e-01 4.566781818866729736e-01
3.913791850209236145e-02 7.801484465599060059e-01
2.547677159309387207e-01 7.424694895744323730e-01
1.888386160135269165e-02 7.793492674827575684e-01
7.280115485191345215e-01 8.457520604133605957e-01
1.747099012136459351e-01 5.795035958290100098e-01
5.871450901031494141e-01 3.375116288661956787e-01
7.638707756996154785e-02 8.001521825790405273e-01
9.729283452033996582e-01 4.485128223896026611e-01
8.173304796218872070e-02 8.044968247413635254e-01
9.510214924812316895e-01 4.500684514641761780e-02
3.788973093032836914e-01 5.819150209426879883e-01
7.865667343139648438e-01 5.359218716621398926e-01
8.228176236152648926e-01 8.648395538330078125e-01
2.455645799636840820e-01 2.366611547768115997e-02
8.965655565261840820e-01 1.665229722857475281e-02
8.440826535224914551e-01 1.811776012182235718e-01
8.770828247070312500e-01 4.594602808356285095e-02
5.619311332702636719e-01 2.133474200963973999e-01
5.431210994720458984e-01 5.529207587242126465e-01
2.137180864810943604e-01 7.555500268936157227e-01
1.871121823787689209e-01 8.773674964904785156e-01
8.625118732452392578e-01 4.297937750816345215e-01
9.453859329223632812e-01 1.704249382019042969e-01
3.628264963626861572e-01 9.805692434310913086e-01
1.610286831855773926e-01 4.069336354732513428e-01
7.389017939567565918e-01 1.549024879932403564e-01
5.050394535064697266e-01 2.022024691104888916e-01
8.510851860046386719e-01 5.361474156379699707e-01
2.485903799533843994e-01 5.649591684341430664e-01
3.562921583652496338e-01 6.321495771408081055e-01
7.802999615669250488e-01 2.841841578483581543e-01
9.131655097007751465e-01 1.223237067461013794e-01
8.112227320671081543e-01 1.394941210746765137e-01
4.091087877750396729e-01 8.816162943840026855e-01
1.469232738018035889e-01 8.862490057945251465e-01
9.287272691726684570e-01 7.964612841606140137e-01
4.398285746574401855e-01 2.840846590697765350e-02
8.645020723342895508e-01 7.520455121994018555e-01
6.212751269340515137e-01 4.742343351244926453e-02
1.443410217761993408e-01 3.084570169448852539e-01
1.307027041912078857e-01 2.773668467998504639e-01
8.756738156080245972e-02 9.999935626983642578e-01
9.947544895112514496e-03 6.186792850494384766e-01
5.241475701332092285e-01 4.234819114208221436e-01
8.618556857109069824e-01 4.409309104084968567e-02
9.577850103378295898e-01 5.350844860076904297e-01
8.688302636146545410e-01 9.810994565486907959e-02
2.542415559291839600e-01 7.928792238235473633e-01
9.088648557662963867e-01 1.898534595966339111e-01
7.158648967742919922e-02 8.894861936569213867e-01
2.839329540729522705e-01 8.534564971923828125e-01
3.589898049831390381e-01 9.078889489173889160e-01
1.510739624500274658e-01 7.146689891815185547e-01
3.494971394538879395e-01 2.103144228458404541e-01
7.788681983947753906e-01 4.955729246139526367e-01
4.631838202476501465e-01 3.393799066543579102e-01
7.363057229667901993e-03 4.811905622482299805e-01
3.703219890594482422e-01 3.104320466518402100e-01
7.577899694442749023e-01 3.065658509731292725e-01
2.204524129629135132e-01 7.609549164772033691e-01
8.562017679214477539e-01 5.096780061721801758e-01
3.206169307231903076e-01 7.238592505455017090e-01
3.997935727238655090e-02 4.471950531005859375e-01
2.918809652328491211e-01 3.838477432727813721e-01
1.676935255527496338e-01 9.509567171335220337e-02
1.724169701337814331e-01 7.616137266159057617e-01
1.014628931879997253e-01 4.722696542739868164e-01
9.159029275178909302e-02 4.962099492549896240e-01
2.099347859621047974e-01 8.980593681335449219e-01
4.525836110115051270e-01 1.601261347532272339e-01
5.169149637222290039e-01 9.308517575263977051e-01
4.674334824085235596e-01 3.142487406730651855e-01
4.881469011306762695e-01 1.114108338952064514e-01
9.316702485084533691e-01 9.647990465164184570e-01
1.605743020772933960e-01 8.956625461578369141e-01
2.120530931279063225e-03 2.631425857543945312e-02
4.560705646872520447e-02 4.908252954483032227e-01
6.876324415206909180e-01 4.606548845767974854e-01
2.037528529763221741e-02 8.753530979156494141e-01
3.782481253147125244e-01 2.423687428236007690e-01
2.515425346791744232e-02 8.744960427284240723e-01
1.652640253305435181e-01 5.362472962588071823e-03
3.948568701744079590e-01 4.604801908135414124e-02
2.038134187459945679e-01 8.085460066795349121e-01
1.924362219870090485e-02 9.174755811691284180e-01
1.309214085340499878e-01 7.415397167205810547e-01
8.494160771369934082e-01 5.067607760429382324e-02
6.491422653198242188e-01 3.045250773429870605e-01
1.878612339496612549e-01 9.737547039985656738e-01
3.070705235004425049e-01 8.484864234924316406e-02
1.109402179718017578e-01 9.385253787040710449e-01
4.597049355506896973e-01 8.926661610603332520e-01
4.030848741531372070e-01 3.493922576308250427e-02
6.729888319969177246e-01 2.939495444297790527e-01
6.819121837615966797e-01 3.098392486572265625e-01
5.293434858322143555e-01 5.669460073113441467e-02
3.122681081295013428e-01 9.958179593086242676e-01
3.089638650417327881e-01 9.679280519485473633e-01
9.456346929073333740e-02 3.884915709495544434e-01
5.691293478012084961e-01 9.807786345481872559e-02
9.099104404449462891e-01 4.275788068771362305e-01
7.299202084541320801e-01 6.645913720130920410e-01
9.250098466873168945e-01 3.829566538333892822e-01
6.599094867706298828e-01 5.384018421173095703e-01
5.957156419754028320e-01 4.941538870334625244e-01
7.070016860961914062e-01 5.002334713935852051e-01
5.074622631072998047e-01 4.837045669555664062e-01
9.763087630271911621e-01 2.555957734584808350e-01
1.241621002554893494e-01 3.923966288566589355e-01
7.127414941787719727e-01 5.520910024642944336e-01
4.238991737365722656e-01 3.403370082378387451e-01
2.039075642824172974e-01 9.907876253128051758e-01
2.674724459648132324e-01 2.635987401008605957e-01
6.663773059844970703e-01 4.734714049845933914e-03
1.786845028400421143e-01 4.130585193634033203e-01
4.303861260414123535e-01 5.131074190139770508e-01
2.111336290836334229e-01 2.614317238330841064e-01
5.786110162734985352e-01 2.643218636512756348e-01
5.290906503796577454e-02 5.174831151962280273e-01
4.128732681274414062e-01 2.886597812175750732e-01
1.595113277435302734e-01 8.870269656181335449e-01
6.106995344161987305e-01 7.786811590194702148e-01
4.594478011131286621e-01 5.684177875518798828e-01
3.129898011684417725e-01 5.621402263641357422e-01
5.696218833327293396e-02 4.820418953895568848e-01
9.459055215120315552e-02 9.980302453041076660e-01
5.168461799621582031e-02 1.877082437276840210e-01
5.028150677680969238e-01 4.473445415496826172e-01
3.487126827239990234e-01 4.919694066047668457e-01
3.163522183895111084e-01 2.602757513523101807e-01
8.393826484680175781e-01 2.661034762859344482e-01
3.724066615104675293e-01 4.825746715068817139e-01
9.905818700790405273e-01 5.413730740547180176e-01
3.621625304222106934e-01 5.609138011932373047e-01
6.173213720321655273e-01 1.654682904481887817e-01
8.873670101165771484e-01 2.279565334320068359e-01
6.886841654777526855e-01 2.233096510171890259e-01
2.536142170429229736e-01 9.129654169082641602e-01
2.866865098476409912e-01 4.619780555367469788e-02
5.298031568527221680e-01 3.915858268737792969e-01
1.001175045967102051e-01 7.043008208274841309e-01
7.927826046943664551e-01 4.462004899978637695e-01
1.293306052684783936e-01 6.198824048042297363e-01
9.899368286132812500e-01 4.404448270797729492e-01
9.333086013793945312e-01 4.264443367719650269e-02
1.115282773971557617e-01 8.873817510902881622e-03
5.585871338844299316e-01 1.703847199678421021e-01
7.891454100608825684e-01 8.421493172645568848e-01
8.140992373228073120e-02 4.437916278839111328e-01
7.287773489952087402e-01 1.652563065290451050e-01
8.910098075866699219e-01 2.202349156141281128e-01
7.861376404762268066e-01 8.022693991661071777e-01
5.253799557685852051e-01 2.327314019203186035e-01
4.059057533740997314e-01 4.039494693279266357e-01
5.155625939369201660e-01 8.532739430665969849e-02
5.810219049453735352e-01 1.948243528604507446e-01
2.318529970943927765e-02 6.771659851074218750e-01
9.815714955329895020e-01 8.796357512474060059e-01
5.181456729769706726e-02 1.726265847682952881e-01
8.992035984992980957e-01 5.818076729774475098e-01
8.847869634628295898e-01 8.715475797653198242e-01
8.883124589920043945e-02 5.619032979011535645e-01
8.433349132537841797e-01 8.127723336219787598e-01
3.429846465587615967e-01 5.178970471024513245e-02
3.339467197656631470e-02 5.234773755073547363e-01
4.547807276248931885e-01 2.342744022607803345e-01
7.049394845962524414e-01 5.649105906486511230e-01
6.781817674636840820e-01 9.243537783622741699e-01
5.072994232177734375e-01 9.055514931678771973e-01
6.795516610145568848e-01 9.209812283515930176e-01
2.924693226814270020e-01 9.204639196395874023e-01
5.970192700624465942e-02 5.461261868476867676e-01
4.457848072052001953e-01 7.399078607559204102e-01
2.539250552654266357e-01 7.750738263130187988e-01
6.194760799407958984e-01 3.098059296607971191e-01
2.593531087040901184e-02 8.953419923782348633e-01
9.674108624458312988e-01 5.330860018730163574e-01
8.002796769142150879e-01 5.651640295982360840e-01
7.042999267578125000e-01 3.400185704231262207e-01
6.654429435729980469e-01 7.573318481445312500e-01
7.107234597206115723e-01 5.686106160283088684e-02
3.020384907722473145e-01 7.988424897193908691e-01
1.770658642053604126e-01 3.232583105564117432e-01
7.476649284362792969e-01 2.657731473445892334e-01
7.391474843025207520e-01 3.085308372974395752e-01
1.085256189107894897e-01 6.804026365280151367e-01
3.906352818012237549e-01 4.972645938396453857e-01
9.519622325897216797e-01 4.771107137203216553e-01
8.217474818229675293e-01 7.597504854202270508e-01
5.816055834293365479e-02 9.256609678268432617e-01
6.339649558067321777e-01 9.637904763221740723e-01
8.243003487586975098e-01 6.313253045082092285e-01
2.783465944230556488e-02 3.840694129467010498e-01
2.109786868095397949e-01 4.498406052589416504e-01
5.003771781921386719e-01 5.280301570892333984e-01
9.638476371765136719e-01 6.953672170639038086e-01
4.225931316614151001e-02 8.551968932151794434e-01
4.515365064144134521e-01 6.870014667510986328e-01
3.888681232929229736e-01 5.403297543525695801e-01
3.498539924621582031e-01 4.600428044795989990e-01
5.019285678863525391e-01 4.384224414825439453e-01
8.992027044296264648e-01 1.382163912057876587e-01
6.742977499961853027e-01 7.589265108108520508e-01
9.850535392761230469e-01 1.312423050403594971e-01
2.655016183853149414e-01 1.964842379093170166e-01
8.981311321258544922e-01 9.951721429824829102e-01
9.298067539930343628e-02 1.100007537752389908e-02
2.832389809191226959e-02 3.354547321796417236e-01
3.575504422187805176e-01 3.433975577354431152e-01
9.276480078697204590e-01 6.412826180458068848e-01
1.973527669906616211e-01 8.941670656204223633e-01
2.870430946350097656e-01 8.323758840560913086e-01
6.473382562398910522e-02 7.427373528480529785e-01
9.768517017364501953e-01 7.054679989814758301e-01
5.643595457077026367e-01 4.724308848381042480e-01
5.028477311134338379e-01 5.120834112167358398e-01
5.785503983497619629e-01 4.102188646793365479e-01
4.775012284517288208e-02 4.014399945735931396e-01
1.634609252214431763e-01 1.078726649284362793e-01
4.576063752174377441e-01 3.854908943176269531e-01
5.027722120285034180e-01 4.666406512260437012e-01
7.471815347671508789e-01 5.228871107101440430e-01
8.430515527725219727e-01 6.500958204269409180e-01
1.863877028226852417e-01 4.595948457717895508e-01
9.419419169425964355e-01 7.463521361351013184e-01
3.548284173011779785e-01 6.721584200859069824e-01
3.140150904655456543e-01 7.204474210739135742e-01
7.144177556037902832e-01 2.070198357105255127e-01
8.924030661582946777e-01 8.662026524543762207e-01
7.741483449935913086e-01 7.954546213150024414e-01
1.710612210445106030e-03 9.166373610496520996e-01
3.111623525619506836e-01 2.050611972808837891e-01
4.067686796188354492e-01 2.118860781192779541e-01
8.236112594604492188e-01 7.049243450164794922e-01
2.747017741203308105e-01 6.804705858230590820e-01
8.078049421310424805e-01 2.780166268348693848e-01
2.647761702537536621e-01 7.777923345565795898e-01
8.971071839332580566e-01 2.584867179393768311e-01
5.312523841857910156e-01 8.098412156105041504e-01
4.235680103302001953e-01 9.496352672576904297e-01
7.327472567558288574e-01 5.462002158164978027e-01
7.696824073791503906e-01 6.207817792892456055e-01
6.962010860443115234e-01 3.529290556907653809e-01
7.573123574256896973e-01 9.079226851463317871e-01
7.973008155822753906e-01 5.068096518516540527e-01
6.418145298957824707e-01 6.825342178344726562e-01
2.160194963216781616e-01 6.761357188224792480e-01
8.724682927131652832e-01 7.338130474090576172e-01
7.377106547355651855e-01 3.800797164440155029e-01
9.868000745773315430e-01 6.110970973968505859e-01
2.602575719356536865e-01 1.583442240953445435e-01
7.721834182739257812e-01 1.681580990552902222e-01
2.197418510913848877e-01 3.330052793025970459e-01
4.086396992206573486e-01 4.828149676322937012e-01
2.366760373115539551e-01 6.081033349037170410e-01
6.407468318939208984e-01 4.478691816329956055e-01
5.016149878501892090e-01 6.543511748313903809e-01
5.289963260293006897e-02 6.879450082778930664e-01
8.467004895210266113e-01 7.621309161186218262e-01
9.148165583610534668e-01 6.836044788360595703e-01
1.678994596004486084e-01 9.052223563194274902e-01
9.447233676910400391e-01 7.171884775161743164e-01
1.877796798944473267e-01 9.231929779052734375e-01
8.186211585998535156e-01 7.105696201324462891e-01
8.293411731719970703e-01 4.108844101428985596e-01
8.493437170982360840e-01 7.543693780899047852e-01
9.158663153648376465e-01 7.642889618873596191e-01
3.830025494098663330e-01 7.366894483566284180e-01
3.700962364673614502e-01 8.399743437767028809e-01
6.178690195083618164e-01 3.512988090515136719e-01
7.327810525894165039e-01 8.691041171550750732e-02
1.834046989679336548e-01 7.125894427299499512e-01
9.270963817834854126e-02 4.426900446414947510e-01
6.035502552986145020e-01 1.089463829994201660e-01
5.163567662239074707e-01 7.406476140022277832e-01
2.321943193674087524e-01 4.954228997230529785e-01
1.008073017001152039e-01 2.556231617927551270e-01
4.454957842826843262e-01 3.711406886577606201e-02
2.588408887386322021e-01 6.457630991935729980e-01
9.715805053710937500e-01 6.343914270401000977e-01
8.812647312879562378e-02 6.659991145133972168e-01
4.202262461185455322e-01 5.728711485862731934e-01
9.337808489799499512e-01 8.254247307777404785e-01
1.342056989669799805e-01 6.922929883003234863e-01
5.372773408889770508e-01 7.687094807624816895e-01
8.140165805816650391e-01 7.542411088943481445e-01
1.531423535197973251e-02 1.010686997324228287e-02
4.181498885154724121e-01 3.392522335052490234e-01
4.281806051731109619e-01 8.041998147964477539e-01
2.454051515087485313e-03 8.711573481559753418e-01
3.439334630966186523e-01 7.511667013168334961e-01
1.100288555026054382e-01 1.158687323331832886e-01
7.898383140563964844e-01 9.398891329765319824e-01
4.095990657806396484e-01 9.332125782966613770e-01
1.781329065561294556e-01 9.518687129020690918e-01
4.981627166271209717e-01 4.789102673530578613e-01
6.286599040031433105e-01 9.369514584541320801e-01
9.636316895484924316e-01 1.147829443216323853e-01
3.347608745098114014e-01 8.349290490150451660e-01
6.001152396202087402e-01 1.120942551642656326e-02
2.547507882118225098e-01 3.832532465457916260e-01
2.623295038938522339e-02 3.969120979309082031e-01
8.894770741462707520e-01 5.921164155006408691e-01
7.019548416137695312e-01 6.980619430541992188e-01
3.121845126152038574e-01 1.935374587774276733e-01
4.256322085857391357e-01 5.081046819686889648e-01
6.452997326850891113e-01 5.993131399154663086e-01
7.500842213630676270e-02 9.998322725296020508e-01
8.389353156089782715e-01 2.212197892367839813e-02
4.027086794376373291e-01 5.481888055801391602e-01
3.994917571544647217e-01 1.216844245791435242e-01
3.311527669429779053e-01 2.491356581449508667e-01
1.441730111837387085e-01 7.396872639656066895e-01
9.693751931190490723e-01 9.574016928672790527e-02
2.376509308815002441e-01 9.111676812171936035e-01
8.808765411376953125e-01 6.340672969818115234e-01
7.287986278533935547e-01 2.202016264200210571e-01
6.640934944152832031e-01 1.174447536468505859e-01
5.467778444290161133e-01 3.171270191669464111e-01
3.772267103195190430e-01 3.748365640640258789e-01
8.357516527175903320e-01 7.793746590614318848e-01
2.098858058452606201e-01 7.069513946771621704e-02
8.060244321823120117e-01 4.544309675693511963e-01
8.925261497497558594e-01 2.828330993652343750e-01
4.194558858871459961e-01 9.229199290275573730e-01
5.087632536888122559e-01 4.724300801753997803e-01
8.756685853004455566e-01 5.942987203598022461e-01
6.779747456312179565e-02 8.668599128723144531e-01
9.868823885917663574e-01 8.690890073776245117e-01
8.195110410451889038e-02 5.999428033828735352e-01
1.148388907313346863e-01 4.328789710998535156e-01
2.684791982173919678e-01 3.301948308944702148e-02
5.378744602203369141e-01 6.536963582038879395e-01
2.824934758245944977e-02 3.780941367149353027e-01
2.036810964345932007e-01 4.361477792263031006e-01
1.946206390857696533e-01 6.436048746109008789e-01
9.314630627632141113e-01 3.134880959987640381e-01
3.986733257770538330e-01 2.747689783573150635e-01
1.615057885646820068e-02 3.221777454018592834e-02
2.469007819890975952e-01 2.975025773048400879e-01
5.293349027633666992e-01 5.735999941825866699e-01
9.975103735923767090e-01 5.984368920326232910e-01
2.980727553367614746e-01 6.004182100296020508e-01
9.573112130165100098e-01 7.479488849639892578e-01
7.644724249839782715e-01 9.659152626991271973e-01
8.576428890228271484e-01 3.221229016780853271e-01
9.818428754806518555e-01 9.702714681625366211e-01
4.941917359828948975e-01 4.187252819538116455e-01
6.112570762634277344e-01 8.446053266525268555e-01
4.819677472114562988e-01 8.501628637313842773e-01
5.271435976028442383e-01 4.692020118236541748e-01
7.178443074226379395e-01 3.326162993907928467e-01
9.648368358612060547e-01 5.044284462928771973e-01
7.161112427711486816e-01 4.367091655731201172e-01
5.393599271774291992e-01 3.621962070465087891e-01
6.742149591445922852e-02 7.395575940608978271e-02
6.034271121025085449e-01 1.615765094757080078e-01
5.823835134506225586e-01 7.320238351821899414e-01
7.578869462013244629e-01 5.333609580993652344e-01
8.894033432006835938e-01 7.850287556648254395e-01
6.375923156738281250e-01 5.058689117431640625e-01
2.042166441679000854e-01 7.385182380676269531e-01
2.650023102760314941e-01 2.476460337638854980e-01
1.146723702549934387e-01 5.483753606677055359e-02
4.610919654369354248e-01 1.961860358715057373e-01
7.694975286722183228e-02 2.268144339323043823e-01
2.074699699878692627e-01 2.958306074142456055e-01
9.822763800621032715e-01 7.712397575378417969e-01
7.963752150535583496e-01 5.082677602767944336e-01
2.788678407669067383e-01 8.790144324302673340e-01
4.876292645931243896e-01 8.261437416076660156e-01
1.485977470874786377e-01 5.441850423812866211e-01
9.556154012680053711e-01 6.934308409690856934e-01
2.375345379114151001e-01 8.227317929267883301e-01
4.664981365203857422e-01 2.344711124897003174e-01
9.168079495429992676e-01 4.408109784126281738e-01
1.131143942475318909e-01 7.877656817436218262e-01
9.363403320312500000e-01 7.177042961120605469e-01
7.410182356834411621e-01 6.249403953552246094e-01
1.187115535140037537e-01 2.820000648498535156e-01
3.973163068294525146e-01 2.247469499707221985e-02
8.485811948776245117e-01 2.789826095104217529e-01
4.313295483589172363e-01 9.359285235404968262e-01
1.385859698057174683e-01 7.786120772361755371e-01
7.572394013404846191e-01 6.860010027885437012e-01
8.915261626243591309e-01 8.414404392242431641e-01
9.716235399246215820e-01 2.871023714542388916e-01
6.366431117057800293e-01 6.571371853351593018e-02
8.926814794540405273e-01 6.424920558929443359e-01
7.714825868606567383e-01 2.210421264171600342e-01
9.319997429847717285e-01 4.164327085018157959e-01
1.922773420810699463e-01 4.923281371593475342e-01
1.534836143255233765e-01 9.086807370185852051e-01
9.070417284965515137e-01 7.489677071571350098e-01
9.942477345466613770e-01 8.905611634254455566e-01
6.511910557746887207e-01 2.776220738887786865e-01
1.219155490398406982e-01 5.365604758262634277e-01
4.299311041831970215e-01 2.563527822494506836e-01
4.465109407901763916e-01 9.237760305404663086e-01
1.735933870077133179e-01 4.916517734527587891e-01
8.673501014709472656e-01 4.698967039585113525e-01
8.109705150127410889e-02 3.765196800231933594e-01
4.000451862812042236e-01 1.736274659633636475e-01
1.398026496171951294e-01 1.962178647518157959e-01
6.687570810317993164e-01 7.817875593900680542e-02
9.805619120597839355e-01 8.101423084735870361e-02
8.443776369094848633e-01 8.943991065025329590e-01
9.324303865432739258e-01 3.577299416065216064e-01
8.377252817153930664e-01 3.211817145347595215e-01
2.509478628635406494e-01 8.319222927093505859e-01
2.194565981626510620e-01 9.009819626808166504e-01
2.186717242002487183e-01 9.518651962280273438e-01
7.978296875953674316e-01 2.043921500444412231e-01
2.704606056213378906e-01 8.210897445678710938e-01
6.028752923011779785e-01 2.045746594667434692e-01
3.364125788211822510e-01 1.615622490644454956e-01
4.065499454736709595e-02 1.658893562853336334e-02
3.190949931740760803e-02 9.278561472892761230e-01
3.735994994640350342e-01 8.066253066062927246e-01
3.371849358081817627e-01 6.319226622581481934e-01
7.454937696456909180e-01 1.477924436330795288e-01
1.057715620845556259e-02 7.858858704566955566e-01
6.947984695434570312e-01 7.995059490203857422e-01
1.135085821151733398e-01 9.180139303207397461e-01
9.351643323898315430e-01 9.508244395256042480e-01
2.985121607780456543e-01 8.956339955329895020e-01
5.832769274711608887e-01 6.238031387329101562e-01
7.643756270408630371e-01 6.929802149534225464e-02
2.557237744331359863e-01 7.228277325630187988e-01
1.927509307861328125e-01 6.739244461059570312e-01
3.289063274860382080e-01 6.849973797798156738e-01
4.351507425308227539e-01 9.541966319084167480e-01
2.973719537258148193e-01 2.486640959978103638e-01
7.063380479812622070e-01 5.689591541886329651e-02
2.773958742618560791e-01 3.602924942970275879e-02
6.387457251548767090e-01 1.347505301237106323e-01
8.731440305709838867e-01 6.782261133193969727e-01
3.942548036575317383e-01 9.143555760383605957e-01
5.693863630294799805e-01 7.857064008712768555e-01
3.160210251808166504e-01 1.853841543197631836e-01
3.639398515224456787e-01 9.152297675609588623e-02
2.484468370676040649e-02 8.365980386734008789e-01
9.733513593673706055e-01 5.778540968894958496e-01
9.626898765563964844e-01 1.026129275560379028e-01
7.940647602081298828e-01 5.253863334655761719e-01
7.968304306268692017e-02 5.497206449508666992e-01
5.462597608566284180e-01 1.530934721231460571e-01
5.925369262695312500e-01 1.477780789136886597e-01
7.887042760848999023e-01 6.500752568244934082e-01
2.289041131734848022e-01 8.429911136627197266e-01
3.309178352355957031e-01 2.347745299339294434e-01
1.258125007152557373e-01 6.389943361282348633e-01
5.804411172866821289e-01 4.894084632396697998e-01
9.107362627983093262e-01 8.895065784454345703e-01
5.565267801284790039e-01 3.196497261524200439e-01
2.154220491647720337e-01 7.698669433593750000e-01
1.843042969703674316e-01 2.652552425861358643e-01
5.523586869239807129e-01 4.481276869773864746e-01
2.602472007274627686e-01 3.927181959152221680e-01
6.929221153259277344e-01 3.150570094585418701e-01
6.955563426017761230e-01 3.617713749408721924e-01
5.093956589698791504e-01 4.936085045337677002e-01
1.547982841730117798e-01 5.953787565231323242e-01
9.054396748542785645e-01 7.671669125556945801e-01
2.440478652715682983e-01 5.591501593589782715e-01
8.780909180641174316e-01 8.600946664810180664e-01
9.915323257446289062e-01 7.983435988426208496e-01
1.831934601068496704e-01 5.566097497940063477e-01
4.393779635429382324e-01 8.033022880554199219e-01
7.415980100631713867e-01 2.705840766429901123e-01
2.391438782215118408e-01 6.366082429885864258e-01
3.618466556072235107e-01 7.310254573822021484e-01
8.494020700454711914e-01 7.285072207450866699e-01
1.890399307012557983e-02 1.173749566078186035e-01
9.419735670089721680e-01 2.193099558353424072e-01
2.225336581468582153e-01 4.844997525215148926e-01
3.205990493297576904e-01 5.948222279548645020e-01
3.171035945415496826e-01 7.157435417175292969e-01
7.236547470092773438e-01 1.828066408634185791e-01
5.911297798156738281e-01 4.370292127132415771e-01
3.132616356015205383e-02 4.950417876243591309e-01
2.345789074897766113e-01 2.841985523700714111e-01
8.877591490745544434e-01 1.663132607936859131e-01
6.209255456924438477e-01 2.648341357707977295e-01
8.397926092147827148e-01 8.012211918830871582e-01
1.713912487030029297e-01 9.989207386970520020e-01
9.351949095726013184e-01 5.558212995529174805e-01
5.120934247970581055e-01 3.411610424518585205e-01
7.393825054168701172e-01 3.962797820568084717e-01
9.333120584487915039e-01 6.203103065490722656e-01
1.548804491758346558e-01 8.675567507743835449e-01
1.755699887871742249e-02 6.744136810302734375e-01
1.011799648404121399e-01 2.047474533319473267e-01
8.049246668815612793e-01 1.381691098213195801e-01
2.786805927753448486e-01 1.308673918247222900e-01
6.414800286293029785e-01 5.475516319274902344e-01
3.489676713943481445e-01 7.890968918800354004e-01
6.604920625686645508e-01 6.522852778434753418e-01
4.637097716331481934e-01 7.101755738258361816e-01
3.600853383541107178e-01 8.166614174842834473e-01
4.122417271137237549e-01 7.927838563919067383e-01
7.671432495117187500e-01 7.475772500038146973e-01
4.597737193107604980e-01 8.090845346450805664e-01
1.720945537090301514e-01 2.062101513147354126e-01
3.604049086570739746e-01 9.172068238258361816e-01
3.653127551078796387e-01 5.845028758049011230e-01
7.887399792671203613e-01 8.659297227859497070e-01
9.922965764999389648e-01 2.308138608932495117e-01
9.658112525939941406e-01 8.011198639869689941e-01
6.914333701133728027e-01 8.902206420898437500e-01
6.933841705322265625e-01 9.676728248596191406e-01
2.958124876022338867e-01 4.226924479007720947e-01
5.005357861518859863e-01 9.839699864387512207e-01
8.606431484222412109e-01 8.850790262222290039e-01
9.476197361946105957e-01 1.109826043248176575e-01
8.423453569412231445e-01 3.692823946475982666e-01
8.485803008079528809e-01 3.616814911365509033e-01
9.344456195831298828e-01 7.935864329338073730e-01
4.826679825782775879e-01 5.490767955780029297e-01
3.154377341270446777e-01 2.058976292610168457e-01
3.575939536094665527e-01 8.902314901351928711e-01
2.364405803382396698e-02 6.058604717254638672e-01
4.132479429244995117e-01 8.800782561302185059e-01
3.710519075393676758e-01 7.958852499723434448e-02
2.581748366355895996e-01 8.002902865409851074e-01
9.787770509719848633e-01 8.404891490936279297e-01
9.186966419219970703e-01 3.818417191505432129e-01
3.701396584510803223e-01 7.021509408950805664e-01
6.044861674308776855e-01 2.235602736473083496e-01
4.149169325828552246e-01 1.292716711759567261e-01
9.261872768402099609e-01 1.871436834335327148e-01
4.633485972881317139e-01 2.968386709690093994e-01
3.860618472099304199e-01 4.804097414016723633e-01
4.457238614559173584e-01 2.142549306154251099e-01
5.028191804885864258e-01 5.661016106605529785e-01
8.805493116378784180e-01 9.206969141960144043e-01
3.848692178726196289e-01 5.139608383178710938e-01
4.365582168102264404e-01 2.153673768043518066e-01
9.266145229339599609e-01 6.757306456565856934e-01
8.116361498832702637e-01 2.132916152477264404e-01
1.013177260756492615e-01 6.085477471351623535e-01
5.964180082082748413e-02 9.025487899780273438e-01
9.311246275901794434e-01 4.981206655502319336e-01
7.720570564270019531e-01 2.160598486661911011e-01
7.203326225280761719e-01 2.080605328083038330e-01
1.545110791921615601e-01 7.444435954093933105e-01
4.046574234962463379e-01 4.403265118598937988e-01
2.868470847606658936e-01 6.140351295471191406e-01
3.913559615612030029e-01 5.147584676742553711e-01
3.294599056243896484e-01 3.051466643810272217e-01
6.674831509590148926e-01 9.791371226310729980e-01
2.947344183921813965e-01 6.337274909019470215e-01
1.784438043832778931e-01 8.412234187126159668e-01
8.747073411941528320e-01 4.013410806655883789e-01
4.955359101295471191e-01 3.544996082782745361e-01
5.727262701839208603e-03 3.913722634315490723e-01
8.625093102455139160e-01 3.074959814548492432e-01
5.982733331620693207e-03 2.467906624078750610e-01
2.934229671955108643e-01 1.363407671451568604e-01
2.851889133453369141e-01 1.804831475019454956e-01
4.319703280925750732e-01 9.635943770408630371e-01
4.752337336540222168e-01 7.052857428789138794e-02
5.522295832633972168e-01 1.879707574844360352e-01
6.790081262588500977e-01 5.293884873390197754e-01
6.872380375862121582e-01 3.795010745525360107e-01
9.507511258125305176e-01 5.786747336387634277e-01
2.364746183156967163e-01 5.155194085091352463e-03
7.897270470857620239e-02 2.577626407146453857e-01
6.945650577545166016e-01 8.673903346061706543e-02
3.818075060844421387e-01 7.063198089599609375e-01
6.317875385284423828e-01 3.998118340969085693e-01
8.091524839401245117e-01 9.610682129859924316e-01
1.289093941450119019e-01 8.058600425720214844e-01
7.131008803844451904e-02 5.795269012451171875e-01
6.820305585861206055e-01 4.027583897113800049e-01
2.556426636874675751e-02 4.606434404850006104e-01
3.526841476559638977e-02 3.699234724044799805e-01
2.227757275104522705e-01 8.722864985466003418e-01
6.790891885757446289e-01 3.676126599311828613e-01
9.169219136238098145e-01 6.915155798196792603e-02
7.373097538948059082e-01 1.915342062711715698e-01
3.171577155590057373e-01 7.666502594947814941e-01
1.390835344791412354e-01 7.815486192703247070e-01
9.296013712882995605e-01 3.043873012065887451e-01
6.246985793113708496e-01 6.572735309600830078e-01
8.577010631561279297e-01 6.468502879142761230e-01
8.558943867683410645e-01 9.366793632507324219e-01
3.738814964890480042e-02 9.030545353889465332e-01
1.745906919240951538e-01 7.195873856544494629e-01
9.348320960998535156e-02 7.460561990737915039e-01
4.931862950325012207e-01 1.692955493927001953e-01
6.138526201248168945e-01 3.567221760749816895e-01
2.090319395065307617e-01 2.311764806509017944e-01
8.654729723930358887e-01 1.779851168394088745e-01
4.162457287311553955e-01 8.368948101997375488e-01
3.904359936714172363e-01 9.789722561836242676e-01
1.569153517484664917e-01 6.161625385284423828e-01
3.654523789882659912e-01 5.392045974731445312e-01
4.756243824958801270e-01 6.184753179550170898e-01
2.900421917438507080e-01 9.566224813461303711e-01
5.675221085548400879e-01 1.060242876410484314e-01
2.429691404104232788e-01 8.535366058349609375e-01
2.808504998683929443e-01 4.346038401126861572e-02
8.216747641563415527e-01 8.890471458435058594e-01
7.522958517074584961e-02 5.314924716949462891e-01
2.494715452194213867e-01 8.789685368537902832e-01
9.250597953796386719e-01 5.979931950569152832e-01
4.831231757998466492e-02 7.958012223243713379e-01
1.293236296623945236e-02 7.141921520233154297e-01
3.868453800678253174e-01 2.892294526100158691e-01
8.053199052810668945e-01 7.435423731803894043e-01
4.609214374795556068e-04 9.370762705802917480e-01
2.110965698957443237e-01 5.680933594703674316e-01
4.818813204765319824e-01 7.214109301567077637e-01
5.640609860420227051e-01 1.798964738845825195e-01
6.698977947235107422e-02 9.232973456382751465e-01
4.616239666938781738e-02 4.484641551971435547e-01
4.128879606723785400e-01 2.206455171108245850e-01
3.397101759910583496e-01 9.062925577163696289e-01
9.357044100761413574e-01 8.594917058944702148e-01
8.701854944229125977e-01 8.681529164314270020e-01
1.761268675327301025e-01 6.589130163192749023e-01
3.601640164852142334e-01 3.976879641413688660e-02
2.050580084323883057e-01 3.903766572475433350e-01
9.753887653350830078e-01 6.013540625572204590e-01
1.218921169638633728e-01 1.535271257162094116e-01
5.134010314941406250e-01 9.921652674674987793e-01
2.958107888698577881e-01 8.936499357223510742e-01
4.188398420810699463e-01 2.712253630161285400e-01
2.911154031753540039e-01 1.300374716520309448e-01
6.729981899261474609e-01 7.438170909881591797e-01
5.845912098884582520e-01 6.059623509645462036e-02
5.639166235923767090e-01 3.187651038169860840e-01
9.240021109580993652e-01 3.093986213207244873e-01
3.884848058223724365e-01 6.688352823257446289e-01
4.270056784152984619e-01 7.584637999534606934e-01
6.206284761428833008e-01 2.644052207469940186e-01
4.088483452796936035e-01 3.597589731216430664e-01
1.842563599348068237e-01 1.958523839712142944e-01
3.453334569931030273e-01 1.844470053911209106e-01
3.178438842296600342e-01 3.458507359027862549e-01
4.915687814354896545e-02 9.141156673431396484e-01
1.481250766664743423e-02 6.647868156433105469e-01
4.958588778972625732e-01 2.887058556079864502e-01
4.833921790122985840e-02 5.119416117668151855e-01
1.601725816726684570e-01 2.587050795555114746e-01
2.611273527145385742e-01 8.572538495063781738e-01
9.892388582229614258e-01 1.237411051988601685e-03
6.563180088996887207e-01 5.554143786430358887e-01
1.649080961942672729e-01 8.555899262428283691e-01
2.985973954200744629e-01 4.655593931674957275e-01
7.461755275726318359e-01 2.910955250263214111e-01
4.170782268047332764e-01 7.734673023223876953e-01
8.763559460639953613e-01 8.081077933311462402e-01
8.550621867179870605e-01 3.574079573154449463e-01
6.144828796386718750e-01 6.912264227867126465e-01
8.443121314048767090e-01 9.809598922729492188e-01
2.108471840620040894e-01 2.882159650325775146e-01
4.272990673780441284e-02 3.170042634010314941e-01
6.716199517250061035e-01 5.577526986598968506e-02
6.222253441810607910e-01 2.772441804409027100e-01
3.923763334751129150e-01 4.311404824256896973e-01
3.764277398586273193e-01 1.592855006456375122e-01
5.965228676795959473e-01 7.078762650489807129e-01
2.645595967769622803e-01 6.816934943199157715e-01
9.555393457412719727e-01 5.169898867607116699e-01
1.075877398252487183e-01 3.906226456165313721e-01
2.197303473949432373e-01 3.343107998371124268e-01
8.010641336441040039e-01 6.761642694473266602e-01
7.362353801727294922e-01 3.354988396167755127e-01
8.155230879783630371e-01 3.109954297542572021e-01
7.948985099792480469e-01 1.346975862979888916e-01
1.544422805309295654e-01 7.439327891916036606e-03
2.157514244318008423e-01 8.010894060134887695e-01
3.073429167270660400e-01 6.782661676406860352e-01
3.041786551475524902e-01 6.834669709205627441e-01
2.773431539535522461e-01 1.258826255798339844e-02
2.326706498861312866e-01 5.981544256210327148e-01
7.489168047904968262e-01 5.270041897892951965e-02
5.988799929618835449e-01 6.748852133750915527e-01
3.529568016529083252e-01 4.977025985717773438e-01
9.657907485961914062e-01 7.764673829078674316e-01
5.883308053016662598e-01 3.998501300811767578e-01
8.626988530158996582e-02 7.918666005134582520e-01
7.115765810012817383e-01 4.770924746990203857e-01
3.689579367637634277e-01 2.839343845844268799e-01
4.808585345745086670e-01 4.725201427936553955e-01
8.922536969184875488e-01 6.048366427421569824e-01
2.084893882274627686e-01 6.670679450035095215e-01
9.645541906356811523e-01 1.990558952093124390e-01
1.024469658732414246e-01 4.614085555076599121e-01
5.453082919120788574e-01 8.440245985984802246e-01
7.520114779472351074e-01 6.727915406227111816e-01
9.851284027099609375e-01 5.514286458492279053e-02
2.845761477947235107e-01 7.687943577766418457e-01
9.257714152336120605e-01 2.886397838592529297e-01
6.704552173614501953e-01 7.183481752872467041e-02
3.964730501174926758e-01 8.721939325332641602e-01
7.819836735725402832e-01 7.205493450164794922e-01
4.207011684775352478e-02 8.753319978713989258e-01
9.171679019927978516e-01 5.419904589653015137e-01
3.763449788093566895e-01 4.927304089069366455e-01
8.620280027389526367e-01 1.622626632452011108e-01
2.490609586238861084e-01 2.696012854576110840e-01
1.411066651344299316e-01 6.811173558235168457e-01
1.261190026998519897e-01 6.774263828992843628e-02
1.496313959360122681e-01 2.155061960220336914e-01
5.330572724342346191e-01 6.613948941230773926e-01
4.335455894470214844e-01 3.594889044761657715e-01
9.635539054870605469e-01 8.282387852668762207e-01
1.801758110523223877e-01 1.585096567869186401e-01
8.395065665245056152e-01 2.888918519020080566e-01
1.706424728035926819e-02 7.392314672470092773e-01
9.140749573707580566e-01 1.603169441223144531e-01
3.312053084373474121e-01 1.223161295056343079e-01
4.884986579418182373e-02 3.335098326206207275e-01
1.710377484560012817e-01 7.769148945808410645e-01
7.057958282530307770e-03 2.946110665798187256e-01
9.225129485130310059e-01 3.058226592838764191e-02
7.625283002853393555e-01 2.028520256280899048e-01
9.459816217422485352e-01 2.466018870472908020e-02
4.341623783111572266e-01 2.604488730430603027e-01
1.522784978151321411e-01 7.828474044799804688e-01
9.544930458068847656e-01 4.500510096549987793e-01
2.763840556144714355e-01 5.047826766967773438e-01
3.693338036537170410e-01 8.619541525840759277e-01
6.528285145759582520e-01 1.232676133513450623e-01
5.630800724029541016e-01 9.801784157752990723e-01
7.985451817512512207e-01 1.553649362176656723e-02
6.443384289741516113e-01 1.602007821202278137e-02
6.530537605285644531e-01 5.422357916831970215e-01
8.539534807205200195e-01 7.593091130256652832e-01
3.122673332691192627e-01 1.479073334485292435e-02
8.397545218467712402e-01 8.058220148086547852e-01
1.565940380096435547e-01 2.469282746315002441e-01
6.497570872306823730e-01 2.404222190380096436e-01
4.621195495128631592e-01 7.952899932861328125e-01
6.086840033531188965e-01 2.670339941978454590e-01
7.772764563560485840e-01 8.782519698143005371e-01
2.119536548852920532e-01 7.975208163261413574e-01
4.979680478572845459e-02 4.778707325458526611e-01
8.217517137527465820e-01 8.208140134811401367e-01
9.175436496734619141e-01 8.404375314712524414e-01
3.150906264781951904e-01 8.307616114616394043e-01
7.876357436180114746e-01 1.308854371309280396e-01
7.010753452777862549e-02 7.836757302284240723e-01
1.947698444128036499e-01 7.796472311019897461e-02
8.563207983970642090e-01 6.067664623260498047e-01
1.139739006757736206e-01 6.813837885856628418e-01
2.930388748645782471e-01 4.941008687019348145e-01
6.663165688514709473e-01 2.685286998748779297e-01
2.674695253372192383e-01 9.204748272895812988e-01
2.593699991703033447e-01 6.004687547683715820e-01
3.392427042126655579e-02 4.103674590587615967e-01
9.439712166786193848e-01 5.190572142601013184e-01
2.782071530818939209e-01 7.345874309539794922e-01
3.070709705352783203e-01 7.928963303565979004e-01
8.852261900901794434e-01 7.298336029052734375e-01
1.007894352078437805e-01 4.566561281681060791e-01
4.036515951156616211e-01 9.133289456367492676e-01
7.542937994003295898e-02 6.703694462776184082e-01
2.273750901222229004e-01 5.314798951148986816e-01
9.863648414611816406e-01 2.109361588954925537e-01
7.244750857353210449e-01 4.042490199208259583e-02
4.083323180675506592e-01 4.915168881416320801e-01
4.122689962387084961e-01 9.494473338127136230e-01
6.038004755973815918e-01 2.881899476051330566e-01
6.763696670532226562e-01 1.172216087579727173e-01
7.648254036903381348e-01 7.734052538871765137e-01
9.074742794036865234e-01 3.922683000564575195e-01
6.010559797286987305e-01 5.714752078056335449e-01
3.887142539024353027e-01 8.853134512901306152e-02
6.318083405494689941e-01 2.430031895637512207e-01
3.642834424972534180e-01 2.814246416091918945e-01
7.521141171455383301e-01 6.592683196067810059e-01
1.441360265016555786e-01 7.519885301589965820e-01
2.324513047933578491e-01 8.307319283485412598e-01
4.216021299362182617e-01 9.218428730964660645e-01
4.325399398803710938e-01 6.785775423049926758e-01
7.726505398750305176e-01 7.759844064712524414e-01
8.373249769210815430e-01 3.448938727378845215e-01
3.995224833488464355e-01 3.436632752418518066e-01
1.785760931670665741e-02 8.500763177871704102e-01
2.470776736736297607e-01 7.239887714385986328e-01
2.322975099086761475e-01 9.969692230224609375e-01
4.973071813583374023e-01 4.186992347240447998e-01
5.283128619194030762e-01 3.805829286575317383e-01
4.977194964885711670e-01 8.155308365821838379e-01
9.823619723320007324e-01 4.636290371417999268e-01
8.949023485183715820e-01 7.853506207466125488e-01
7.629584670066833496e-01 2.138878703117370605e-01
8.889240622520446777e-01 5.371748805046081543e-01
4.784714579582214355e-01 4.966475069522857666e-01
8.804913759231567383e-01 6.125401854515075684e-01
4.725185222923755646e-03 1.710045523941516876e-02
5.348916649818420410e-01 3.987777829170227051e-01
8.026019334793090820e-01 1.443360745906829834e-01
4.005526006221771240e-01 6.329389214515686035e-01
1.456040292978286743e-01 8.070065975189208984e-01
1.943078339099884033e-01 8.518927097320556641e-01
2.353337854146957397e-01 5.136111378669738770e-01
9.638953804969787598e-01 3.677242696285247803e-01
5.713443160057067871e-01 9.350131154060363770e-01
8.119758367538452148e-01 4.945267736911773682e-01
3.763002157211303711e-01 8.564267158508300781e-01
7.856740355491638184e-01 1.700658351182937622e-01
2.373658716678619385e-01 1.192351356148719788e-01
5.247049331665039062e-01 7.806650996208190918e-01
6.204334646463394165e-02 9.401315450668334961e-01
1.205842569470405579e-01 9.900654554367065430e-01
7.424941062927246094e-01 9.383796900510787964e-02
3.184025883674621582e-01 4.458937942981719971e-01
2.284259647130966187e-01 6.260223388671875000e-01
7.651651650667190552e-02 3.082192540168762207e-01
8.079426884651184082e-01 8.669492006301879883e-01
6.081382036209106445e-01 6.974094510078430176e-01
1.311870962381362915e-01 7.067359089851379395e-01
5.119199156761169434e-01 9.392951130867004395e-01
9.472957253456115723e-01 9.653092026710510254e-01
9.946057200431823730e-01 3.223512470722198486e-01
8.447443135082721710e-03 1.646432280540466309e-01
3.462840914726257324e-01 8.788142204284667969e-01
5.939788222312927246e-01 5.853304266929626465e-01
4.644593298435211182e-01 4.396970570087432861e-01
2.294669747352600098e-01 3.913202583789825439e-01
7.516773343086242676e-01 5.346952080726623535e-01
5.439611077308654785e-01 1.021476686000823975e-01
4.816879332065582275e-02 2.289703041315078735e-01
1.294350326061248779e-01 5.029655694961547852e-01
5.282087922096252441e-01 8.540780544281005859e-01
6.880593299865722656e-02 7.071552872657775879e-01
9.640939831733703613e-01 6.085701584815979004e-01
8.050233721733093262e-01 1.125243529677391052e-01
7.656181454658508301e-01 9.744874835014343262e-01
9.652486443519592285e-01 6.335322260856628418e-01
6.972699761390686035e-01 2.783025801181793213e-01
1.097947806119918823e-01 2.121380269527435303e-01
7.127624750137329102e-01 1.956131160259246826e-01
3.073036074638366699e-01 4.750376939773559570e-01
4.520467296242713928e-02 5.998335480690002441e-01
2.334025353193283081e-01 9.903444647789001465e-01
4.141104221343994141e-01 1.317852139472961426e-01
6.015925854444503784e-02 8.844942450523376465e-01
1.696125119924545288e-01 5.573006868362426758e-01
3.899135887622833252e-01 6.707911491394042969e-01
9.456776380538940430e-01 2.674851119518280029e-01
5.053237080574035645e-01 9.672593474388122559e-01
1.963557004928588867e-01 2.524106204509735107e-01
8.377783894538879395e-01 9.088158011436462402e-01
