8.097224682569503784e-02 9.365510344505310059e-01
6.019358634948730469e-01 2.270820438861846924e-01
4.809018969535827637e-01 9.255867600440979004e-01
9.438790678977966309e-01 6.084659695625305176e-01
4.854072630405426025e-01 1.447505950927734375e-01
7.859216332435607910e-01 9.690792560577392578e-01
5.804241299629211426e-01 7.213680148124694824e-01
5.042729377746582031e-01 9.349274635314941406e-02
6.436085700988769531e-01 3.361143171787261963e-01
4.948821067810058594e-01 1.632485538721084595e-01
2.748828828334808350e-01 7.802559137344360352e-01
7.997151613235473633e-01 3.072029054164886475e-01
2.451583147048950195e-01 1.583283096551895142e-01
6.303396224975585938e-01 3.867366909980773926e-01
9.253828525543212891e-01 2.412029802799224854e-01
4.563746154308319092e-01 6.927748322486877441e-01
7.778323292732238770e-01 2.200293727219104767e-02
6.746949553489685059e-01 6.427707076072692871e-01
6.637625694274902344e-01 5.430991649627685547e-01
3.502548038959503174e-01 3.300095796585083008e-01
2.654484808444976807e-01 6.661016345024108887e-01
7.406827807426452637e-02 7.890805602073669434e-01
3.935438394546508789e-01 8.068556189537048340e-01
1.814921647310256958e-01 3.020941913127899170e-01
8.274726569652557373e-02 7.520886063575744629e-01
6.758289933204650879e-01 7.935306429862976074e-01
9.239264130592346191e-01 9.896623492240905762e-01
5.067557692527770996e-01 9.845887422561645508e-01
1.462252140045166016e-01 7.257584929466247559e-01
5.257354974746704102e-01 7.735170722007751465e-01
5.675061345100402832e-01 3.276267275214195251e-02
4.124153554439544678e-01 5.403000712394714355e-01
8.376143574714660645e-01 7.050805091857910156e-01
2.954617738723754883e-01 4.327247440814971924e-01
6.273587942123413086e-01 9.034110903739929199e-01
2.110433876514434814e-01 9.550247788429260254e-01
3.245365023612976074e-01 4.542968869209289551e-01
8.197017908096313477e-01 2.159305810928344727e-01
3.695058450102806091e-02 9.900327324867248535e-01
4.994679689407348633e-01 6.536388993263244629e-01
6.312631964683532715e-01 9.000548720359802246e-01
7.723764777183532715e-01 8.610409498214721680e-01
9.470949769020080566e-01 7.708138823509216309e-01
7.821864485740661621e-01 5.776119232177734375e-01
7.176598310470581055e-01 6.947032213211059570e-01
3.200906813144683838e-01 4.889099001884460449e-01
4.504269063472747803e-01 5.575301647186279297e-01
6.733565032482147217e-02 8.941311240196228027e-01
5.069889426231384277e-01 2.314634323120117188e-01
1.281100213527679443e-01 5.884333252906799316e-01
5.452755093574523926e-01 9.719340205192565918e-01
2.936521172523498535e-01 8.466892838478088379e-01
8.626971840858459473e-01 9.933539628982543945e-01
4.749017655849456787e-01 5.653102397918701172e-01
5.140791535377502441e-01 6.073163747787475586e-01
1.143594756722450256e-01 9.304488301277160645e-01
6.797423958778381348e-01 7.546496391296386719e-01
5.287375450134277344e-01 7.719106078147888184e-01
3.887839317321777344e-01 8.700108528137207031e-01
1.322434544563293457e-01 9.598858952522277832e-01
7.972273230552673340e-01 6.491215825080871582e-01
4.709709882736206055e-01 4.507478773593902588e-01
1.363636851310729980e-01 5.140756964683532715e-01
3.763714432716369629e-01 4.198172688484191895e-01
4.986808001995086670e-01 8.151049613952636719e-01
3.045693039894104004e-01 3.938684761524200439e-01
1.281126439571380615e-01 1.539320498704910278e-01
3.562897145748138428e-01 2.062824517488479614e-01
7.263967990875244141e-01 9.401620030403137207e-01
8.843615055084228516e-01 1.676479429006576538e-01
5.806530714035034180e-01 3.009596765041351318e-01
7.410830855369567871e-01 6.494748592376708984e-01
4.141895473003387451e-01 4.748343527317047119e-01
7.931247949600219727e-01 2.179341763257980347e-01
8.194109052419662476e-02 9.267139434814453125e-01
6.688726544380187988e-01 3.717082142829895020e-01
8.012301921844482422e-01 8.587728738784790039e-01
4.121104180812835693e-01 8.516111969947814941e-02
2.965262234210968018e-01 1.821796447038650513e-01
7.438303828239440918e-01 5.257376432418823242e-01
8.997852802276611328e-01 4.341810643672943115e-01
5.216032862663269043e-01 7.356798052787780762e-01
8.719778656959533691e-01 2.899812161922454834e-02
3.162195086479187012e-01 9.909893274307250977e-01
7.584776878356933594e-01 2.945618331432342529e-01
3.104244470596313477e-01 7.998318970203399658e-02
8.184556365013122559e-01 6.557365059852600098e-01
8.691869974136352539e-01 3.684168159961700439e-01
5.713098645210266113e-01 7.151919007301330566e-01
3.992878496646881104e-01 3.180776536464691162e-01
5.957581400871276855e-01 6.601518988609313965e-01
2.250168472528457642e-01 5.339761376380920410e-01
4.356407225131988525e-01 7.903692871332168579e-02
2.056296467781066895e-01 3.295918405055999756e-01
4.157343208789825439e-01 1.378803402185440063e-01
9.001627564430236816e-01 4.404691755771636963e-01
2.722022533416748047e-01 4.528390169143676758e-01
1.797667592763900757e-01 8.170534968376159668e-01
2.581557035446166992e-01 5.796840190887451172e-01
6.213728785514831543e-01 6.116488575935363770e-01
2.848738431930541992e-01 7.389109134674072266e-01
3.862252533435821533e-01 6.543735265731811523e-01
5.776665806770324707e-01 9.067769050598144531e-01
4.255864322185516357e-01 8.295788764953613281e-01
8.917388319969177246e-01 9.169694781303405762e-01
6.653560996055603027e-01 9.207245707511901855e-01
9.669195413589477539e-01 2.750692963600158691e-01
7.844118475914001465e-01 4.216867089271545410e-01
5.796510577201843262e-01 7.643884420394897461e-01
2.149716950953006744e-02 3.911440968513488770e-01
4.052294492721557617e-01 2.324245870113372803e-01
5.650563240051269531e-01 3.898321092128753662e-01
1.168304011225700378e-01 9.320568442344665527e-01
2.192012071609497070e-01 2.749936580657958984e-01
5.333757996559143066e-01 4.842795729637145996e-01
2.243290096521377563e-01 8.594896197319030762e-01
1.599681228399276733e-01 8.261203765869140625e-01
2.914066612720489502e-01 4.292542114853858948e-02
2.342575341463088989e-01 8.412318229675292969e-01
9.250631332397460938e-01 5.813055634498596191e-01
6.036465764045715332e-01 4.083562493324279785e-01
3.086047470569610596e-01 8.091425299644470215e-01
2.713511884212493896e-01 4.887103140354156494e-01
8.690202832221984863e-01 9.434008002281188965e-01
3.123568892478942871e-01 3.404767215251922607e-01
9.202581048011779785e-01 9.550581574440002441e-01
4.972534775733947754e-01 5.967191606760025024e-02
7.398097515106201172e-01 1.587183922529220581e-01
5.594938397407531738e-01 1.133529990911483765e-01
9.788190722465515137e-01 4.611030817031860352e-01
4.605301022529602051e-01 3.008291423320770264e-01
6.511077284812927246e-01 7.906003594398498535e-01
9.338792562484741211e-01 3.544706702232360840e-01
8.484195470809936523e-01 6.261302232742309570e-01
7.873643636703491211e-01 9.721715450286865234e-01
4.959591925144195557e-01 5.419918894767761230e-01
7.121841907501220703e-01 2.525730729103088379e-01
6.009923815727233887e-01 9.855106472969055176e-01
7.729962468147277832e-01 9.322522282600402832e-01
9.300718307495117188e-01 5.328788161277770996e-01
8.230682015419006348e-01 2.959456741809844971e-01
6.365499496459960938e-01 3.499534726142883301e-01
3.482789099216461182e-01 1.291341334581375122e-01
8.765130043029785156e-01 2.060473859310150146e-01
4.944719076156616211e-01 8.845893144607543945e-01
4.341612756252288818e-01 4.237734153866767883e-02
7.472069859504699707e-01 2.337821274995803833e-01
3.246766701340675354e-02 6.273598074913024902e-01
5.677614361047744751e-02 5.641582608222961426e-01
5.549267530441284180e-01 3.725762367248535156e-01
9.316005110740661621e-01 4.714219868183135986e-01
9.708146452903747559e-01 9.804522395133972168e-01
4.725064635276794434e-01 8.588734269142150879e-01
5.981774926185607910e-01 3.961365222930908203e-01
1.105030179023742676e-01 1.201066896319389343e-01
9.115926027297973633e-01 2.166710197925567627e-01
7.535031437873840332e-01 2.961898148059844971e-01
3.815675973892211914e-01 8.564317822456359863e-01
7.748880982398986816e-02 3.967847824096679688e-01
4.420769214630126953e-01 6.963034868240356445e-01
6.085813045501708984e-01 8.871395587921142578e-01
9.550397992134094238e-01 5.252763628959655762e-01
9.165505766868591309e-01 9.207408428192138672e-01
3.625043034553527832e-01 9.395121335983276367e-01
8.333218842744827271e-02 8.265570402145385742e-01
3.897604048252105713e-01 9.827731847763061523e-01
9.402047991752624512e-01 4.486905038356781006e-01
4.828243255615234375e-01 6.977239847183227539e-01
5.192573070526123047e-01 2.972458600997924805e-01
4.194352030754089355e-01 3.582536280155181885e-01
7.287505865097045898e-01 1.027981936931610107e-01
8.743042349815368652e-01 4.471866488456726074e-01
6.509538292884826660e-01 3.343140184879302979e-01
3.669208660721778870e-02 3.770245909690856934e-01
3.894534707069396973e-01 7.872170209884643555e-01
8.660895824432373047e-01 5.689617991447448730e-01
8.129588961601257324e-01 1.810123473405838013e-01
1.307742893695831299e-01 4.038983583450317383e-01
3.518313467502593994e-01 9.467671811580657959e-02
3.013140261173248291e-01 9.916055202484130859e-01
2.524516545236110687e-02 5.769101977348327637e-01
3.507182598114013672e-01 4.369364306330680847e-02
4.535605758428573608e-02 4.503694474697113037e-01
9.847874045372009277e-01 6.248131394386291504e-01
1.740818321704864502e-01 4.471411108970642090e-01
2.501038014888763428e-01 8.534283638000488281e-01
5.089640617370605469e-01 1.827042251825332642e-01
9.898942112922668457e-01 9.131382703781127930e-01
2.409427314996719360e-01 9.107477664947509766e-01
1.191832646727561951e-01 5.249620079994201660e-01
8.789402246475219727e-01 2.277751117944717407e-01
8.479410409927368164e-01 6.766553968191146851e-02
4.125141501426696777e-01 9.557383656501770020e-01
1.750149130821228027e-01 2.498779213055968285e-03
5.336061865091323853e-02 8.142477869987487793e-01
3.550769994035363197e-03 3.348032534122467041e-01
1.663495600223541260e-01 6.416583061218261719e-01
3.339524567127227783e-02 7.085366845130920410e-01
6.851888298988342285e-01 8.775181770324707031e-01
4.683249890804290771e-01 9.401767849922180176e-01
8.724625110626220703e-01 4.522298872470855713e-01
8.890079855918884277e-01 8.780362010002136230e-01
9.477123618125915527e-01 7.212780714035034180e-01
3.567189872264862061e-01 1.320180743932723999e-01
7.058157324790954590e-01 9.832297563552856445e-01
9.254129528999328613e-01 3.674777224659919739e-02
9.049834012985229492e-01 3.366235196590423584e-01
7.690637558698654175e-02 9.350138902664184570e-01
7.710332274436950684e-01 1.905956119298934937e-01
5.839126110076904297e-01 3.750238716602325439e-01
6.345883011817932129e-01 5.228683352470397949e-01
3.553171157836914062e-01 6.222414970397949219e-01
9.145827889442443848e-01 2.459448426961898804e-01
2.679131180047988892e-02 7.124810218811035156e-01
1.370638459920883179e-01 5.645030736923217773e-01
9.875771999359130859e-01 4.430494606494903564e-01
4.817470610141754150e-01 1.639433801174163818e-01
9.409852623939514160e-01 5.415981411933898926e-01
4.762923121452331543e-01 1.314113195985555649e-02
6.278643012046813965e-02 3.510926961898803711e-01
5.403061509132385254e-01 5.965461730957031250e-01
4.810725152492523193e-02 8.698954582214355469e-01
9.553037285804748535e-01 9.432883262634277344e-01
4.484215974807739258e-01 6.841878294944763184e-01
3.147529065608978271e-01 3.535073995590209961e-01
1.051042303442955017e-01 8.503976464271545410e-01
2.841590940952301025e-01 8.960099816322326660e-01
5.362356305122375488e-01 5.382695198059082031e-01
4.969679117202758789e-01 2.400602996349334717e-01
3.199245333671569824e-01 1.918300390243530273e-01
4.804874062538146973e-01 6.833786964416503906e-01
8.750339150428771973e-01 9.241272211074829102e-01
9.936093688011169434e-01 5.668900012969970703e-01
4.116747379302978516e-01 5.539969801902770996e-01
7.767540961503982544e-02 3.053664043545722961e-02
3.834878504276275635e-01 4.335181713104248047e-01
9.820283055305480957e-01 9.471494555473327637e-01
7.861016392707824707e-01 1.419501304626464844e-01
8.507887125015258789e-01 8.112108707427978516e-01
3.268579244613647461e-01 4.720255136489868164e-01
4.511602520942687988e-01 7.225759029388427734e-01
8.686757683753967285e-01 3.597199618816375732e-01
9.305285215377807617e-01 9.698173999786376953e-01
3.736582696437835693e-01 5.418254733085632324e-01
3.366096317768096924e-01 6.563239693641662598e-01
1.546372026205062866e-01 8.630096912384033203e-01
9.938983917236328125e-01 4.807250797748565674e-01
4.271339476108551025e-01 8.444563746452331543e-01
7.815548181533813477e-01 3.331629931926727295e-01
3.953792452812194824e-01 4.876090288162231445e-01
8.751749396324157715e-01 2.706958353519439697e-01
8.165243268013000488e-01 3.719648420810699463e-01
2.676166594028472900e-01 7.444976568222045898e-01
4.082093238830566406e-01 3.657955527305603027e-01
2.982092499732971191e-01 3.303925991058349609e-01
5.738952159881591797e-01 8.711263537406921387e-01
6.672262549400329590e-01 8.705896139144897461e-01
6.866605281829833984e-01 7.494497895240783691e-01
3.439468145370483398e-02 1.484619230031967163e-01
8.321197628974914551e-01 6.543040275573730469e-01
9.216582775115966797e-01 4.247988462448120117e-01
5.521023273468017578e-01 9.961599111557006836e-01
7.239648103713989258e-01 1.274605393409729004e-01
9.662972092628479004e-01 9.767666459083557129e-01
5.336914658546447754e-01 7.580959200859069824e-01
3.152329027652740479e-01 2.437222599983215332e-01
6.680263280868530273e-01 1.159719526767730713e-01
7.289087027311325073e-02 8.855062723159790039e-01
4.291347861289978027e-01 4.886523187160491943e-01
9.151237010955810547e-01 3.974816501140594482e-01
8.773179650306701660e-01 2.672833204269409180e-01
6.195672750473022461e-01 1.774129420518875122e-01
2.138358652591705322e-01 3.709592223167419434e-01
8.051144480705261230e-01 5.472149252891540527e-01
7.765464782714843750e-01 4.576665461063385010e-01
3.598836958408355713e-01 3.310074806213378906e-01
5.184317827224731445e-01 2.676380872726440430e-01
2.182690892368555069e-03 2.071866951882839203e-02
2.259021550416946411e-01 4.146163761615753174e-01
2.919103205204010010e-01 7.631992697715759277e-01
8.451622724533081055e-01 8.575267195701599121e-01
7.530053257942199707e-01 2.962570190429687500e-01
1.822654902935028076e-01 5.304872393608093262e-01
6.941067576408386230e-01 6.126976609230041504e-01
3.969850242137908936e-01 2.129904627799987793e-01
5.716919898986816406e-02 2.399899661540985107e-01
5.476680397987365723e-01 2.916414737701416016e-01
6.673303898423910141e-03 8.498398661613464355e-01
4.009653925895690918e-01 8.686524033546447754e-01
2.696321010589599609e-01 1.854715496301651001e-01
8.219711482524871826e-03 5.089953541755676270e-01
8.539262413978576660e-01 6.425205469131469727e-01
6.540149450302124023e-01 7.472675442695617676e-01
1.696555912494659424e-01 3.663865923881530762e-01
7.074491977691650391e-01 3.768859505653381348e-01
3.749912679195404053e-01 5.614504814147949219e-01
2.314428836107254028e-01 5.252050757408142090e-01
8.806415200233459473e-01 7.570480555295944214e-02
4.648210704326629639e-01 7.800337672233581543e-01
5.948427319526672363e-01 8.081558346748352051e-01
2.719781994819641113e-01 4.490217566490173340e-01
5.968744158744812012e-01 8.949115872383117676e-01
6.801855564117431641e-01 2.549249529838562012e-01
6.903456151485443115e-02 1.061138734221458435e-01
8.648053407669067383e-01 2.729218006134033203e-01
3.632431626319885254e-01 7.812209725379943848e-01
3.457972109317779541e-01 1.777121573686599731e-01
1.990863233804702759e-01 6.956868767738342285e-01
3.826630413532257080e-01 9.881575107574462891e-01
4.695533812046051025e-01 2.842266857624053955e-01
3.317053318023681641e-01 2.665095925331115723e-01
2.422877103090286255e-01 1.800360977649688721e-01
7.503948807716369629e-01 6.636049151420593262e-01
4.786507189273834229e-01 8.247008919715881348e-01
4.816358983516693115e-01 9.642064571380615234e-01
4.008505642414093018e-01 1.926810592412948608e-01
5.582342147827148438e-01 7.845034003257751465e-01
2.084753289818763733e-02 2.300031930208206177e-01
2.386237531900405884e-01 4.459507167339324951e-01
7.617709636688232422e-01 2.496651411056518555e-01
2.989605665206909180e-01 1.617030650377273560e-01
1.463623642921447754e-01 9.505463838577270508e-01
6.026794910430908203e-01 4.054666161537170410e-01
6.932501792907714844e-01 3.727923333644866943e-01
6.966611146926879883e-01 8.775115609169006348e-01
7.904582023620605469e-01 9.270507693290710449e-01
3.392885327339172363e-01 2.546381950378417969e-01
3.082983493804931641e-01 4.935877025127410889e-02
7.080244421958923340e-01 7.222890257835388184e-01
4.418272972106933594e-01 3.642686307430267334e-01
1.986935585737228394e-01 9.290140867233276367e-01
1.620123088359832764e-01 2.255581468343734741e-01
2.601999938488006592e-01 6.858384013175964355e-01
7.309507727622985840e-01 8.121852874755859375e-01
7.607716321945190430e-01 6.151335239410400391e-01
6.324964165687561035e-01 4.059941507875919342e-03
1.429943293333053589e-01 1.741090416908264160e-01
6.958076357841491699e-01 5.462663769721984863e-01
1.331291198730468750e-01 2.060100287199020386e-01
2.816852927207946777e-01 1.518319547176361084e-01
5.376337170600891113e-01 8.121429681777954102e-01
6.004856824874877930e-01 4.484112560749053955e-01
6.641669869422912598e-01 1.411596238613128662e-01
9.430277347564697266e-01 1.288630664348602295e-01
4.620980620384216309e-01 8.614886403083801270e-01
9.278755187988281250e-01 2.574039995670318604e-01
7.214115858078002930e-01 7.624729275703430176e-01
1.406999826431274414e-01 3.508407473564147949e-01
3.590309023857116699e-01 4.764106273651123047e-01
1.669670492410659790e-01 1.719208061695098877e-01
4.455140233039855957e-01 3.819000422954559326e-01
9.385545253753662109e-01 3.593124076724052429e-02
3.198709189891815186e-01 4.877039194107055664e-01
3.839007019996643066e-01 9.613026976585388184e-01
8.090648651123046875e-01 7.919752001762390137e-01
8.181859254837036133e-01 8.111461400985717773e-01
8.805714249610900879e-01 4.505881071090698242e-01
6.706517189741134644e-02 9.208195805549621582e-01
5.582659840583801270e-01 7.295229434967041016e-01
2.874197661876678467e-01 7.667738199234008789e-01
4.796343445777893066e-01 1.376376301050186157e-01
3.666070401668548584e-01 5.186178088188171387e-01
2.060426920652389526e-01 7.483511567115783691e-01
4.523401260375976562e-01 2.176681011915206909e-01
4.488075673580169678e-01 8.006983399391174316e-01
3.999092578887939453e-01 6.224111914634704590e-01
2.530594766139984131e-01 3.406981527805328369e-01
2.782964408397674561e-01 8.608344793319702148e-01
9.168362021446228027e-01 1.983493380248546600e-02
4.435886442661285400e-01 6.243644356727600098e-01
3.644163012504577637e-01 4.192982912063598633e-01
2.764117717742919922e-01 4.288473427295684814e-01
4.542215168476104736e-01 6.671139001846313477e-01
1.626099646091461182e-02 7.534697651863098145e-01
6.151450276374816895e-01 7.047876715660095215e-01
9.426546096801757812e-01 1.638727337121963501e-01
8.160236477851867676e-02 3.275216817855834961e-01
9.863384366035461426e-01 8.949592709541320801e-01
7.160267233848571777e-01 3.124118745326995850e-01
7.140237092971801758e-01 9.180015325546264648e-01
4.677166640758514404e-01 4.502894878387451172e-01
4.001880586147308350e-01 6.147755384445190430e-01
7.188295722007751465e-01 2.107470184564590454e-01
4.759031832218170166e-01 3.740420341491699219e-01
5.761260390281677246e-01 7.038748264312744141e-01
7.219613790512084961e-01 1.400855556130409241e-02
9.648504257202148438e-01 6.051613688468933105e-01
4.648896157741546631e-01 5.659867525100708008e-01
5.471375957131385803e-02 8.176679611206054688e-01
7.624132633209228516e-01 5.758108571171760559e-02
4.787419438362121582e-01 6.150327920913696289e-01
4.227991402149200439e-01 1.628738790750503540e-01
4.049857556819915771e-01 2.575912773609161377e-01
1.521507054567337036e-01 4.364587366580963135e-01
8.223237395286560059e-01 5.792583227157592773e-01
7.134262919425964355e-01 5.702777765691280365e-03
3.117381632328033447e-01 4.790326580405235291e-02
4.771407842636108398e-01 2.620370686054229736e-01
9.877080917358398438e-01 8.335580825805664062e-01
1.973658353090286255e-01 1.094676554203033447e-01
3.972682654857635498e-01 2.152162231504917145e-02
3.021200597286224365e-01 6.083437204360961914e-01
8.048881292343139648e-01 9.627944231033325195e-01
9.605429172515869141e-01 8.362438082695007324e-01
3.450251817703247070e-01 9.238505959510803223e-01
4.458774253726005554e-02 8.755339980125427246e-01
2.095593214035034180e-01 2.887185811996459961e-01
6.067277193069458008e-01 1.151637062430381775e-01
4.171575903892517090e-01 2.094738483428955078e-01
6.996365785598754883e-01 8.311647176742553711e-01
8.207037448883056641e-01 5.478551983833312988e-01
9.903730750083923340e-01 7.940649390220642090e-01
3.634405136108398438e-01 7.684629559516906738e-01
6.782491207122802734e-01 1.105239912867546082e-01
8.514612317085266113e-01 3.156408667564392090e-01
4.511638879776000977e-01 9.293287992477416992e-01
3.468296527862548828e-01 7.517335414886474609e-01
8.529488444328308105e-01 8.896027207374572754e-01
5.492175817489624023e-01 7.818082571029663086e-01
4.893667697906494141e-01 7.763188332319259644e-02
6.790772676467895508e-01 4.034597575664520264e-01
1.605436503887176514e-01 6.146134734153747559e-01
6.020498871803283691e-01 9.208337068557739258e-01
7.617664933204650879e-01 1.739740744233131409e-02
7.134432196617126465e-01 8.288585543632507324e-01
4.353513196110725403e-02 2.593240141868591309e-01
8.882591128349304199e-01 3.486497700214385986e-01
5.194835066795349121e-01 4.247172176837921143e-01
2.106227278709411621e-01 7.558549642562866211e-01
5.761356949806213379e-01 2.331292331218719482e-01
6.111665368080139160e-01 3.846748769283294678e-01
7.823386788368225098e-01 1.349851936101913452e-01
5.432578921318054199e-01 4.839006066322326660e-01
2.574300765991210938e-01 2.137794941663742065e-01
4.123039245605468750e-01 1.032222583889961243e-01
8.936274647712707520e-01 3.302041292190551758e-01
5.833388566970825195e-01 2.350226491689682007e-01
1.324179321527481079e-01 7.729929089546203613e-01
2.871801555156707764e-01 5.752793550491333008e-01
6.695821285247802734e-01 1.640337258577346802e-01
8.676528930664062500e-02 2.861846387386322021e-01
9.227697253227233887e-01 2.677594721317291260e-01
2.715918719768524170e-01 5.550000667572021484e-01
1.896504014730453491e-01 1.283484399318695068e-01
9.091693162918090820e-01 3.070186590775847435e-03
8.728012442588806152e-01 2.551266849040985107e-01
8.473372459411621094e-01 1.654398888349533081e-01
7.037594914436340332e-02 3.607807457447052002e-01
2.465336918830871582e-01 5.988863110542297363e-01
1.103014573454856873e-01 5.958560109138488770e-01
4.245220422744750977e-01 7.002284526824951172e-01
4.525601863861083984e-01 3.292536437511444092e-01
3.467458784580230713e-01 5.900862216949462891e-01
5.549365282058715820e-01 2.678829431533813477e-01
7.266977429389953613e-01 4.106480255722999573e-02
6.192310452461242676e-01 3.012281358242034912e-01
4.047991335391998291e-01 8.629035949707031250e-01
9.145846962928771973e-01 8.876776695251464844e-01
6.922499742358922958e-03 6.172071099281311035e-01
1.330267488956451416e-01 3.421756029129028320e-01
5.271430015563964844e-01 8.637986779212951660e-01
2.695568203926086426e-01 3.935931921005249023e-01
1.474906206130981445e-01 5.210524424910545349e-02
6.929028630256652832e-01 6.664471030235290527e-01
6.153764724731445312e-01 9.607187509536743164e-01
2.824051678180694580e-01 6.777954101562500000e-01
5.747312903404235840e-01 5.041332170367240906e-02
7.875586152076721191e-01 4.515309333801269531e-01
7.813290357589721680e-01 9.390576481819152832e-01
2.133980989456176758e-01 8.914207667112350464e-02
9.702741354703903198e-02 7.907334566116333008e-01
1.157136410474777222e-01 2.825383245944976807e-01
8.647745847702026367e-01 2.992654740810394287e-01
7.902758121490478516e-01 3.519520759582519531e-01
2.969047129154205322e-01 2.286999076604843140e-01
8.352741003036499023e-01 9.750234484672546387e-01
6.665643453598022461e-01 1.667987704277038574e-01
7.026521563529968262e-01 9.976480007171630859e-01
4.744415581226348877e-01 2.971500456333160400e-01
8.508688211441040039e-01 9.496306180953979492e-01
7.319486141204833984e-01 7.840614914894104004e-01
6.369051933288574219e-01 5.611910223960876465e-01
7.016820311546325684e-01 5.955728292465209961e-01
1.298307925462722778e-01 3.475719392299652100e-01
4.011780396103858948e-02 1.266424804925918579e-01
1.702710539102554321e-01 1.813854873180389404e-01
8.449618816375732422e-01 7.762318253517150879e-01
3.060007691383361816e-01 6.566836833953857422e-01
2.548876106739044189e-01 2.438145130872726440e-01
7.331221550703048706e-02 8.396131992340087891e-01
4.048860371112823486e-01 9.054293632507324219e-01
4.898049831390380859e-01 1.544073075056076050e-01
8.372904658317565918e-01 9.417018294334411621e-01
1.887035965919494629e-01 2.064393907785415649e-01
8.541689515113830566e-01 9.615017771720886230e-01
8.764086365699768066e-01 9.029163718223571777e-01
5.104042291641235352e-01 5.379901528358459473e-01
6.777977347373962402e-01 2.589657604694366455e-01
3.229032456874847412e-01 4.897704124450683594e-01
2.711406350135803223e-01 8.040792942047119141e-01
3.909441828727722168e-02 1.094850972294807434e-01
2.848044633865356445e-01 5.470408201217651367e-01
9.794414639472961426e-01 6.256515383720397949e-01
7.231181263923645020e-01 9.974018335342407227e-01
7.002948522567749023e-01 5.727439522743225098e-01
7.515380382537841797e-01 8.648833036422729492e-01
8.756645917892456055e-01 2.124284952878952026e-02
9.278310090303421021e-02 2.859192490577697754e-01
6.862991303205490112e-02 2.828651964664459229e-01
1.987406611442565918e-01 4.869296252727508545e-01
7.325236201286315918e-01 6.244973540306091309e-01
5.427588820457458496e-01 8.476277440786361694e-02
3.935260474681854248e-01 4.106532335281372070e-01
3.484253585338592529e-01 6.645233631134033203e-01
9.824571609497070312e-01 1.124067083001136780e-01
2.039945870637893677e-01 5.668336749076843262e-01
6.456031203269958496e-01 9.906907677650451660e-01
1.170200407505035400e-01 5.759279727935791016e-01
3.489357233047485352e-01 7.866617441177368164e-01
3.855313956737518311e-01 4.323565363883972168e-01
4.698312655091285706e-02 1.695734262466430664e-01
6.377393752336502075e-02 3.122672438621520996e-01
4.894955158233642578e-01 7.788644433021545410e-01
1.585606932640075684e-01 6.153537034988403320e-01
6.824826598167419434e-01 1.182762309908866882e-01
1.797165721654891968e-01 2.360247373580932617e-01
6.241213679313659668e-01 4.157042801380157471e-01
4.723241627216339111e-01 7.850021719932556152e-01
2.126177400350570679e-01 5.140541195869445801e-01
4.514621198177337646e-02 9.145583212375640869e-02
3.266673684120178223e-01 1.112267151474952698e-01
3.597588241100311279e-01 1.223426684737205505e-01
9.049081206321716309e-01 2.327916771173477173e-01
3.744865655899047852e-01 3.531121313571929932e-01
4.701011776924133301e-01 2.653611600399017334e-01
8.043714761734008789e-01 2.398513853549957275e-01
1.878272742033004761e-01 5.555716156959533691e-01
6.727960109710693359e-01 3.193723261356353760e-01
7.893956303596496582e-01 6.748868227005004883e-01
1.464988291263580322e-01 8.191173672676086426e-01
4.879979491233825684e-01 6.738012433052062988e-01
4.006028175354003906e-01 2.521637380123138428e-01
2.739106714725494385e-01 6.816845536231994629e-01
7.900089621543884277e-01 2.701922655105590820e-01
4.565542638301849365e-01 7.726737856864929199e-01
7.276740670204162598e-01 9.288575649261474609e-01
5.968126058578491211e-01 2.621160447597503662e-01
8.154720067977905273e-01 9.210533499717712402e-01
1.076057553291320801e-01 4.196130335330963135e-01
6.632878184318542480e-01 7.685059309005737305e-02
1.163097992539405823e-01 9.909864664077758789e-01
3.986827433109283447e-01 2.682586014270782471e-01
7.743595242500305176e-01 6.436380743980407715e-01
2.598172426223754883e-01 5.156952142715454102e-01
4.611391127109527588e-01 9.838123321533203125e-01
3.177614137530326843e-02 8.444683551788330078e-01
7.076974511146545410e-01 8.020939230918884277e-01
3.134833872318267822e-01 4.479010105133056641e-01
7.805088162422180176e-01 5.388963222503662109e-01
9.670563936233520508e-01 4.559171497821807861e-01
8.610492348670959473e-01 4.963399469852447510e-01
8.777944743633270264e-02 9.303655028343200684e-01
7.168568968772888184e-01 7.476938366889953613e-01
6.365514993667602539e-01 7.561731934547424316e-01
6.455895304679870605e-01 8.654657006263732910e-01
9.812520146369934082e-01 5.429616570472717285e-01
8.161512017250061035e-02 5.334704518318176270e-01
6.525098085403442383e-01 8.354806900024414062e-01
2.896969914436340332e-01 2.627793252468109131e-01
7.439056634902954102e-01 6.190466508269309998e-02
2.926532030105590820e-01 6.358799934387207031e-01
4.350464046001434326e-01 6.632382869720458984e-01
5.346306562423706055e-01 4.016740992665290833e-02
1.694556474685668945e-01 3.778316974639892578e-01
9.408510923385620117e-01 7.738893032073974609e-01
6.154482960700988770e-01 9.736420512199401855e-01
9.827317297458648682e-02 2.152607887983322144e-01
3.360417783260345459e-01 6.061467528343200684e-01
5.068269968032836914e-01 4.106407165527343750e-01
3.654102087020874023e-01 8.699917197227478027e-01
6.731222271919250488e-01 7.273342609405517578e-01
5.111938714981079102e-01 7.816164195537567139e-02
1.663194894790649414e-01 4.398718178272247314e-01
5.883878469467163086e-01 1.652608960866928101e-01
6.410868763923645020e-01 9.556001424789428711e-01
9.067034125328063965e-01 8.787286281585693359e-02
5.257291793823242188e-01 4.352135956287384033e-01
4.506610035896301270e-01 1.981250494718551636e-01
1.433382779359817505e-01 1.814513355493545532e-01
9.102428555488586426e-01 1.702980548143386841e-01
5.047444105148315430e-01 7.679167389869689941e-01
2.312925606966018677e-01 3.949699401855468750e-01
5.943082738667726517e-03 6.008826494216918945e-01
5.970211625099182129e-01 2.500991895794868469e-02
3.782747685909271240e-02 7.522941827774047852e-01
6.944356560707092285e-01 2.580097317695617676e-01
9.599515050649642944e-02 2.301150709390640259e-01
4.797529578208923340e-01 9.153347015380859375e-01
2.500550746917724609e-01 8.227937817573547363e-01
8.350204825401306152e-01 1.317357271909713745e-01
2.304299026727676392e-01 9.961993098258972168e-01
2.581682205200195312e-01 7.760184407234191895e-01
8.721910715103149414e-01 8.989354372024536133e-01
6.394983530044555664e-01 5.902807712554931641e-01
8.606516718864440918e-01 7.943422198295593262e-01
4.778766334056854248e-01 8.795279264450073242e-01
4.975424110889434814e-01 5.988934636116027832e-01
8.375960588455200195e-01 9.111607074737548828e-01
7.802587747573852539e-01 2.487113326787948608e-01
1.546843796968460083e-01 6.638915538787841797e-01
5.688280463218688965e-01 5.446562767028808594e-01
1.360543966293334961e-01 8.787471652030944824e-01
3.984230011701583862e-02 6.134098172187805176e-01
8.804004788398742676e-01 3.177794441580772400e-02
1.573120057582855225e-01 8.652903884649276733e-02
4.292089343070983887e-01 7.941114902496337891e-01
3.040979802608489990e-01 9.991450309753417969e-01
2.629320323467254639e-01 1.439355313777923584e-01
3.808936178684234619e-01 1.268432587385177612e-01
9.121184349060058594e-01 1.638482511043548584e-01
4.237219989299774170e-01 6.806971430778503418e-01
9.877436757087707520e-01 1.211059000343084335e-02
5.935412049293518066e-01 2.675545215606689453e-01
7.983050346374511719e-01 7.937558889389038086e-01
8.584565520286560059e-01 5.868651345372200012e-02
8.204770833253860474e-02 4.749257266521453857e-01
3.918103873729705811e-01 8.595541715621948242e-01
2.253347039222717285e-01 7.112041711807250977e-01
6.485056281089782715e-01 6.333800554275512695e-01
3.705130219459533691e-01 6.772823929786682129e-01
9.785616993904113770e-01 2.120700478553771973e-01
2.114329338073730469e-01 1.239934340119361877e-01
6.750236153602600098e-01 6.409705281257629395e-01
8.955146670341491699e-01 5.198417305946350098e-01
5.821289420127868652e-01 1.032832264900207520e-01
4.432110190391540527e-01 9.350126236677169800e-02
2.694575786590576172e-01 8.700485825538635254e-01
9.048288464546203613e-01 4.809114709496498108e-02
2.777024209499359131e-01 7.261761277914047241e-02
8.218351602554321289e-01 9.517519474029541016e-01
5.581642389297485352e-01 9.795632362365722656e-01
9.502733349800109863e-01 7.792709860950708389e-03
3.466963768005371094e-01 4.777464568614959717e-01
3.056744635105133057e-01 1.412177830934524536e-01
7.957531213760375977e-01 8.057059049606323242e-01
9.536253213882446289e-01 3.058371245861053467e-01
7.308372259140014648e-01 2.923716418445110321e-02
3.190987110137939453e-01 4.505365192890167236e-01
4.974841475486755371e-01 5.986778736114501953e-01
2.161353379487991333e-01 2.441765666007995605e-01
9.504473805427551270e-01 1.128252446651458740e-01
3.039342463016510010e-01 8.979670405387878418e-01
1.538925319910049438e-01 2.235375493764877319e-01
1.108840852975845337e-01 4.848110377788543701e-01
8.245423436164855957e-01 4.366661608219146729e-01
4.329563975334167480e-01 2.522464096546173096e-01
2.011463940143585205e-01 2.969713509082794189e-01
6.159376502037048340e-01 4.374323487281799316e-01
1.117187961935997009e-01 1.743837147951126099e-01
3.823665082454681396e-01 4.599702358245849609e-01
8.652781844139099121e-01 9.483258724212646484e-01
3.500736355781555176e-01 2.628842890262603760e-01
6.770989298820495605e-01 3.570016920566558838e-01
1.972433924674987793e-01 7.498801350593566895e-01
4.676850736141204834e-01 7.301861643791198730e-01
7.238130569458007812e-01 8.872494697570800781e-01
2.953580319881439209e-01 9.148011356592178345e-02
2.174479365348815918e-01 2.566737234592437744e-01
4.032374173402786255e-02 9.488442540168762207e-01
2.469120472669601440e-01 1.750187426805496216e-01
2.372405529022216797e-01 1.984180361032485962e-01
1.187377050518989563e-01 3.616192340850830078e-01
9.046662449836730957e-01 1.349884420633316040e-01
7.604231238365173340e-01 9.243550896644592285e-02
7.672692835330963135e-02 4.768582582473754883e-01
2.975818812847137451e-01 1.819576472043991089e-01
3.685659468173980713e-01 6.982099413871765137e-01
4.301767051219940186e-01 1.743761003017425537e-01
7.073541283607482910e-01 5.397439002990722656e-01
7.532172799110412598e-01 5.079309344291687012e-01
6.038374081254005432e-02 3.698567748069763184e-01
1.643474251031875610e-01 6.227666735649108887e-01
2.708368003368377686e-01 2.791303098201751709e-01
3.066961467266082764e-01 6.442463397979736328e-01
1.348105221986770630e-01 2.589447200298309326e-01
2.156590670347213745e-02 2.584559321403503418e-01
7.356417775154113770e-01 8.071575760841369629e-01
7.674743980169296265e-02 8.476397395133972168e-01
7.596862912178039551e-01 1.012780591845512390e-01
5.894815325736999512e-01 3.400548696517944336e-01
5.371306091547012329e-02 5.572129487991333008e-01
3.100041747093200684e-01 5.903889983892440796e-02
1.572135090827941895e-01 9.653633832931518555e-01
8.886746168136596680e-01 8.428988456726074219e-01
4.201886653900146484e-01 1.421372406184673309e-02
5.018541812896728516e-01 7.475116848945617676e-01
3.338494896888732910e-01 6.644378602504730225e-02
2.828360795974731445e-01 4.493675529956817627e-01
8.863352984189987183e-02 1.480738222599029541e-01
3.160724341869354248e-01 1.455679535865783691e-01
3.315480947494506836e-01 1.308947205543518066e-01
4.997407793998718262e-01 2.022198587656021118e-01
4.275695234537124634e-02 7.332298159599304199e-01
9.705722928047180176e-01 3.240368962287902832e-01
7.726043462753295898e-01 1.021710410714149475e-01
2.871484458446502686e-01 5.492076277732849121e-01
8.137556910514831543e-01 6.067041754722595215e-01
6.339768767356872559e-01 1.979723423719406128e-01
8.117961138486862183e-02 4.112238287925720215e-01
2.976974546909332275e-01 3.940865695476531982e-01
5.252913236618041992e-01 7.662835121154785156e-01
4.002136886119842529e-01 7.665299177169799805e-01
1.302146315574645996e-01 6.113471984863281250e-01
6.324373483657836914e-01 9.110131859779357910e-01
4.184511303901672363e-02 6.350982189178466797e-01
1.624455749988555908e-01 1.469245553016662598e-01
6.674916744232177734e-01 6.053422093391418457e-01
6.503022462129592896e-02 7.916072010993957520e-01
7.225805521011352539e-01 2.879880368709564209e-01
6.523188948631286621e-01 6.364762187004089355e-01
6.222525835037231445e-01 4.046570360660552979e-01
5.277268290519714355e-01 6.392823904752731323e-02
5.495823621749877930e-01 9.634677171707153320e-01
2.886897325515747070e-01 3.508711457252502441e-01
4.628041982650756836e-01 9.231448769569396973e-01
5.029038190841674805e-01 8.336256742477416992e-01
7.573987245559692383e-01 7.008881121873855591e-02
7.158250212669372559e-01 8.037974238395690918e-01
2.030224353075027466e-01 5.522383451461791992e-01
7.080571651458740234e-01 2.633309364318847656e-01
2.776211798191070557e-01 1.942509561777114868e-01
3.017307817935943604e-01 2.604746222496032715e-01
7.596240043640136719e-01 8.685221672058105469e-01
2.255084365606307983e-02 2.415763735771179199e-01
2.427435666322708130e-01 4.677920639514923096e-01
4.501681923866271973e-01 3.461522459983825684e-01
4.167858362197875977e-01 6.508743166923522949e-01
2.970560267567634583e-02 5.535449385643005371e-01
6.251514554023742676e-01 2.261694706976413727e-02
3.119731545448303223e-01 8.783543705940246582e-01
7.181084752082824707e-01 1.988539844751358032e-01
6.877314448356628418e-01 8.117209672927856445e-01
3.879936337471008301e-01 6.387931704521179199e-01
2.238142788410186768e-01 2.246560752391815186e-01
9.043505191802978516e-01 2.761716544628143311e-01
6.356109976768493652e-01 5.409234762191772461e-01
3.946496248245239258e-01 3.828304409980773926e-01
5.642980337142944336e-01 1.735746562480926514e-01
8.618154525756835938e-01 3.327436745166778564e-01
1.700274348258972168e-01 4.219438433647155762e-01
9.260321855545043945e-01 2.659918069839477539e-01
8.565352559089660645e-01 1.304329782724380493e-01
5.310735106468200684e-01 9.390261769294738770e-01
4.328340590000152588e-01 3.427587151527404785e-01
4.831729233264923096e-01 2.326858490705490112e-01
3.760745525360107422e-01 9.477062821388244629e-01
2.086840718984603882e-01 2.127715945243835449e-01
8.611439913511276245e-02 6.715054512023925781e-01
8.004091978073120117e-01 2.245966494083404541e-01
6.110209226608276367e-01 2.923796772956848145e-01
1.684365272521972656e-01 3.653849661350250244e-01
4.098764955997467041e-01 7.314328551292419434e-01
6.220152974128723145e-01 1.648575663566589355e-01
1.691846400499343872e-01 4.269662499427795410e-02
5.047134160995483398e-01 7.067742347717285156e-01
2.723063230514526367e-01 8.067011833190917969e-02
3.709540665149688721e-01 3.162900805473327637e-01
7.669884562492370605e-01 8.336470723152160645e-01
2.202024683356285095e-02 3.524201512336730957e-01
6.904910206794738770e-01 6.260960698127746582e-01
7.989473938941955566e-01 8.371038436889648438e-01
4.914747774600982666e-01 5.578416958451271057e-02
9.997593760490417480e-01 3.107222914695739746e-01
3.224340081214904785e-02 1.739296503365039825e-02
3.995822370052337646e-01 3.106473088264465332e-01
5.457814335823059082e-01 4.065770208835601807e-01
1.226230412721633911e-01 6.537018418312072754e-01
1.555149350315332413e-02 1.471911966800689697e-01
5.188306793570518494e-02 4.817332923412322998e-01
8.679869771003723145e-02 3.710444271564483643e-01
4.253094792366027832e-01 3.693972826004028320e-01
5.227605104446411133e-01 2.775508165359497070e-01
8.651660084724426270e-01 2.356699407100677490e-01
6.923744082450866699e-02 2.271650172770023346e-02
6.247512623667716980e-02 7.894755005836486816e-01
9.921844005584716797e-01 8.611179590225219727e-01
9.879744052886962891e-01 2.777046263217926025e-01
3.897588253021240234e-01 7.766250967979431152e-01
2.779861092567443848e-01 8.182682991027832031e-01
2.140859812498092651e-01 8.128767013549804688e-01
1.292276680469512939e-01 9.968810081481933594e-01
6.415363401174545288e-02 5.503008365631103516e-01
1.490906774997711182e-01 6.617885828018188477e-01
4.177230000495910645e-01 1.818684488534927368e-01
4.339036941528320312e-01 7.787732779979705811e-02
4.324308410286903381e-02 1.640107035636901855e-01
7.108290791511535645e-01 4.452764689922332764e-01
4.632218778133392334e-01 2.279049307107925415e-01
9.734709262847900391e-01 5.799413919448852539e-01
4.884292781352996826e-01 5.184525847434997559e-01
3.069629520177841187e-02 1.103142946958541870e-01
3.164302408695220947e-01 4.846588373184204102e-01
6.984532475471496582e-01 8.664588332176208496e-01
9.120377898216247559e-02 5.774098634719848633e-01
5.513157844543457031e-01 3.376244306564331055e-01
7.916701436042785645e-01 3.535295426845550537e-01
7.503511309623718262e-01 2.004835288971662521e-03
4.105011224746704102e-01 6.889837980270385742e-01
2.025077044963836670e-01 3.037952184677124023e-01
8.338103294372558594e-01 8.610035181045532227e-01
2.751294076442718506e-01 3.647330403327941895e-01
1.734904199838638306e-01 9.133710861206054688e-01
1.191662475466728210e-01 8.776437640190124512e-01
3.382696509361267090e-01 7.827843655832111835e-04
4.528258442878723145e-01 2.314671874046325684e-01
4.352091848850250244e-01 6.802550554275512695e-01
4.458434879779815674e-01 9.628406167030334473e-01
3.905863165855407715e-01 5.302615761756896973e-01
5.335484072566032410e-02 6.512471437454223633e-01
3.767009079456329346e-01 6.797626018524169922e-01
1.736756563186645508e-01 4.220606982707977295e-01
4.863442778587341309e-01 8.638729453086853027e-01
1.967444568872451782e-01 8.736267685890197754e-01
2.060020416975021362e-01 8.494374752044677734e-01
6.585906147956848145e-01 8.317776322364807129e-01
4.322169423103332520e-01 4.109963178634643555e-01
7.431039810180664062e-01 1.825908720493316650e-01
8.377665281295776367e-01 9.378688931465148926e-01
9.742668867111206055e-01 2.894955575466156006e-01
1.678441911935806274e-01 2.825673520565032959e-01
2.711520763114094734e-03 4.658853113651275635e-01
2.273420840501785278e-01 9.733856320381164551e-01
1.047000586986541748e-01 2.676415741443634033e-01
8.723126053810119629e-01 5.189353823661804199e-01
7.201329469680786133e-01 9.316005110740661621e-01
4.705000817775726318e-01 4.124237298965454102e-01
1.738953888416290283e-01 6.437642127275466919e-02
7.872019410133361816e-01 6.930298209190368652e-01
4.884706735610961914e-01 9.887925982475280762e-01
6.293505430221557617e-01 3.342573940753936768e-01
1.078054308891296387e-01 6.302921175956726074e-01
6.235574483871459961e-01 7.841790914535522461e-01
6.995211243629455566e-01 3.677726984024047852e-01
4.898942410945892334e-01 8.379778265953063965e-01
3.594743311405181885e-01 5.010811090469360352e-01
5.804584026336669922e-01 9.849718213081359863e-01
7.441769242286682129e-01 9.137207865715026855e-01
6.585085988044738770e-01 5.942609906196594238e-01
7.566075325012207031e-01 8.536291718482971191e-01
4.388485848903656006e-01 7.868866920471191406e-01
8.670253753662109375e-01 1.663402915000915527e-01
5.806388258934020996e-01 9.552254676818847656e-01
2.172661200165748596e-02 5.767999887466430664e-01
3.969628512859344482e-01 3.060252070426940918e-01
2.548569440841674805e-01 5.384854674339294434e-01
4.994599521160125732e-01 6.583230197429656982e-02
5.936441421508789062e-01 1.543411463499069214e-01
5.669452548027038574e-01 5.574293136596679688e-01
9.856248497962951660e-01 7.797538489103317261e-02
2.555021047592163086e-01 7.970355153083801270e-01
7.447401881217956543e-01 2.154162675142288208e-01
5.639654397964477539e-01 9.501295089721679688e-01
1.278960853815078735e-01 4.038341343402862549e-01
9.718874096870422363e-01 4.110002815723419189e-01
7.036266922950744629e-01 8.523638844490051270e-01
3.422251045703887939e-01 5.605846643447875977e-01
5.511611700057983398e-01 3.539314866065979004e-01
3.303706347942352295e-01 6.134760100394487381e-03
4.235199391841888428e-01 6.512656807899475098e-02
4.324692785739898682e-01 2.242277115583419800e-01
8.233047723770141602e-01 4.734880030155181885e-01
6.731675267219543457e-01 8.409485816955566406e-01
6.114926934242248535e-01 1.715976893901824951e-01
7.775525450706481934e-01 7.575891613960266113e-01
1.527350544929504395e-01 1.219429075717926025e-01
5.760111808776855469e-01 7.907332777976989746e-01
5.180135965347290039e-01 5.047394037246704102e-01
2.928745746612548828e-01 7.631167769432067871e-01
4.582844674587249756e-01 3.517438471317291260e-01
6.127395033836364746e-01 7.802035808563232422e-01
3.638409674167633057e-01 7.246469706296920776e-02
8.576037883758544922e-01 5.108618140220642090e-01
2.117221951484680176e-01 4.742240905761718750e-01
7.262551784515380859e-01 5.624801516532897949e-01
1.208886951208114624e-01 4.607611596584320068e-01
3.789680004119873047e-01 3.603087067604064941e-01
3.420358300209045410e-01 6.327354907989501953e-01
1.808657944202423096e-01 8.079959154129028320e-01
3.023136779665946960e-02 5.900998711585998535e-01
6.765160560607910156e-01 8.342630863189697266e-01
4.577643424272537231e-02 3.036758899688720703e-01
4.122960269451141357e-01 3.076729476451873779e-01
7.996097207069396973e-01 6.097056865692138672e-01
3.689514398574829102e-01 5.113217830657958984e-01
2.026347219944000244e-01 2.143484354019165039e-01
6.738196015357971191e-01 9.450734853744506836e-01
5.670431852340698242e-01 6.444871425628662109e-01
9.541034102439880371e-01 4.049016535282135010e-01
2.284082025289535522e-01 5.936040282249450684e-01
4.816093742847442627e-01 7.802637219429016113e-01
4.685515165328979492e-01 7.557830214500427246e-01
8.355074375867843628e-02 3.761570751667022705e-01
3.619215264916419983e-02 1.577871739864349365e-01
5.241189599037170410e-01 6.845912337303161621e-01
3.710969388484954834e-01 7.207846045494079590e-01
9.564093351364135742e-01 7.840186953544616699e-01
8.166962265968322754e-01 4.952346980571746826e-01
4.661456048488616943e-01 5.671966075897216797e-01
2.633416652679443359e-01 8.845705389976501465e-01
5.952934622764587402e-01 1.197436824440956116e-01
6.648541241884231567e-02 9.085257053375244141e-01
5.862848162651062012e-01 6.690599918365478516e-01
9.025449752807617188e-01 2.998330891132354736e-01
7.077761888504028320e-01 6.853551864624023438e-01
9.903054833412170410e-01 2.123411595821380615e-01
1.296929270029067993e-01 5.672291517257690430e-01
2.835307121276855469e-01 9.311987757682800293e-01
6.498024463653564453e-01 6.336447596549987793e-01
4.897975921630859375e-01 1.262321174144744873e-01
4.088319838047027588e-02 7.739996910095214844e-01
8.634418994188308716e-02 1.022482961416244507e-01
3.237509131431579590e-01 8.997270464897155762e-01
2.432565391063690186e-01 5.510538220405578613e-01
4.579138159751892090e-01 1.976230181753635406e-02
6.127050518989562988e-01 1.890881210565567017e-01
8.452320098876953125e-01 9.041335582733154297e-01
4.993164241313934326e-01 8.107173442840576172e-01
3.887939155101776123e-01 7.609801888465881348e-01
7.434301972389221191e-01 9.716314673423767090e-01
6.847206950187683105e-01 1.584197133779525757e-01
7.830020189285278320e-01 2.377473413944244385e-01
2.960434556007385254e-01 5.478254556655883789e-01
7.076402902603149414e-01 2.082127332687377930e-01
9.472092986106872559e-01 7.119809985160827637e-01
6.445711255073547363e-01 7.004670500755310059e-01
4.485872387886047363e-01 8.541938066482543945e-01
7.899571061134338379e-01 1.408284455537796021e-01
2.960739657282829285e-02 3.221084773540496826e-01
7.229400426149368286e-02 3.273743093013763428e-01
3.137041628360748291e-01 7.473657727241516113e-01
3.531638085842132568e-01 7.328515648841857910e-01
6.815425753593444824e-01 9.631943702697753906e-02
7.675701975822448730e-01 4.839331209659576416e-01
4.463593363761901855e-01 9.066766500473022461e-01
8.110234141349792480e-01 1.136106923222541809e-01
5.951271653175354004e-01 5.503125190734863281e-01
8.648779392242431641e-01 3.003595769405364990e-01
3.819112777709960938e-01 3.787976205348968506e-01
9.710415601730346680e-01 2.292914688587188721e-01
4.874578118324279785e-01 3.365645408630371094e-01
5.503097772598266602e-01 7.173174619674682617e-01
3.208767175674438477e-01 1.403773725032806396e-01
1.515658050775527954e-01 2.629304304718971252e-02
5.842193961143493652e-02 2.162703424692153931e-01
5.845479965209960938e-01 8.610106110572814941e-01
6.540586352348327637e-01 9.545912146568298340e-01
2.579214572906494141e-01 2.412062287330627441e-01
8.234610557556152344e-01 3.301495909690856934e-01
8.970312476158142090e-01 6.486511826515197754e-01
8.699113726615905762e-01 1.265059504657983780e-02
4.458583891391754150e-01 3.288091719150543213e-01
2.612598836421966553e-01 9.042606949806213379e-01
9.367330074310302734e-01 8.272949457168579102e-01
9.006483554840087891e-01 6.583189964294433594e-01
7.913270592689514160e-01 1.034531518816947937e-01
1.425383985042572021e-01 7.250032424926757812e-01
4.355894029140472412e-02 1.366222053766250610e-01
3.559245169162750244e-01 4.057481884956359863e-01
1.343437731266021729e-01 1.583098769187927246e-01
5.793519020080566406e-01 4.910836815834045410e-01
2.566478587687015533e-02 4.072161912918090820e-01
7.134599238634109497e-02 2.958436906337738037e-01
7.115696668624877930e-01 6.472750306129455566e-01
4.160108864307403564e-01 8.790183067321777344e-01
4.111152887344360352e-01 7.115177065134048462e-02
8.314756751060485840e-01 9.127753973007202148e-01
9.988672137260437012e-01 4.295575916767120361e-01
2.365787774324417114e-01 4.654071331024169922e-01
5.344310998916625977e-01 1.358657926321029663e-01
4.114584624767303467e-01 2.680906653404235840e-01
4.298783838748931885e-01 1.127676889300346375e-01
1.921001635491847992e-02 5.612348318099975586e-01
5.865520983934402466e-02 3.411222994327545166e-01
8.902124166488647461e-01 9.013261795043945312e-01
8.220527172088623047e-01 8.924436569213867188e-01
5.069550871849060059e-01 3.754085600376129150e-01
2.386074364185333252e-01 5.281432271003723145e-01
9.840256571769714355e-01 5.939454436302185059e-01
8.000682592391967773e-01 3.372117578983306885e-01
6.287888390943408012e-04 9.335802793502807617e-01
1.607780009508132935e-01 1.694205552339553833e-01
4.945304244756698608e-02 8.955863118171691895e-01
5.340076684951782227e-01 6.004812568426132202e-02
4.734332859516143799e-01 5.988259315490722656e-01
5.501753687858581543e-01 2.735036313533782959e-01
9.859173893928527832e-01 7.464323043823242188e-01
3.260661363601684570e-01 8.818176388740539551e-01
5.346698760986328125e-01 6.870493292808532715e-01
9.586991667747497559e-01 8.782981038093566895e-01
1.382498145103454590e-01 2.761952280998229980e-01
6.753953695297241211e-01 4.510729312896728516e-01
4.821136891841888428e-01 6.651399731636047363e-01
9.023842215538024902e-01 9.192796349525451660e-01
8.771395087242126465e-01 3.333494663238525391e-01
5.756568908691406250e-01 8.139466643333435059e-01
3.279344141483306885e-01 2.145054191350936890e-01
1.492833644151687622e-01 7.674281597137451172e-01
1.273253858089447021e-01 3.019002676010131836e-01
5.787462592124938965e-01 8.788044452667236328e-01
6.151198148727416992e-01 8.864079415798187256e-02
8.830658793449401855e-01 8.973261117935180664e-01
2.000734359025955200e-01 3.281391412019729614e-02
8.320051431655883789e-01 3.642595112323760986e-01
5.590428709983825684e-01 6.047079339623451233e-02
3.193231225013732910e-01 9.387672543525695801e-01
4.555715620517730713e-01 1.706698983907699585e-01
8.412528038024902344e-01 3.700563311576843262e-01
3.882693126797676086e-02 9.584105759859085083e-02
6.510170102119445801e-01 9.074840545654296875e-01
4.755544364452362061e-01 1.833386868238449097e-01
3.972467780113220215e-01 4.524809420108795166e-01
2.108511514961719513e-02 2.981053292751312256e-01
9.555473327636718750e-01 8.524088859558105469e-01
3.238699734210968018e-01 3.746308982372283936e-01
