5.623065233230590820e-01 8.964250683784484863e-01
8.345659375190734863e-01 7.958266139030456543e-02
9.742617011070251465e-01 4.556854963302612305e-01
7.733504772186279297e-01 9.986009001731872559e-01
3.811767697334289551e-01 8.224639892578125000e-01
8.130978345870971680e-01 3.086468875408172607e-01
7.130053043365478516e-01 7.094311714172363281e-01
9.703119099140167236e-02 6.188359856605529785e-01
5.721191167831420898e-01 1.688806116580963135e-01
1.692431122064590454e-01 5.217860341072082520e-01
6.123929023742675781e-01 5.632321238517761230e-01
2.568900883197784424e-01 3.465875238180160522e-02
1.999820619821548462e-01 8.998724222183227539e-01
9.197866320610046387e-01 3.751151859760284424e-01
7.645837664604187012e-01 7.689396142959594727e-01
1.973914206027984619e-01 7.177969217300415039e-01
1.982184946537017822e-01 4.734276831150054932e-01
7.450973987579345703e-01 5.283305048942565918e-01
1.330381780862808228e-01 5.332893133163452148e-02
9.503777027130126953e-01 9.016884565353393555e-01
1.388537436723709106e-01 5.266056060791015625e-01
6.827983260154724121e-01 7.768109440803527832e-01
8.330820798873901367e-01 5.575122237205505371e-01
5.454133749008178711e-01 1.079368889331817627e-01
9.658457636833190918e-01 2.345769852399826050e-01
6.532783508300781250e-01 7.574567794799804688e-01
9.968049125745892525e-04 8.360741734504699707e-01
4.054759144783020020e-01 6.488608121871948242e-01
3.832749724388122559e-01 9.276947379112243652e-01
6.509308815002441406e-01 4.955031275749206543e-01
3.707757964730262756e-02 2.042324692010879517e-01
2.692495286464691162e-01 3.292170763015747070e-01
1.791265308856964111e-01 9.505993723869323730e-01
4.472924172878265381e-01 2.645476460456848145e-01
7.694425582885742188e-01 2.374563515186309814e-01
7.351846694946289062e-01 8.858487010002136230e-01
6.897685527801513672e-01 2.324797026813030243e-02
6.595388650894165039e-01 7.702450156211853027e-01
1.056636571884155273e-01 5.842251777648925781e-01
9.036284089088439941e-01 2.741920528933405876e-03
3.223677575588226318e-01 8.052771687507629395e-01
4.958288669586181641e-01 5.333581566810607910e-01
5.117803812026977539e-01 2.676801569759845734e-02
2.921029627323150635e-01 1.921859532594680786e-01
5.866026878356933594e-01 6.798348426818847656e-01
9.711543321609497070e-01 1.358859837055206299e-01
6.876649260520935059e-01 4.022248089313507080e-01
3.495776355266571045e-01 8.258376717567443848e-01
3.444319069385528564e-01 4.729738533496856689e-01
6.318330764770507812e-02 7.748215794563293457e-01
5.195474624633789062e-01 9.967126846313476562e-01
8.312605321407318115e-02 9.241876602172851562e-01
2.259899377822875977e-01 8.762319386005401611e-02
6.009417772293090820e-01 5.233612060546875000e-01
9.570932388305664062e-01 6.166270971298217773e-01
4.664460420608520508e-01 5.039372444152832031e-01
4.552905261516571045e-01 8.266262412071228027e-01
2.392855584621429443e-01 3.160800039768218994e-01
6.497440338134765625e-01 5.465641021728515625e-01
7.322786003351211548e-02 5.055847764015197754e-01
1.260321866720914841e-02 2.566875517368316650e-01
5.845222473144531250e-01 8.667895942926406860e-02
4.976649954915046692e-02 5.479844212532043457e-01
9.083034396171569824e-01 9.007127881050109863e-01
9.669625759124755859e-01 2.210805714130401611e-01
1.804160028696060181e-01 4.733521938323974609e-01
6.744335293769836426e-01 7.455101585946977139e-04
9.220137000083923340e-01 9.826039671897888184e-01
1.359734535217285156e-01 7.901288568973541260e-02
3.179233372211456299e-01 9.861807823181152344e-01
4.022048413753509521e-01 1.121234446763992310e-01
4.824071656912565231e-04 6.453380584716796875e-01
6.536338329315185547e-01 7.066840529441833496e-01
6.890934109687805176e-01 7.528558969497680664e-01
1.438187211751937866e-01 6.001492738723754883e-01
9.686498045921325684e-01 5.322092175483703613e-01
2.304768562316894531e-01 6.089063882827758789e-01
9.109454154968261719e-01 6.378961205482482910e-01
7.441127896308898926e-01 9.043999910354614258e-01
7.996383905410766602e-01 2.501948475837707520e-01
3.880448341369628906e-01 7.897931933403015137e-01
8.909532427787780762e-01 7.608927488327026367e-01
7.567448019981384277e-01 7.037656903266906738e-01
3.870257735252380371e-01 3.820297718048095703e-01
5.566813945770263672e-01 1.694120615720748901e-01
1.800454966723918915e-02 8.476349711418151855e-01
4.481600224971771240e-01 2.116706818342208862e-01
6.190454363822937012e-01 4.788944423198699951e-01
4.269463717937469482e-01 1.402433216571807861e-01
9.866740703582763672e-01 9.350150227546691895e-01
3.390720188617706299e-01 1.521863937377929688e-01
3.047722876071929932e-01 4.833649694919586182e-01
4.356038868427276611e-01 6.802477836608886719e-01
1.884446740150451660e-01 9.051157236099243164e-01
1.647259443998336792e-01 6.863873004913330078e-01
1.532974839210510254e-01 5.692691206932067871e-01
1.433526873588562012e-01 9.326669573783874512e-01
8.368641138076782227e-01 3.246523439884185791e-02
3.954287469387054443e-01 9.713785052299499512e-01
6.179789900779724121e-01 5.787399411201477051e-01
9.310119748115539551e-01 3.632331788539886475e-01
5.360326170921325684e-01 5.736219882965087891e-01
6.513715982437133789e-01 3.113701343536376953e-01
2.286324352025985718e-01 6.104682087898254395e-01
1.701980829238891602e-01 1.554944068193435669e-01
1.319446414709091187e-01 3.715316355228424072e-01
5.180220007896423340e-01 1.880709268152713776e-02
9.954474568367004395e-01 7.467308044433593750e-01
1.030536666512489319e-01 8.957514762878417969e-01
7.612766027450561523e-01 9.049419164657592773e-01
6.070494055747985840e-01 3.383295238018035889e-01
9.640325307846069336e-01 7.727530598640441895e-01
3.858321309089660645e-01 1.794073581695556641e-01
6.861863136291503906e-01 1.430860012769699097e-01
1.129246354103088379e-01 2.014604955911636353e-01
4.028199017047882080e-01 7.913432717323303223e-01
1.299289017915725708e-01 1.125811338424682617e-01
9.624574333429336548e-02 9.350163340568542480e-01
1.494363397359848022e-01 1.381796002388000488e-01
1.667002737522125244e-01 9.682013392448425293e-01
6.602594256401062012e-01 5.873644351959228516e-01
9.798057675361633301e-01 1.513682007789611816e-01
7.221055030822753906e-01 3.900457620620727539e-01
1.516419351100921631e-01 8.723621815443038940e-02
3.755667209625244141e-01 8.330150842666625977e-01
1.434389650821685791e-01 9.079492092132568359e-01
8.031310439109802246e-01 3.141170740127563477e-02
1.127869486808776855e-01 6.852802634239196777e-01
3.487922847270965576e-01 7.477415204048156738e-01
4.714269936084747314e-01 1.448317021131515503e-01
8.175375461578369141e-01 5.897169709205627441e-01
7.968333363533020020e-01 6.751118600368499756e-02
8.546041250228881836e-01 8.690984249114990234e-01
1.944860070943832397e-01 9.311975836753845215e-01
3.906124532222747803e-01 6.876251101493835449e-02
2.844942510128021240e-01 8.225759267807006836e-01
1.317639797925949097e-01 2.781457901000976562e-01
5.219776630401611328e-01 6.863997578620910645e-01
2.892393991351127625e-02 3.983704447746276855e-01
7.744610905647277832e-01 3.772453367710113525e-01
4.769545495510101318e-01 8.914225697517395020e-01
4.198155403137207031e-01 4.087487757205963135e-01
6.548306345939636230e-02 5.550293326377868652e-01
6.881973147392272949e-01 2.866879701614379883e-01
1.741101890802383423e-01 3.177584111690521240e-01
2.510676085948944092e-01 3.620297014713287354e-01
2.809569239616394043e-01 2.982042729854583740e-01
6.783308386802673340e-01 6.470592021942138672e-01
5.234596133232116699e-01 7.285519242286682129e-01
9.107226729393005371e-01 1.000146269798278809e-01
9.440767765045166016e-01 9.859954714775085449e-01
3.480199277400970459e-01 9.397763609886169434e-01
6.784309148788452148e-01 6.038718819618225098e-01
4.573356509208679199e-01 1.706049405038356781e-02
7.150601744651794434e-01 2.712950110435485840e-01
1.792385578155517578e-01 4.864589571952819824e-01
3.017999231815338135e-01 4.469533860683441162e-01
1.828542053699493408e-01 8.994662165641784668e-01
1.769817024469375610e-01 6.541039347648620605e-01
9.636392593383789062e-01 1.482009887695312500e-01
2.858363091945648193e-01 2.580887675285339355e-01
1.099103465676307678e-01 4.188567399978637695e-01
1.518939584493637085e-01 5.869250372052192688e-02
3.802442848682403564e-01 1.867856979370117188e-01
3.430509269237518311e-01 2.158770561218261719e-01
5.758320689201354980e-01 3.948400914669036865e-01
4.634244740009307861e-01 9.133512973785400391e-01
7.560136318206787109e-01 3.706306517124176025e-01
5.190472602844238281e-01 3.596063703298568726e-02
7.356839776039123535e-01 5.718224048614501953e-01
5.630754232406616211e-01 6.883814930915832520e-01
5.696328878402709961e-01 2.772326171398162842e-01
9.237962961196899414e-01 6.578627973794937134e-02
9.351401329040527344e-01 6.190786138176918030e-02
8.013306260108947754e-01 3.211925327777862549e-01
8.060114830732345581e-02 1.845708936452865601e-01
3.375458419322967529e-01 5.641441345214843750e-01
1.149918735027313232e-01 2.836013138294219971e-01
1.621450632810592651e-01 7.162352651357650757e-02
9.015868306159973145e-01 5.669477581977844238e-01
8.192078471183776855e-01 3.516038656234741211e-01
8.774012923240661621e-01 9.079497456550598145e-01
4.064430892467498779e-01 2.960342764854431152e-01
2.238880693912506104e-01 1.004970297217369080e-01
1.402231901884078979e-01 3.521695435047149658e-01
3.681527078151702881e-02 6.060225144028663635e-02
9.228861331939697266e-01 6.760346293449401855e-01
2.604011893272399902e-01 5.551869273185729980e-01
2.854165434837341309e-01 1.603231579065322876e-01
1.786794364452362061e-01 9.321780204772949219e-01
8.971331715583801270e-01 7.792088985443115234e-01
1.253125369548797607e-01 7.115286588668823242e-01
4.535612165927886963e-01 8.673207163810729980e-01
5.753707289695739746e-01 6.231009364128112793e-01
1.226141601800918579e-01 1.744947731494903564e-01
1.875005476176738739e-02 6.594469547271728516e-01
9.737781882286071777e-01 6.117645502090454102e-01
9.622402191162109375e-01 7.910999655723571777e-01
3.658651411533355713e-01 4.697518348693847656e-01
2.504633367061614990e-01 7.967358827590942383e-01
3.255535066127777100e-01 7.644083499908447266e-01
3.384019136428833008e-01 6.982437372207641602e-01
3.448699042201042175e-02 2.066009789705276489e-01
2.201785892248153687e-01 7.899763435125350952e-02
9.215915799140930176e-01 5.593543648719787598e-01
8.141351342201232910e-01 5.297342538833618164e-01
9.943594932556152344e-01 8.162280917167663574e-01
1.885425746440887451e-01 7.672706842422485352e-01
3.138675391674041748e-01 4.092601835727691650e-01
5.154525637626647949e-01 6.606804132461547852e-01
8.236058801412582397e-02 4.716221988201141357e-01
2.083297669887542725e-01 2.620940208435058594e-01
6.442843377590179443e-02 1.516717225313186646e-01
2.745421826839447021e-01 8.412743806838989258e-01
2.542372643947601318e-01 2.024807631969451904e-01
3.273634612560272217e-01 8.185877203941345215e-01
2.419576346874237061e-01 5.086917281150817871e-01
2.765209972858428955e-01 6.723552942276000977e-01
1.751275658607482910e-01 8.785588145256042480e-01
1.008776426315307617e-01 2.804840542376041412e-02
8.853929638862609863e-01 2.979625463485717773e-01
3.589333295822143555e-01 8.633239269256591797e-01
5.242836475372314453e-01 3.614294230937957764e-01
5.395314693450927734e-01 3.406451940536499023e-01
4.667578637599945068e-01 8.881679177284240723e-01
6.164069175720214844e-01 7.421956658363342285e-01
9.913960099220275879e-01 8.035675287246704102e-01
2.954385578632354736e-01 1.329298466444015503e-01
5.065831542015075684e-01 4.147615432739257812e-01
1.001359522342681885e-01 7.752158641815185547e-01
2.614289224147796631e-01 2.323791533708572388e-01
1.660040020942687988e-01 9.202536344528198242e-01
6.704574823379516602e-01 5.665053129196166992e-01
3.508051633834838867e-01 7.777983546257019043e-01
2.840432524681091309e-02 4.685532152652740479e-01
6.101623177528381348e-01 5.013289451599121094e-01
6.311659812927246094e-01 5.286265015602111816e-01
1.864753067493438721e-01 7.827880382537841797e-01
3.567399382591247559e-01 8.098267018795013428e-02
5.644378066062927246e-01 7.923632860183715820e-01
1.946002095937728882e-01 7.969670295715332031e-01
6.679360270500183105e-01 9.148117899894714355e-02
2.753892242908477783e-01 8.789464235305786133e-01
2.542227208614349365e-01 2.083792090415954590e-01
1.004845127463340759e-01 9.889228940010070801e-01
6.901981234550476074e-01 5.672781467437744141e-01
5.453497171401977539e-01 4.647114574909210205e-01
6.174954175949096680e-01 5.420174598693847656e-01
8.432809710502624512e-01 8.176040649414062500e-01
4.852821826934814453e-01 7.814613580703735352e-01
5.894123911857604980e-01 5.470198392868041992e-01
3.560964763164520264e-01 9.614524245262145996e-01
8.325286507606506348e-01 2.999754250049591064e-01
6.076477766036987305e-01 1.065970584750175476e-01
3.817398846149444580e-02 5.587658658623695374e-02
8.938666582107543945e-01 2.567841410636901855e-01
8.063188791275024414e-01 6.124762296676635742e-01
3.259869515895843506e-01 3.741466104984283447e-01
7.961117625236511230e-01 3.357093036174774170e-01
6.105490326881408691e-01 9.830307960510253906e-01
9.652824401855468750e-01 8.711644262075424194e-02
1.088651865720748901e-01 7.634950429201126099e-02
9.603812694549560547e-01 1.493399590253829956e-01
9.459181427955627441e-01 2.556007504463195801e-01
8.038643002510070801e-01 9.704304933547973633e-01
8.674650788307189941e-01 2.745731770992279053e-01
5.923507213592529297e-01 9.242709279060363770e-01
6.095376014709472656e-01 8.410147428512573242e-01
4.473722875118255615e-01 2.490072697401046753e-01
8.175112605094909668e-01 9.380376935005187988e-01
2.803181409835815430e-01 4.683660268783569336e-01
8.347273617982864380e-02 6.681789159774780273e-01
6.864239573478698730e-01 7.183132767677307129e-01
2.596927881240844727e-01 7.301600575447082520e-01
4.365320801734924316e-01 2.833603620529174805e-01
3.620119690895080566e-01 7.818890810012817383e-01
3.697666525840759277e-01 8.925334811210632324e-01
1.000058352947235107e-01 9.170784354209899902e-01
5.007005929946899414e-01 4.154409468173980713e-01
5.146356821060180664e-01 4.085974395275115967e-01
1.663003861904144287e-01 6.341278553009033203e-01
3.981509208679199219e-01 8.128548264503479004e-01
7.706904411315917969e-01 3.360555768013000488e-01
6.395733356475830078e-01 9.511108398437500000e-01
7.779698967933654785e-01 8.900495767593383789e-01
1.954490132629871368e-02 9.732975363731384277e-01
1.200416758656501770e-01 5.870156884193420410e-01
5.612526461482048035e-02 4.293552339076995850e-01
9.814879894256591797e-01 5.353561639785766602e-01
6.299976706504821777e-01 6.463925242424011230e-01
1.677120178937911987e-01 2.042047828435897827e-01
2.268643081188201904e-01 3.344632685184478760e-01
7.198151946067810059e-01 4.542076587677001953e-01
4.825018346309661865e-01 7.811270952224731445e-01
1.761390715837478638e-01 8.444882035255432129e-01
2.268400490283966064e-01 5.799833536148071289e-01
2.923145890235900879e-01 4.508839249610900879e-01
7.932354807853698730e-01 5.570598840713500977e-01
2.494668364524841309e-01 1.998842060565948486e-01
3.065458536148071289e-01 2.023332417011260986e-01
9.317401051521301270e-02 3.290019556879997253e-02
5.587610602378845215e-01 6.664147973060607910e-01
2.475452870130538940e-01 8.893876671791076660e-01
8.183216452598571777e-01 5.196534469723701477e-02
9.137204289436340332e-01 4.524942040443420410e-01
7.194419503211975098e-01 2.136257141828536987e-01
6.815634369850158691e-01 1.590612679719924927e-01
4.039527475833892822e-01 5.291451215744018555e-01
3.502197265625000000e-01 5.816971063613891602e-01
7.681177854537963867e-01 8.334343433380126953e-01
8.051162362098693848e-01 2.179987281560897827e-01
2.384129911661148071e-01 4.854696393013000488e-01
5.604164600372314453e-01 1.824781000614166260e-01
9.500315189361572266e-01 7.015576362609863281e-01
3.043552637100219727e-01 7.430046796798706055e-01
4.256199598312377930e-01 6.677283644676208496e-01
6.957165598869323730e-01 1.550473272800445557e-01
2.474484294652938843e-01 5.121501088142395020e-01
7.149233818054199219e-01 2.124166190624237061e-01
1.203074604272842407e-01 2.971921265125274658e-01
3.063627183437347412e-01 3.898367583751678467e-01
6.516614556312561035e-01 2.561510503292083740e-01
9.042828530073165894e-02 9.742801785469055176e-01
3.145910799503326416e-02 9.560839533805847168e-01
1.559074670076370239e-01 1.631500273942947388e-01
8.818068504333496094e-01 8.652679920196533203e-01
5.600492954254150391e-01 3.978361189365386963e-01
9.211320281028747559e-01 1.307941824197769165e-01
1.657962650060653687e-01 6.113174930214881897e-02
1.235318835824728012e-03 3.666738867759704590e-01
8.584527373313903809e-01 9.939444065093994141e-01
6.832939982414245605e-01 6.649348139762878418e-01
6.421585679054260254e-01 6.895323991775512695e-01
7.966881394386291504e-01 1.753413230180740356e-01
8.874673843383789062e-01 7.489627003669738770e-01
5.667485594749450684e-01 3.141819238662719727e-01
2.143101394176483154e-01 7.708654999732971191e-01
3.462973833084106445e-01 5.684419274330139160e-01
7.471402883529663086e-01 9.885684251785278320e-01
6.538282036781311035e-01 3.010365664958953857e-01
8.469604700803756714e-02 4.985028803348541260e-01
3.959083855152130127e-01 1.800984591245651245e-01
5.846522450447082520e-01 3.935155924409627914e-03
5.114758014678955078e-01 5.998734831809997559e-01
7.439175844192504883e-01 4.578957799822092056e-03
9.974334836006164551e-01 6.169511079788208008e-01
3.743318319320678711e-01 9.178759455680847168e-01
7.023810744285583496e-01 4.732038676738739014e-01
4.481235146522521973e-01 6.961147785186767578e-01
8.207523822784423828e-01 3.366568684577941895e-01
8.499614596366882324e-01 9.387099742889404297e-01
1.807554811239242554e-02 7.446793913841247559e-01
6.937832385301589966e-02 9.847673177719116211e-01
8.295205831527709961e-01 1.727494895458221436e-01
7.112317085266113281e-01 9.005983173847198486e-02
3.711473941802978516e-01 7.355978488922119141e-01
4.858404695987701416e-01 7.266333699226379395e-01
2.176442295312881470e-01 1.405633985996246338e-01
4.212232828140258789e-01 5.558784008026123047e-01
7.006137371063232422e-01 9.544143676757812500e-01
3.742102980613708496e-01 4.327020049095153809e-01
2.050507515668869019e-01 6.304629445075988770e-01
8.692681193351745605e-01 7.605898976325988770e-01
9.432486295700073242e-01 9.560225009918212891e-01
2.903725206851959229e-02 6.328048706054687500e-01
4.649899899959564209e-01 7.416550070047378540e-02
1.207460686564445496e-01 7.293778657913208008e-02
4.183709919452667236e-01 7.039452791213989258e-01
3.103360533714294434e-01 9.562925100326538086e-01
9.471598863601684570e-01 8.879868388175964355e-01
3.507037162780761719e-01 2.364264614880084991e-02
8.706801533699035645e-01 8.837153911590576172e-01
7.488632798194885254e-01 7.553926706314086914e-01
7.439287006855010986e-02 7.572871446609497070e-01
2.120139151811599731e-01 4.833449125289916992e-01
4.774661958217620850e-01 4.464683234691619873e-01
3.936282098293304443e-01 1.508554220199584961e-01
7.804863452911376953e-01 4.106497168540954590e-01
8.679912090301513672e-01 1.007291674613952637e-01
9.613336324691772461e-01 4.838800728321075439e-01
7.371149659156799316e-01 6.848798394203186035e-01
2.723566293716430664e-01 6.832150816917419434e-01
4.604956507682800293e-01 8.456480503082275391e-01
8.824181556701660156e-01 3.282698094844818115e-01
4.634974896907806396e-01 2.946823090314865112e-02
8.309385776519775391e-01 6.864888072013854980e-01
7.574780583381652832e-01 6.295031309127807617e-01
2.625637650489807129e-01 5.535838007926940918e-01
1.199272423982620239e-01 1.397033929824829102e-01
9.301691055297851562e-01 4.927683770656585693e-01
5.013906359672546387e-01 2.500470280647277832e-01
8.095313906669616699e-01 8.914942145347595215e-01
1.953613907098770142e-01 7.329882383346557617e-01
9.358276724815368652e-01 2.734853141009807587e-02
4.882886111736297607e-01 8.314703702926635742e-01
8.091377615928649902e-01 4.994035661220550537e-01
5.271713137626647949e-01 8.388590216636657715e-01
7.532412409782409668e-01 1.770095080137252808e-01
4.272822439670562744e-01 1.078265532851219177e-01
5.224708914756774902e-01 1.959078013896942139e-01
9.946173429489135742e-02 9.039831757545471191e-01
7.950168848037719727e-01 3.535744845867156982e-01
5.884872674942016602e-01 6.488909721374511719e-01
6.133090853691101074e-01 5.912859439849853516e-01
6.483382582664489746e-01 3.051881194114685059e-01
1.248446479439735413e-02 7.070444226264953613e-01
1.525056511163711548e-01 5.439139008522033691e-01
6.443845629692077637e-01 3.046284914016723633e-01
9.540251493453979492e-01 5.141237378120422363e-01
3.643190264701843262e-01 8.930288553237915039e-01
8.114204406738281250e-01 5.411123037338256836e-01
1.924775242805480957e-01 9.731510281562805176e-01
8.088759779930114746e-01 6.644017696380615234e-01
4.030461013317108154e-01 7.738244533538818359e-01
6.744999885559082031e-01 4.979558885097503662e-01
8.955897688865661621e-01 2.511570453643798828e-01
8.494833707809448242e-01 6.124981045722961426e-01
5.386896133422851562e-01 4.335320591926574707e-01
9.185318350791931152e-01 4.554885029792785645e-01
6.647089123725891113e-01 1.338384598493576050e-01
1.751034110784530640e-01 5.460534095764160156e-01
7.338222861289978027e-01 2.088306546211242676e-01
7.944954037666320801e-01 6.410211324691772461e-01
1.788769364356994629e-01 4.804001152515411377e-01
6.036150455474853516e-01 8.450806736946105957e-01
5.552603602409362793e-01 6.998320221900939941e-01
5.953561663627624512e-01 7.203027606010437012e-01
1.694827824831008911e-01 3.511431217193603516e-01
4.137448668479919434e-01 1.634374111890792847e-01
6.144427135586738586e-02 6.187071204185485840e-01
7.009695768356323242e-01 7.918059080839157104e-02
5.959532260894775391e-01 5.150381922721862793e-01
6.442582607269287109e-01 6.366315484046936035e-01
8.978809118270874023e-01 5.516869425773620605e-01
2.128565460443496704e-01 8.422501087188720703e-01
5.804180353879928589e-02 3.188592791557312012e-01
8.118127584457397461e-01 2.352727204561233521e-01
9.736518859863281250e-01 6.366807222366333008e-01
3.626632094383239746e-01 1.674913316965103149e-01
8.114347606897354126e-02 9.131317138671875000e-01
9.342290759086608887e-01 6.319399923086166382e-02
1.757066100835800171e-01 1.055852994322776794e-01
7.875908613204956055e-01 2.699474990367889404e-01
6.456085443496704102e-01 7.199603915214538574e-01
4.115255773067474365e-01 9.523012042045593262e-01
1.062952429056167603e-01 7.329747080802917480e-01
7.750521302223205566e-01 1.444701850414276123e-02
5.446064472198486328e-01 4.601490497589111328e-01
7.847703099250793457e-01 4.296777397394180298e-02
3.023532927036285400e-01 6.937907934188842773e-01
8.841605186462402344e-01 1.127737667411565781e-02
1.181664764881134033e-01 4.165862202644348145e-01
1.146591082215309143e-01 2.384257018566131592e-01
4.431690871715545654e-01 5.421100258827209473e-01
1.015503108501434326e-01 3.898807466030120850e-01
1.419051587581634521e-01 4.868704378604888916e-01
2.937754988670349121e-01 9.025532007217407227e-01
2.319614961743354797e-02 6.559667587280273438e-01
6.238942146301269531e-01 4.010255336761474609e-01
3.548590242862701416e-01 2.482267171144485474e-01
6.815057396888732910e-01 6.285778284072875977e-01
4.599561989307403564e-01 9.978955388069152832e-01
2.708812057971954346e-01 9.893964529037475586e-01
6.701128482818603516e-01 5.921279788017272949e-01
5.077582001686096191e-01 6.771388053894042969e-01
1.091232523322105408e-01 7.696185708045959473e-01
1.902517229318618774e-01 7.740718126296997070e-01
9.101179242134094238e-01 9.538918733596801758e-01
6.916291713714599609e-01 2.353185266256332397e-01
3.535494804382324219e-01 4.250821173191070557e-01
7.952451109886169434e-01 5.575555562973022461e-01
1.084920465946197510e-01 7.812874764204025269e-02
4.163183867931365967e-01 7.558448910713195801e-01
9.787529706954956055e-01 9.769921898841857910e-01
7.506873607635498047e-01 2.981439530849456787e-01
7.834315299987792969e-01 5.489027500152587891e-01
4.753680229187011719e-01 5.603964924812316895e-01
3.618833422660827637e-01 3.712290525436401367e-01
6.095225811004638672e-01 7.986922562122344971e-02
1.517883874475955963e-02 5.914988517761230469e-01
2.336049638688564301e-02 9.165947437286376953e-01
3.595153093338012695e-01 7.685815095901489258e-01
3.683983087539672852e-01 2.510186843574047089e-02
3.176491260528564453e-01 8.232970833778381348e-01
4.309293925762176514e-01 8.531103134155273438e-01
3.321208059787750244e-01 6.272951960563659668e-01
9.322330951690673828e-01 6.201428771018981934e-01
3.625141978263854980e-01 7.861431837081909180e-01
5.437548160552978516e-01 8.585073351860046387e-01
5.455674529075622559e-01 1.844599097967147827e-01
3.094629347324371338e-01 5.717802643775939941e-01
9.806961417198181152e-01 1.538908574730157852e-02
1.677013337612152100e-01 5.856072902679443359e-01
8.127279877662658691e-01 1.388359069824218750e-01
6.795769333839416504e-01 5.297378520481288433e-04
2.580842673778533936e-01 8.823944330215454102e-01
3.780690431594848633e-01 3.719905391335487366e-02
9.995652437210083008e-01 5.891512036323547363e-01
1.237751767039299011e-01 9.430172443389892578e-01
2.304134070873260498e-01 9.028508663177490234e-01
6.454238295555114746e-02 1.466170102357864380e-01
2.278308868408203125e-01 2.886162400245666504e-01
8.170269131660461426e-01 2.336685508489608765e-01
3.438534140586853027e-01 9.931840896606445312e-01
5.897386372089385986e-02 3.815772533416748047e-01
3.564788997173309326e-01 4.359787106513977051e-01
1.398125663399696350e-02 5.959649085998535156e-01
3.227032124996185303e-01 1.553181111812591553e-01
6.374002099037170410e-01 7.647645473480224609e-01
8.378704786300659180e-01 7.596118003129959106e-02
2.399660944938659668e-01 5.076753497123718262e-01
4.569630920886993408e-01 7.810519933700561523e-01
7.783309817314147949e-01 6.302158832550048828e-01
1.421680897474288940e-01 1.264100372791290283e-01
8.966522812843322754e-01 4.634019136428833008e-01
1.889497786760330200e-01 9.045724868774414062e-01
1.538134515285491943e-01 9.900271296501159668e-01
4.213702678680419922e-01 8.379935622215270996e-01
9.978402256965637207e-01 1.187332794070243835e-01
2.158430665731430054e-01 7.230076789855957031e-01
2.331828474998474121e-01 7.930946350097656250e-02
4.706071317195892334e-01 8.925647139549255371e-01
9.510537981986999512e-01 1.737333834171295166e-01
7.933102250099182129e-01 2.557020783424377441e-01
3.489398062229156494e-01 1.622703075408935547e-01
3.714011907577514648e-01 5.203710794448852539e-01
6.107832118868827820e-02 5.152977108955383301e-01
3.740249574184417725e-02 7.986481785774230957e-01
6.070562005043029785e-01 7.553638815879821777e-01
4.505078196525573730e-01 1.919961422681808472e-01
3.444772362709045410e-01 8.531798720359802246e-01
7.273775935173034668e-01 7.574184536933898926e-01
3.229367733001708984e-01 4.864225685596466064e-01
5.041976571083068848e-01 6.470159888267517090e-01
6.536891460418701172e-01 4.669433534145355225e-01
2.911223173141479492e-01 6.540315747261047363e-01
6.750781536102294922e-01 1.051070690155029297e-01
4.558501839637756348e-01 8.137075304985046387e-01
5.914157032966613770e-01 8.868007063865661621e-01
8.196266293525695801e-01 7.374417185783386230e-01
7.169800996780395508e-01 7.070717215538024902e-01
6.590021252632141113e-01 3.526623249053955078e-01
4.597912728786468506e-01 6.890341639518737793e-01
8.621588945388793945e-01 7.389528155326843262e-01
7.233598828315734863e-01 7.886341214179992676e-01
9.141212701797485352e-01 6.762880086898803711e-01
5.747829079627990723e-01 1.032187566161155701e-01
1.916242837905883789e-01 2.662272453308105469e-01
3.296615183353424072e-01 4.528796672821044922e-01
4.711265563964843750e-01 9.975335001945495605e-01
6.106849312782287598e-01 9.204358458518981934e-01
5.463548898696899414e-01 2.149315625429153442e-01
7.506081461906433105e-01 9.090442061424255371e-01
4.491669833660125732e-01 6.571837067604064941e-01
6.093762516975402832e-01 8.802303075790405273e-01
6.946621537208557129e-01 3.602921664714813232e-01
1.584258228540420532e-01 9.912235140800476074e-01
1.559489220380783081e-01 6.435691118240356445e-01
6.988343000411987305e-01 9.714840650558471680e-01
2.943496033549308777e-02 9.290107488632202148e-01
9.888522624969482422e-01 7.680003046989440918e-01
4.849317371845245361e-01 5.328976511955261230e-01
1.152543425559997559e-01 4.550093412399291992e-01
7.826997041702270508e-01 3.826295733451843262e-01
2.979699373245239258e-01 1.048749014735221863e-01
2.457995414733886719e-01 2.147263884544372559e-01
5.263133049011230469e-01 6.150579452514648438e-01
1.722626239061355591e-01 7.985009253025054932e-02
3.603331148624420166e-01 8.553463220596313477e-01
1.909478008747100830e-01 2.462570369243621826e-01
3.981328606605529785e-01 1.297210901975631714e-01
6.719390749931335449e-01 4.179422855377197266e-01
9.828717261552810669e-02 1.988957226276397705e-01
4.288876950740814209e-01 7.392335534095764160e-01
2.692781686782836914e-01 9.427541494369506836e-01
6.645619273185729980e-01 7.107031941413879395e-01
8.137142062187194824e-01 7.199804782867431641e-01
5.039924979209899902e-01 7.328355908393859863e-01
4.248498678207397461e-01 9.952358007431030273e-01
6.950031518936157227e-01 7.554278969764709473e-01
1.954277008771896362e-01 2.898735702037811279e-01
9.246112704277038574e-01 7.132329046726226807e-02
6.443060636520385742e-01 8.047502636909484863e-01
8.859498500823974609e-01 5.610395669937133789e-01
2.467795759439468384e-01 8.270587921142578125e-01
1.704507172107696533e-01 9.858899712562561035e-01
1.292583048343658447e-01 4.360708221793174744e-02
9.859663248062133789e-01 3.253370821475982666e-01
1.506925970315933228e-01 9.867626428604125977e-01
2.358984202146530151e-01 3.001306653022766113e-01
5.090257525444030762e-01 8.916767835617065430e-01
2.348912656307220459e-01 2.067290395498275757e-01
4.376583993434906006e-01 8.213731646537780762e-02
5.454531908035278320e-01 7.162099480628967285e-01
5.754417181015014648e-01 6.494554281234741211e-01
4.224886000156402588e-01 6.597080230712890625e-01
2.838350236415863037e-01 3.113456070423126221e-01
7.514879703521728516e-01 1.394850909709930420e-01
3.386498093605041504e-01 8.543995022773742676e-01
8.763919472694396973e-01 1.818030625581741333e-01
7.922798991203308105e-01 3.495279550552368164e-01
9.122592806816101074e-01 6.663294434547424316e-01
8.991068601608276367e-01 1.395003348588943481e-01
1.064591556787490845e-01 1.624206826090812683e-02
4.810200035572052002e-01 7.098845243453979492e-01
7.881807088851928711e-01 9.075913429260253906e-01
1.642849743366241455e-01 9.854656457901000977e-01
7.259059548377990723e-01 2.220704704523086548e-01
2.142392545938491821e-01 2.546850442886352539e-01
5.315175652503967285e-01 4.330236017704010010e-01
5.687308311462402344e-01 2.037843316793441772e-01
1.822005361318588257e-01 9.289722144603729248e-02
3.614646196365356445e-02 4.568351507186889648e-01
1.501592397689819336e-01 6.621636152267456055e-01
5.474272370338439941e-01 6.822124123573303223e-01
9.003351926803588867e-01 7.482610940933227539e-01
5.225704312324523926e-01 1.953817307949066162e-01
1.144627928733825684e-01 1.726063489913940430e-01
7.412004470825195312e-01 1.060458365827798843e-02
8.077901005744934082e-01 1.221442818641662598e-01
5.816050767898559570e-01 4.330066144466400146e-01
2.184012532234191895e-01 9.609101414680480957e-01
7.160661220550537109e-01 9.742680788040161133e-01
3.874204754829406738e-01 7.505978941917419434e-01
3.481191098690032959e-01 7.846000194549560547e-01
2.622356116771697998e-01 2.654327265918254852e-02
6.200114488601684570e-01 7.321939468383789062e-01
6.532899141311645508e-01 7.641057968139648438e-01
1.662044525146484375e-01 4.915531277656555176e-01
8.167432546615600586e-01 5.697230100631713867e-01
2.495719641447067261e-01 4.931105673313140869e-01
9.472337365150451660e-01 9.711124897003173828e-01
5.992261767387390137e-01 6.777412891387939453e-01
8.487029075622558594e-01 2.770055532455444336e-01
9.819199889898300171e-02 9.307665824890136719e-01
7.337039113044738770e-01 4.248523414134979248e-01
5.844004750251770020e-01 1.492893993854522705e-01
7.937010526657104492e-01 9.221206307411193848e-01
8.789098262786865234e-01 6.595284938812255859e-01
7.395711541175842285e-01 7.130060195922851562e-01
8.885692954063415527e-01 7.361645102500915527e-01
6.783701181411743164e-01 9.507976770401000977e-01
4.258205294609069824e-01 1.378276348114013672e-01
9.990112781524658203e-01 3.705548942089080811e-01
4.990300834178924561e-01 7.899363636970520020e-01
8.897908329963684082e-01 1.209199726581573486e-01
7.353051304817199707e-01 8.418026566505432129e-01
1.472765058279037476e-01 9.723779559135437012e-01
8.303997516632080078e-01 4.819956421852111816e-01
7.402653694152832031e-01 9.449060559272766113e-01
7.704870104789733887e-01 7.393610477447509766e-01
4.083824455738067627e-01 5.894021391868591309e-01
8.227441906929016113e-01 5.295054912567138672e-01
4.782599806785583496e-01 5.951318740844726562e-01
7.743024267256259918e-03 1.406543701887130737e-01
9.112163186073303223e-01 9.519787430763244629e-01
8.776953816413879395e-01 3.810078501701354980e-01
5.503339171409606934e-01 2.875132560729980469e-01
5.856256932020187378e-03 8.985819220542907715e-01
8.134460449218750000e-01 9.915964603424072266e-01
5.174342393875122070e-01 7.345346212387084961e-01
4.744611084461212158e-01 3.839814960956573486e-01
8.498206138610839844e-01 2.560706734657287598e-01
1.098412871360778809e-01 5.377732515335083008e-01
1.765029430389404297e-01 5.417008399963378906e-01
1.707912832498550415e-01 6.964222788810729980e-01
3.811338245868682861e-01 6.286356449127197266e-01
3.089570999145507812e-01 2.647489607334136963e-01
4.235271215438842773e-01 8.550910949707031250e-01
8.066619038581848145e-01 5.652573704719543457e-01
9.187897443771362305e-01 7.972816824913024902e-01
9.596150517463684082e-01 4.632016718387603760e-01
3.814354166388511658e-02 6.238561868667602539e-01
1.715686321258544922e-01 7.591027617454528809e-01
8.395025134086608887e-01 1.121288463473320007e-01
4.271824955940246582e-01 4.762181937694549561e-01
7.370858192443847656e-01 3.945274651050567627e-02
6.380155682563781738e-01 9.792805314064025879e-01
3.853406310081481934e-01 6.239124536514282227e-01
6.948627233505249023e-01 8.140677809715270996e-01
1.089254617691040039e-01 8.546686172485351562e-02
5.805644392967224121e-01 5.526002645492553711e-01
3.320887088775634766e-01 6.841162443161010742e-01
4.542118310928344727e-01 6.468746662139892578e-01
4.439416527748107910e-01 6.044991612434387207e-01
8.797264695167541504e-01 2.551032006740570068e-01
4.280003905296325684e-01 7.560406625270843506e-02
9.365654587745666504e-01 1.241831853985786438e-01
1.124872788786888123e-01 6.723786592483520508e-01
4.041592776775360107e-02 8.902683854103088379e-01
6.762747168540954590e-01 8.810690045356750488e-01
3.296470344066619873e-01 3.117328286170959473e-01
9.321116209030151367e-01 8.757274746894836426e-01
3.683853894472122192e-02 5.296841263771057129e-01
7.102657556533813477e-01 6.168279051780700684e-02
4.451714456081390381e-02 4.321423172950744629e-01
9.486186504364013672e-01 7.782989144325256348e-01
6.078879237174987793e-01 6.375008821487426758e-01
9.885604381561279297e-01 1.956400871276855469e-01
9.674371480941772461e-01 5.230419635772705078e-01
8.124018907546997070e-01 2.857835292816162109e-01
4.780764579772949219e-01 4.614935517311096191e-01
2.984980046749114990e-01 1.309967935085296631e-01
2.140770256519317627e-01 1.631817966699600220e-01
3.810231387615203857e-01 5.436280369758605957e-01
8.175548911094665527e-01 9.699317216873168945e-01
1.201369836926460266e-01 2.443843632936477661e-01
7.500256896018981934e-01 5.603529214859008789e-01
4.702572822570800781e-01 6.321629881858825684e-01
1.645562201738357544e-01 1.422921717166900635e-01
4.819278120994567871e-01 2.898570895195007324e-01
3.501939475536346436e-01 4.256287589669227600e-02
1.807974576950073242e-01 7.344184815883636475e-02
8.580868244171142578e-01 7.010734081268310547e-01
7.797318696975708008e-01 4.943168461322784424e-01
8.213492035865783691e-01 2.141374498605728149e-01
2.284821271896362305e-01 2.525742650032043457e-01
9.843759536743164062e-01 2.750343978404998779e-01
1.068066731095314026e-01 5.704443454742431641e-01
1.579890251159667969e-01 2.514678537845611572e-01
3.853163123130798340e-01 3.145100772380828857e-01
1.630928963422775269e-01 5.436003804206848145e-01
2.247900962829589844e-01 5.018559098243713379e-01
5.565788745880126953e-01 1.452215760946273804e-01
4.393317401409149170e-01 2.140963375568389893e-01
7.848275899887084961e-01 3.553961217403411865e-01
9.231095910072326660e-01 2.596502006053924561e-01
1.107128933072090149e-01 5.445613265037536621e-01
2.918335497379302979e-01 3.140231594443321228e-02
1.657810248434543610e-02 5.304290652275085449e-01
6.485207080841064453e-01 1.316364109516143799e-02
7.593167424201965332e-01 3.265648186206817627e-01
6.276070475578308105e-01 9.027819037437438965e-01
8.794603347778320312e-01 6.884019970893859863e-01
4.640946984291076660e-01 6.483831405639648438e-01
9.191368818283081055e-01 3.677789568901062012e-01
4.015109837055206299e-01 1.623695045709609985e-01
5.151625871658325195e-01 6.556324362754821777e-01
1.587036848068237305e-01 3.507621884346008301e-01
3.369617462158203125e-01 2.304648160934448242e-01
6.671500802040100098e-01 4.050814807415008545e-01
2.219965159893035889e-01 5.057603120803833008e-01
8.509277701377868652e-01 5.614615082740783691e-01
8.495136499404907227e-01 4.087124168872833252e-01
9.754202365875244141e-01 5.885009765625000000e-01
6.119434237480163574e-01 5.306292176246643066e-01
3.138255178928375244e-01 5.305843353271484375e-01
4.909770190715789795e-02 3.733980655670166016e-01
6.347048282623291016e-01 1.234370172023773193e-01
2.093659043312072754e-01 3.357627242803573608e-02
5.134291648864746094e-01 7.917559742927551270e-01
9.284037947654724121e-01 1.984033435583114624e-01
3.675647675991058350e-01 9.848796725273132324e-01
8.673494458198547363e-01 8.176553994417190552e-02
8.007989078760147095e-02 2.837406694889068604e-01
3.525781631469726562e-01 6.986813545227050781e-01
9.073548913002014160e-01 1.502745002508163452e-01
5.341207981109619141e-01 4.832378923892974854e-01
4.354923069477081299e-01 9.241041541099548340e-01
1.099685113877058029e-02 9.551769495010375977e-01
5.608919858932495117e-01 5.833753943443298340e-01
3.949265778064727783e-01 5.599679946899414062e-01
5.245271921157836914e-01 8.930141925811767578e-01
4.298109412193298340e-01 9.332931637763977051e-01
3.640217781066894531e-01 3.507243096828460693e-01
3.158269524574279785e-01 2.831339836120605469e-01
5.799335837364196777e-01 7.684659957885742188e-01
6.006268262863159180e-01 9.579104781150817871e-01
7.212505936622619629e-01 2.212912440299987793e-01
7.955189943313598633e-01 5.157515406608581543e-01
4.142595529556274414e-01 9.108939766883850098e-02
2.328434437513351440e-01 7.609593272209167480e-01
7.576742172241210938e-01 4.730054736137390137e-01
8.896661400794982910e-01 9.244078397750854492e-01
7.446812987327575684e-01 3.666660785675048828e-01
4.126782417297363281e-01 6.746900081634521484e-01
3.469100594520568848e-01 7.307709455490112305e-01
3.285570740699768066e-01 6.994193196296691895e-01
6.216055750846862793e-01 4.616177082061767578e-01
7.512649521231651306e-03 5.578678250312805176e-01
2.271019369363784790e-01 8.675839900970458984e-01
8.008930087089538574e-01 9.116289615631103516e-01
5.120520591735839844e-01 7.695138454437255859e-01
7.799407839775085449e-01 3.743405938148498535e-01
4.151773154735565186e-01 5.190821886062622070e-01
9.730673432350158691e-01 7.438628673553466797e-01
1.104640401899814606e-02 1.774086356163024902e-01
1.271368414163589478e-01 7.275562286376953125e-01
9.260656237602233887e-01 3.517663478851318359e-01
4.819858670234680176e-01 7.543942332267761230e-01
2.385167777538299561e-01 9.832541942596435547e-01
1.016841307282447815e-01 1.780513525009155273e-01
9.581617116928100586e-01 7.614580392837524414e-01
6.680674552917480469e-01 2.013616263866424561e-01
7.173379659652709961e-01 7.615109086036682129e-01
5.663616061210632324e-01 7.541143894195556641e-01
8.924915194511413574e-01 7.865525484085083008e-01
6.634663939476013184e-01 1.182570978999137878e-01
1.858291923999786377e-01 1.982615143060684204e-01
4.567659497261047363e-01 5.432716012001037598e-01
3.982634544372558594e-01 7.560935020446777344e-01
2.754848301410675049e-01 9.951075911521911621e-02
1.914581209421157837e-01 8.117746710777282715e-01
5.490733981132507324e-01 5.299487709999084473e-01
8.893861174583435059e-01 3.133457601070404053e-01
7.963019609451293945e-01 3.032318949699401855e-01
4.069644808769226074e-01 8.974705934524536133e-01
1.804044842720031738e-01 4.856936633586883545e-01
8.613201379776000977e-01 7.302702069282531738e-01
5.436370968818664551e-01 7.931768298149108887e-01
6.269160509109497070e-01 5.345674157142639160e-01
5.661124587059020996e-01 5.028669238090515137e-01
1.748752892017364502e-01 6.311888098716735840e-01
6.108756065368652344e-01 8.987660408020019531e-01
3.800088167190551758e-01 1.025216653943061829e-01
3.943750858306884766e-01 2.187611460685729980e-01
4.311971962451934814e-01 2.234907150268554688e-01
8.308644294738769531e-01 9.156851172447204590e-01
4.312363862991333008e-01 2.875558137893676758e-01
4.768683612346649170e-01 3.484444022178649902e-01
9.476962089538574219e-01 3.130700886249542236e-01
2.012312561273574829e-01 7.399511337280273438e-01
3.766696453094482422e-01 2.503713369369506836e-01
8.493365645408630371e-01 8.535255789756774902e-01
4.165012538433074951e-01 5.941178798675537109e-01
6.354302763938903809e-01 3.776902258396148682e-01
9.896962642669677734e-01 5.736037492752075195e-01
8.498487472534179688e-01 9.683014750480651855e-01
6.607073545455932617e-02 1.885455548763275146e-01
1.985571831464767456e-01 1.699627637863159180e-01
4.268557429313659668e-01 8.733202219009399414e-01
9.134215116500854492e-01 2.717599272727966309e-01
4.856937825679779053e-01 7.017435431480407715e-01
5.091371536254882812e-01 9.656638503074645996e-01
5.603358522057533264e-02 3.694050610065460205e-01
6.247427463531494141e-01 8.825895935297012329e-02
9.388405084609985352e-01 7.782783508300781250e-01
7.579748332500457764e-02 6.751075983047485352e-01
9.152935743331909180e-01 5.113681554794311523e-01
6.881242245435714722e-02 7.990502715110778809e-01
8.299726843833923340e-01 5.373468399047851562e-01
2.680720388889312744e-01 9.143475443124771118e-02
5.601727589964866638e-02 6.543297171592712402e-01
9.698003530502319336e-01 9.561544060707092285e-01
6.885049939155578613e-01 4.847674667835235596e-01
1.135384216904640198e-01 5.831742882728576660e-01
8.125601410865783691e-01 9.115416407585144043e-01
2.278662845492362976e-02 6.286714673042297363e-01
9.583544731140136719e-01 5.427128076553344727e-01
6.846095323562622070e-01 9.825362563133239746e-01
8.492660522460937500e-01 4.820727556943893433e-02
7.128747701644897461e-01 7.396255731582641602e-01
6.345486640930175781e-01 2.405275553464889526e-01
7.093003392219543457e-01 2.928244769573211670e-01
5.084903165698051453e-02 9.500790834426879883e-01
3.080488443374633789e-01 5.436377525329589844e-01
9.383977055549621582e-01 9.046068191528320312e-01
3.727620542049407959e-01 7.006283998489379883e-01
1.853342652320861816e-01 3.972547054290771484e-01
4.535429775714874268e-01 6.639915108680725098e-01
7.152967453002929688e-01 5.694788694381713867e-01
4.403195977210998535e-01 1.478191167116165161e-01
8.679654002189636230e-01 9.443325549364089966e-02
8.214984536170959473e-01 5.458152294158935547e-01
6.147655248641967773e-01 1.132175885140895844e-02
2.499823570251464844e-01 9.413545131683349609e-01
4.961195290088653564e-01 4.920715391635894775e-01
4.409480988979339600e-01 9.544394612312316895e-01
6.559321880340576172e-01 2.603958249092102051e-01
8.152323365211486816e-01 3.738477230072021484e-01
6.871222257614135742e-01 7.373062521219253540e-02
1.377689242362976074e-01 8.883579969406127930e-01
4.468379914760589600e-01 9.820467233657836914e-01
8.715409785509109497e-03 6.543989777565002441e-01
6.810988783836364746e-01 2.245985269546508789e-01
4.158495366573333740e-01 3.948828577995300293e-01
3.674656152725219727e-01 4.363929033279418945e-01
8.504608869552612305e-01 3.413963615894317627e-01
7.313764095306396484e-01 3.582248091697692871e-01
5.307077243924140930e-02 3.419460356235504150e-01
3.971660137176513672e-01 6.180962324142456055e-01
5.572591423988342285e-01 5.499588251113891602e-01
4.535604119300842285e-01 8.000304102897644043e-01
8.466126918792724609e-01 2.290640473365783691e-01
1.781239211559295654e-01 7.927044630050659180e-01
9.215130209922790527e-01 3.180893957614898682e-01
5.106325149536132812e-01 5.925642251968383789e-01
9.557145833969116211e-01 4.869429171085357666e-01
6.386069059371948242e-01 9.533417224884033203e-01
1.353715956211090088e-01 5.611108541488647461e-01
7.808164358139038086e-01 4.498899579048156738e-01
5.215258002281188965e-01 9.994604587554931641e-01
7.526311278343200684e-01 9.281688332557678223e-01
8.225003480911254883e-01 1.814209222793579102e-01
3.875917792320251465e-01 8.084701895713806152e-01
1.341541297733783722e-02 3.626157641410827637e-01
2.073368281126022339e-01 6.323615908622741699e-01
8.645101785659790039e-01 7.616451978683471680e-01
3.947916030883789062e-01 9.255958199501037598e-01
3.785778880119323730e-01 8.433781266212463379e-01
6.198281049728393555e-01 3.010104000568389893e-01
3.164578676223754883e-01 6.247256398200988770e-01
7.363874912261962891e-01 9.689354896545410156e-02
7.207344770431518555e-01 4.541797935962677002e-02
7.332220673561096191e-01 9.707081913948059082e-01
6.472474336624145508e-01 7.545669674873352051e-01
7.293761968612670898e-01 1.148286312818527222e-01
4.941830635070800781e-01 6.615921854972839355e-01
8.216829895973205566e-01 3.459605276584625244e-01
5.899750590324401855e-01 1.358751654624938965e-01
2.606621980667114258e-01 6.690686345100402832e-01
5.672428011894226074e-01 1.950358003377914429e-01
6.695004105567932129e-01 7.918560504913330078e-01
1.874127984046936035e-01 8.949017524719238281e-01
3.886253237724304199e-01 7.304973006248474121e-01
4.792615175247192383e-01 8.737577199935913086e-01
9.099279046058654785e-01 7.515364885330200195e-01
3.800791203975677490e-01 2.924376428127288818e-01
7.369091510772705078e-01 7.039406299591064453e-01
5.485336482524871826e-02 5.745987296104431152e-01
9.385132789611816406e-02 1.048924326896667480e-01
2.169582396745681763e-01 6.242242455482482910e-01
6.656873226165771484e-01 2.629527747631072998e-01
9.952164292335510254e-01 2.083706110715866089e-01
7.876086831092834473e-01 7.096928358078002930e-01
5.721330046653747559e-01 7.021154761314392090e-01
5.765876770019531250e-01 1.086156591773033142e-01
9.522588253021240234e-01 4.922422468662261963e-01
8.291490674018859863e-01 4.763278365135192871e-01
6.788278818130493164e-01 2.266394644975662231e-01
1.377835124731063843e-01 3.173605799674987793e-01
2.788456678390502930e-01 7.736927866935729980e-01
8.404830098152160645e-01 6.056862473487854004e-01
7.332602739334106445e-01 9.687866568565368652e-01
8.928517699241638184e-01 1.624691337347030640e-01
5.005908608436584473e-01 4.177696406841278076e-01
5.174509882926940918e-01 4.034039974212646484e-01
5.446833372116088867e-01 8.790044188499450684e-01
9.799277782440185547e-01 1.947540193796157837e-01
6.023814678192138672e-01 4.960657656192779541e-01
5.528659820556640625e-01 6.952974200248718262e-01
6.029000878334045410e-01 9.250446557998657227e-01
9.790785312652587891e-01 3.003295958042144775e-01
6.930195689201354980e-01 4.970175623893737793e-01
3.661445379257202148e-01 7.632423043251037598e-01
9.313719868659973145e-01 5.694611072540283203e-01
4.056770503520965576e-01 3.050166368484497070e-01
3.218283057212829590e-01 5.646051764488220215e-01
5.308032035827636719e-01 7.157651782035827637e-01
3.201781809329986572e-01 6.843916177749633789e-01
7.139943242073059082e-01 9.641450643539428711e-01
4.208569824695587158e-01 8.658835291862487793e-01
8.581828474998474121e-01 1.894128769636154175e-01
5.289165973663330078e-01 5.146167278289794922e-01
4.828228652477264404e-01 2.977850437164306641e-01
8.342517018318176270e-01 1.728166490793228149e-01
3.244855105876922607e-01 7.064213752746582031e-01
9.541909694671630859e-01 1.127153858542442322e-01
8.085161447525024414e-01 2.473787218332290649e-01
3.668249845504760742e-01 2.006312310695648193e-01
6.481884121894836426e-01 2.059329152107238770e-01
3.416736721992492676e-01 6.993414759635925293e-01
1.136029735207557678e-01 5.566925406455993652e-01
6.802248358726501465e-01 3.179314732551574707e-01
1.523525360971689224e-02 2.183137275278568268e-02
7.146553397178649902e-01 2.207014858722686768e-01
4.307774305343627930e-01 1.381829977035522461e-01
6.873783469200134277e-01 3.384979367256164551e-01
5.973962545394897461e-01 5.247538089752197266e-01
8.314840793609619141e-01 2.968645393848419189e-01
3.512923419475555420e-02 1.518213599920272827e-01
7.415907829999923706e-02 2.187191694974899292e-01
5.009666085243225098e-01 4.584399759769439697e-01
7.351177334785461426e-01 3.687509000301361084e-01
6.669134646654129028e-02 6.508355736732482910e-01
4.743293821811676025e-01 6.930429339408874512e-01
8.836023807525634766e-01 2.893521785736083984e-01
4.564892053604125977e-01 3.298767656087875366e-02
8.059602379798889160e-01 7.948380112648010254e-01
5.923857092857360840e-01 9.112228751182556152e-01
2.003900557756423950e-01 7.653900384902954102e-01
2.404197454452514648e-01 9.544094800949096680e-01
6.360424309968948364e-02 7.105038315057754517e-02
6.639240682125091553e-02 2.330876886844635010e-01
6.681283116340637207e-01 3.703736662864685059e-01
6.016817092895507812e-01 7.949989438056945801e-01
3.453640043735504150e-01 3.921991884708404541e-01
8.566089272499084473e-01 5.753270983695983887e-01
9.169623851776123047e-01 6.971204876899719238e-01
2.836015224456787109e-01 4.248377382755279541e-01
2.267854362726211548e-01 7.212959975004196167e-02
5.708090662956237793e-01 8.013229966163635254e-01
1.160277724266052246e-01 1.316152699291706085e-02
6.032696962356567383e-01 1.020708307623863220e-01
9.628260135650634766e-01 3.675792515277862549e-01
1.551097780466079712e-01 9.097480177879333496e-01
6.420797705650329590e-01 2.418249100446701050e-01
5.073530673980712891e-01 9.456793665885925293e-01
5.552219748497009277e-01 9.437317252159118652e-01
6.811113953590393066e-01 3.512930274009704590e-01
8.302871584892272949e-01 4.789172112941741943e-01
5.567401051521301270e-01 8.922882676124572754e-01
6.763429641723632812e-01 6.768900752067565918e-01
4.887261688709259033e-01 9.116925001144409180e-01
5.745946168899536133e-01 1.726980060338973999e-01
6.311267614364624023e-01 4.279954731464385986e-01
8.540143966674804688e-01 1.619381457567214966e-01
6.549096107482910156e-01 2.794578671455383301e-01
1.744894236326217651e-01 1.271454691886901855e-01
2.194548025727272034e-02 5.419686436653137207e-01
8.721240162849426270e-01 5.917899012565612793e-01
5.538563728332519531e-01 7.448649406433105469e-01
9.556707143783569336e-01 3.217413723468780518e-01
1.233129277825355530e-01 8.852235674858093262e-01
2.128654718399047852e-01 4.300163090229034424e-01
9.785109162330627441e-01 2.084131389856338501e-01
2.507306039333343506e-01 7.412099838256835938e-01
4.669380486011505127e-01 3.810603618621826172e-01
6.207829117774963379e-01 6.596981287002563477e-01
4.105390012264251709e-01 1.209985166788101196e-01
5.596300363540649414e-01 9.531748294830322266e-01
7.225540876388549805e-01 7.983431220054626465e-01
7.619634270668029785e-01 7.446587681770324707e-01
6.406458616256713867e-01 9.904653429985046387e-01
