1.450476329773664474e-02 3.663928210735321045e-01
2.418532371520996094e-01 6.067607402801513672e-01
3.028514683246612549e-01 3.936046361923217773e-01
4.435444772243499756e-01 6.705028414726257324e-01
4.928985238075256348e-01 3.769693672657012939e-01
2.500312626361846924e-01 3.082442581653594971e-01
5.645436048507690430e-01 3.735821694135665894e-02
5.041927695274353027e-01 9.909683465957641602e-02
7.744881510734558105e-01 1.328148394823074341e-01
1.795204728841781616e-01 2.939486801624298096e-01
7.104783654212951660e-01 7.405529618263244629e-01
3.551379144191741943e-01 9.555304050445556641e-01
6.422358751296997070e-02 1.757791638374328613e-02
4.120946824550628662e-01 2.093638777732849121e-01
1.191215366125106812e-01 9.985600709915161133e-01
1.283827424049377441e-01 2.742318212985992432e-01
3.518125116825103760e-01 8.984389901161193848e-02
1.875990033149719238e-01 4.131340384483337402e-01
2.610572576522827148e-01 6.939381957054138184e-01
9.554895758628845215e-02 7.622775435447692871e-01
4.273384809494018555e-01 8.609021306037902832e-01
3.291040658950805664e-01 5.232189297676086426e-01
2.495163120329380035e-02 9.713379144668579102e-01
7.365006208419799805e-01 7.258751392364501953e-01
2.240294218063354492e-01 2.136597484350204468e-01
7.127057909965515137e-01 6.811891496181488037e-02
9.240067005157470703e-01 8.799027800559997559e-01
5.673696398735046387e-01 4.991897642612457275e-01
9.392250776290893555e-01 4.269226491451263428e-01
3.384733200073242188e-01 4.911695122718811035e-01
7.239276766777038574e-01 1.002124547958374023e-01
8.255792260169982910e-01 4.860004484653472900e-01
5.228556394577026367e-01 5.782321095466613770e-02
5.762217640876770020e-01 4.373183250427246094e-01
6.822726726531982422e-01 6.945754289627075195e-01
3.264423012733459473e-01 5.191521048545837402e-01
2.060672789812088013e-01 4.974314868450164795e-01
8.719469904899597168e-01 2.353989779949188232e-01
8.968455195426940918e-01 8.398396372795104980e-01
7.407152056694030762e-01 4.887263849377632141e-02
4.021754860877990723e-01 9.770804047584533691e-01
8.624086380004882812e-01 2.030026763677597046e-01
7.408421635627746582e-01 9.508224129676818848e-01
3.707162141799926758e-01 4.192125797271728516e-01
7.453070878982543945e-01 5.435242056846618652e-01
4.471166431903839111e-01 2.346822172403335571e-01
3.977772593498229980e-01 2.247368842363357544e-01
3.889932036399841309e-01 5.308502316474914551e-01
2.443681210279464722e-01 6.507427096366882324e-01
3.326504826545715332e-01 5.733874440193176270e-01
8.706838488578796387e-01 6.078373789787292480e-01
6.346067786216735840e-01 2.908504009246826172e-01
4.032171890139579773e-02 5.026082992553710938e-01
8.348662853240966797e-01 1.259066313505172729e-01
6.837443709373474121e-01 7.455277442932128906e-01
2.222279459238052368e-02 4.335187841206789017e-03
5.094949603080749512e-01 5.249412655830383301e-01
1.144845783710479736e-01 7.523224949836730957e-01
1.807713806629180908e-01 6.773818731307983398e-01
8.915176391601562500e-01 9.452383518218994141e-01
2.517503313720226288e-02 4.921940863132476807e-01
4.182586967945098877e-01 8.872646093368530273e-01
5.389929413795471191e-01 9.138128757476806641e-01
2.388097792863845825e-01 8.479710221290588379e-01
1.784364283084869385e-01 3.342032060027122498e-02
6.525955200195312500e-01 4.688902199268341064e-01
3.643025159835815430e-01 8.259976506233215332e-01
2.746992707252502441e-01 1.637036055326461792e-01
8.462269902229309082e-01 9.154683351516723633e-02
1.079350560903549194e-01 6.601442098617553711e-01
2.783224582672119141e-01 2.462480813264846802e-01
4.421394169330596924e-01 7.580332159996032715e-01
4.135100245475769043e-01 7.971654534339904785e-01
2.320813983678817749e-01 9.179330468177795410e-01
1.345745474100112915e-01 2.894269824028015137e-01
9.652829170227050781e-01 7.975578904151916504e-01
1.191519424319267273e-01 1.074432656168937683e-01
3.904013335704803467e-01 6.257186532020568848e-01
3.216581344604492188e-01 6.089180707931518555e-01
4.929812252521514893e-01 2.398769110441207886e-01
4.082194566726684570e-01 3.212395906448364258e-01
8.435999751091003418e-01 2.039193212985992432e-01
6.252256631851196289e-01 2.089386880397796631e-01
1.247456520795822144e-01 1.582033187150955200e-01
9.786629676818847656e-01 7.611973881721496582e-01
4.353665113449096680e-01 9.554758667945861816e-01
2.591283917427062988e-01 3.808544576168060303e-01
3.725773692131042480e-01 5.561552643775939941e-01
1.382753401994705200e-01 7.468313574790954590e-01
8.789490908384323120e-02 8.963363170623779297e-01
8.348020315170288086e-01 4.991999566555023193e-01
5.996462106704711914e-01 8.062005788087844849e-02
9.414088129997253418e-01 6.042571067810058594e-01
6.242671012878417969e-01 3.581058979034423828e-01
4.758531153202056885e-01 7.445408105850219727e-01
2.603105902671813965e-01 4.412052631378173828e-01
1.281966120004653931e-01 6.818282008171081543e-01
9.151468873023986816e-01 7.164679765701293945e-01
5.490357801318168640e-02 8.614574670791625977e-01
4.020052254199981689e-01 8.633973002433776855e-01
9.332917928695678711e-01 9.277574419975280762e-01
3.333561122417449951e-01 6.585274934768676758e-01
3.122382462024688721e-01 6.601433157920837402e-01
1.350616961717605591e-01 8.896756172180175781e-01
8.214633464813232422e-01 8.805734515190124512e-01
3.533252477645874023e-01 4.965206086635589600e-01
1.698860898613929749e-03 5.410732626914978027e-01
6.639666557312011719e-01 9.547209739685058594e-01
3.273292183876037598e-01 1.776803284883499146e-01
6.002076864242553711e-01 6.651640534400939941e-01
3.102579116821289062e-01 9.668805003166198730e-01
3.915131986141204834e-01 8.619907498359680176e-01
9.370044469833374023e-01 9.672652482986450195e-01
4.745389223098754883e-01 6.497083306312561035e-01
6.829420328140258789e-01 6.589175462722778320e-01
4.672393202781677246e-01 8.907344937324523926e-02
2.165950685739517212e-01 9.485281109809875488e-01
4.342289865016937256e-01 9.942324161529541016e-01
7.234525680541992188e-02 5.160071253776550293e-01
8.116997480392456055e-01 3.409776091575622559e-01
1.512612998485565186e-01 2.778027355670928955e-01
3.586759045720100403e-02 5.018694996833801270e-01
8.543369174003601074e-01 7.659128308296203613e-01
1.388057917356491089e-01 8.794975876808166504e-01
3.175905942916870117e-01 4.035560488700866699e-01
5.613412857055664062e-01 2.437465637922286987e-01
2.488713562488555908e-01 8.588418364524841309e-01
1.001525372266769409e-01 3.497519791126251221e-01
1.484464108943939209e-01 1.663977205753326416e-01
2.947167456150054932e-01 1.345452815294265747e-01
6.203278899192810059e-01 5.150863528251647949e-01
7.023791670799255371e-01 3.347197175025939941e-01
4.173327088356018066e-01 2.020844221115112305e-01
5.114496871829032898e-02 5.099290609359741211e-01
8.203301429748535156e-01 9.318022131919860840e-01
5.623056292533874512e-01 9.616881608963012695e-01
4.919141232967376709e-01 7.391169667243957520e-02
4.648359417915344238e-01 8.327671885490417480e-02
3.837798908352851868e-02 1.888984441757202148e-01
1.275292038917541504e-01 4.542721807956695557e-01
7.533930987119674683e-02 2.788625098764896393e-02
5.606796145439147949e-01 5.527347922325134277e-01
4.852554500102996826e-01 1.416410207748413086e-01
6.011231541633605957e-01 1.112676188349723816e-01
1.118958294391632080e-01 2.242658734321594238e-01
4.229954481124877930e-01 4.714571535587310791e-01
5.301530361175537109e-01 5.896456837654113770e-01
6.703692078590393066e-01 1.913300901651382446e-01
8.671646118164062500e-01 9.221796393394470215e-01
4.980325698852539062e-01 7.298846244812011719e-01
4.877588748931884766e-01 1.902529150247573853e-01
5.052530169486999512e-01 4.785521030426025391e-01
3.143229335546493530e-02 7.683829069137573242e-01
3.504356145858764648e-01 4.546035230159759521e-01
6.100969314575195312e-01 8.180558681488037109e-01
7.531611919403076172e-01 5.326078534126281738e-01
2.974182069301605225e-01 8.992179036140441895e-01
3.862607181072235107e-01 6.669439077377319336e-01
8.604092597961425781e-01 3.458558320999145508e-01
2.386395931243896484e-01 7.946357727050781250e-01
6.570586562156677246e-01 1.610499322414398193e-01
4.726549386978149414e-01 7.232325673103332520e-01
1.503835618495941162e-01 9.342600703239440918e-01
5.583243966102600098e-01 8.516306281089782715e-01
2.614593803882598877e-01 8.358119726181030273e-01
5.358321666717529297e-01 3.050951361656188965e-01
6.148709058761596680e-01 4.066946804523468018e-01
4.240617156028747559e-01 8.748315572738647461e-01
4.045076668262481689e-02 9.700156003236770630e-02
1.746189445257186890e-01 1.537138074636459351e-01
2.518498897552490234e-01 1.077877134084701538e-01
2.797133028507232666e-01 8.593130111694335938e-01
6.162395477294921875e-01 7.264935970306396484e-01
8.978710770606994629e-01 6.794440150260925293e-01
2.831839621067047119e-01 1.049383357167243958e-01
6.421204805374145508e-01 7.911577820777893066e-01
6.615630388259887695e-01 6.520970463752746582e-01
6.796123385429382324e-01 9.363108873367309570e-01
6.211909055709838867e-01 8.363085389137268066e-01
3.207635879516601562e-01 1.279439330101013184e-01
6.421918869018554688e-01 3.482182323932647705e-02
8.528534173965454102e-01 6.693251132965087891e-01
5.766782760620117188e-01 8.916826844215393066e-01
4.183107614517211914e-01 5.134184360504150391e-01
3.590749204158782959e-01 2.115004807710647583e-01
5.913455486297607422e-01 4.256450533866882324e-01
9.702472686767578125e-01 4.628202617168426514e-01
5.816215276718139648e-01 2.867801785469055176e-01
8.909961581230163574e-01 3.280882835388183594e-01
2.479137480258941650e-01 9.800652265548706055e-01
3.153510689735412598e-01 8.473434448242187500e-01
9.951328039169311523e-01 8.195134401321411133e-01
2.756050825119018555e-01 7.302748560905456543e-01
9.529156684875488281e-01 9.529696702957153320e-01
8.920846581459045410e-01 6.937243938446044922e-01
3.214841783046722412e-01 6.652604937553405762e-01
3.267768919467926025e-01 4.715090095996856689e-01
8.695985078811645508e-01 2.317695617675781250e-01
9.776147603988647461e-01 8.708783984184265137e-01
7.315559387207031250e-01 9.981876015663146973e-01
3.112624585628509521e-01 2.492464780807495117e-01
2.650833129882812500e-01 9.769235253334045410e-01
7.220343947410583496e-01 6.732370853424072266e-01
5.052349567413330078e-01 9.256026148796081543e-01
3.734795451164245605e-01 9.472071528434753418e-01
2.260240316390991211e-01 6.507330536842346191e-01
9.382226318120956421e-02 8.159062266349792480e-01
8.116509318351745605e-01 9.234529733657836914e-01
6.973812580108642578e-01 1.054644733667373657e-01
3.156112506985664368e-02 1.953576058149337769e-01
3.529121875762939453e-01 5.712833255529403687e-02
5.186648368835449219e-01 4.839815199375152588e-01
5.793840438127517700e-02 5.743766669183969498e-03
8.128795027732849121e-01 4.313168674707412720e-02
3.067881464958190918e-01 6.258490681648254395e-01
6.157001480460166931e-02 1.274443715810775757e-01
4.845884814858436584e-02 3.383513092994689941e-01
9.110144972801208496e-01 4.902307689189910889e-01
3.183275163173675537e-01 5.130931735038757324e-01
3.581270873546600342e-01 3.924624025821685791e-01
8.332312703132629395e-01 1.025956869125366211e-01
7.526375055313110352e-01 9.489651918411254883e-01
3.097745776176452637e-02 1.484223157167434692e-01
1.725116670131683350e-01 6.752287149429321289e-01
6.549674868583679199e-01 6.037915349006652832e-01
4.628905355930328369e-01 1.857046484947204590e-01
9.019312858581542969e-01 9.771407246589660645e-01
5.187066793441772461e-01 4.182001948356628418e-01
2.844992578029632568e-01 1.699515283107757568e-01
3.033614754676818848e-01 5.923268198966979980e-01
1.194744035601615906e-01 9.129561185836791992e-01
8.165684938430786133e-01 6.748677045106887817e-02
5.524257421493530273e-01 5.723040699958801270e-01
2.402388677000999451e-02 7.959023714065551758e-01
3.037864863872528076e-01 4.061971306800842285e-01
5.921689793467521667e-03 5.313172563910484314e-02
6.051670312881469727e-01 9.018158912658691406e-01
1.638206467032432556e-02 7.902762889862060547e-01
6.769421100616455078e-01 8.504924178123474121e-01
1.757320463657379150e-01 4.229280650615692139e-01
5.209576487541198730e-01 4.762814044952392578e-01
2.142152041196823120e-01 5.434524416923522949e-01
1.080178990960121155e-01 6.600532531738281250e-01
8.037211298942565918e-01 9.976748824119567871e-01
1.286175847053527832e-01 4.251107275485992432e-01
1.354379504919052124e-01 3.287746012210845947e-01
8.913193941116333008e-01 6.358716487884521484e-01
1.482906937599182129e-01 6.092085968703031540e-03
7.262321710586547852e-01 7.478143572807312012e-01
7.100153565406799316e-01 2.766873538494110107e-01
9.871978759765625000e-01 4.543425142765045166e-01
2.824471294879913330e-01 7.949261069297790527e-01
9.134115576744079590e-01 9.705975651741027832e-01
9.534036517143249512e-01 6.086717247962951660e-01
9.467036277055740356e-02 2.025047093629837036e-01
5.519946813583374023e-01 7.625368833541870117e-01
1.265169233083724976e-01 9.440215826034545898e-01
4.039731919765472412e-01 7.908556461334228516e-01
3.650835454463958740e-01 7.164282351732254028e-02
8.909617066383361816e-01 9.001331776380538940e-02
3.668148517608642578e-01 8.872849941253662109e-01
5.053361132740974426e-02 6.667951345443725586e-01
3.164801895618438721e-01 8.232484459877014160e-01
9.835335612297058105e-01 8.061177730560302734e-01
2.131987065076828003e-01 2.603794634342193604e-01
8.949320316314697266e-01 4.064481854438781738e-01
8.140474557876586914e-01 8.804967999458312988e-01
7.836994528770446777e-01 6.390452980995178223e-01
5.639293193817138672e-01 5.797383785247802734e-01
3.773378208279609680e-02 5.648053288459777832e-01
2.144657075405120850e-01 2.782663889229297638e-02
5.486766099929809570e-01 2.077340148389339447e-02
3.669721186161041260e-01 2.802584469318389893e-01
6.920704990625381470e-02 3.983111083507537842e-01
3.002868890762329102e-01 3.894688487052917480e-01
8.440373539924621582e-01 8.105178475379943848e-01
7.563337087631225586e-01 6.276587843894958496e-01
5.342463850975036621e-01 5.510682463645935059e-01
6.470411419868469238e-01 9.042464494705200195e-01
1.266703754663467407e-01 3.038881123065948486e-01
5.540550351142883301e-01 8.186269998550415039e-01
1.973603814840316772e-01 5.731669068336486816e-01
3.034254014492034912e-01 8.914313316345214844e-01
4.195979535579681396e-01 5.397223234176635742e-01
3.429277539253234863e-01 9.416978359222412109e-01
7.562396526336669922e-01 2.114619165658950806e-01
8.356943130493164062e-01 1.450653523206710815e-01
2.104338258504867554e-01 2.182198911905288696e-01
4.258674383163452148e-01 5.389550924301147461e-01
5.064362883567810059e-01 8.797734975814819336e-01
5.590453147888183594e-01 6.716514229774475098e-01
1.739786714315414429e-01 4.439242482185363770e-01
8.710886240005493164e-01 8.663132190704345703e-01
1.898963153362274170e-01 3.607309460639953613e-01
3.274822235107421875e-01 4.009627997875213623e-01
8.785872459411621094e-01 5.754615068435668945e-01
4.603428542613983154e-01 8.408718705177307129e-01
6.837615966796875000e-01 7.603491097688674927e-02
4.877485632896423340e-01 7.935901284217834473e-01
4.474016129970550537e-01 3.322980701923370361e-01
1.668755114078521729e-01 6.590253710746765137e-01
5.646684765815734863e-01 8.038254976272583008e-01
3.123405873775482178e-01 1.159506440162658691e-01
3.598875701427459717e-01 1.065117195248603821e-01
7.533140778541564941e-01 2.946613430976867676e-01
6.091485023498535156e-01 6.487988829612731934e-01
5.325261875987052917e-02 8.178917169570922852e-01
5.453549027442932129e-01 9.499263167381286621e-01
8.455175161361694336e-01 3.812512755393981934e-01
7.007301449775695801e-01 6.841539144515991211e-01
4.982466995716094971e-01 8.952203989028930664e-01
7.001407146453857422e-01 9.738200902938842773e-02
7.411251068115234375e-01 7.354977130889892578e-01
2.858863472938537598e-01 7.567554116249084473e-01
2.372322380542755127e-01 4.419512450695037842e-01
5.415201187133789062e-01 5.373661518096923828e-01
9.507067203521728516e-01 7.542393803596496582e-01
2.028904557228088379e-01 9.071796536445617676e-01
1.854959577322006226e-01 5.300496816635131836e-01
9.771990776062011719e-01 6.660337448120117188e-01
6.566719412803649902e-01 8.333458900451660156e-01
8.058037161827087402e-01 8.718908429145812988e-01
1.173499077558517456e-01 6.508982777595520020e-01
8.438565135002136230e-01 6.737145185470581055e-01
6.131841540336608887e-01 2.556371092796325684e-01
9.900044202804565430e-01 5.391885042190551758e-01
3.666494190692901611e-01 8.959668129682540894e-02
4.395601525902748108e-02 7.007502913475036621e-01
8.538740873336791992e-01 9.385511875152587891e-01
4.792108535766601562e-01 9.851859807968139648e-01
1.139451190829277039e-01 6.990528702735900879e-01
9.873749613761901855e-01 8.327221274375915527e-01
3.026412427425384521e-01 9.881023168563842773e-01
4.736564457416534424e-01 9.593650102615356445e-01
2.514756023883819580e-01 7.809589505195617676e-01
7.168310880661010742e-01 4.075185358524322510e-01
2.935156226158142090e-01 7.354363799095153809e-01
7.444881200790405273e-01 8.195937871932983398e-01
6.984958648681640625e-01 6.189786791801452637e-01
4.684651196002960205e-01 1.194473821669816971e-02
7.985658049583435059e-01 8.731759190559387207e-01
2.903000414371490479e-01 7.332041859626770020e-01
2.866420745849609375e-01 4.753181636333465576e-01
5.265922546386718750e-01 9.675168395042419434e-01
2.807593643665313721e-01 9.585663676261901855e-02
1.404393762350082397e-01 3.901909589767456055e-01
2.320037633180618286e-01 9.485957622528076172e-01
3.421575725078582764e-01 1.287055909633636475e-01
9.222174286842346191e-01 8.935700058937072754e-01
2.094296962022781372e-01 9.760213494300842285e-01
2.770166695117950439e-01 1.919070333242416382e-01
4.727559983730316162e-01 6.654805541038513184e-01
3.190101683139801025e-01 8.940866589546203613e-01
4.265779852867126465e-01 9.365973472595214844e-01
6.789923310279846191e-01 9.232007861137390137e-01
4.614317417144775391e-02 5.639183521270751953e-01
4.305025935173034668e-01 8.471525311470031738e-01
9.334758520126342773e-01 6.962735205888748169e-02
5.299091935157775879e-01 4.342462718486785889e-01
6.086722016334533691e-01 8.852981925010681152e-01
7.942199110984802246e-01 8.773455023765563965e-01
6.768040060997009277e-01 5.934545397758483887e-01
8.711498975753784180e-01 2.589811682701110840e-01
5.690105557441711426e-01 6.527941823005676270e-01
7.915180325508117676e-01 9.971475601196289062e-01
4.785781800746917725e-01 2.188792079687118530e-01
8.658477663993835449e-01 1.363610774278640747e-01
7.784695625305175781e-01 9.284095764160156250e-01
3.038627803325653076e-01 1.193696409463882446e-01
3.406212627887725830e-01 6.337522864341735840e-01
2.079698592424392700e-01 9.594016671180725098e-01
8.464517593383789062e-01 7.806387543678283691e-01
5.256591439247131348e-01 6.182810068130493164e-01
5.445201322436332703e-02 5.401996374130249023e-01
2.813348174095153809e-01 8.942498564720153809e-01
6.438269615173339844e-01 7.610282897949218750e-01
8.705695867538452148e-01 6.774579882621765137e-01
1.207273378968238831e-01 9.687322378158569336e-01
6.761699318885803223e-01 5.893348455429077148e-01
9.715784341096878052e-02 4.290252923965454102e-02
6.479436159133911133e-01 4.791193902492523193e-01
6.708452701568603516e-01 8.641490340232849121e-01
5.400538444519042969e-01 8.779165148735046387e-01
4.462228417396545410e-01 9.198933094739913940e-02
4.344788491725921631e-01 7.873578071594238281e-01
2.596236765384674072e-01 4.089601039886474609e-01
4.816169291734695435e-02 3.694715797901153564e-01
3.622960150241851807e-01 4.736114144325256348e-01
2.925655543804168701e-01 8.673176169395446777e-01
5.425050258636474609e-01 3.935095667839050293e-01
2.415978610515594482e-01 4.420476555824279785e-01
2.888349294662475586e-01 4.887042641639709473e-01
2.086203247308731079e-01 7.765243053436279297e-01
1.061778888106346130e-01 8.061016798019409180e-01
8.086481094360351562e-01 7.871506810188293457e-01
4.914858937263488770e-01 3.821217119693756104e-01
9.388640522956848145e-02 3.890217840671539307e-01
3.567217588424682617e-01 6.408735513687133789e-01
5.803763866424560547e-01 2.985642254352569580e-01
9.595075845718383789e-01 1.235086992383003235e-01
9.062981605529785156e-01 3.160019814968109131e-01
2.601055800914764404e-01 6.450383067131042480e-01
2.496089041233062744e-01 9.780334830284118652e-01
4.292486011981964111e-01 4.831912219524383545e-01
2.825400233268737793e-01 5.261461734771728516e-01
9.370780587196350098e-01 1.997725814580917358e-01
8.393970727920532227e-01 5.684940218925476074e-01
6.625979542732238770e-01 8.108522295951843262e-01
8.502311110496520996e-01 8.714601993560791016e-01
1.635276079177856445e-01 3.102552592754364014e-01
9.309856891632080078e-01 4.675915539264678955e-01
4.084555804729461670e-01 6.837170571088790894e-02
2.870076298713684082e-01 3.436802625656127930e-01
4.334525763988494873e-01 6.019195914268493652e-01
4.894713163375854492e-01 7.427779436111450195e-01
8.788070678710937500e-01 8.041139245033264160e-01
1.619316041469573975e-01 8.501300811767578125e-01
4.767416103277355433e-04 9.840250611305236816e-01
9.700847864151000977e-01 7.474476099014282227e-01
5.595683455467224121e-01 1.737759709358215332e-01
5.449216365814208984e-01 1.193645820021629333e-01
6.901080012321472168e-01 9.210717678070068359e-01
3.799334168434143066e-01 2.383547089993953705e-02
6.643096208572387695e-01 9.563834965229034424e-02
7.963712215423583984e-01 8.673486709594726562e-01
1.371209770441055298e-01 1.796903759241104126e-01
7.941789031028747559e-01 5.143232941627502441e-01
6.065021753311157227e-01 9.599968194961547852e-01
2.385417558252811432e-02 1.113571301102638245e-01
4.897362887859344482e-01 9.243968725204467773e-01
8.085213303565979004e-01 6.110065579414367676e-01
1.410732269287109375e-01 6.561636328697204590e-01
5.196623206138610840e-01 3.826251924037933350e-01
6.353165507316589355e-01 1.327767521142959595e-01
8.031675219535827637e-01 3.551930934190750122e-02
3.397278189659118652e-01 8.411769270896911621e-01
3.956927657127380371e-01 3.722184896469116211e-01
6.087545752525329590e-01 9.085078239440917969e-01
6.278349161148071289e-01 8.992329835891723633e-01
3.872932791709899902e-01 7.148528099060058594e-01
7.974589467048645020e-01 9.671604037284851074e-01
5.050929188728332520e-01 8.623089194297790527e-01
2.007402852177619934e-02 5.656195431947708130e-02
2.691665589809417725e-01 3.357186913490295410e-02
1.563146561384201050e-01 5.940076708793640137e-01
8.093820810317993164e-01 7.025721669197082520e-02
4.946076273918151855e-01 4.609521329402923584e-01
1.484954953193664551e-01 5.364026427268981934e-01
3.946159780025482178e-01 6.293735504150390625e-01
3.634405881166458130e-02 5.172163844108581543e-01
4.279479980468750000e-01 6.685736775398254395e-01
8.100015521049499512e-01 4.766012728214263916e-01
9.663199633359909058e-02 1.709145158529281616e-01
8.555481433868408203e-01 5.879315733909606934e-01
9.168134331703186035e-01 8.687213659286499023e-01
7.267251014709472656e-01 3.896310925483703613e-01
1.238621175289154053e-01 5.482750535011291504e-01
3.558745682239532471e-01 5.017788410186767578e-01
8.675787448883056641e-01 4.806455075740814209e-01
2.273880876600742340e-02 6.007130742073059082e-01
3.576164543628692627e-01 9.833894371986389160e-01
7.443529963493347168e-01 1.463492214679718018e-01
2.084673047065734863e-01 7.013269066810607910e-01
5.322112515568733215e-02 7.694177031517028809e-01
5.088419318199157715e-01 7.538446187973022461e-01
2.686617672443389893e-01 8.323606252670288086e-01
4.509768486022949219e-01 6.060782670974731445e-01
4.965737164020538330e-01 5.288257002830505371e-01
3.565236926078796387e-01 4.747501611709594727e-01
4.848573803901672363e-01 2.071041613817214966e-01
6.415916681289672852e-01 5.381729006767272949e-01
5.523364543914794922e-01 2.286938279867172241e-01
6.344733834266662598e-01 6.957226395606994629e-01
3.912698626518249512e-01 7.438206076622009277e-01
2.471225559711456299e-01 6.922600865364074707e-01
2.990452945232391357e-02 6.006953120231628418e-01
1.768447756767272949e-01 9.923540353775024414e-01
7.461012601852416992e-01 6.784141659736633301e-01
8.719410300254821777e-01 4.693701863288879395e-01
6.128767728805541992e-01 8.045374751091003418e-01
6.874505281448364258e-01 9.363173842430114746e-01
1.205685064196586609e-01 9.494193792343139648e-01
8.231195807456970215e-01 2.010725997388362885e-02
6.910274624824523926e-01 7.887037396430969238e-01
5.305660143494606018e-02 5.914088487625122070e-01
8.752772212028503418e-01 8.198028802871704102e-01
5.428259372711181641e-01 1.155684217810630798e-01
4.033787548542022705e-01 6.232577189803123474e-02
4.099345579743385315e-02 2.037601321935653687e-01
4.519415795803070068e-01 8.064677119255065918e-01
2.192283868789672852e-01 5.691602230072021484e-01
3.964253067970275879e-01 7.020345330238342285e-01
1.938688308000564575e-01 2.726024091243743896e-01
1.470274776220321655e-01 5.520185828208923340e-01
2.375317662954330444e-01 8.716794252395629883e-01
8.644073009490966797e-01 8.026162981986999512e-01
8.274376988410949707e-01 7.864686250686645508e-01
1.257133334875106812e-01 8.945140242576599121e-01
9.628056287765502930e-01 3.566125333309173584e-01
2.552571296691894531e-01 6.383580565452575684e-01
4.100877046585083008e-02 5.793359875679016113e-01
8.170700073242187500e-01 8.275126218795776367e-01
8.886796832084655762e-01 5.653874874114990234e-01
6.111239194869995117e-01 8.602081537246704102e-01
9.882131218910217285e-01 8.305093050003051758e-01
4.919728934764862061e-01 1.784624159336090088e-01
7.455402016639709473e-01 1.198305189609527588e-01
7.167521119117736816e-01 6.469501852989196777e-01
7.330308556556701660e-01 5.428567528724670410e-01
1.697422936558723450e-02 8.269670605659484863e-01
6.059069186449050903e-02 7.972953915596008301e-01
6.279357075691223145e-01 7.542651891708374023e-01
5.257933139801025391e-01 4.309855401515960693e-02
2.509977519512176514e-01 2.159336656332015991e-01
3.085185885429382324e-01 7.296633124351501465e-01
5.654966831207275391e-01 7.858453392982482910e-01
5.591771379113197327e-02 2.128004729747772217e-01
2.340575493872165680e-02 9.628733396530151367e-01
3.130544722080230713e-01 3.349957987666130066e-02
8.091366291046142578e-01 9.047297835350036621e-01
8.456099033355712891e-02 5.128609947860240936e-03
2.144662439823150635e-01 7.874888777732849121e-01
2.884006500244140625e-01 8.374355435371398926e-01
4.958791732788085938e-01 9.149064421653747559e-01
2.404264062643051147e-01 2.494197934865951538e-01
6.938429474830627441e-01 6.384875774383544922e-01
8.179445266723632812e-01 8.450428023934364319e-03
9.367495775222778320e-01 1.382493823766708374e-01
4.371336102485656738e-01 2.095701918005943298e-02
6.820315718650817871e-01 3.643910884857177734e-01
1.088532134890556335e-01 4.501526355743408203e-01
4.848205670714378357e-02 3.882671594619750977e-01
4.962168335914611816e-01 9.480388760566711426e-01
3.369627594947814941e-01 6.140403747558593750e-01
8.123749494552612305e-01 5.418944358825683594e-01
2.583110034465789795e-01 2.312027812004089355e-01
8.179631233215332031e-01 2.409255355596542358e-01
1.322233676910400391e-01 2.972856760025024414e-01
3.407977223396301270e-01 7.963342070579528809e-01
5.037308931350708008e-01 2.880995273590087891e-01
2.108687162399291992e-01 2.285140305757522583e-01
6.463956236839294434e-01 9.104740023612976074e-01
1.211845353245735168e-01 3.791405856609344482e-01
4.521056413650512695e-01 5.841932892799377441e-01
9.070575833320617676e-01 2.532954216003417969e-01
8.956546187400817871e-01 9.843244552612304688e-01
1.251228749752044678e-01 2.437988519668579102e-01
9.183821678161621094e-01 3.505401015281677246e-01
8.736496567726135254e-01 8.756951242685317993e-02
1.321838470175862312e-03 5.043537020683288574e-01
3.592236340045928955e-01 2.443250715732574463e-01
5.836947560310363770e-01 1.039822176098823547e-01
7.713952064514160156e-01 9.715558886528015137e-01
6.852534413337707520e-01 6.135278940200805664e-02
6.732424497604370117e-01 4.301597774028778076e-01
3.552521392703056335e-02 3.363014459609985352e-01
7.589678168296813965e-01 8.414766788482666016e-01
4.423680901527404785e-01 4.715178012847900391e-01
9.148763120174407959e-02 7.831948399543762207e-01
3.635013848543167114e-02 2.200837135314941406e-01
2.142029404640197754e-01 7.930429577827453613e-01
7.877725958824157715e-01 6.431680321693420410e-01
4.352200627326965332e-01 1.435306295752525330e-02
1.215078160166740417e-01 2.820136547088623047e-01
7.181906700134277344e-01 5.018244385719299316e-01
8.198350667953491211e-01 9.716382026672363281e-01
4.606419503688812256e-01 2.731918096542358398e-01
8.898935914039611816e-01 6.254616379737854004e-02
2.351607829332351685e-01 1.919206827878952026e-01
5.481116101145744324e-02 2.123737335205078125e-01
8.129099011421203613e-01 2.790391743183135986e-01
6.023305058479309082e-01 5.764888525009155273e-01
5.972377657890319824e-01 8.026140332221984863e-01
8.667880892753601074e-01 8.360370397567749023e-01
5.181898474693298340e-01 7.616713643074035645e-02
3.688674271106719971e-01 8.632727265357971191e-01
5.807008147239685059e-01 6.452830880880355835e-02
6.824753284454345703e-01 7.613264918327331543e-01
6.288520991802215576e-02 4.731628298759460449e-01
4.430831372737884521e-01 2.391032725572586060e-01
9.727666974067687988e-01 8.560680747032165527e-01
7.138829827308654785e-01 1.449214518070220947e-01
5.726768374443054199e-01 9.949496388435363770e-01
4.095607101917266846e-01 7.770584821701049805e-01
8.254787325859069824e-01 9.106356501579284668e-01
2.636744081974029541e-01 3.861545026302337646e-01
7.208223342895507812e-01 7.292473912239074707e-01
3.443259894847869873e-01 7.123154997825622559e-01
2.439265996217727661e-01 3.942685723304748535e-01
4.171489477157592773e-01 8.094844818115234375e-01
2.810628712177276611e-01 3.671212792396545410e-01
7.630043029785156250e-01 5.720905661582946777e-01
5.716495513916015625e-01 6.482228040695190430e-01
1.476388573646545410e-01 8.585020899772644043e-01
8.685715198516845703e-01 4.811383783817291260e-01
2.175292521715164185e-01 5.782600641250610352e-01
1.586688309907913208e-01 2.962049245834350586e-01
8.473848700523376465e-01 1.370416283607482910e-01
1.923235207796096802e-01 3.011834323406219482e-01
3.475339412689208984e-01 1.159547418355941772e-01
1.200924962759017944e-01 3.635436296463012695e-01
2.941881120204925537e-01 3.772907704114913940e-02
7.985325455665588379e-01 3.969098031520843506e-01
9.238322377204895020e-01 6.790112853050231934e-01
7.041887044906616211e-01 4.264373481273651123e-01
4.349348545074462891e-01 1.253942400217056274e-01
1.164314597845077515e-01 6.164811849594116211e-01
4.957984387874603271e-02 5.052103400230407715e-01
8.138559460639953613e-01 3.117974996566772461e-01
9.161761999130249023e-01 9.085013270378112793e-01
1.856875717639923096e-01 4.615689814090728760e-01
3.940514028072357178e-01 3.144570887088775635e-01
9.572292566299438477e-01 4.346112012863159180e-01
1.944718509912490845e-02 4.104322791099548340e-01
2.853695452213287354e-01 3.990592360496520996e-01
2.590679228305816650e-01 2.775444090366363525e-01
2.761579751968383789e-01 9.201996922492980957e-01
6.225706934928894043e-01 4.045787751674652100e-01
7.713562846183776855e-01 5.213174223899841309e-01
4.971003830432891846e-01 7.574405670166015625e-01
4.587867856025695801e-01 3.477709889411926270e-01
6.417938470840454102e-01 2.913687229156494141e-01
9.090902805328369141e-01 2.213150262832641602e-01
5.802549123764038086e-01 4.366987943649291992e-01
2.876896262168884277e-01 1.898929625749588013e-01
8.655343651771545410e-01 9.070010781288146973e-01
6.679365783929824829e-02 3.434070348739624023e-01
2.746550738811492920e-01 3.143694698810577393e-01
5.021815896034240723e-01 2.156289517879486084e-01
6.417466998100280762e-01 4.584313929080963135e-01
4.822467267513275146e-01 5.346470475196838379e-01
5.816079378128051758e-01 7.854894399642944336e-01
7.067567706108093262e-01 3.677469789981842041e-01
5.494310259819030762e-01 8.019709587097167969e-02
2.818201482295989990e-01 1.141947507858276367e-02
1.395028978586196899e-01 4.552614986896514893e-01
7.924919724464416504e-01 3.940176069736480713e-01
6.893680095672607422e-01 4.551504924893379211e-02
5.910168290138244629e-01 7.075464725494384766e-01
9.310688376426696777e-01 3.418008387088775635e-01
3.693393766880035400e-01 9.445100426673889160e-01
8.863403201103210449e-01 6.614305377006530762e-01
4.290733337402343750e-01 1.090676486492156982e-01
4.828101769089698792e-02 5.598608851432800293e-01
4.036223292350769043e-01 3.035607039928436279e-01
5.415889024734497070e-01 6.989016532897949219e-01
7.288732528686523438e-01 1.472143828868865967e-01
2.141653448343276978e-01 4.233062267303466797e-01
9.371117949485778809e-01 3.881497681140899658e-01
9.069710969924926758e-01 6.828639507293701172e-01
3.777912259101867676e-01 4.268915355205535889e-01
7.158161997795104980e-01 9.035708904266357422e-01
2.170556336641311646e-01 9.608973264694213867e-01
5.523942708969116211e-01 7.883136272430419922e-01
6.570197939872741699e-01 8.617991805076599121e-01
4.514854252338409424e-01 8.974457383155822754e-01
5.403876900672912598e-01 8.220660686492919922e-01
4.994720816612243652e-01 7.149071097373962402e-01
8.216380327939987183e-02 1.492893397808074951e-01
9.909113645553588867e-01 5.987593531608581543e-01
4.512349963188171387e-01 4.419738650321960449e-01
4.847833216190338135e-01 9.706554412841796875e-01
1.326796859502792358e-01 7.865775823593139648e-01
1.678917407989501953e-01 9.024954400956630707e-03
6.300044059753417969e-01 9.579449295997619629e-01
2.062571793794631958e-01 1.587075740098953247e-01
4.901090860366821289e-01 9.097964763641357422e-01
2.307276725769042969e-01 7.357813715934753418e-01
9.887883067131042480e-01 2.664120793342590332e-01
6.332340836524963379e-01 5.226200222969055176e-01
9.094151854515075684e-02 9.886705875396728516e-01
3.303648531436920166e-01 7.438709139823913574e-01
5.453497767448425293e-01 7.959889769554138184e-01
4.440758526325225830e-01 9.564829468727111816e-01
1.850574463605880737e-01 8.853383064270019531e-01
7.619435787200927734e-01 4.739384353160858154e-01
7.388638257980346680e-01 1.661981195211410522e-01
9.594753980636596680e-01 1.170022860169410706e-01
5.025516748428344727e-01 9.697197675704956055e-01
5.766933560371398926e-01 5.789507031440734863e-01
6.786355376243591309e-01 7.142071127891540527e-01
1.568380296230316162e-01 1.491207815706729889e-02
2.357864826917648315e-01 6.029195338487625122e-02
7.231394201517105103e-02 8.378585577011108398e-01
9.823943972587585449e-01 4.186449944972991943e-02
9.208676964044570923e-02 4.348974525928497314e-01
9.177944064140319824e-01 7.167041897773742676e-01
8.442701399326324463e-02 8.929552137851715088e-02
7.243191599845886230e-01 8.006198406219482422e-01
1.340796351432800293e-01 4.545603692531585693e-01
1.852739453315734863e-01 2.362399995326995850e-01
7.084650397300720215e-01 6.131035089492797852e-01
8.386452794075012207e-01 4.568620324134826660e-01
2.204599082469940186e-01 4.885826706886291504e-01
1.732976585626602173e-01 1.496879607439041138e-01
4.798402190208435059e-01 4.879148006439208984e-01
4.595747962594032288e-02 8.581708669662475586e-01
5.871737599372863770e-01 5.681079030036926270e-01
2.463996857404708862e-01 1.001008376479148865e-01
3.148249089717864990e-01 2.762505412101745605e-01
4.041512608528137207e-01 9.934265613555908203e-01
1.998709440231323242e-01 4.253902435302734375e-01
1.138351410627365112e-01 7.802952527999877930e-01
8.801156282424926758e-01 8.097200393676757812e-01
5.036010742187500000e-01 6.556310057640075684e-01
3.180218935012817383e-01 4.990494847297668457e-01
8.205394148826599121e-01 7.372151017189025879e-01
1.589893549680709839e-01 7.388235926628112793e-01
5.168091654777526855e-01 9.850156307220458984e-01
7.391439676284790039e-01 7.116199135780334473e-01
6.120023317635059357e-03 5.117344483733177185e-02
4.991031065583229065e-02 1.147234719246625900e-02
3.468841910362243652e-01 4.822525084018707275e-01
3.539054989814758301e-01 6.316019892692565918e-01
5.969751998782157898e-02 7.018696069717407227e-01
3.792000412940979004e-01 4.641883075237274170e-01
9.862223267555236816e-01 8.081322908401489258e-01
8.093309998512268066e-01 2.761476635932922363e-01
9.743774533271789551e-01 5.292422771453857422e-01
2.251404672861099243e-01 6.044756174087524414e-01
3.481815457344055176e-01 3.931022807955741882e-02
9.944006800651550293e-01 8.194404095411300659e-02
1.190651357173919678e-01 7.204791903495788574e-01
3.478080406785011292e-02 2.426075637340545654e-01
4.406451582908630371e-01 8.377341628074645996e-01
3.392583727836608887e-01 3.208576738834381104e-01
2.967756390571594238e-01 8.110270500183105469e-01
1.053738296031951904e-01 9.532256722450256348e-01
3.397411108016967773e-01 6.272671222686767578e-01
8.067212700843811035e-01 2.179488986730575562e-01
2.639306783676147461e-01 1.431546919047832489e-02
6.469786167144775391e-01 7.891114354133605957e-01
9.660602211952209473e-01 4.173566699028015137e-01
4.267373979091644287e-01 5.280287265777587891e-01
5.017327070236206055e-01 9.506030082702636719e-01
9.874322414398193359e-01 7.697301506996154785e-01
8.788166046142578125e-01 5.518330931663513184e-01
4.351375401020050049e-01 4.847416877746582031e-01
6.472147703170776367e-01 6.529936194419860840e-01
9.233189821243286133e-01 2.193053066730499268e-01
5.014530420303344727e-01 4.005655348300933838e-01
4.739162921905517578e-01 5.233289599418640137e-01
9.378793835639953613e-01 9.017466008663177490e-02
4.204652011394500732e-01 5.204517841339111328e-01
3.019689917564392090e-01 4.634133875370025635e-01
1.133257746696472168e-01 5.748984217643737793e-01
7.354596257209777832e-01 2.787304818630218506e-01
6.501846313476562500e-01 9.926772713661193848e-01
3.327601850032806396e-01 3.969338536262512207e-01
6.167795062065124512e-01 8.830153942108154297e-01
6.010673046112060547e-01 1.493818163871765137e-01
4.703214764595031738e-02 5.726141333580017090e-01
4.823459684848785400e-02 2.618338465690612793e-01
1.341714262962341309e-01 3.788322210311889648e-01
8.964100480079650879e-01 3.259688019752502441e-01
3.952358067035675049e-01 9.610257744789123535e-01
9.440737217664718628e-02 6.953768134117126465e-01
6.449002027511596680e-01 1.148534119129180908e-01
9.853809475898742676e-01 7.531549930572509766e-01
1.085109636187553406e-01 8.657239079475402832e-01
4.068839550018310547e-01 1.796611770987510681e-02
3.415353000164031982e-01 1.105552092194557190e-01
5.246965289115905762e-01 3.153358399868011475e-02
2.921912372112274170e-01 5.323930382728576660e-01
5.041598081588745117e-01 6.591253280639648438e-01
7.834672331809997559e-01 7.743288874626159668e-01
1.202573478221893311e-01 6.831725239753723145e-01
6.784176230430603027e-01 3.994573056697845459e-01
3.871080875396728516e-01 5.947908163070678711e-01
4.880144596099853516e-01 1.488989144563674927e-01
8.290986418724060059e-01 3.029119372367858887e-01
1.093445494771003723e-01 2.974199652671813965e-01
1.530809793621301651e-02 3.999565169215202332e-02
7.531302571296691895e-01 2.599271535873413086e-01
1.926121115684509277e-01 8.930177241563796997e-02
5.816932320594787598e-01 7.989352345466613770e-01
8.612281084060668945e-01 9.234437942504882812e-01
2.169857621192932129e-01 7.208210825920104980e-01
9.924812912940979004e-01 2.252007722854614258e-01
7.345402836799621582e-01 2.945594489574432373e-01
5.933854579925537109e-01 3.929162025451660156e-01
1.455306559801101685e-01 2.832404673099517822e-01
2.279948443174362183e-01 1.236592233180999756e-01
5.602157711982727051e-01 8.828266859054565430e-01
4.303026571869850159e-02 8.722872734069824219e-01
5.467386245727539062e-01 5.082073211669921875e-01
2.753228247165679932e-01 4.619233608245849609e-01
5.655726194381713867e-01 6.902835965156555176e-01
5.660886168479919434e-01 4.208290949463844299e-02
3.879112750291824341e-02 3.309692442417144775e-01
4.991145730018615723e-01 9.316521286964416504e-01
4.925446510314941406e-01 8.515530824661254883e-01
3.351464867591857910e-02 9.181384444236755371e-01
9.226806163787841797e-01 4.046821892261505127e-01
2.695339024066925049e-01 7.057927250862121582e-01
6.729582548141479492e-01 9.628559350967407227e-01
3.447591662406921387e-01 4.732505679130554199e-01
6.093497872352600098e-01 8.053512573242187500e-01
5.279951095581054688e-01 5.717839598655700684e-01
6.605877876281738281e-01 2.315525263547897339e-01
1.008898168802261353e-01 2.914585471153259277e-01
9.219005703926086426e-01 8.794202208518981934e-01
6.899009943008422852e-01 5.517435073852539062e-01
8.404663205146789551e-01 9.173324704170227051e-01
1.471387594938278198e-01 8.734319210052490234e-01
8.356286287307739258e-01 1.729530245065689087e-01
4.524190127849578857e-01 9.930803179740905762e-01
7.943602204322814941e-01 7.767219096422195435e-02
7.962709665298461914e-01 6.473677158355712891e-01
7.413616776466369629e-01 9.699276685714721680e-01
2.484699636697769165e-01 3.006333708763122559e-01
2.330009937286376953e-01 5.999910831451416016e-01
3.357153832912445068e-01 8.480724096298217773e-01
9.833002686500549316e-01 8.938428759574890137e-01
8.653655052185058594e-01 3.384621143341064453e-01
4.747874438762664795e-01 7.371426224708557129e-01
1.250847131013870239e-01 2.955389618873596191e-01
3.235798180103302002e-01 9.910591244697570801e-01
5.891400575637817383e-01 7.532826662063598633e-01
4.843713641166687012e-01 8.056870102882385254e-01
9.473147392272949219e-01 2.520231008529663086e-01
7.011730074882507324e-01 2.040102705359458923e-02
5.754259228706359863e-01 2.616863548755645752e-01
4.769807755947113037e-01 3.169214129447937012e-01
2.273620814085006714e-01 4.404563903808593750e-01
6.368705034255981445e-01 6.923482418060302734e-01
3.678065538406372070e-01 6.611489653587341309e-01
3.943301439285278320e-01 7.513990402221679688e-01
1.377294361591339111e-01 9.013131856918334961e-01
3.042195141315460205e-01 6.780307292938232422e-01
1.945676952600479126e-01 7.860459685325622559e-01
2.414715886116027832e-01 8.265705704689025879e-01
5.274815559387207031e-01 3.764268755912780762e-01
3.721352815628051758e-01 3.557812273502349854e-01
1.709413975477218628e-01 7.725211381912231445e-01
7.145091891288757324e-01 1.281094849109649658e-01
8.377180099487304688e-01 5.959508940577507019e-02
8.543348312377929688e-01 1.892249733209609985e-01
8.887149691581726074e-01 4.057383239269256592e-01
2.626697123050689697e-01 7.324573993682861328e-01
8.898732662200927734e-01 6.107922792434692383e-01
7.164637446403503418e-01 3.008426129817962646e-01
6.800965070724487305e-01 6.918586790561676025e-02
5.335296988487243652e-01 8.515475392341613770e-01
6.731568574905395508e-01 1.237448491156101227e-02
8.377234339714050293e-01 8.139026165008544922e-01
9.254211783409118652e-01 4.097840785980224609e-01
1.665073633193969727e-01 5.110883712768554688e-01
4.379630088806152344e-01 9.014127850532531738e-01
5.288327336311340332e-01 7.242871522903442383e-01
3.992767259478569031e-02 4.866304993629455566e-01
2.677408456802368164e-01 5.435514450073242188e-01
2.951740622520446777e-01 1.192530617117881775e-01
1.518265008926391602e-01 8.486565947532653809e-01
5.553166866302490234e-01 5.718229413032531738e-01
3.442045152187347412e-01 7.659356296062469482e-02
2.278564274311065674e-01 8.043865561485290527e-01
4.107640087604522705e-01 7.573794722557067871e-01
9.111735820770263672e-01 6.272228956222534180e-01
9.635077118873596191e-01 3.088751621544361115e-02
6.622641682624816895e-01 9.038271307945251465e-01
3.502288162708282471e-01 5.642591118812561035e-01
9.449055790901184082e-01 6.459231376647949219e-01
5.187597870826721191e-01 7.741094231605529785e-01
9.699039161205291748e-02 6.591600179672241211e-01
8.812792301177978516e-01 4.369543865323066711e-02
2.775152027606964111e-01 1.314345747232437134e-01
6.918019801378250122e-02 4.997926056385040283e-01
4.621407687664031982e-01 8.514878153800964355e-01
9.485550522804260254e-01 7.657769322395324707e-01
5.915745496749877930e-01 3.903907835483551025e-01
6.329908967018127441e-01 3.735108375549316406e-01
4.389960765838623047e-01 1.527137160301208496e-01
9.038498401641845703e-01 5.444037318229675293e-01
4.761665165424346924e-01 9.693926572799682617e-02
5.369711518287658691e-01 3.215633705258369446e-02
3.880334198474884033e-01 5.688658952713012695e-01
3.235070407390594482e-01 9.855259656906127930e-01
1.908559352159500122e-01 5.496559143066406250e-01
4.939667135477066040e-02 9.033240377902984619e-02
9.125596284866333008e-01 1.216992735862731934e-01
9.445232152938842773e-01 3.558053076267242432e-01
4.705516695976257324e-01 5.739426016807556152e-01
5.157297849655151367e-01 6.747167706489562988e-01
1.223128959536552429e-01 2.685145735740661621e-01
4.295594990253448486e-03 4.563252925872802734e-01
8.697062134742736816e-01 9.073887765407562256e-02
8.699642419815063477e-01 5.823645591735839844e-01
1.547733545303344727e-01 5.308166742324829102e-01
2.876103520393371582e-01 1.232842132449150085e-01
8.946580290794372559e-01 8.301737904548645020e-01
7.259119749069213867e-01 7.875548601150512695e-01
2.206168025732040405e-01 2.652890384197235107e-01
5.265357494354248047e-01 5.542335659265518188e-02
7.878092527389526367e-01 5.031871795654296875e-01
4.117581844329833984e-01 3.706948757171630859e-01
4.065529406070709229e-01 7.322067618370056152e-01
9.228035807609558105e-01 7.434095442295074463e-02
6.500330567359924316e-01 7.810922265052795410e-01
4.793262183666229248e-01 9.348978400230407715e-01
6.135472059249877930e-01 5.547702908515930176e-01
4.392535090446472168e-01 3.092553019523620605e-01
9.112848043441772461e-01 9.836701154708862305e-01
4.271833896636962891e-01 8.045181035995483398e-01
8.241901397705078125e-01 4.389327764511108398e-01
3.420110344886779785e-01 6.176687479019165039e-01
9.388542771339416504e-01 1.489854231476783752e-02
4.888029694557189941e-01 8.959201574325561523e-01
1.464187949895858765e-01 9.840525388717651367e-01
8.886861056089401245e-02 6.707383394241333008e-01
5.279239416122436523e-01 9.330044388771057129e-01
8.948116302490234375e-01 8.678010851144790649e-02
7.201396822929382324e-01 4.676413238048553467e-01
9.175694584846496582e-01 7.320622801780700684e-01
8.393543958663940430e-02 8.682443499565124512e-01
4.991049170494079590e-01 6.005168557167053223e-01
5.676074028015136719e-01 2.227318137884140015e-01
9.148522019386291504e-01 5.716385841369628906e-01
8.624416589736938477e-01 9.006417393684387207e-01
4.074517488479614258e-01 5.585249662399291992e-01
6.259924173355102539e-01 2.098185569047927856e-01
9.840886592864990234e-01 5.231574773788452148e-01
9.478962421417236328e-02 1.807445138692855835e-01
9.513891339302062988e-01 7.017435133457183838e-02
4.397018849849700928e-01 7.845128774642944336e-01
4.566082358360290527e-01 2.222236841917037964e-01
2.417881786823272705e-01 7.500479221343994141e-01
7.544038295745849609e-01 9.934921860694885254e-01
4.726446866989135742e-01 2.366636414080858231e-03
1.420256793498992920e-01 9.124357700347900391e-01
7.075904011726379395e-01 5.369461774826049805e-01
7.680860161781311035e-01 5.696634650230407715e-01
3.647240996360778809e-01 1.739275157451629639e-01
1.969525367021560669e-01 3.064121305942535400e-01
7.677621245384216309e-01 3.656272962689399719e-02
8.899130672216415405e-02 7.340021133422851562e-01
1.844644397497177124e-01 5.870124101638793945e-01
3.937779068946838379e-01 2.344218343496322632e-01
1.663593053817749023e-01 8.217357099056243896e-02
5.241529941558837891e-01 7.074673175811767578e-01
9.931367039680480957e-01 8.106023073196411133e-01
1.106605678796768188e-01 1.255754679441452026e-01
1.566108614206314087e-01 8.640108108520507812e-01
4.911022484302520752e-01 2.235139012336730957e-01
7.880935072898864746e-01 9.869735836982727051e-01
3.126119673252105713e-01 1.066945418715476990e-01
6.217810511589050293e-01 5.281512439250946045e-02
8.296769857406616211e-01 3.630693256855010986e-01
3.013586699962615967e-01 8.176994323730468750e-01
6.593415737152099609e-01 8.699208498001098633e-01
5.780241489410400391e-01 4.446755647659301758e-01
5.206524133682250977e-01 6.416555643081665039e-01
3.588138818740844727e-01 1.035851910710334778e-01
2.855772078037261963e-01 1.508452892303466797e-01
2.325853258371353149e-01 7.699182629585266113e-01
4.707757234573364258e-01 4.391238391399383545e-01
8.842638134956359863e-02 7.704603075981140137e-01
7.510940730571746826e-02 5.388136506080627441e-01
1.918398290872573853e-01 3.441405296325683594e-01
6.125598680227994919e-03 2.330303192138671875e-01
6.956863403320312500e-02 6.433583498001098633e-01
9.249952435493469238e-01 9.438767433166503906e-01
2.347118854522705078e-01 8.841365575790405273e-01
9.316700696945190430e-02 3.125100135803222656e-01
1.551778614521026611e-01 8.978832364082336426e-01
7.280344367027282715e-01 8.702418208122253418e-01
6.780905723571777344e-01 4.741938114166259766e-01
4.476041495800018311e-01 9.939894080162048340e-01
6.521993279457092285e-01 3.961913585662841797e-01
5.804908275604248047e-01 3.622964322566986084e-01
6.072981357574462891e-01 9.546123743057250977e-01
1.277671009302139282e-01 4.347555339336395264e-01
1.376822888851165771e-01 4.292557239532470703e-01
2.403865195810794830e-02 6.757304668426513672e-01
6.832899451255798340e-01 7.179607748985290527e-01
1.084917783737182617e-01 7.236082553863525391e-01
8.025985956192016602e-02 4.353992938995361328e-01
6.304813027381896973e-01 8.726443052291870117e-01
8.131427764892578125e-01 5.471283197402954102e-01
4.099467098712921143e-01 5.133718252182006836e-01
4.590485095977783203e-01 9.153240174055099487e-02
2.829081714153289795e-01 1.203085780143737793e-01
2.531460523605346680e-01 7.533179521560668945e-01
3.055849969387054443e-01 7.842729091644287109e-01
8.244716525077819824e-01 1.362875197082757950e-02
8.311728239059448242e-01 5.928590297698974609e-01
3.186929821968078613e-01 7.142857313156127930e-01
6.003003120422363281e-01 8.131875991821289062e-01
2.391077578067779541e-01 1.616933941841125488e-01
6.743684411048889160e-01 1.949734836816787720e-01
2.792487740516662598e-01 2.389027476310729980e-01
1.957484930753707886e-01 2.228827215731143951e-02
9.140682816505432129e-01 8.042649030685424805e-01
5.987018942832946777e-01 9.298593997955322266e-01
7.650775909423828125e-01 3.802334368228912354e-01
2.632311880588531494e-01 7.946662306785583496e-01
4.232069551944732666e-01 3.316404670476913452e-02
1.494014859199523926e-01 7.594032287597656250e-01
8.648146390914916992e-01 9.849965572357177734e-01
6.102390885353088379e-01 8.477489352226257324e-01
5.474849939346313477e-01 6.256554722785949707e-01
3.697324991226196289e-01 7.393369823694229126e-02
5.895332694053649902e-01 8.919158577919006348e-01
6.778790950775146484e-01 9.958444237709045410e-01
3.285386413335800171e-02 8.655617237091064453e-01
4.219212830066680908e-01 7.397064566612243652e-01
5.803223699331283569e-02 2.357293665409088135e-01
2.714033424854278564e-01 4.940567612648010254e-01
1.629863083362579346e-01 7.740054130554199219e-01
6.985726952552795410e-01 2.470411509275436401e-01
9.761282056570053101e-02 2.015549540519714355e-01
9.706310629844665527e-01 6.130056381225585938e-01
2.345170229673385620e-01 7.395800948143005371e-01
1.475645601749420166e-01 1.399709433317184448e-01
6.708941459655761719e-01 8.256335556507110596e-02
5.949997305870056152e-01 4.105874598026275635e-01
9.261193275451660156e-01 4.393439292907714844e-01
2.854128181934356689e-01 9.996595382690429688e-01
8.596543669700622559e-01 9.968196153640747070e-01
8.740479499101638794e-02 5.740748643875122070e-01
7.319875061511993408e-02 5.382080078125000000e-01
8.632283210754394531e-01 1.220752745866775513e-01
8.752198219299316406e-01 1.065389364957809448e-01
1.622110754251480103e-01 1.898945719003677368e-01
