2.753068460151553154e-03 7.905684709548950195e-01
8.546096086502075195e-01 1.935610324144363403e-01
7.592400908470153809e-01 2.092945426702499390e-01
2.272022813558578491e-01 3.775442242622375488e-01
7.260226011276245117e-01 3.663129508495330811e-01
6.289074420928955078e-01 2.396776825189590454e-01
5.111110806465148926e-01 1.688112616539001465e-01
7.860860228538513184e-01 1.160809695720672607e-01
2.746612131595611572e-01 4.776761233806610107e-01
7.704483270645141602e-01 9.986700415611267090e-01
2.669889926910400391e-01 3.346699103713035583e-02
8.377681970596313477e-01 6.780583858489990234e-01
2.290249802172183990e-02 9.111398458480834961e-01
3.946169614791870117e-01 6.988790035247802734e-01
4.492098391056060791e-01 9.407432079315185547e-01
1.644361019134521484e-01 3.002552986145019531e-01
3.999129235744476318e-01 3.375516235828399658e-01
5.731412172317504883e-01 6.474387645721435547e-02
9.528834819793701172e-01 4.266071617603302002e-01
3.582643270492553711e-01 7.721975445747375488e-01
4.579761028289794922e-01 1.485589891672134399e-01
4.237676858901977539e-01 3.895178139209747314e-01
6.265740394592285156e-01 4.216757714748382568e-01
1.685761362314224243e-01 1.959963142871856689e-01
4.753632843494415283e-02 1.741238087415695190e-01
7.715857028961181641e-01 2.556090354919433594e-01
1.733866333961486816e-01 9.738389402627944946e-02
8.862316608428955078e-01 1.694759130477905273e-01
9.806678891181945801e-01 9.334421753883361816e-01
7.109814882278442383e-01 9.209067225456237793e-01
6.333155632019042969e-01 9.456538408994674683e-02
4.872205853462219238e-01 9.168543815612792969e-01
8.249851465225219727e-01 5.753595232963562012e-01
1.960552036762237549e-01 2.423780709505081177e-01
5.981726646423339844e-01 7.272679209709167480e-01
9.482871890068054199e-01 5.624308586120605469e-01
7.561528682708740234e-01 5.390396714210510254e-01
9.215723276138305664e-01 5.222796201705932617e-01
4.416420459747314453e-01 4.973724484443664551e-02
8.397189378738403320e-01 6.315685510635375977e-01
7.015238404273986816e-01 4.367151856422424316e-01
4.799019694328308105e-01 8.856499195098876953e-01
7.682844400405883789e-01 5.043761730194091797e-01
8.691699504852294922e-01 4.020981192588806152e-01
2.622825503349304199e-01 3.954693302512168884e-02
1.575071066617965698e-01 4.353945255279541016e-01
6.286972761154174805e-01 3.380877524614334106e-02
1.035990566015243530e-01 4.558753967285156250e-01
3.059349954128265381e-01 6.483227014541625977e-01
1.677105873823165894e-01 3.762097656726837158e-01
6.382715106010437012e-01 3.523176908493041992e-01
7.112473994493484497e-02 3.424932956695556641e-01
6.028126478195190430e-01 6.181442141532897949e-01
3.958570957183837891e-01 9.265921115875244141e-01
7.838155627250671387e-01 2.343155741691589355e-01
8.529983758926391602e-01 5.306541323661804199e-01
4.998447895050048828e-01 9.099858403205871582e-01
9.516379833221435547e-01 8.906820416450500488e-02
2.229177802801132202e-01 8.689947128295898438e-01
8.206812739372253418e-01 7.056344747543334961e-01
2.308668792247772217e-01 2.504808604717254639e-01
6.037789955735206604e-02 2.007990702986717224e-02
6.040816307067871094e-01 5.814712643623352051e-01
8.359750509262084961e-01 2.477702200412750244e-01
6.128925681114196777e-01 2.159112989902496338e-01
8.057758808135986328e-01 1.994220763444900513e-01
6.552004814147949219e-01 3.577785193920135498e-01
6.004598140716552734e-01 2.189482562243938446e-02
5.353434681892395020e-01 5.030779838562011719e-01
1.649904996156692505e-01 7.592540979385375977e-02
9.638952016830444336e-01 7.739908695220947266e-01
2.564042806625366211e-01 5.656372308731079102e-01
7.634961605072021484e-01 2.512635430321097374e-03
5.993695259094238281e-01 2.016558498144149780e-01
7.622832655906677246e-01 5.375604629516601562e-01
8.296788334846496582e-01 7.725713849067687988e-01
6.314672231674194336e-01 1.740930825471878052e-01
7.939553260803222656e-01 2.648782916367053986e-02
7.424807548522949219e-01 1.302721500396728516e-01
7.854604125022888184e-01 5.921129584312438965e-01
4.039466977119445801e-01 1.284379959106445312e-01
8.305820822715759277e-01 7.204451560974121094e-01
4.623222947120666504e-01 5.907243490219116211e-01
3.511227071285247803e-01 8.281903862953186035e-01
1.671774196438491344e-03 5.995047688484191895e-01
7.781963944435119629e-01 2.058456391096115112e-01
9.684737920761108398e-01 3.889492750167846680e-01
6.899313926696777344e-01 2.338407337665557861e-01
1.693944334983825684e-01 8.839518427848815918e-01
3.226859271526336670e-01 4.657477736473083496e-01
1.595469713211059570e-01 8.775668740272521973e-01
8.116353154182434082e-01 9.076508283615112305e-01
9.165351837873458862e-02 1.601866185665130615e-01
2.096274197101593018e-01 2.493688464164733887e-01
4.342116415500640869e-01 7.441647052764892578e-01
1.019746959209442139e-01 8.407772779464721680e-01
8.681589961051940918e-01 4.786048531532287598e-01
8.054963350296020508e-01 3.062071800231933594e-01
1.202995479106903076e-01 2.361612617969512939e-01
9.222694635391235352e-01 9.890645146369934082e-01
9.462213516235351562e-01 9.163959622383117676e-01
9.840790629386901855e-01 7.073276489973068237e-02
3.405805230140686035e-01 3.563133180141448975e-01
2.796889282763004303e-02 3.635415732860565186e-01
5.910183787345886230e-01 8.885389566421508789e-01
8.619076013565063477e-01 3.791869282722473145e-01
6.047366857528686523e-01 6.180744767189025879e-01
8.766742795705795288e-02 2.251694053411483765e-01
6.776545047760009766e-01 1.634996086359024048e-01
8.176913857460021973e-01 9.583140611648559570e-01
7.663559317588806152e-01 6.283632516860961914e-01
9.691382646560668945e-01 2.342935800552368164e-01
1.220076978206634521e-01 8.681192994117736816e-01
2.810933291912078857e-01 5.859020948410034180e-01
9.301847815513610840e-01 4.499379098415374756e-01
1.592644751071929932e-01 3.511520028114318848e-01
2.077250927686691284e-01 6.617758274078369141e-01
1.164840236306190491e-01 6.375499814748764038e-02
7.558618187904357910e-01 1.819040030241012573e-01
4.808426201343536377e-01 4.418437182903289795e-01
7.212251424789428711e-01 6.241945028305053711e-01
9.649320840835571289e-01 5.826267600059509277e-02
2.324074208736419678e-01 3.474520742893218994e-01
8.744596838951110840e-01 6.210542917251586914e-01
8.604305386543273926e-01 5.825995802879333496e-01
9.306770563125610352e-01 9.360926151275634766e-01
9.303845167160034180e-01 5.448591113090515137e-01
7.805514931678771973e-01 7.272303104400634766e-01
1.509010046720504761e-01 2.973554432392120361e-01
2.424018830060958862e-02 6.517248153686523438e-01
2.382804453372955322e-01 8.124801516532897949e-01
2.597265541553497314e-01 5.603389739990234375e-01
6.139777302742004395e-01 7.160770893096923828e-01
7.730801105499267578e-01 6.741358339786529541e-02
2.444709390401840210e-01 1.267254203557968140e-01
9.776423573493957520e-01 3.062152564525604248e-01
5.330786705017089844e-01 9.006173610687255859e-01
1.592822670936584473e-01 1.443738788366317749e-01
8.485970497131347656e-01 1.455629616975784302e-01
7.594219446182250977e-01 3.669227361679077148e-01
5.445160865783691406e-01 1.334164142608642578e-01
9.076712727546691895e-01 7.415769100189208984e-01
6.160348057746887207e-01 5.670579671859741211e-01
9.464069008827209473e-01 3.399091064929962158e-01
6.459811329841613770e-01 3.605234622955322266e-01
9.414170384407043457e-01 9.771330952644348145e-01
3.655504286289215088e-01 3.162074983119964600e-01
1.122015491127967834e-01 7.661906480789184570e-01
9.733142703771591187e-02 8.718188405036926270e-01
2.167503237724304199e-01 1.180264800786972046e-01
3.597491085529327393e-01 4.022096693515777588e-01
3.267936408519744873e-02 1.930295675992965698e-01
1.515443176031112671e-01 5.370476245880126953e-01
3.854814171791076660e-01 3.890953958034515381e-01
9.016354084014892578e-01 2.097507864236831665e-01
6.319701075553894043e-01 2.260427623987197876e-01
6.075702309608459473e-01 7.000784873962402344e-01
1.212253496050834656e-01 2.393011301755905151e-01
4.496169686317443848e-01 3.267750144004821777e-01
4.962883293628692627e-01 4.987921714782714844e-01
2.437311559915542603e-01 9.281796216964721680e-01
2.390861660242080688e-01 3.208243101835250854e-02
8.737403750419616699e-01 7.327663302421569824e-01
8.124415278434753418e-01 7.855854928493499756e-02
7.408861517906188965e-01 3.641772642731666565e-02
9.574440121650695801e-01 7.624946236610412598e-01
2.258531600236892700e-01 7.247917652130126953e-01
7.924860715866088867e-01 4.957692921161651611e-01
3.589781224727630615e-01 3.812625408172607422e-01
4.772897362709045410e-01 4.237560629844665527e-01
1.741564869880676270e-01 3.458745479583740234e-01
7.997840046882629395e-01 2.721719741821289062e-01
4.233707785606384277e-01 7.504256963729858398e-01
6.564800739288330078e-01 3.285734653472900391e-01
5.507852435111999512e-01 7.692941427230834961e-01
7.421417832374572754e-01 5.269725322723388672e-01
1.355660557746887207e-01 5.473901629447937012e-01
9.522221237421035767e-02 4.053953289985656738e-01
9.415904879570007324e-01 3.374421969056129456e-02
6.525095701217651367e-01 1.021424084901809692e-01
8.328523635864257812e-01 8.911586999893188477e-01
3.745385110378265381e-01 5.486679822206497192e-02
1.831960976123809814e-01 2.105294913053512573e-01
8.985572457313537598e-01 8.163803219795227051e-01
9.569318890571594238e-01 6.400474905967712402e-01
9.980221986770629883e-01 2.418759614229202271e-01
8.126122951507568359e-01 3.048242628574371338e-01
5.202122330665588379e-01 3.430561721324920654e-01
6.580440402030944824e-01 8.689517378807067871e-01
1.053498759865760803e-01 4.723258018493652344e-01
9.753676652908325195e-01 8.762181401252746582e-01
7.866526842117309570e-01 3.946663439273834229e-02
2.026825249195098877e-01 1.777091175317764282e-01
1.112000569701194763e-01 9.479917287826538086e-01
7.128869891166687012e-01 7.637809962034225464e-02
1.941243372857570648e-02 3.708017766475677490e-01
8.353581428527832031e-01 4.348607957363128662e-01
5.185096859931945801e-01 3.559732139110565186e-01
7.358652353286743164e-01 3.361471891403198242e-01
9.342142343521118164e-01 4.106052517890930176e-01
5.226755142211914062e-01 6.563133001327514648e-01
3.264531195163726807e-01 7.651647329330444336e-01
3.904805481433868408e-01 1.516135782003402710e-01
2.225369662046432495e-01 4.706601053476333618e-02
5.935989022254943848e-01 8.211923241615295410e-01
8.864433169364929199e-01 1.992140114307403564e-01
9.287257790565490723e-01 6.312189102172851562e-01
1.717910468578338623e-01 6.831710934638977051e-01
5.519741177558898926e-01 7.484747767448425293e-01
9.125853776931762695e-01 3.575973510742187500e-01
6.667658686637878418e-01 8.217816948890686035e-01
1.872817426919937134e-01 9.278015494346618652e-01
3.628011643886566162e-01 1.365159004926681519e-01
3.427514731884002686e-01 7.930599451065063477e-01
1.371882557868957520e-01 4.268600046634674072e-01
7.686536908149719238e-01 7.659673094749450684e-01
9.221147298812866211e-01 4.390561282634735107e-01
5.903869867324829102e-01 8.336546421051025391e-01
1.390716433525085449e-01 5.660263895988464355e-01
9.305467009544372559e-01 3.525670990347862244e-02
1.118127536028623581e-02 5.937616229057312012e-01
1.394565552473068237e-01 4.766592383384704590e-01
3.775979280471801758e-01 6.572694182395935059e-01
7.113074064254760742e-01 9.401417374610900879e-01
3.799030482769012451e-01 8.264955878257751465e-01
1.123354658484458923e-01 5.001629590988159180e-01
5.204621553421020508e-01 5.655468255281448364e-02
6.526283025741577148e-01 8.503669500350952148e-01
7.498691082000732422e-01 5.571763515472412109e-01
5.427258610725402832e-01 5.481009483337402344e-01
4.965816736221313477e-01 9.844989180564880371e-01
3.646016716957092285e-01 1.292633712291717529e-01
3.529218435287475586e-01 9.568111896514892578e-01
3.299153149127960205e-01 3.543910086154937744e-01
3.636564910411834717e-01 5.392790436744689941e-01
2.327127903699874878e-01 3.000365197658538818e-01
7.756499052047729492e-01 8.989839553833007812e-01
8.575478792190551758e-01 7.186251282691955566e-01
5.817517042160034180e-01 6.608683466911315918e-01
8.764959573745727539e-01 2.108872383832931519e-01
1.085700988769531250e-01 4.746461212635040283e-01
4.144202768802642822e-01 5.078663825988769531e-01
5.619530677795410156e-01 8.020328283309936523e-01
5.449403524398803711e-01 9.757356047630310059e-01
3.945344984531402588e-01 4.465195834636688232e-01
9.752978682518005371e-01 9.416679739952087402e-01
9.167393445968627930e-01 3.684059083461761475e-01
8.994734287261962891e-01 7.854335904121398926e-01
9.996579885482788086e-01 3.085613846778869629e-01
6.708456873893737793e-01 7.801471948623657227e-01
6.314640045166015625e-01 4.458252787590026855e-01
8.609183430671691895e-01 8.050032854080200195e-01
9.547386765480041504e-01 1.406553685665130615e-01
2.860456109046936035e-01 8.264375925064086914e-01
8.577428460121154785e-01 2.572509050369262695e-01
8.336776494979858398e-01 5.438381433486938477e-01
7.485304474830627441e-01 3.396526575088500977e-01
7.954188585281372070e-01 6.105768680572509766e-01
8.062592744827270508e-01 6.104375720024108887e-01
1.579355262219905853e-02 8.578547835350036621e-01
9.033758044242858887e-01 1.125754490494728088e-01
1.687282770872116089e-01 5.901239514350891113e-01
6.172627806663513184e-01 9.700342267751693726e-02
9.354058653116226196e-02 1.718822419643402100e-01
1.900176052004098892e-03 1.178874969482421875e-01
7.089626044034957886e-02 7.902237176895141602e-01
3.573002815246582031e-01 7.890135645866394043e-01
9.736952185630798340e-01 8.407111763954162598e-01
8.067059516906738281e-02 1.107890307903289795e-01
7.395374178886413574e-01 9.186412096023559570e-01
1.109065636992454529e-01 6.292156577110290527e-01
8.298854827880859375e-01 7.318307161331176758e-01
6.547208875417709351e-02 4.051693677902221680e-01
8.692522048950195312e-01 5.845630168914794922e-01
8.396572433412075043e-03 7.304992079734802246e-01
8.755000829696655273e-01 7.689183354377746582e-01
1.782329827547073364e-01 7.379510998725891113e-01
6.958314776420593262e-01 7.609395980834960938e-01
4.891999959945678711e-01 8.722456693649291992e-01
7.074696421623229980e-01 5.003597140312194824e-01
5.064739584922790527e-01 1.535264551639556885e-01
7.085602879524230957e-01 9.845906496047973633e-01
6.090314686298370361e-02 1.371851563453674316e-01
4.010954797267913818e-01 9.626030325889587402e-01
3.590766191482543945e-01 1.057176664471626282e-01
4.246312379837036133e-01 3.378450497984886169e-02
2.744756042957305908e-01 2.337485738098621368e-02
3.426765501499176025e-01 8.088362216949462891e-01
5.799528583884239197e-02 3.766011893749237061e-01
6.820318102836608887e-01 9.681743383407592773e-01
5.530512928962707520e-01 2.014665752649307251e-01
8.316484093666076660e-01 3.507997989654541016e-01
9.682874083518981934e-01 7.334470152854919434e-01
3.571533262729644775e-01 8.524928092956542969e-01
2.752669155597686768e-01 1.271437257528305054e-01
1.291786581277847290e-01 6.138031482696533203e-01
9.817093610763549805e-01 1.510286182165145874e-01
4.781123399734497070e-01 9.737525582313537598e-01
9.498932957649230957e-01 6.579313874244689941e-01
3.314369320869445801e-01 1.469575166702270508e-01
5.322265625000000000e-02 8.111555576324462891e-01
9.093319177627563477e-01 1.067045331001281738e-01
7.230113148689270020e-01 7.315655946731567383e-01
9.447538852691650391e-02 1.437245905399322510e-01
9.119101762771606445e-01 7.185010910034179688e-01
6.710841655731201172e-01 1.387124657630920410e-01
9.957122802734375000e-01 3.765152692794799805e-01
3.438911736011505127e-01 8.140701651573181152e-01
4.918875098228454590e-01 2.955174744129180908e-01
9.253022074699401855e-02 9.528076648712158203e-01
8.856197595596313477e-01 2.331091761589050293e-01
6.031966805458068848e-01 5.077771544456481934e-01
1.263640820980072021e-01 6.553690433502197266e-01
6.642073988914489746e-01 3.339484035968780518e-01
9.444161653518676758e-01 4.908244013786315918e-01
3.501787483692169189e-01 1.928251795470714569e-02
3.908410072326660156e-01 4.785839021205902100e-01
1.872738152742385864e-01 4.135665893554687500e-01
8.205238729715347290e-02 4.943755567073822021e-01
1.534191612154245377e-02 5.374527573585510254e-01
5.050789117813110352e-01 8.740354776382446289e-01
7.670288085937500000e-01 1.497439295053482056e-01
3.093503415584564209e-01 9.938898086547851562e-01
1.188486143946647644e-01 9.630625247955322266e-01
1.355255246162414551e-01 6.608284115791320801e-01
3.606413304805755615e-01 9.021995663642883301e-01
7.928009033203125000e-01 2.232962697744369507e-01
8.935303092002868652e-01 1.598588563501834869e-02
9.703931808471679688e-01 2.369788438081741333e-01
5.691415667533874512e-01 9.470549821853637695e-01
4.324947297573089600e-01 5.981211662292480469e-01
5.150696635246276855e-01 4.959548413753509521e-01
4.497755467891693115e-01 1.673792600631713867e-01
1.126406416296958923e-01 1.733864098787307739e-01
5.244378447532653809e-01 9.562272429466247559e-01
2.560795545578002930e-01 7.517780065536499023e-01
4.030396938323974609e-01 7.247471213340759277e-01
3.428164720535278320e-01 5.940948724746704102e-01
8.901905417442321777e-01 7.909785509109497070e-01
5.142620205879211426e-01 3.195335268974304199e-01
3.437022566795349121e-01 4.810012280941009521e-01
9.724823236465454102e-01 3.153911232948303223e-01
6.503291130065917969e-01 7.233317494392395020e-01
7.200461030006408691e-01 8.819388747215270996e-01
3.552101552486419678e-01 3.131712377071380615e-01
6.682707071304321289e-01 3.278017938137054443e-01
4.089382588863372803e-01 1.707014045678079128e-03
9.282935261726379395e-01 2.916830480098724365e-01
3.696604669094085693e-01 1.425491571426391602e-01
8.623400330543518066e-01 8.887439966201782227e-01
9.741981029510498047e-01 6.205895543098449707e-01
2.893978357315063477e-01 4.398462176322937012e-01
3.927458822727203369e-01 4.523578658699989319e-02
9.231791496276855469e-01 9.520840048789978027e-01
9.287039041519165039e-01 9.051123261451721191e-01
4.907601773738861084e-01 3.240871727466583252e-01
7.430990934371948242e-01 5.263456702232360840e-01
6.453945040702819824e-01 9.485231041908264160e-01
9.942051768302917480e-01 9.355414509773254395e-01
2.185323536396026611e-01 7.640077471733093262e-01
2.975758612155914307e-01 5.200921297073364258e-01
9.006744623184204102e-01 3.556886315345764160e-01
9.069910645484924316e-01 4.307251796126365662e-02
6.360749006271362305e-01 3.134393990039825439e-01
8.373215198516845703e-01 3.243423998355865479e-01
8.372580409049987793e-01 8.227172493934631348e-01
1.138646528124809265e-01 9.946408867835998535e-01
9.075061678886413574e-01 5.326522886753082275e-02
1.510660052299499512e-01 1.686122119426727295e-01
6.205660700798034668e-01 6.721041202545166016e-01
6.336096525192260742e-01 7.686299681663513184e-01
3.721678853034973145e-01 3.202515244483947754e-01
2.573591768741607666e-01 9.146438539028167725e-02
3.000533580780029297e-02 6.607116013765335083e-02
4.592313766479492188e-01 3.099311888217926025e-01
4.888427257537841797e-01 7.219818830490112305e-01
4.679586738348007202e-03 4.029301702976226807e-01
6.061094403266906738e-01 7.249253988265991211e-01
6.251937747001647949e-01 5.187164545059204102e-01
8.378960490226745605e-01 2.350809127092361450e-01
3.698418736457824707e-01 8.393017053604125977e-01
5.265019536018371582e-01 8.722128868103027344e-01
8.071098923683166504e-01 1.346984319388866425e-02
8.204001188278198242e-01 3.872995376586914062e-01
7.845785617828369141e-01 9.105467200279235840e-01
5.834406018257141113e-01 8.148935437202453613e-01
3.321390748023986816e-01 1.260011196136474609e-01
5.374181866645812988e-01 9.628396630287170410e-01
7.568669319152832031e-01 5.739091634750366211e-01
1.445377320051193237e-01 8.032377958297729492e-01
9.623675942420959473e-01 8.031851053237915039e-01
8.237863183021545410e-01 3.161794245243072510e-01
4.826426208019256592e-01 6.010893583297729492e-01
4.335987865924835205e-01 3.793874010443687439e-02
1.063292250037193298e-01 9.211567640304565430e-01
6.643334031105041504e-01 1.203256919980049133e-01
1.916100829839706421e-01 8.476789295673370361e-02
1.522325277328491211e-01 5.671755075454711914e-01
3.696997761726379395e-01 2.713958323001861572e-01
7.112972140312194824e-01 6.463682055473327637e-01
3.196425437927246094e-01 5.683757066726684570e-01
3.812386095523834229e-01 2.595843970775604248e-01
9.126911759376525879e-01 5.801439881324768066e-01
7.122189402580261230e-01 7.176317274570465088e-02
7.977221906185150146e-02 7.195703387260437012e-01
8.663473725318908691e-01 2.893998622894287109e-01
2.414419800043106079e-01 5.998425483703613281e-01
3.291445970535278320e-01 3.774382472038269043e-01
1.736596971750259399e-01 5.051367282867431641e-01
7.076352238655090332e-01 1.266069412231445312e-01
5.665840581059455872e-02 5.743719935417175293e-01
4.668676853179931641e-02 7.739116996526718140e-02
5.120227932929992676e-01 9.342040419578552246e-01
7.165112346410751343e-02 9.705412983894348145e-01
2.842216789722442627e-01 2.465785890817642212e-01
5.732639431953430176e-01 2.759639918804168701e-01
8.903968334197998047e-01 3.385880291461944580e-01
6.872792541980743408e-02 1.375966072082519531e-01
5.201873779296875000e-01 2.230514585971832275e-01
3.557549417018890381e-01 9.911127090454101562e-01
7.003467082977294922e-01 7.953619360923767090e-01
3.055662810802459717e-01 2.800150215625762939e-01
3.784297108650207520e-01 3.764758631587028503e-02
9.838835000991821289e-01 5.403101444244384766e-02
4.960688054561614990e-01 8.521361351013183594e-01
2.203535288572311401e-01 9.250090718269348145e-01
7.325372099876403809e-01 1.012503057718276978e-01
3.585420921444892883e-02 7.718747258186340332e-01
3.589651733636856079e-02 9.128951430320739746e-01
2.637735903263092041e-01 8.957752585411071777e-01
1.326618790626525879e-01 9.871081709861755371e-01
4.291147589683532715e-01 3.198936879634857178e-01
8.805094957351684570e-01 4.417771697044372559e-01
4.192192256450653076e-01 2.737735211849212646e-01
3.660784065723419189e-01 6.176179647445678711e-01
4.007945954799652100e-01 7.886836677789688110e-02
4.880666136741638184e-01 4.773994386196136475e-01
6.351708769798278809e-01 1.368966978043317795e-02
2.079208046197891235e-01 6.636001914739608765e-02
3.111910820007324219e-01 4.673375487327575684e-01
6.185098290443420410e-01 2.797046899795532227e-01
7.689575105905532837e-02 4.809673428535461426e-01
3.836520612239837646e-01 2.076649516820907593e-01
7.814546227455139160e-01 9.802852869033813477e-01
4.851776063442230225e-01 8.052201271057128906e-01
3.195940852165222168e-01 4.158018827438354492e-01
6.198443770408630371e-01 6.459224969148635864e-02
7.960004210472106934e-01 9.626786112785339355e-01
2.534634470939636230e-01 6.406554579734802246e-01
1.906662881374359131e-01 9.266813993453979492e-01
6.985881924629211426e-02 8.585894703865051270e-01
1.755691617727279663e-01 7.821462154388427734e-01
9.163938164710998535e-01 1.867937296628952026e-01
7.882027626037597656e-01 2.713738083839416504e-01
1.706004142761230469e-01 1.530806124210357666e-01
6.867738962173461914e-01 8.357025384902954102e-01
7.746233046054840088e-02 7.139568328857421875e-01
4.254049360752105713e-01 3.111433982849121094e-01
5.175503492355346680e-01 7.029438018798828125e-02
2.795888483524322510e-01 5.302923917770385742e-01
9.265377521514892578e-01 9.400632977485656738e-01
9.450109601020812988e-01 2.277171984314918518e-02
6.287709474563598633e-01 7.696740627288818359e-01
7.204290628433227539e-01 3.279788792133331299e-01
1.666071116924285889e-01 1.859299540519714355e-01
6.876930594444274902e-02 2.690240740776062012e-01
1.543941944837570190e-01 2.563862204551696777e-01
7.380378246307373047e-01 8.947163224220275879e-01
6.495359539985656738e-01 6.813991665840148926e-01
3.105646371841430664e-01 1.832803897559642792e-02
6.475388407707214355e-01 7.169025540351867676e-01
8.869143128395080566e-01 7.171955108642578125e-01
5.387853980064392090e-01 8.250377178192138672e-01
9.529993869364261627e-03 1.786218136548995972e-01
9.944514632225036621e-01 4.592720046639442444e-02
3.723562955856323242e-01 7.484776973724365234e-01
1.039949133992195129e-01 4.368519186973571777e-01
5.991967916488647461e-01 4.024615883827209473e-01
4.769063889980316162e-01 7.404870390892028809e-01
5.162234306335449219e-01 9.557343721389770508e-01
1.704065799713134766e-01 2.788396179676055908e-01
8.341322541236877441e-01 9.807319641113281250e-01
9.164073467254638672e-01 2.377165704965591431e-01
8.499921560287475586e-01 6.359876394271850586e-01
6.271789073944091797e-01 6.286067962646484375e-01
6.368429660797119141e-01 5.625539422035217285e-01
4.641542434692382812e-01 2.484946995973587036e-01
1.716194152832031250e-01 7.032625675201416016e-01
7.879656553268432617e-01 2.401141673326492310e-01
9.987050890922546387e-01 5.548012256622314453e-01
6.549278497695922852e-01 9.138936996459960938e-01
8.516803383827209473e-01 9.291226267814636230e-01
9.529368579387664795e-02 4.787545502185821533e-01
5.835649967193603516e-01 9.771510362625122070e-01
6.682798862457275391e-01 9.874736070632934570e-01
2.383097410202026367e-01 9.537295699119567871e-01
7.840517759323120117e-01 7.059852480888366699e-01
4.499444663524627686e-01 3.089846372604370117e-01
7.209590822458267212e-02 6.516941189765930176e-01
1.750773638486862183e-01 8.018834590911865234e-01
9.696079045534133911e-02 6.469261050224304199e-01
3.867416977882385254e-01 7.907146215438842773e-01
1.245839595794677734e-01 2.688909769058227539e-01
6.670587062835693359e-01 7.777122855186462402e-01
7.849461436271667480e-01 5.152421593666076660e-01
9.487594962120056152e-01 7.135736346244812012e-01
3.440552651882171631e-01 5.749521255493164062e-01
5.693773031234741211e-01 9.656617641448974609e-01
9.136191606521606445e-01 3.499849140644073486e-01
9.932728409767150879e-01 3.603740409016609192e-02
5.780375003814697266e-01 9.491296410560607910e-01
7.701515555381774902e-01 1.054697781801223755e-01
7.756166458129882812e-01 8.514044284820556641e-01
1.397578418254852295e-01 6.292545199394226074e-01
9.120100140571594238e-01 2.940360084176063538e-02
4.019116759300231934e-01 2.160627841949462891e-01
7.617121934890747070e-02 5.951482057571411133e-01
7.273584604263305664e-01 2.513547837734222412e-01
4.310938715934753418e-01 9.004014730453491211e-01
6.975024938583374023e-01 1.901631504297256470e-01
2.581191360950469971e-01 4.721105396747589111e-01
1.856548786163330078e-01 6.673608422279357910e-01
3.768914639949798584e-01 5.962615013122558594e-01
1.082379929721355438e-02 7.247317433357238770e-01
4.796698987483978271e-01 4.149893298745155334e-02
3.922766447067260742e-02 2.704864144325256348e-01
9.983848333358764648e-01 1.807645708322525024e-01
5.470800399780273438e-01 6.374015212059020996e-01
5.561666488647460938e-01 2.442698180675506592e-01
7.438369393348693848e-01 3.244127333164215088e-01
3.149124383926391602e-01 1.931412667036056519e-01
3.541169762611389160e-01 1.295208185911178589e-01
4.363809227943420410e-01 3.813036382198333740e-01
1.519159674644470215e-01 9.262257814407348633e-01
5.850640535354614258e-01 3.635385632514953613e-01
9.856827855110168457e-01 7.723419070243835449e-01
2.120359688997268677e-01 3.209187686443328857e-01
9.015023708343505859e-01 3.388686478137969971e-01
2.352510988712310791e-01 7.206064462661743164e-01
2.088540792465209961e-01 2.804931700229644775e-01
6.333752870559692383e-01 7.743324637413024902e-01
5.731928348541259766e-01 6.947708725929260254e-01
2.533829538151621819e-03 9.194778800010681152e-01
1.460786256939172745e-02 6.645037792623043060e-03
5.562202259898185730e-02 8.604853749275207520e-01
8.468069434165954590e-01 3.772973418235778809e-01
6.556121706962585449e-01 7.685875296592712402e-01
7.861585617065429688e-01 7.747462391853332520e-01
8.200904726982116699e-01 3.976288139820098877e-01
2.313106656074523926e-01 6.457729339599609375e-01
9.794685244560241699e-01 1.319647878408432007e-01
5.460129380226135254e-01 9.254128336906433105e-01
2.830840945243835449e-01 5.607932209968566895e-01
1.487937718629837036e-01 5.463654994964599609e-01
3.389805853366851807e-01 4.480055868625640869e-01
1.866695433855056763e-01 9.493196010589599609e-01
2.760612666606903076e-01 5.569158196449279785e-01
8.482872247695922852e-01 9.609494805335998535e-01
1.214643791317939758e-01 7.028332352638244629e-01
1.729847043752670288e-01 4.157664179801940918e-01
5.651019215583801270e-01 4.305373728275299072e-01
9.079290181398391724e-02 9.434773325920104980e-01
1.118493229150772095e-01 7.380281686782836914e-01
9.394257664680480957e-01 6.244235634803771973e-01
6.828413009643554688e-01 3.204316794872283936e-01
2.305950410664081573e-02 5.100926756858825684e-01
5.869969129562377930e-01 6.904144883155822754e-01
8.485408425331115723e-01 8.077326416969299316e-01
7.635694742202758789e-01 9.462428092956542969e-01
6.472462415695190430e-01 6.679255962371826172e-01
3.120099753141403198e-02 2.323182299733161926e-02
6.968896985054016113e-01 5.565914511680603027e-01
8.706150054931640625e-01 4.984111785888671875e-01
4.793618917465209961e-01 7.933951020240783691e-01
3.883983008563518524e-03 5.725974440574645996e-01
8.329901844263076782e-02 5.662723779678344727e-01
8.493916392326354980e-01 3.362277448177337646e-01
3.709268867969512939e-01 5.512992739677429199e-01
9.808688163757324219e-01 8.830535411834716797e-01
1.512197107076644897e-01 8.254321813583374023e-01
9.871107935905456543e-01 3.037014901638031006e-01
5.154790878295898438e-01 7.011213898658752441e-01
9.050676822662353516e-01 8.428519368171691895e-01
9.878535866737365723e-01 8.516079932451248169e-02
8.053831458091735840e-01 4.113457202911376953e-01
8.009105920791625977e-01 9.880848526954650879e-01
2.134096063673496246e-02 7.966287732124328613e-01
7.609194517135620117e-02 3.302935883402824402e-02
3.260543644428253174e-01 2.544232830405235291e-02
4.683046638965606689e-01 2.520380020141601562e-01
2.319585531949996948e-01 5.236313343048095703e-01
2.324889898300170898e-01 2.369112968444824219e-01
8.085050433874130249e-02 2.783772647380828857e-01
5.662824511528015137e-01 7.024117112159729004e-01
9.906178116798400879e-01 4.420679211616516113e-01
6.118708848953247070e-02 9.757717847824096680e-01
5.280586704611778259e-02 2.066052705049514771e-01
1.443386673927307129e-01 4.374561607837677002e-01
1.116498839110136032e-02 1.755891442298889160e-01
1.145082712173461914e-01 7.193063497543334961e-01
3.563755750656127930e-01 5.048608779907226562e-01
7.417253851890563965e-01 1.617292612791061401e-01
8.086783289909362793e-01 1.557029131799936295e-02
2.443133145570755005e-01 2.432880848646163940e-01
5.226819515228271484e-01 9.167965054512023926e-01
7.827893495559692383e-01 1.939233243465423584e-01
8.407899737358093262e-01 4.625345468521118164e-01
7.040339112281799316e-01 2.300030291080474854e-01
9.829392433166503906e-01 6.732279658317565918e-01
9.456759691238403320e-01 8.999376296997070312e-01
4.582271352410316467e-02 2.648734152317047119e-01
4.079609811305999756e-01 8.237388134002685547e-01
2.476485371589660645e-01 6.885675191879272461e-01
3.577150106430053711e-01 4.714278876781463623e-01
1.452639847993850708e-01 3.254762291908264160e-01
1.408416330814361572e-01 1.605996936559677124e-01
8.349733948707580566e-01 5.397854372859001160e-02
4.119984507560729980e-01 1.675267070531845093e-01
2.542390674352645874e-02 3.573822602629661560e-02
4.788014888763427734e-01 7.720025777816772461e-01
1.178580969572067261e-01 4.311163425445556641e-01
6.276443004608154297e-01 9.521254897117614746e-01
2.652289718389511108e-02 4.730768501758575439e-01
4.278326630592346191e-01 8.215621709823608398e-01
5.949944257736206055e-01 8.576130270957946777e-01
4.848273694515228271e-01 5.336759090423583984e-01
9.843702316284179688e-01 1.430772095918655396e-01
7.680453062057495117e-01 1.113913953304290771e-01
2.815473079681396484e-01 1.200232375413179398e-02
7.715217471122741699e-01 8.142068982124328613e-01
4.745396077632904053e-01 9.086970686912536621e-01
5.364242792129516602e-01 6.147372722625732422e-01
7.484104633331298828e-01 9.599583745002746582e-01
6.026425957679748535e-01 8.454354405403137207e-01
9.910619854927062988e-01 5.047472119331359863e-01
3.638636469841003418e-01 7.991675287485122681e-02
8.086810261011123657e-02 4.781597256660461426e-01
7.301189899444580078e-01 2.257511317729949951e-01
4.430486559867858887e-01 7.848069667816162109e-01
4.038705490529537201e-03 5.623936057090759277e-01
3.120933473110198975e-01 3.552219271659851074e-01
8.025255203247070312e-01 9.353027343750000000e-01
7.570573687553405762e-01 4.155499041080474854e-01
7.015249133110046387e-01 9.854609370231628418e-01
2.238332629203796387e-01 1.797830462455749512e-01
6.682888865470886230e-01 4.852748811244964600e-01
8.546846508979797363e-01 7.196459770202636719e-01
4.153186976909637451e-01 1.839019209146499634e-01
5.988620519638061523e-01 4.417592287063598633e-01
9.562012553215026855e-01 3.282282650470733643e-01
2.925702929496765137e-01 4.363716244697570801e-01
4.441033601760864258e-01 3.679237961769104004e-01
2.068330645561218262e-01 7.163324952125549316e-01
5.576764941215515137e-01 6.555749773979187012e-01
3.248538672924041748e-01 9.569723606109619141e-01
9.408468008041381836e-02 7.691662907600402832e-01
1.038959547877311707e-01 5.844407081604003906e-01
8.431278169155120850e-03 1.419713199138641357e-01
5.015910044312477112e-02 4.090461432933807373e-01
1.891264691948890686e-02 7.086578607559204102e-01
4.599589109420776367e-01 9.562386870384216309e-01
3.264552950859069824e-01 9.372487664222717285e-01
5.611298680305480957e-01 4.332565665245056152e-01
7.633274793624877930e-01 4.250633120536804199e-01
9.148546457290649414e-01 3.802054226398468018e-01
3.478750288486480713e-01 2.999085485935211182e-01
2.424404770135879517e-01 7.044624686241149902e-01
9.880100488662719727e-01 6.419990062713623047e-01
9.091058373451232910e-01 1.502150893211364746e-01
6.455694437026977539e-01 3.442331403493881226e-02
1.193059831857681274e-01 4.655858874320983887e-01
8.030674420297145844e-03 5.887341499328613281e-01
5.950888991355895996e-02 5.267806649208068848e-01
7.984476163983345032e-03 1.620889604091644287e-01
8.352184295654296875e-01 5.881013274192810059e-01
7.010208964347839355e-01 6.001851558685302734e-01
6.365767717361450195e-01 6.190170049667358398e-01
7.956913709640502930e-01 7.712966799736022949e-01
1.834872066974639893e-01 6.368777155876159668e-02
3.219401538372039795e-01 8.166649341583251953e-01
9.025695323944091797e-01 6.347783654928207397e-02
5.048159509897232056e-02 4.903072118759155273e-01
1.685733199119567871e-01 6.066386699676513672e-01
8.738679289817810059e-01 7.959900498390197754e-01
7.300254106521606445e-01 2.785404026508331299e-01
7.350525856018066406e-01 9.889258742332458496e-01
4.008274078369140625e-01 8.861423283815383911e-02
2.387928068637847900e-01 8.022900223731994629e-01
8.385265469551086426e-01 7.712470740079879761e-02
2.531833350658416748e-01 9.067332148551940918e-01
3.870129883289337158e-01 4.798475205898284912e-01
1.536390632390975952e-01 6.090919375419616699e-01
8.955438733100891113e-01 7.402982115745544434e-01
6.349670886993408203e-01 8.989586234092712402e-01
2.200981229543685913e-01 8.793499469757080078e-01
2.905615270137786865e-01 2.550576031208038330e-01
1.707077175378799438e-01 2.226414829492568970e-01
6.693528890609741211e-01 6.923323273658752441e-01
7.241534590721130371e-01 7.996928095817565918e-01
3.152291774749755859e-01 3.626557588577270508e-01
9.885513186454772949e-01 2.458633929491043091e-01
1.532622724771499634e-01 2.048034071922302246e-01
5.507663488388061523e-01 8.649853467941284180e-01
8.694862127304077148e-01 4.056273400783538818e-01
6.113391518592834473e-01 5.592421293258666992e-01
6.351197957992553711e-01 5.354408025741577148e-01
6.069032549858093262e-01 8.791444897651672363e-01
6.874257326126098633e-01 2.496123611927032471e-01
1.624384224414825439e-01 9.670027494430541992e-01
7.966451644897460938e-01 5.961582064628601074e-01
3.345363438129425049e-01 1.503140181303024292e-01
4.399465620517730713e-01 6.255751252174377441e-01
3.189716041088104248e-01 8.643296957015991211e-01
1.479840129613876343e-01 6.035786867141723633e-01
1.579999774694442749e-01 8.574904203414916992e-01
6.822584867477416992e-01 5.818957686424255371e-01
1.995227485895156860e-01 4.661473333835601807e-01
1.048353910446166992e-01 1.034413129091262817e-01
1.921138316392898560e-01 5.108799934387207031e-01
7.945517301559448242e-01 5.521043203771114349e-03
5.643187090754508972e-02 9.407203197479248047e-01
8.076773881912231445e-01 1.506822854280471802e-01
9.515895843505859375e-01 5.359129309654235840e-01
6.498935818672180176e-01 9.567337036132812500e-01
9.248639345169067383e-01 9.623553156852722168e-01
6.670708060264587402e-01 6.634355783462524414e-01
9.822297692298889160e-01 8.547083139419555664e-01
9.916231632232666016e-01 5.161164999008178711e-01
9.255568981170654297e-01 5.740005150437355042e-02
8.073766827583312988e-01 2.634991109371185303e-01
5.595793724060058594e-01 2.484781295061111450e-01
8.854881525039672852e-01 4.472612440586090088e-01
8.764050155878067017e-02 2.995297610759735107e-01
1.673491597175598145e-01 3.455839753150939941e-01
4.559769332408905029e-01 8.329179286956787109e-01
3.507712483406066895e-01 4.723328649997711182e-01
3.153535723686218262e-02 2.180516161024570465e-02
6.655993461608886719e-01 9.083094447851181030e-02
1.790281534194946289e-01 1.855614185333251953e-01
5.524148344993591309e-01 4.944677352905273438e-01
7.830559015274047852e-01 4.221124574542045593e-02
6.063843965530395508e-01 9.604705572128295898e-01
1.675519496202468872e-01 5.254313349723815918e-01
7.074710726737976074e-01 5.984762683510780334e-02
6.578902006149291992e-01 3.343570232391357422e-02
3.719961941242218018e-01 4.346955716609954834e-01
8.307524323463439941e-01 9.992210268974304199e-01
5.648436956107616425e-03 5.351434946060180664e-01
9.937255978584289551e-01 3.010031580924987793e-01
5.859480500221252441e-01 4.523377120494842529e-02
5.670839175581932068e-02 9.453253746032714844e-01
2.502783834934234619e-01 7.939148545265197754e-01
2.190133631229400635e-01 2.131019830703735352e-01
1.289093345403671265e-01 4.274038672447204590e-01
1.617646962404251099e-01 1.177972182631492615e-02
9.653225541114807129e-01 7.517012953758239746e-01
4.519300460815429688e-01 4.186463356018066406e-01
7.481254339218139648e-01 7.853566408157348633e-01
5.621324181556701660e-01 6.747905611991882324e-01
4.855252802371978760e-02 4.009748399257659912e-01
1.129107177257537842e-02 7.300258614122867584e-03
7.825798392295837402e-01 8.650572299957275391e-01
9.226873517036437988e-01 9.553154706954956055e-01
4.842278361320495605e-01 7.660927176475524902e-01
5.673699378967285156e-01 5.466447472572326660e-01
8.680056780576705933e-02 6.605667620897293091e-02
5.342597961425781250e-01 3.406510651111602783e-01
6.348230242729187012e-01 2.638120651245117188e-01
5.416043996810913086e-01 5.999338030815124512e-01
2.410077005624771118e-01 5.485857129096984863e-01
3.237292170524597168e-01 4.686839282512664795e-01
9.274466037750244141e-01 3.546743988990783691e-01
6.502109766006469727e-02 6.261609792709350586e-01
3.862804174423217773e-01 3.411715328693389893e-01
4.632905125617980957e-02 3.073679506778717041e-01
7.684547901153564453e-01 3.510872423648834229e-01
8.325996994972229004e-01 9.254226088523864746e-01
3.788045942783355713e-01 2.926927804946899414e-01
5.338431894779205322e-02 7.304660081863403320e-01
1.914901137351989746e-01 3.951970040798187256e-01
9.964883923530578613e-01 9.914312362670898438e-01
3.918209671974182129e-01 3.193201124668121338e-01
3.196831420063972473e-02 8.196964263916015625e-01
4.269902408123016357e-01 2.921800911426544189e-01
9.579595327377319336e-01 8.037233948707580566e-01
4.134560227394104004e-01 3.331783413887023926e-01
2.163307815790176392e-01 5.699902176856994629e-01
3.815927803516387939e-01 5.380078554153442383e-01
1.384634524583816528e-01 5.037216544151306152e-01
8.484287858009338379e-01 3.174400329589843750e-01
9.628779292106628418e-01 5.382692217826843262e-01
7.887776494026184082e-01 5.576168894767761230e-01
1.985702365636825562e-01 2.954450547695159912e-01
9.730345010757446289e-02 6.333943009376525879e-01
9.032868146896362305e-01 8.518930673599243164e-01
6.443029046058654785e-01 9.586325883865356445e-01
1.386195234954357147e-02 4.768193960189819336e-01
3.634112477302551270e-01 3.926715254783630371e-02
5.933381915092468262e-01 8.595115542411804199e-01
4.345793277025222778e-02 1.408618874847888947e-03
3.240896463394165039e-01 8.156090974807739258e-01
2.382299005985260010e-01 2.006286084651947021e-01
9.347829818725585938e-01 3.188268244266510010e-01
3.435605764389038086e-01 7.641303539276123047e-01
9.471518993377685547e-01 8.153993636369705200e-02
1.520279943943023682e-01 9.614321589469909668e-01
4.978927075862884521e-01 2.252378314733505249e-01
9.920325875282287598e-01 6.364786624908447266e-01
7.517170310020446777e-01 4.389284253120422363e-01
7.584702372550964355e-01 3.854680359363555908e-01
5.837618708610534668e-01 3.705879151821136475e-01
4.522766545414924622e-02 8.978619575500488281e-01
9.978450536727905273e-01 4.835804924368858337e-02
4.307843446731567383e-01 6.049696803092956543e-01
1.108221337199211121e-01 3.462466597557067871e-01
5.203601121902465820e-01 5.020500421524047852e-01
7.806096971035003662e-02 6.385782957077026367e-01
3.993830382823944092e-01 4.950841069221496582e-01
4.435465633869171143e-01 2.581161558628082275e-01
9.136293530464172363e-01 1.888669729232788086e-01
6.892425417900085449e-01 4.386971294879913330e-01
7.247278094291687012e-01 9.063372611999511719e-01
9.368265271186828613e-01 3.354385495185852051e-01
9.236608743667602539e-01 8.421718478202819824e-01
4.148131310939788818e-01 7.313097119331359863e-01
3.359374403953552246e-02 6.557549834251403809e-01
4.088164269924163818e-01 2.422634512186050415e-01
1.091342717409133911e-01 3.725372254848480225e-01
9.382156729698181152e-01 9.814640283584594727e-01
7.025813460350036621e-01 4.149845540523529053e-01
1.058185026049613953e-01 9.006909132003784180e-01
8.636506795883178711e-01 6.789333373308181763e-02
6.492256522178649902e-01 4.496334791183471680e-01
7.408038377761840820e-01 4.218689203262329102e-01
4.421148598194122314e-01 4.099170863628387451e-01
5.610265731811523438e-01 3.268184065818786621e-01
2.924904525279998779e-01 6.232588291168212891e-01
3.223634660243988037e-01 4.106972217559814453e-01
8.231547474861145020e-01 6.461274027824401855e-01
6.901246309280395508e-01 9.350857734680175781e-01
6.974061131477355957e-01 1.016017347574234009e-01
8.384364843368530273e-01 4.608111083507537842e-01
2.263650745153427124e-01 8.643729686737060547e-01
7.025170922279357910e-01 4.128420650959014893e-01
6.833000779151916504e-01 4.617908000946044922e-01
2.824862301349639893e-01 2.839212119579315186e-01
1.447056680917739868e-01 2.015750706195831299e-01
8.875337988138198853e-02 7.230951637029647827e-02
3.485767841339111328e-01 2.186665982007980347e-01
4.185382127761840820e-01 4.288261756300926208e-02
6.890153884887695312e-01 2.130837738513946533e-01
7.388140559196472168e-01 2.921874523162841797e-01
2.776760756969451904e-01 5.260202884674072266e-01
8.738128542900085449e-01 9.206477403640747070e-01
3.819182813167572021e-01 1.701812744140625000e-01
2.184840887784957886e-01 5.412025451660156250e-01
8.143815398216247559e-01 4.373489320278167725e-01
2.622371315956115723e-01 2.818357050418853760e-01
4.120509922504425049e-01 7.452128529548645020e-01
4.390989243984222412e-02 7.838480472564697266e-01
9.009187221527099609e-01 9.520113468170166016e-01
5.092162489891052246e-01 1.878576129674911499e-01
1.732853204011917114e-01 6.971234679222106934e-01
8.299336433410644531e-01 3.514928817749023438e-01
2.504875957965850830e-01 4.538660347461700439e-01
7.259263098239898682e-02 1.112484335899353027e-01
5.764126777648925781e-01 7.401154637336730957e-01
5.608499646186828613e-01 5.536904335021972656e-01
1.451405286788940430e-01 2.745413780212402344e-01
9.439199566841125488e-01 3.909526169300079346e-01
1.600269600749015808e-02 2.491381913423538208e-01
9.570552110671997070e-01 4.323420524597167969e-01
1.568969339132308960e-01 5.819671750068664551e-01
6.372849941253662109e-01 7.633064985275268555e-01
1.513261944055557251e-01 9.460951089859008789e-01
8.808496594429016113e-01 1.711736619472503662e-01
9.691721200942993164e-01 8.920434117317199707e-01
5.544652342796325684e-01 6.494956612586975098e-01
3.358532190322875977e-01 2.401205599308013916e-01
8.372030854225158691e-01 5.194572731852531433e-02
9.816640615463256836e-01 2.153669483959674835e-02
1.855004429817199707e-01 5.145744085311889648e-01
8.221877813339233398e-01 1.221920326352119446e-01
1.295964866876602173e-01 2.855269312858581543e-01
2.454607486724853516e-01 3.692834675312042236e-01
7.104640007019042969e-01 3.820510208606719971e-01
2.116695344448089600e-01 3.897983133792877197e-01
1.276809424161911011e-01 8.624711632728576660e-01
6.139573454856872559e-01 8.586831688880920410e-01
6.186537146568298340e-01 7.061561346054077148e-01
6.137644052505493164e-01 1.054204925894737244e-01
2.613560557365417480e-01 1.601473777554929256e-03
2.353127449750900269e-01 8.180817961692810059e-01
4.142898321151733398e-01 3.354826867580413818e-01
3.193077445030212402e-01 4.420019313693046570e-02
9.501393437385559082e-01 2.928973734378814697e-01
3.479584753513336182e-01 5.259239673614501953e-01
1.283043622970581055e-01 8.887900710105895996e-01
9.625349044799804688e-01 2.440557777881622314e-01
4.362390041351318359e-01 2.959690093994140625e-01
8.011147975921630859e-01 7.695963978767395020e-01
2.795619070529937744e-01 4.417482614517211914e-01
6.540225744247436523e-01 3.667281270027160645e-01
7.311151623725891113e-01 7.006471157073974609e-01
8.160946965217590332e-01 6.121804118156433105e-01
4.888893067836761475e-01 3.257160186767578125e-01
8.412255644798278809e-01 6.566498279571533203e-01
9.407715797424316406e-01 2.629019878804683685e-02
3.368419706821441650e-01 1.084333881735801697e-01
7.720754146575927734e-01 4.456198811531066895e-01
6.107391715049743652e-01 5.283721685409545898e-01
8.548628687858581543e-01 6.507233977317810059e-01
7.237983942031860352e-01 4.926242530345916748e-01
6.147509217262268066e-01 7.994620800018310547e-01
1.914903074502944946e-01 5.044763684272766113e-01
8.350765705108642578e-01 2.872788310050964355e-01
4.377195537090301514e-01 8.072566986083984375e-01
6.002926826477050781e-01 4.020825028419494629e-01
9.594130516052246094e-01 4.143646955490112305e-01
6.114900708198547363e-01 2.006888836622238159e-01
8.872665166854858398e-01 1.559685636311769485e-02
2.214121818542480469e-01 5.877540707588195801e-01
8.183073252439498901e-03 8.129546791315078735e-02
3.365703225135803223e-01 5.858451724052429199e-01
1.693726032972335815e-01 9.319176673889160156e-01
4.269925653934478760e-01 4.088749587535858154e-01
9.454103708267211914e-01 6.051158308982849121e-01
7.064936161041259766e-01 1.628783941268920898e-01
8.611836433410644531e-01 1.774613857269287109e-01
3.592893108725547791e-02 5.174977779388427734e-01
9.456897974014282227e-01 2.927730381488800049e-01
8.591128587722778320e-01 3.435933291912078857e-01
9.889878034591674805e-01 3.612545505166053772e-02
7.601477205753326416e-02 3.542424142360687256e-01
4.948756694793701172e-01 8.685326576232910156e-01
9.556303620338439941e-01 7.158666849136352539e-01
2.407117635011672974e-01 4.094446897506713867e-01
4.162111505866050720e-02 3.705406785011291504e-01
2.682160139083862305e-01 4.002489447593688965e-01
8.484222888946533203e-01 1.885372251272201538e-01
5.366449356079101562e-01 9.029127359390258789e-01
8.039336800575256348e-01 5.332374572753906250e-01
3.328927559778094292e-03 7.557018995285034180e-01
6.046345233917236328e-01 8.811718225479125977e-01
9.491738677024841309e-01 2.444479167461395264e-01
1.420309394598007202e-01 4.845404922962188721e-01
3.971053659915924072e-02 9.788597822189331055e-01
9.881971478462219238e-01 5.544578433036804199e-01
3.048252463340759277e-01 5.299111083149909973e-02
5.050122141838073730e-01 2.668828666210174561e-01
8.789532184600830078e-01 7.554491758346557617e-01
7.019520401954650879e-01 5.994573235511779785e-01
7.470097392797470093e-02 3.879212141036987305e-01
3.027217090129852295e-01 6.798613071441650391e-01
8.769448399543762207e-01 8.607706427574157715e-01
8.460417389869689941e-01 6.348225474357604980e-01
1.183391436934471130e-01 4.058893918991088867e-01
5.490801334381103516e-01 3.639645874500274658e-01
8.163204789161682129e-01 6.226223111152648926e-01
8.654647469520568848e-01 2.761805653572082520e-01
6.355425119400024414e-01 9.745005965232849121e-01
5.236063003540039062e-01 8.540648221969604492e-01
1.094452515244483948e-01 4.502399265766143799e-01
5.106317400932312012e-01 4.393023550510406494e-01
2.299133241176605225e-01 6.358264088630676270e-01
5.064318776130676270e-01 1.239984780550003052e-01
1.590064167976379395e-01 6.459645628929138184e-01
4.882311522960662842e-01 3.507327139377593994e-01
6.138508319854736328e-01 7.050662040710449219e-01
2.982774190604686737e-02 8.872553110122680664e-01
4.542760848999023438e-01 1.578885167837142944e-01
9.760504364967346191e-01 3.105929493904113770e-01
7.462334632873535156e-01 2.861966490745544434e-01
9.077144861221313477e-01 5.046541094779968262e-01
8.541469462215900421e-03 1.694700308144092560e-02
2.179163396358489990e-01 8.897142112255096436e-02
2.878407239913940430e-01 8.514251112937927246e-01
4.176928102970123291e-01 8.765465021133422852e-01
2.941814064979553223e-01 2.041346728801727295e-01
6.061405539512634277e-01 5.814283490180969238e-01
3.994128108024597168e-01 9.417992234230041504e-01
8.210954666137695312e-01 6.144405007362365723e-01
5.591291785240173340e-01 9.827566146850585938e-02
4.180386364459991455e-01 5.118341371417045593e-02
4.213140308856964111e-01 7.747008800506591797e-01
4.455778598785400391e-01 5.971291661262512207e-01
5.245909094810485840e-01 9.198182821273803711e-01
3.259164392948150635e-01 3.012822270393371582e-01
3.220205903053283691e-01 5.302691459655761719e-01
9.143531918525695801e-01 7.744391560554504395e-01
6.971706449985504150e-02 7.311730384826660156e-01
7.115225195884704590e-01 7.129665613174438477e-01
2.316672056913375854e-01 5.542840361595153809e-01
1.781540066003799438e-01 4.390737712383270264e-01
3.177233934402465820e-01 1.724804639816284180e-01
9.171836972236633301e-01 4.440329968929290771e-02
4.654275476932525635e-01 6.374967098236083984e-01
9.127931594848632812e-01 3.586906194686889648e-01
1.489202529191970825e-01 4.437620937824249268e-01
4.276407957077026367e-01 2.775322794914245605e-01
3.323969244956970215e-01 5.745748877525329590e-01
7.257666587829589844e-01 9.878152608871459961e-02
1.220812276005744934e-01 8.461493998765945435e-02
3.920203074812889099e-03 3.555586189031600952e-02
2.734285593032836914e-01 3.970371186733245850e-01
2.442349344491958618e-01 8.595800995826721191e-01
9.332720041275024414e-01 5.958482027053833008e-01
4.498432204127311707e-02 4.825306241400539875e-04
7.247883677482604980e-01 3.499375879764556885e-01
3.697723448276519775e-01 1.673962473869323730e-01
9.770426154136657715e-01 9.518565535545349121e-01
5.642297267913818359e-01 7.376776337623596191e-01
1.645815521478652954e-01 3.124189376831054688e-01
7.556422948837280273e-01 8.118590116500854492e-01
5.226817131042480469e-01 9.373779594898223877e-02
7.895765900611877441e-01 5.219815969467163086e-01
4.546269774436950684e-01 1.883326768875122070e-01
4.116337746381759644e-02 6.224603652954101562e-01
9.146292805671691895e-01 5.004189908504486084e-02
8.511866927146911621e-01 9.291963577270507812e-01
3.341943323612213135e-01 3.689756691455841064e-01
5.432921648025512695e-01 8.812399506568908691e-01
9.242786765098571777e-01 6.726483702659606934e-01
9.644926190376281738e-01 4.569740295410156250e-01
