2.500891089439392090e-01 9.536470174789428711e-01
6.102205514907836914e-01 8.946834206581115723e-01
2.714724242687225342e-01 9.445118308067321777e-01
2.457770109176635742e-01 5.098675489425659180e-01
5.490578413009643555e-01 6.597858667373657227e-01
3.365517854690551758e-01 5.699905157089233398e-01
2.006728202104568481e-01 9.842221736907958984e-01
6.072105169296264648e-01 4.784148931503295898e-01
3.439899981021881104e-01 6.283456683158874512e-01
8.151724338531494141e-01 9.691091775894165039e-01
4.579589068889617920e-01 5.254436135292053223e-01
5.783824920654296875e-01 8.931083083152770996e-01
9.475415349006652832e-01 1.391267925500869751e-01
1.979758143424987793e-01 3.192850947380065918e-02
7.887209653854370117e-01 2.352361828088760376e-01
4.850705862045288086e-01 2.548933923244476318e-01
2.797890007495880127e-01 8.946245908737182617e-01
3.835391998291015625e-01 7.366673350334167480e-01
7.231155037879943848e-01 5.485666394233703613e-01
1.806023530662059784e-02 4.313851296901702881e-01
7.272996902465820312e-01 1.318722218275070190e-01
8.449471592903137207e-01 7.490426301956176758e-01
4.892742633819580078e-01 7.954447269439697266e-01
1.820319332182407379e-02 5.055038332939147949e-01
8.483211398124694824e-01 7.527027130126953125e-01
2.211733311414718628e-01 6.102963685989379883e-01
4.729516506195068359e-01 7.960876822471618652e-01
8.772804588079452515e-02 3.706784248352050781e-01
8.904966115951538086e-01 7.380235195159912109e-01
2.758986055850982666e-01 3.583995997905731201e-01
5.981056094169616699e-01 4.728262722492218018e-01
7.072947025299072266e-01 4.372437000274658203e-01
1.260763108730316162e-01 8.538007140159606934e-01
8.680813312530517578e-01 7.748719453811645508e-01
1.700077503919601440e-01 2.406700700521469116e-01
2.058987617492675781e-01 4.212084785103797913e-02
2.712168693542480469e-01 8.324885964393615723e-01
5.819978713989257812e-01 2.402971535921096802e-01
5.799129605293273926e-01 4.738910123705863953e-02
6.668048501014709473e-01 5.906590223312377930e-01
2.422886192798614502e-01 1.211983636021614075e-01
9.734173417091369629e-01 2.220486700534820557e-01
3.633928596973419189e-01 3.733403682708740234e-01
2.535920441150665283e-01 5.160836577415466309e-01
1.341518610715866089e-01 5.218392610549926758e-01
9.217550754547119141e-01 7.677906155586242676e-01
9.580359458923339844e-01 8.499179482460021973e-01
3.695276379585266113e-01 8.259175419807434082e-01
1.361012309789657593e-01 8.847814798355102539e-01
9.861057400703430176e-01 2.761474549770355225e-01
8.525437712669372559e-01 7.571871280670166016e-01
1.835907846689224243e-01 6.090856194496154785e-01
5.305587053298950195e-01 6.446199119091033936e-02
8.400784730911254883e-01 6.676623225212097168e-01
8.114209771156311035e-01 6.200290918350219727e-01
7.269336581230163574e-01 1.427173763513565063e-01
3.557433187961578369e-01 6.176558732986450195e-01
8.205344080924987793e-01 3.079346716403961182e-01
5.903773307800292969e-01 9.867143630981445312e-01
6.869547963142395020e-01 1.420561075210571289e-01
7.014968991279602051e-01 4.251537621021270752e-01
1.123984605073928833e-01 4.490486085414886475e-01
8.354302048683166504e-01 7.463402748107910156e-01
2.680634558200836182e-01 6.349951028823852539e-01
5.406099557876586914e-01 2.729899715632200241e-04
1.265193372964859009e-01 3.676435053348541260e-01
7.112660408020019531e-01 8.160961270332336426e-01
3.418299183249473572e-02 3.643011152744293213e-01
8.637965321540832520e-01 5.622329115867614746e-01
6.340050697326660156e-01 9.599062204360961914e-01
7.917884588241577148e-01 4.427041411399841309e-01
4.548034071922302246e-01 6.176461577415466309e-01
1.900416053831577301e-02 5.626402497291564941e-01
1.866694688796997070e-01 1.748047173023223877e-01
6.986091732978820801e-01 8.024688959121704102e-01
7.192074656486511230e-01 9.950460195541381836e-01
7.666329741477966309e-01 8.605085015296936035e-01
8.491732180118560791e-02 4.603038132190704346e-01
3.857653439044952393e-01 8.475814461708068848e-01
3.336869552731513977e-02 7.171612977981567383e-01
9.212052226066589355e-01 6.010728478431701660e-01
3.933966755867004395e-01 1.711523532867431641e-01
7.427298426628112793e-01 6.516467779874801636e-02
1.139944866299629211e-01 8.052936792373657227e-01
3.127702772617340088e-01 4.901264309883117676e-01
3.506486304104328156e-03 2.113064527511596680e-01
9.311215020716190338e-03 5.337564945220947266e-01
3.304463922977447510e-01 8.734355568885803223e-01
9.355627298355102539e-01 2.050562500953674316e-01
3.031146228313446045e-01 1.662808656692504883e-01
7.182859778404235840e-01 4.040656983852386475e-01
1.249730065464973450e-01 9.537248611450195312e-01
3.547814786434173584e-01 3.477990627288818359e-01
6.117060780525207520e-01 2.512736916542053223e-01
7.084118127822875977e-01 8.670608401298522949e-01
2.818040847778320312e-01 1.832721233367919922e-01
9.786787629127502441e-01 5.881582573056221008e-02
9.594106674194335938e-02 2.218741774559020996e-01
6.268841624259948730e-01 5.395454168319702148e-01
3.879259899258613586e-02 6.968316435813903809e-01
7.357433438301086426e-01 5.296702980995178223e-01
3.721116185188293457e-01 4.939984083175659180e-01
9.718542695045471191e-01 1.574917584657669067e-01
3.365058600902557373e-01 5.681444406509399414e-01
1.398254185914993286e-01 9.609382152557373047e-01
9.786363244056701660e-01 1.907101124525070190e-01
6.872535943984985352e-01 1.112551987171173096e-01
5.658344030380249023e-01 9.069859236478805542e-02
9.791864752769470215e-01 2.503515183925628662e-01
2.120059728622436523e-02 5.346011519432067871e-01
1.017965935170650482e-02 4.652412235736846924e-01
1.439170539379119873e-01 2.503074705600738525e-01
2.607098519802093506e-01 7.146987915039062500e-01
3.365519642829895020e-01 8.418000936508178711e-01
5.024872422218322754e-01 2.815725505352020264e-01
3.682770431041717529e-01 4.846682846546173096e-01
3.637764453887939453e-01 2.202527225017547607e-01
2.545946836471557617e-01 8.866243362426757812e-01
2.689829468727111816e-01 6.955317258834838867e-01
2.894326150417327881e-01 8.312311172485351562e-01
6.307693719863891602e-01 3.771353140473365784e-02
7.996734380722045898e-01 5.008667707443237305e-01
3.418433070182800293e-01 5.822560191154479980e-01
1.808283478021621704e-01 3.164792358875274658e-01
4.300219118595123291e-01 4.595677256584167480e-01
7.047329097986221313e-02 2.746664285659790039e-01
4.617673754692077637e-01 6.212647557258605957e-01
2.604749500751495361e-01 3.407036662101745605e-01
3.191021084785461426e-01 9.659585952758789062e-01
7.156494259834289551e-02 2.004297822713851929e-01
2.589921653270721436e-01 6.843968629837036133e-01
2.022135257720947266e-01 5.136526376008987427e-02
3.473660051822662354e-01 1.820489764213562012e-01
5.621848702430725098e-01 1.982032060623168945e-01
7.988701760768890381e-02 8.110589385032653809e-01
2.785165011882781982e-01 5.364300608634948730e-01
3.370750844478607178e-01 7.029275894165039062e-01
9.581965804100036621e-01 1.312247812747955322e-01
7.576684951782226562e-01 1.016046553850173950e-01
9.564189910888671875e-01 6.162391304969787598e-01
7.486699223518371582e-01 7.448164373636245728e-02
8.578668236732482910e-01 4.679474830627441406e-01
4.252692162990570068e-01 3.444430828094482422e-01
6.620941758155822754e-01 1.704775243997573853e-01
6.806457042694091797e-01 6.885033249855041504e-01
1.826034039258956909e-01 8.067532777786254883e-01
1.340510398149490356e-01 6.980522274971008301e-01
8.168457746505737305e-01 1.379702389240264893e-01
4.586560726165771484e-01 3.387067615985870361e-01
1.340669095516204834e-01 6.194341182708740234e-01
7.594312429428100586e-01 5.007020235061645508e-01
9.814165830612182617e-01 8.206927180290222168e-01
2.608683519065380096e-02 8.127642869949340820e-01
7.874725461006164551e-01 9.262504577636718750e-01
1.251550167798995972e-01 4.827992916107177734e-01
1.035185083746910095e-01 5.048758983612060547e-01
5.045031905174255371e-01 5.408388376235961914e-01
8.725586533546447754e-02 6.767207384109497070e-01
1.493858844041824341e-01 6.119311451911926270e-01
3.740035295486450195e-01 9.208590388298034668e-01
3.357355594635009766e-01 1.287341397255659103e-02
9.555416107177734375e-01 2.892755866050720215e-01
7.484252452850341797e-01 5.743005871772766113e-01
2.252338379621505737e-01 7.003128528594970703e-01
4.522033631801605225e-01 9.302592277526855469e-01
9.939397573471069336e-01 4.486783146858215332e-01
4.546647369861602783e-01 3.491989672183990479e-01
9.417663514614105225e-02 9.368599057197570801e-01
4.215244948863983154e-01 3.672977089881896973e-01
1.974534839391708374e-01 5.503590106964111328e-01
2.724337577819824219e-01 9.802552312612533569e-02
9.765068888664245605e-01 8.442744612693786621e-01
6.596293449401855469e-01 7.096398621797561646e-03
2.858689725399017334e-01 3.978516459465026855e-01
6.978837400674819946e-02 2.423677146434783936e-01
2.814649231731891632e-02 6.667365431785583496e-01
5.250924229621887207e-01 4.083955287933349609e-01
5.760433673858642578e-01 6.018688678741455078e-01
3.703927099704742432e-01 9.132505059242248535e-01
6.230734586715698242e-01 5.778653621673583984e-01
6.774963140487670898e-01 7.865363359451293945e-01
5.705042481422424316e-01 5.172127485275268555e-01
6.697298288345336914e-01 2.406014055013656616e-01
4.504703879356384277e-01 3.225479423999786377e-01
6.958003640174865723e-01 2.628861069679260254e-01
2.229471802711486816e-01 9.015962481498718262e-01
6.670685857534408569e-02 2.686438858509063721e-01
5.475274473428726196e-02 4.057316780090332031e-01
1.044792607426643372e-01 9.095503091812133789e-01
5.683054327964782715e-01 8.171460628509521484e-01
5.987667441368103027e-01 4.990467429161071777e-01
5.296273231506347656e-01 1.419830769300460815e-01
1.748547703027725220e-02 9.755352735519409180e-01
8.559381961822509766e-02 6.074895262718200684e-01
3.024127185344696045e-01 1.576560884714126587e-01
8.268235921859741211e-01 7.886559367179870605e-01
7.384731769561767578e-01 6.592391133308410645e-01
2.918221056461334229e-01 8.297947049140930176e-01
7.674683332443237305e-01 4.810660779476165771e-01
5.880551338195800781e-01 8.613104224205017090e-01
6.579657793045043945e-01 6.933890581130981445e-01
2.040333151817321777e-01 2.243192046880722046e-01
2.755324542522430420e-01 5.898531675338745117e-01
9.399425983428955078e-01 3.214451074600219727e-01
5.893269777297973633e-01 1.840599030256271362e-01
1.572357863187789917e-01 7.226783037185668945e-01
1.393276751041412354e-01 8.830470442771911621e-01
2.232903838157653809e-01 3.517141044139862061e-01
7.545314431190490723e-01 6.347852349281311035e-01
3.662172555923461914e-01 6.297326683998107910e-01
6.130622625350952148e-01 8.132911920547485352e-01
9.750264883041381836e-01 2.795301079750061035e-01
4.138163030147552490e-01 5.244672894477844238e-01
2.218859940767288208e-01 2.289534658193588257e-01
2.719947397708892822e-01 7.515183687210083008e-01
2.394031286239624023e-01 7.302911877632141113e-01
1.346391160041093826e-02 5.510644912719726562e-01
2.362086251378059387e-02 5.512775778770446777e-01
5.132363438606262207e-01 5.250502228736877441e-01
6.655538082122802734e-01 2.781640365719795227e-02
1.982100009918212891e-01 8.594795465469360352e-01
3.897549510002136230e-01 8.345372676849365234e-01
8.065328001976013184e-02 6.604210734367370605e-01
4.853097498416900635e-01 1.204631328582763672e-01
1.865639686584472656e-01 8.668686151504516602e-01
8.633542060852050781e-01 7.067568302154541016e-01
2.817735075950622559e-01 6.512301564216613770e-01
4.012342393398284912e-01 7.418077588081359863e-01
7.788687348365783691e-01 3.293654620647430420e-01
1.033148244023323059e-01 4.782200753688812256e-01
8.359075784683227539e-01 7.705011963844299316e-01
8.966268599033355713e-02 6.667470335960388184e-01
9.402273893356323242e-01 8.062993288040161133e-01
5.640639662742614746e-01 9.819205999374389648e-01
9.504926204681396484e-01 1.484993398189544678e-01
2.642469704151153564e-01 6.596016883850097656e-01
9.724964946508407593e-02 7.440274357795715332e-01
8.664259314537048340e-01 2.930813133716583252e-01
1.161557808518409729e-01 7.110267877578735352e-01
5.680210590362548828e-01 3.374481201171875000e-01
1.213814541697502136e-01 9.313566684722900391e-01
5.509466528892517090e-01 2.715324461460113525e-01
8.917326927185058594e-01 3.432212397456169128e-02
3.876848518848419189e-01 2.576045989990234375e-01
4.821498990058898926e-01 2.100182175636291504e-01
3.322935998439788818e-01 2.552244663238525391e-01
1.776331663131713867e-02 5.670817494392395020e-01
9.637029767036437988e-01 3.669358193874359131e-01
9.656851887702941895e-01 6.491359472274780273e-01
3.690435588359832764e-01 8.433079719543457031e-02
1.030316650867462158e-01 1.907613426446914673e-01
6.360588669776916504e-01 3.851118385791778564e-01
2.428614050149917603e-01 7.070065140724182129e-01
4.013931155204772949e-01 1.845509558916091919e-01
6.134258508682250977e-01 1.291087716817855835e-01
1.210431233048439026e-01 7.198709249496459961e-01
7.101910710334777832e-01 8.555607199668884277e-01
7.679986357688903809e-01 8.446437120437622070e-02
4.649414718151092529e-01 7.735416889190673828e-01
8.805013298988342285e-01 9.595859050750732422e-02
8.617649674415588379e-01 3.471617996692657471e-01
7.979983687400817871e-01 2.057646773755550385e-02
2.791674733161926270e-01 9.144222736358642578e-01
3.488366305828094482e-01 9.783285260200500488e-01
5.946564674377441406e-01 8.527716398239135742e-01
9.798339009284973145e-01 3.157771378755569458e-02
8.149970173835754395e-01 3.950589597225189209e-01
7.894123792648315430e-01 1.619827300310134888e-01
8.864975571632385254e-01 5.163278803229331970e-02
5.757896900177001953e-01 6.303525567054748535e-01
3.756933510303497314e-01 8.733490705490112305e-01
3.465000092983245850e-01 4.301364123821258545e-01
7.499301433563232422e-01 2.820002734661102295e-01
4.732307493686676025e-01 3.985827267169952393e-01
5.250326991081237793e-01 2.304798960685729980e-01
7.826186418533325195e-01 9.593451619148254395e-01
4.817723333835601807e-01 4.804631173610687256e-01
5.414204597473144531e-01 8.510433435440063477e-01
6.073232740163803101e-02 6.212862730026245117e-01
7.543614506721496582e-01 1.424443125724792480e-01
8.879394531250000000e-01 9.617505073547363281e-01
5.118597745895385742e-01 8.881936669349670410e-01
3.058707118034362793e-01 6.684960126876831055e-01
2.617020010948181152e-01 1.344744563102722168e-01
3.078470528125762939e-01 2.215874046087265015e-01
8.842442631721496582e-01 1.487052142620086670e-01
7.833862900733947754e-01 6.269271373748779297e-01
7.948585748672485352e-01 1.918627321720123291e-02
3.834394812583923340e-01 8.402989059686660767e-02
2.425540536642074585e-01 1.245328336954116821e-01
4.415075182914733887e-01 5.040444731712341309e-01
6.594384908676147461e-01 4.765858054161071777e-01
2.619686722755432129e-01 2.013708204030990601e-01
7.682904601097106934e-02 8.059161305427551270e-01
9.082713127136230469e-01 3.534979522228240967e-01
8.325244784355163574e-01 3.382100760936737061e-01
7.599005103111267090e-01 8.099472522735595703e-01
2.126677036285400391e-01 5.819671750068664551e-01
2.931362688541412354e-01 9.775608777999877930e-01
2.281785160303115845e-01 9.506105184555053711e-01
3.077073693275451660e-01 4.231070876121520996e-01
4.762951135635375977e-01 8.932059407234191895e-01
1.840837746858596802e-01 8.707324266433715820e-01
9.138045907020568848e-01 5.566753745079040527e-01
9.578678607940673828e-01 4.947505593299865723e-01
6.199147701263427734e-01 8.348587155342102051e-01
3.765294253826141357e-01 9.878699183464050293e-01
2.485195100307464600e-01 1.372872591018676758e-01
8.974926471710205078e-01 9.887146949768066406e-01
4.330275952816009521e-02 5.131802558898925781e-01
5.896069407463073730e-01 5.716676712036132812e-01
4.688230752944946289e-01 9.926145672798156738e-01
1.497140824794769287e-01 4.810466766357421875e-01
5.544568896293640137e-01 2.162810564041137695e-01
9.626166224479675293e-01 4.910531044006347656e-01
9.050576090812683105e-01 2.360945940017700195e-01
9.566180109977722168e-01 7.953165173530578613e-01
9.220865368843078613e-01 6.469879150390625000e-01
2.347142696380615234e-01 4.775744378566741943e-01
1.148865818977355957e-01 4.896841645240783691e-01
3.955556154251098633e-01 5.664141178131103516e-01
1.826799511909484863e-01 2.115660905838012695e-01
5.135651230812072754e-01 2.312033772468566895e-01
6.208340451121330261e-02 9.074503183364868164e-01
4.329598844051361084e-01 6.091908812522888184e-01
1.280809342861175537e-01 5.662096142768859863e-01
1.024699285626411438e-01 6.838722229003906250e-01
5.087698101997375488e-01 3.297637701034545898e-01
5.163994431495666504e-01 8.024759292602539062e-01
7.668574452400207520e-01 2.950794696807861328e-01
2.300262749195098877e-01 5.617254376411437988e-01
4.711807705461978912e-03 8.143724203109741211e-01
6.429549455642700195e-01 2.463687025010585785e-02
9.770675897598266602e-01 8.763833642005920410e-01
1.861574649810791016e-01 3.587923645973205566e-01
1.875941455364227295e-01 8.515137434005737305e-01
5.363799929618835449e-01 6.644003987312316895e-01
4.698142874985933304e-03 6.785435676574707031e-01
1.064711511135101318e-01 2.934595048427581787e-01
3.828070163726806641e-01 5.000238418579101562e-01
4.488667845726013184e-01 8.194888234138488770e-01
5.379714965820312500e-01 2.817957848310470581e-02
9.167204499244689941e-01 9.019843339920043945e-01
1.874495446681976318e-01 9.566121697425842285e-01
9.591605067253112793e-01 1.248917579650878906e-01
1.511663347482681274e-01 6.362777948379516602e-01
1.339843496680259705e-03 1.344163715839385986e-01
3.735730350017547607e-01 9.977372884750366211e-01
1.861902885138988495e-02 4.903711676597595215e-01
3.783762454986572266e-01 7.720778584480285645e-01
5.619899183511734009e-02 9.008884429931640625e-01
8.582361042499542236e-02 6.483187079429626465e-01
6.905679404735565186e-02 3.962895274162292480e-01
6.796190738677978516e-01 9.817129373550415039e-01
3.906952142715454102e-01 5.313894748687744141e-01
1.903203576803207397e-01 7.673454880714416504e-01
8.622413873672485352e-01 7.798399776220321655e-02
6.479823589324951172e-01 4.803434386849403381e-02
9.875626564025878906e-01 8.254536986351013184e-01
3.440302908420562744e-01 6.684111356735229492e-01
5.598217844963073730e-01 7.020475864410400391e-01
7.113314270973205566e-01 8.144798874855041504e-01
2.660030722618103027e-01 9.846028685569763184e-01
7.460098266601562500e-01 2.816403210163116455e-01
1.501798331737518311e-01 8.216587901115417480e-01
2.525697052478790283e-01 1.204913705587387085e-01
2.185938656330108643e-01 5.804040431976318359e-01
1.408606767654418945e-01 7.080559730529785156e-01
3.595435321331024170e-01 9.606347680091857910e-01
3.099271357059478760e-01 8.573892712593078613e-01
5.160939097404479980e-01 9.121156930923461914e-01
6.044460535049438477e-01 5.323755145072937012e-01
8.787987828254699707e-01 5.004735589027404785e-01
7.565810680389404297e-01 7.621496915817260742e-01
4.498580098152160645e-01 6.093405485153198242e-01
9.561312794685363770e-01 2.235250174999237061e-01
4.127036929130554199e-01 9.765306115150451660e-01
2.456634491682052612e-02 6.680732965469360352e-01
6.530604958534240723e-01 4.180657491087913513e-02
3.151085674762725830e-01 4.175085723400115967e-01
6.840788125991821289e-01 8.417510390281677246e-01
2.354842275381088257e-01 9.379797577857971191e-01
7.591987848281860352e-01 1.803258806467056274e-01
4.360004961490631104e-01 3.980327546596527100e-01
8.924831748008728027e-01 8.393177986145019531e-01
5.564557313919067383e-01 4.456136226654052734e-01
8.157968521118164062e-01 6.218229532241821289e-01
5.536082386970520020e-01 1.597841642796993256e-02
4.139661788940429688e-01 4.814239144325256348e-01
6.576539576053619385e-02 4.038251638412475586e-01
1.273833811283111572e-01 8.220988512039184570e-01
1.631842553615570068e-01 8.472455739974975586e-01
5.434588789939880371e-01 6.623498201370239258e-01
6.340042352676391602e-01 2.753700911998748779e-01
4.249957948923110962e-02 7.681302428245544434e-01
3.023165464401245117e-01 1.353926509618759155e-01
2.896645069122314453e-01 9.347474575042724609e-01
1.118909791111946106e-01 6.301935315132141113e-01
2.657473683357238770e-01 4.908153116703033447e-01
4.417502582073211670e-01 1.725105643272399902e-01
6.550011634826660156e-01 7.904328107833862305e-01
4.484423100948333740e-01 6.356292963027954102e-01
8.041679114103317261e-02 4.803688526153564453e-01
6.128171086311340332e-01 1.812933236360549927e-01
3.036044239997863770e-01 3.785499036312103271e-01
1.832574605941772461e-01 3.980422616004943848e-01
9.051436185836791992e-01 9.653579592704772949e-01
1.041296645998954773e-01 2.627754509449005127e-01
1.423595100641250610e-01 7.643740773200988770e-01
4.467621445655822754e-01 4.354380965232849121e-01
5.307025313377380371e-01 6.272992491722106934e-02
8.531850576400756836e-01 3.828229010105133057e-01
3.435472548007965088e-01 3.257650136947631836e-01
1.925783902406692505e-01 8.071730732917785645e-01
8.812666535377502441e-01 5.872308276593685150e-03
1.409538239240646362e-01 2.934316694736480713e-01
3.533162772655487061e-01 8.758447170257568359e-01
1.974753886461257935e-01 2.712019681930541992e-01
1.504697501659393311e-01 8.806216716766357422e-01
5.969719961285591125e-02 4.645704925060272217e-01
6.241531372070312500e-01 2.895582020282745361e-01
2.077870517969131470e-01 9.157415032386779785e-01
2.441501058638095856e-02 7.014055848121643066e-01
5.426847934722900391e-01 7.002426683902740479e-02
3.675675988197326660e-01 5.137384533882141113e-01
2.346001267433166504e-01 9.989948868751525879e-01
6.897668242454528809e-01 1.723441034555435181e-01
4.741884768009185791e-01 2.761197984218597412e-01
6.748859286308288574e-01 9.304679036140441895e-01
7.740063667297363281e-01 5.518419146537780762e-01
9.671242237091064453e-01 8.411287069320678711e-01
9.162784218788146973e-01 5.583757758140563965e-01
7.749282121658325195e-01 4.457975924015045166e-01
6.941242814064025879e-01 1.444227397441864014e-01
6.799578666687011719e-01 7.728251218795776367e-01
1.249844208359718323e-01 6.637987494468688965e-01
3.789464384317398071e-02 4.458540380001068115e-01
9.659217596054077148e-01 2.242870777845382690e-01
3.808674514293670654e-01 8.302056193351745605e-01
8.581112027168273926e-01 2.939145863056182861e-01
2.732858955860137939e-01 6.407158374786376953e-01
8.191571235656738281e-01 4.570848047733306885e-01
2.767907977104187012e-01 9.818327426910400391e-01
2.744689583778381348e-01 3.158475458621978760e-02
1.926154345273971558e-01 6.505041718482971191e-01
9.369211792945861816e-01 4.225946366786956787e-01
2.568687498569488525e-01 5.187162160873413086e-01
6.494352221488952637e-01 5.994699597358703613e-01
9.256452918052673340e-01 7.491801977157592773e-01
4.813510477542877197e-01 6.756394505500793457e-01
2.893847227096557617e-01 5.945989489555358887e-01
3.843415156006813049e-02 8.692775368690490723e-01
3.462654948234558105e-01 5.604605078697204590e-01
3.934913277626037598e-01 7.740297317504882812e-01
1.193962246179580688e-01 3.161802291870117188e-01
8.331319689750671387e-01 8.557889461517333984e-01
2.964309453964233398e-01 5.166656896471977234e-02
5.004801154136657715e-01 9.597109556198120117e-01
6.891828179359436035e-01 5.050380229949951172e-01
4.394196569919586182e-01 7.844845056533813477e-01
5.270317569375038147e-02 3.490883708000183105e-01
1.698021888732910156e-01 5.065464973449707031e-01
5.983377695083618164e-01 7.452602982521057129e-01
3.708966076374053955e-02 4.833516776561737061e-01
2.636536657810211182e-01 3.612344861030578613e-01
6.832841038703918457e-01 2.413621842861175537e-01
4.773958027362823486e-01 1.397037357091903687e-01
9.696159362792968750e-01 9.901842474937438965e-01
2.488897740840911865e-01 8.092011809349060059e-01
3.669126033782958984e-01 4.018595516681671143e-01
9.343907833099365234e-01 4.312914609909057617e-01
1.766019165515899658e-01 1.035137996077537537e-01
4.520982503890991211e-01 1.753808744251728058e-02
4.645111262798309326e-01 6.410630941390991211e-01
5.752384066581726074e-01 2.616972029209136963e-01
2.661637961864471436e-01 9.599060416221618652e-01
4.774886667728424072e-01 7.100878357887268066e-01
9.086778163909912109e-01 8.386896252632141113e-01
1.480718851089477539e-01 1.320853177458047867e-02
4.098529219627380371e-01 8.424437046051025391e-01
4.970257580280303955e-01 5.046170949935913086e-01
3.813905417919158936e-01 3.305986523628234863e-01
3.084695041179656982e-01 4.282975196838378906e-01
5.655798912048339844e-01 2.182399183511734009e-01
1.111998334527015686e-01 6.182974576950073242e-01
1.321211159229278564e-01 9.397662281990051270e-01
3.546586632728576660e-01 4.481597244739532471e-01
6.622563600540161133e-01 8.378791213035583496e-01
5.716650485992431641e-01 1.623481810092926025e-01
1.598681509494781494e-01 6.220817565917968750e-01
4.928830862045288086e-01 2.710558474063873291e-01
1.136393994092941284e-01 1.509310305118560791e-01
4.462321102619171143e-01 3.437183499336242676e-01
6.694834232330322266e-01 9.409068822860717773e-01
6.504172086715698242e-01 9.431530237197875977e-01
5.707136988639831543e-01 2.901308834552764893e-01
7.447426319122314453e-01 2.548426855355501175e-03
1.534515917301177979e-01 7.972854375839233398e-01
1.336861103773117065e-01 7.455891370773315430e-01
3.792549967765808105e-01 8.886457681655883789e-01
6.003695130348205566e-01 7.459448575973510742e-01
4.531714618206024170e-01 1.320684701204299927e-01
6.421974897384643555e-01 6.144511699676513672e-01
3.360578417778015137e-01 9.318317472934722900e-02
8.696775436401367188e-01 9.327712059020996094e-01
7.766509652137756348e-01 7.219294309616088867e-01
9.907807707786560059e-01 7.563422620296478271e-02
2.573653459548950195e-01 4.666713252663612366e-02
9.268942475318908691e-02 4.620013758540153503e-02
4.969205558300018311e-01 7.823677062988281250e-01
6.945844739675521851e-02 5.840634107589721680e-01
1.902759075164794922e-01 5.519692301750183105e-01
5.414963960647583008e-01 8.329873681068420410e-01
5.105770230293273926e-01 4.537456631660461426e-01
5.978441238403320312e-01 3.127318024635314941e-01
4.455787539482116699e-01 3.869672715663909912e-01
8.922554254531860352e-01 8.944817185401916504e-01
9.568458199501037598e-01 1.412508785724639893e-01
2.775249779224395752e-01 5.102414488792419434e-01
7.915206998586654663e-02 9.229463934898376465e-01
1.102450639009475708e-01 7.211226224899291992e-01
5.713783502578735352e-01 9.748332500457763672e-01
1.310299187898635864e-01 6.473814845085144043e-01
7.900394797325134277e-01 3.140679746866226196e-02
3.377796337008476257e-02 8.166781067848205566e-01
6.001906394958496094e-01 9.021907448768615723e-01
2.002769708633422852e-01 3.162245452404022217e-01
9.371954798698425293e-01 4.093864560127258301e-02
7.026392221450805664e-01 4.673606753349304199e-01
1.054670885205268860e-01 7.703363299369812012e-01
1.508889049291610718e-01 9.982758760452270508e-01
9.364974498748779297e-01 6.104226112365722656e-01
7.754392027854919434e-01 7.280982732772827148e-01
4.080253541469573975e-01 9.749661087989807129e-01
4.183046519756317139e-01 2.609734535217285156e-01
3.386674523353576660e-01 6.296969056129455566e-01
1.574255228042602539e-01 3.195973634719848633e-01
4.200265705585479736e-01 7.846223711967468262e-01
9.990872144699096680e-01 8.363268375396728516e-01
9.909413456916809082e-01 8.515335321426391602e-01
3.103677630424499512e-01 2.395356260240077972e-02
2.900471985340118408e-01 7.194952368736267090e-01
2.625816762447357178e-01 6.453473567962646484e-01
3.998949527740478516e-01 7.417632937431335449e-01
1.539424508810043335e-01 5.197255015373229980e-01
3.117384314537048340e-01 4.699589908123016357e-01
1.628219336271286011e-01 3.365873992443084717e-01
4.107605814933776855e-01 9.727931022644042969e-01
4.847030639648437500e-01 8.490062952041625977e-01
8.399188518524169922e-01 8.884377479553222656e-01
3.392237722873687744e-01 5.901386141777038574e-01
7.006987929344177246e-01 6.899181604385375977e-01
3.287941515445709229e-01 6.856133937835693359e-01
6.223517935723066330e-03 4.790715873241424561e-01
6.494207382202148438e-01 6.888753175735473633e-01
9.631880521774291992e-01 3.137887716293334961e-01
3.757913112640380859e-01 7.435627579689025879e-01
6.704331636428833008e-01 5.040664076805114746e-01
4.597832262516021729e-01 9.527344703674316406e-01
6.358571052551269531e-01 6.433441042900085449e-01
2.744541764259338379e-01 4.335064589977264404e-01
5.307529568672180176e-01 2.842438519001007080e-01
5.545636415481567383e-01 4.438349604606628418e-01
2.731429934501647949e-01 5.791283026337623596e-02
9.643217325210571289e-01 1.642436534166336060e-01
6.859062910079956055e-01 4.353989064693450928e-01
5.106636285781860352e-01 6.788574457168579102e-01
6.882994771003723145e-01 1.766417175531387329e-02
6.709981560707092285e-01 3.095770813524723053e-02
9.372328519821166992e-01 6.193737965077161789e-03
9.603244066238403320e-01 2.538130283355712891e-01
2.637716829776763916e-01 5.714287161827087402e-01
3.417870774865150452e-02 6.960853934288024902e-01
4.552097916603088379e-01 3.933393061161041260e-01
2.382778227329254150e-01 2.530127167701721191e-01
2.833487689495086670e-01 7.260419130325317383e-01
5.838854610919952393e-02 5.719613432884216309e-01
5.742881298065185547e-01 2.012470215559005737e-01
8.519282341003417969e-01 2.754922807216644287e-01
1.849589645862579346e-01 5.604052543640136719e-01
6.685439944267272949e-01 1.105407625436782837e-01
7.587569355964660645e-01 7.272000908851623535e-01
7.527675628662109375e-01 1.704881191253662109e-01
1.417565941810607910e-01 5.653267353773117065e-02
1.269311755895614624e-01 7.462000846862792969e-02
8.822663426399230957e-01 1.501816064119338989e-01
3.733161091804504395e-01 1.874267309904098511e-01
7.960385084152221680e-01 2.149265110492706299e-01
5.159458518028259277e-01 4.873503446578979492e-01
4.149309992790222168e-01 7.803879976272583008e-01
9.993393421173095703e-01 9.741825461387634277e-01
9.734836816787719727e-01 9.896174669265747070e-01
2.477353215217590332e-01 8.170017004013061523e-01
1.258893013000488281e-01 2.593785822391510010e-01
5.828225612640380859e-01 7.683687657117843628e-02
6.771751046180725098e-01 9.094289541244506836e-01
1.062390729784965515e-01 5.494790077209472656e-01
4.477794170379638672e-01 7.877757549285888672e-01
8.537110090255737305e-01 1.246326640248298645e-01
9.781469702720642090e-01 8.893443346023559570e-01
3.662496507167816162e-01 6.235109567642211914e-01
8.259792923927307129e-01 8.907461911439895630e-02
9.787752032279968262e-01 6.615946888923645020e-01
5.694980621337890625e-01 3.529040515422821045e-01
1.159332245588302612e-01 1.195891946554183960e-02
7.598105072975158691e-01 7.088454961776733398e-01
3.843743726611137390e-02 2.890993058681488037e-01
9.500116109848022461e-01 2.382605373859405518e-01
2.437307536602020264e-01 1.444211751222610474e-01
1.839786022901535034e-01 8.237622380256652832e-01
1.071057468652725220e-01 3.415538370609283447e-01
4.328254461288452148e-01 9.202132225036621094e-01
4.887150824069976807e-01 9.799383878707885742e-01
2.942075431346893311e-01 8.175740242004394531e-01
2.309694699943065643e-02 7.060968279838562012e-01
6.683103442192077637e-01 6.297855377197265625e-01
9.288100525736808777e-03 3.926875591278076172e-01
8.439261317253112793e-01 4.575575888156890869e-02
6.794701814651489258e-01 7.094559669494628906e-01
1.984519958496093750e-01 8.701659440994262695e-01
6.913083195686340332e-01 3.339322507381439209e-01
2.017076686024665833e-02 6.294523477554321289e-01
1.648494303226470947e-01 8.316980004310607910e-01
3.168861269950866699e-01 5.136627554893493652e-01
1.458750814199447632e-01 8.427034020423889160e-01
5.240538716316223145e-01 2.254793196916580200e-01
6.844108104705810547e-01 3.633489012718200684e-01
3.404467701911926270e-01 8.863063454627990723e-01
6.751944422721862793e-01 8.353230357170104980e-01
2.797401845455169678e-01 4.516512751579284668e-01
8.169090747833251953e-01 1.424586474895477295e-01
4.543738663196563721e-01 7.321310043334960938e-01
2.393862307071685791e-01 3.796463012695312500e-01
4.036322236061096191e-01 6.253802776336669922e-01
9.780872464179992676e-01 1.400470733642578125e-01
4.400660097599029541e-01 7.540150880813598633e-01
4.088457226753234863e-01 3.308361768722534180e-01
2.478212416172027588e-01 4.146138429641723633e-01
6.620244979858398438e-01 2.980220019817352295e-01
6.334933638572692871e-01 5.783654376864433289e-02
2.434808611869812012e-01 7.220435142517089844e-01
5.431745648384094238e-01 7.870788574218750000e-01
3.392947614192962646e-01 1.343742758035659790e-01
3.684438467025756836e-01 3.031356632709503174e-01
8.332744240760803223e-01 4.397448599338531494e-01
6.456829309463500977e-01 6.025278568267822266e-01
2.536992132663726807e-01 4.905514717102050781e-01
6.559383273124694824e-01 2.304417788982391357e-01
6.919896602630615234e-01 2.993788123130798340e-01
6.538993120193481445e-01 8.054583072662353516e-01
1.540487557649612427e-01 1.122276037931442261e-01
8.066918253898620605e-01 2.140223793685436249e-02
1.577574610710144043e-01 4.612333774566650391e-01
7.995932698249816895e-01 1.741514652967453003e-01
3.681793212890625000e-01 4.055322408676147461e-01
9.925905466079711914e-01 8.945982903242111206e-02
4.113810956478118896e-01 1.356107741594314575e-01
9.974017143249511719e-01 5.062701702117919922e-01
9.586332440376281738e-01 2.035801261663436890e-01
2.572115659713745117e-01 7.124957442283630371e-01
9.617621898651123047e-01 3.492759466171264648e-01
2.037216871976852417e-01 3.556587398052215576e-01
7.743331193923950195e-01 9.540411829948425293e-01
6.760599017143249512e-01 1.655116491019725800e-02
2.011336386203765869e-01 7.600684762001037598e-01
4.174757301807403564e-01 5.609425902366638184e-01
2.677172422409057617e-01 4.042251408100128174e-01
3.237533271312713623e-01 8.603356033563613892e-02
3.695846796035766602e-01 3.683181703090667725e-01
3.088281452655792236e-01 3.180992603302001953e-01
5.335715413093566895e-01 5.592742562294006348e-01
4.146182537078857422e-01 8.366760611534118652e-01
3.184792697429656982e-01 1.051985621452331543e-01
4.064753949642181396e-01 6.479725241661071777e-01
6.200352311134338379e-01 7.964410185813903809e-01
1.980886608362197876e-02 9.645735621452331543e-01
8.921060562133789062e-01 2.233908325433731079e-01
6.536409258842468262e-01 2.092765420675277710e-01
8.376287817955017090e-01 6.552052497863769531e-01
6.979514360427856445e-01 9.160784482955932617e-01
8.585306406021118164e-01 2.402520924806594849e-01
7.721270918846130371e-01 7.830797433853149414e-01
7.368902564048767090e-01 6.621046662330627441e-01
6.087785959243774414e-01 3.036589026451110840e-01
2.715239226818084717e-01 6.207714676856994629e-01
3.410524129867553711e-01 5.798727869987487793e-01
6.901060342788696289e-01 2.727105915546417236e-01
7.879105210304260254e-01 5.327017903327941895e-01
4.178494587540626526e-02 9.050194025039672852e-01
4.418940544128417969e-01 1.634534895420074463e-01
8.228833675384521484e-01 2.160431593656539917e-01
9.181892871856689453e-01 8.258916735649108887e-01
4.129180908203125000e-01 1.987329423427581787e-01
1.069676503539085388e-01 6.106798052787780762e-01
6.252124905586242676e-02 5.703330636024475098e-01
1.608798056840896606e-01 5.509572029113769531e-01
4.374231100082397461e-01 3.297106623649597168e-01
6.550502181053161621e-01 5.276806950569152832e-01
9.479695558547973633e-01 2.054890543222427368e-01
1.708078384399414062e-01 9.028233885765075684e-01
6.588492989540100098e-01 5.188955068588256836e-01
7.685789465904235840e-01 3.177225589752197266e-01
6.501762866973876953e-01 4.478359222412109375e-01
7.855127453804016113e-01 9.116933941841125488e-01
9.550967812538146973e-01 5.082520842552185059e-01
2.533993721008300781e-01 9.018570184707641602e-01
3.354658186435699463e-01 9.904689788818359375e-01
6.702922750264406204e-03 9.866436719894409180e-01
3.371645212173461914e-01 4.561975970864295959e-02
2.980980575084686279e-01 2.210815101861953735e-01
4.763573706150054932e-01 2.599722146987915039e-01
3.360964357852935791e-01 6.760184168815612793e-01
7.661394476890563965e-01 6.328187882900238037e-02
8.558343648910522461e-01 1.231091991066932678e-01
3.730496764183044434e-01 6.732763051986694336e-01
6.497464776039123535e-01 7.539147734642028809e-01
2.331585884094238281e-01 4.681921005249023438e-01
2.397650666534900665e-02 7.535432577133178711e-01
3.956100046634674072e-01 3.945128619670867920e-01
4.241157472133636475e-01 2.090799808502197266e-01
5.167152285575866699e-01 5.276567339897155762e-01
2.872966527938842773e-01 2.829875051975250244e-01
4.450007677078247070e-01 5.743236541748046875e-01
7.208065390586853027e-01 7.327263951301574707e-01
7.338546514511108398e-01 6.064837574958801270e-01
9.819564223289489746e-01 6.846812367439270020e-01
1.577158123254776001e-01 3.414080739021301270e-01
3.460757434368133545e-03 2.326778322458267212e-01
1.663195155560970306e-02 6.567249298095703125e-01
5.582252740859985352e-01 8.034777641296386719e-01
3.671944141387939453e-01 3.206008374691009521e-01
6.196660399436950684e-01 7.701754570007324219e-01
1.202943176031112671e-01 8.478158116340637207e-01
3.297684490680694580e-01 7.850975394248962402e-01
8.440640568733215332e-01 3.143664300441741943e-01
2.104582339525222778e-01 9.417591094970703125e-01
4.292915761470794678e-01 5.430427193641662598e-01
3.786709308624267578e-01 2.311364859342575073e-01
5.409972071647644043e-01 5.845921635627746582e-01
3.826262950897216797e-01 1.393658071756362915e-01
3.805541396141052246e-01 1.703647077083587646e-01
9.378793090581893921e-02 7.657643556594848633e-01
1.193036437034606934e-01 5.089469552040100098e-01
3.919267952442169189e-01 4.063125550746917725e-01
3.957037925720214844e-01 8.281591534614562988e-01
8.680129647254943848e-01 8.421754240989685059e-01
3.180796504020690918e-01 4.620342850685119629e-01
8.529471755027770996e-01 2.199465483427047729e-01
7.775755524635314941e-01 6.424783170223236084e-02
8.998860120773315430e-01 8.680475354194641113e-01
1.787688285112380981e-01 5.861403346061706543e-01
6.103211045265197754e-01 3.521880209445953369e-01
7.799103856086730957e-01 3.208924829959869385e-01
3.905725777149200439e-01 1.950843781232833862e-01
4.925350546836853027e-01 9.314851164817810059e-01
2.555702924728393555e-01 3.199309408664703369e-01
3.299310803413391113e-02 2.859892249107360840e-01
9.126862287521362305e-01 3.301168680191040039e-01
8.243188858032226562e-01 7.393239736557006836e-01
9.000651240348815918e-01 2.308174371719360352e-01
8.662395477294921875e-01 6.617516279220581055e-01
8.938509225845336914e-02 9.413436651229858398e-01
8.541948795318603516e-01 5.372065305709838867e-01
3.807463347911834717e-01 9.940783977508544922e-01
2.167665213346481323e-01 5.207460522651672363e-01
2.589155137538909912e-01 1.601073890924453735e-01
8.894850611686706543e-01 7.058393359184265137e-01
8.021880388259887695e-01 7.373484373092651367e-01
7.694606184959411621e-01 4.125835597515106201e-01
3.228823244571685791e-01 3.317899405956268311e-01
7.962833642959594727e-01 6.507605910301208496e-01
2.422043820843100548e-03 4.308075606822967529e-01
7.825030088424682617e-01 4.906598329544067383e-01
2.061628848314285278e-01 8.221917748451232910e-01
5.289884805679321289e-01 7.608242630958557129e-01
1.899093240499496460e-01 1.645020693540573120e-01
6.727150082588195801e-01 2.130730152130126953e-01
2.272646874189376831e-02 7.929670214653015137e-01
9.654278159141540527e-01 2.642807364463806152e-01
3.374314010143280029e-01 9.354559779167175293e-01
2.621943950653076172e-01 5.174937248229980469e-01
8.855383992195129395e-01 7.801775932312011719e-01
8.232781291007995605e-01 1.274696737527847290e-01
5.277236104011535645e-01 9.956820011138916016e-01
6.083293557167053223e-01 4.435241818428039551e-01
4.176688790321350098e-01 1.619292944669723511e-01
9.652134776115417480e-01 3.172221779823303223e-01
5.678718686103820801e-01 4.334109127521514893e-01
4.571689069271087646e-01 1.302063316106796265e-01
1.987086832523345947e-01 6.436122655868530273e-01
1.101194322109222412e-01 5.062286257743835449e-01
9.660941958427429199e-01 1.750359833240509033e-01
4.140484333038330078e-01 3.037500679492950439e-01
7.755479812622070312e-01 2.597166299819946289e-01
9.462310075759887695e-01 6.239199042320251465e-01
9.224351048469543457e-01 1.297630369663238525e-01
3.545963466167449951e-01 1.897464245557785034e-01
5.178489089012145996e-01 1.941017210483551025e-01
3.744654953479766846e-01 2.065433561801910400e-02
9.949564337730407715e-01 5.149310231208801270e-01
5.727379322052001953e-01 3.531193137168884277e-01
5.672160387039184570e-01 9.721501469612121582e-01
3.440292477607727051e-01 6.499721407890319824e-01
3.284061849117279053e-01 6.716072559356689453e-01
1.021398827433586121e-01 5.347030758857727051e-01
4.786268770694732666e-01 2.117701061069965363e-02
4.047339260578155518e-01 7.535565495491027832e-01
1.936122179031372070e-01 1.495320070534944534e-02
1.860201209783554077e-01 5.666301250457763672e-01
6.582748293876647949e-01 9.533481001853942871e-01
7.223366498947143555e-01 6.012232303619384766e-01
7.478584647178649902e-01 9.005570411682128906e-01
8.090311884880065918e-01 4.499104022979736328e-01
2.786278128623962402e-01 8.796712756156921387e-01
1.573207676410675049e-01 1.533033400774002075e-01
8.865447044372558594e-01 2.036271840333938599e-01
7.853139042854309082e-01 2.327017337083816528e-01
8.901879191398620605e-01 1.755261123180389404e-01
3.794327080249786377e-01 6.810095310211181641e-01
4.932069778442382812e-01 3.637805208563804626e-02
3.809005916118621826e-01 9.444616436958312988e-01
4.960025250911712646e-01 5.818735957145690918e-01
7.273100018501281738e-01 8.724434971809387207e-01
4.519553482532501221e-01 8.417531847953796387e-01
4.273161590099334717e-01 9.202631711959838867e-01
6.790516972541809082e-01 9.070901274681091309e-01
4.915471076965332031e-01 5.933966040611267090e-01
8.974435925483703613e-02 8.090096116065979004e-01
6.587057113647460938e-01 3.712644577026367188e-01
5.752096176147460938e-01 4.389842152595520020e-01
7.081826329231262207e-01 3.985373377799987793e-01
7.696536928415298462e-02 4.268012046813964844e-01
6.336089968681335449e-01 4.183423817157745361e-01
6.333312988281250000e-01 9.231903553009033203e-01
7.882666587829589844e-01 4.065842032432556152e-01
3.935064673423767090e-01 2.458924800157546997e-01
3.826547861099243164e-01 1.844513565301895142e-01
9.882087111473083496e-01 4.120784699916839600e-01
6.791448593139648438e-01 2.878354787826538086e-01
6.590881347656250000e-01 8.583973646163940430e-01
4.342216849327087402e-01 7.738758325576782227e-01
5.724121630191802979e-02 7.992928624153137207e-01
2.078207582235336304e-01 6.562486290931701660e-01
9.709359407424926758e-01 3.362350165843963623e-01
2.915914654731750488e-01 6.212940216064453125e-01
4.657640159130096436e-01 4.816476702690124512e-01
5.436277389526367188e-02 6.268147826194763184e-01
7.316774129867553711e-01 9.479830414056777954e-02
4.275458753108978271e-01 3.800871372222900391e-01
4.961782097816467285e-01 2.989086508750915527e-01
7.970598340034484863e-01 6.219515576958656311e-02
3.604334592819213867e-01 1.009036973118782043e-01
7.565801739692687988e-01 2.019945830106735229e-01
8.368399739265441895e-02 3.398445248603820801e-01
6.557822227478027344e-01 2.438559532165527344e-01
4.670087099075317383e-01 5.942925065755844116e-02
9.044732898473739624e-02 5.755539536476135254e-01
8.834753632545471191e-01 9.940457344055175781e-02
4.938309192657470703e-01 2.469836622476577759e-01
9.558497667312622070e-01 4.021071791648864746e-01
8.397817015647888184e-01 3.115071058273315430e-01
5.902132391929626465e-01 3.352806568145751953e-01
4.557632207870483398e-01 3.051707446575164795e-01
1.077922210097312927e-01 5.583208203315734863e-01
7.085623145103454590e-01 1.277989447116851807e-01
3.755308687686920166e-01 3.164536952972412109e-01
8.586505651473999023e-01 6.032648682594299316e-01
4.449787735939025879e-01 1.556414514780044556e-01
3.004750013351440430e-01 9.881038069725036621e-01
4.712814092636108398e-01 8.958522677421569824e-01
2.983797192573547363e-01 7.132049798965454102e-01
5.049190521240234375e-01 3.918477594852447510e-01
6.472377181053161621e-01 4.456370472908020020e-01
2.215026915073394775e-01 6.137146800756454468e-02
8.319405913352966309e-01 7.397692203521728516e-01
8.297274112701416016e-01 9.178256392478942871e-01
9.388597011566162109e-01 4.307498931884765625e-01
7.765223383903503418e-01 2.950666546821594238e-01
9.099590182304382324e-01 6.863749623298645020e-01
7.551184892654418945e-01 8.366240561008453369e-02
2.999357879161834717e-01 3.837994933128356934e-01
4.032869637012481689e-01 9.482519626617431641e-01
6.426517367362976074e-01 2.671027779579162598e-01
7.232676148414611816e-01 4.089948534965515137e-01
2.073272764682769775e-01 6.080001592636108398e-01
3.627805411815643311e-02 8.443202972412109375e-01
5.147510170936584473e-01 8.124399781227111816e-01
6.730321645736694336e-01 5.214615464210510254e-01
5.104909539222717285e-01 9.097386598587036133e-01
3.469964563846588135e-01 3.773706555366516113e-01
5.903246998786926270e-01 6.375269889831542969e-01
8.146107792854309082e-01 8.440634012222290039e-01
5.103244781494140625e-01 5.338904857635498047e-01
4.518354237079620361e-01 9.430637955665588379e-02
7.979223132133483887e-01 6.238620281219482422e-01
9.041745960712432861e-02 8.837855458259582520e-01
3.798385560512542725e-01 9.767001271247863770e-01
7.776198387145996094e-01 6.147581934928894043e-01
1.209784075617790222e-01 4.667818546295166016e-01
2.428919374942779541e-01 7.375873327255249023e-01
1.397618800401687622e-01 9.659014344215393066e-01
1.388948112726211548e-01 4.401181340217590332e-01
9.480975866317749023e-01 5.644654035568237305e-01
7.974343895912170410e-01 1.144857779145240784e-01
9.390352964401245117e-01 1.749124228954315186e-01
4.157873243093490601e-02 7.459514141082763672e-01
9.324610829353332520e-01 1.265841126441955566e-01
9.976071715354919434e-01 4.177285730838775635e-01
9.562192559242248535e-01 8.740810751914978027e-01
8.268133401870727539e-01 6.732519865036010742e-01
4.148181974887847900e-01 9.700411558151245117e-02
5.285417437553405762e-01 2.992808520793914795e-01
1.111533492803573608e-01 4.177177846431732178e-01
5.908992290496826172e-01 9.737501740455627441e-01
1.923790276050567627e-01 5.755782723426818848e-01
1.727945506572723389e-01 2.626319825649261475e-01
2.465527271851897240e-03 6.980633139610290527e-01
6.810972690582275391e-01 5.376943945884704590e-02
9.873855710029602051e-01 7.480056881904602051e-01
1.807028204202651978e-01 6.968384385108947754e-01
1.919149160385131836e-01 8.283607959747314453e-01
9.948518276214599609e-01 1.386789679527282715e-01
8.294942975044250488e-01 8.634899258613586426e-01
8.599866032600402832e-01 6.611958146095275879e-02
1.530668437480926514e-01 5.736517310142517090e-01
5.714607238769531250e-01 9.133521318435668945e-01
6.350362896919250488e-01 3.546925783157348633e-01
8.690176606178283691e-01 4.218232929706573486e-01
6.573827266693115234e-01 6.660979390144348145e-01
2.955932319164276123e-01 8.381583094596862793e-01
7.419379055500030518e-02 5.594033598899841309e-01
5.716782212257385254e-01 1.339469403028488159e-01
1.873584240674972534e-01 7.241598367691040039e-01
3.964130282402038574e-01 4.522236287593841553e-01
6.540753245353698730e-01 7.016930729150772095e-02
2.041895240545272827e-01 6.038937568664550781e-01
7.375407814979553223e-01 7.941904664039611816e-01
6.944399476051330566e-01 4.285028874874114990e-01
2.634339630603790283e-01 2.290154397487640381e-01
7.465726137161254883e-01 3.880580663681030273e-01
3.733017742633819580e-01 6.067742705345153809e-01
4.214498102664947510e-01 3.585939705371856689e-01
6.021456122398376465e-01 3.993362784385681152e-01
1.609840244054794312e-01 6.768714189529418945e-01
8.113028407096862793e-01 6.529601812362670898e-01
1.643610149621963501e-01 5.099415034055709839e-02
3.423831462860107422e-01 4.546085596084594727e-01
5.690497756004333496e-01 6.554909348487854004e-01
5.325587391853332520e-01 8.322896063327789307e-02
7.898472547531127930e-01 4.499740600585937500e-01
3.645594045519828796e-02 7.919006943702697754e-01
1.267048716545104980e-01 2.804363071918487549e-01
5.118857137858867645e-03 8.265355229377746582e-01
4.851870834827423096e-01 7.322071790695190430e-01
4.293699264526367188e-01 3.854372305795550346e-03
4.798433557152748108e-02 3.210632503032684326e-01
1.351746451109647751e-02 5.478435158729553223e-01
2.679377198219299316e-01 3.564060628414154053e-01
8.672122359275817871e-01 4.719815850257873535e-01
7.815940380096435547e-01 3.940758705139160156e-01
4.926639497280120850e-01 8.034436106681823730e-01
7.240629792213439941e-01 1.046037897467613220e-01
7.564650475978851318e-02 9.073032736778259277e-01
8.539946079254150391e-01 5.076294541358947754e-01
2.626063227653503418e-01 3.705462515354156494e-01
1.024536043405532837e-01 4.805984795093536377e-01
1.360391359776258469e-02 5.605733990669250488e-01
5.205307602882385254e-01 2.514274418354034424e-01
9.903101325035095215e-01 5.463465452194213867e-01
5.679435133934020996e-01 7.318760752677917480e-01
3.524241447448730469e-01 7.220551371574401855e-01
8.126995563507080078e-01 6.292437314987182617e-01
5.523949861526489258e-01 6.278285384178161621e-01
1.391379535198211670e-01 5.677989125251770020e-01
9.104855060577392578e-01 1.565481163561344147e-02
8.714016526937484741e-02 7.544732689857482910e-01
7.474514842033386230e-01 7.071325778961181641e-01
7.063958048820495605e-01 3.841603398323059082e-01
1.883581131696701050e-01 8.508098125457763672e-01
4.006733000278472900e-01 1.545630842447280884e-01
6.804752349853515625e-01 7.699690461158752441e-01
9.476277232170104980e-01 1.305430680513381958e-01
2.679468393325805664e-01 7.943547964096069336e-01
2.058067023754119873e-01 1.202341839671134949e-01
4.106345474720001221e-01 3.693860769271850586e-01
2.523789107799530029e-01 7.140045166015625000e-01
1.698795258998870850e-01 8.024348020553588867e-01
3.333149552345275879e-01 9.975125193595886230e-01
1.717041879892349243e-01 4.913122951984405518e-01
2.484387159347534180e-01 5.330071449279785156e-01
3.038775175809860229e-03 6.770117878913879395e-01
1.791455596685409546e-02 5.462688207626342773e-01
6.951507925987243652e-01 2.946705184876918793e-02
2.551114261150360107e-01 2.241681963205337524e-01
3.903286457061767578e-01 2.996107637882232666e-01
3.348239064216613770e-01 3.310790359973907471e-01
7.136971950531005859e-01 5.614129900932312012e-01
4.818902015686035156e-01 8.090884089469909668e-01
5.228672027587890625e-01 3.432867825031280518e-01
4.291331768035888672e-02 1.538832783699035645e-01
8.573661446571350098e-01 3.059821724891662598e-01
8.137887716293334961e-01 4.116864800453186035e-01
5.324643850326538086e-01 5.775545835494995117e-01
7.872002720832824707e-01 8.292364478111267090e-01
5.579803586006164551e-01 1.347220093011856079e-01
2.958464324474334717e-01 4.971064329147338867e-01
6.096657514572143555e-01 5.735239982604980469e-01
5.429647564888000488e-01 1.739830523729324341e-01
6.679608821868896484e-01 7.781164646148681641e-01
1.163860186934471130e-01 8.502183556556701660e-01
7.948778271675109863e-01 3.497834503650665283e-01
9.168280959129333496e-01 9.965304285287857056e-02
1.028055474162101746e-01 2.153936475515365601e-01
3.031258881092071533e-01 9.679304063320159912e-02
9.772577285766601562e-01 1.996404528617858887e-01
9.007288813591003418e-01 4.572184085845947266e-01
4.679760932922363281e-01 8.490581512451171875e-01
3.459112048149108887e-01 8.082798123359680176e-01
1.129041016101837158e-01 6.761821508407592773e-01
6.031687855720520020e-01 9.690526127815246582e-01
3.633933663368225098e-01 9.903509616851806641e-01
8.600640892982482910e-01 1.336499601602554321e-01
1.900271177291870117e-01 9.294626116752624512e-01
9.440972805023193359e-01 7.357420921325683594e-01
