1.630756556987762451e-01 7.993813157081604004e-01
7.487760186195373535e-01 8.239132165908813477e-01
1.197133585810661316e-01 5.929392576217651367e-01
5.067777633666992188e-01 1.208555102348327637e-01
3.575552403926849365e-01 4.147132933139801025e-01
7.371290326118469238e-01 2.318222522735595703e-01
6.400873064994812012e-01 6.733673214912414551e-01
3.067369461059570312e-01 1.858651489019393921e-01
7.215766310691833496e-01 7.339324951171875000e-01
2.819454669952392578e-01 8.639402985572814941e-01
6.653824448585510254e-01 4.495140016078948975e-01
1.469354480504989624e-01 7.870386354625225067e-03
6.326791830360889435e-03 2.682068385183811188e-02
7.577466368675231934e-01 3.939909115433692932e-02
8.129503726959228516e-01 2.019756287336349487e-01
4.351524412631988525e-01 2.544443607330322266e-01
1.628003865480422974e-01 3.972325325012207031e-01
8.998426795005798340e-01 5.175017714500427246e-01
3.558791475370526314e-03 6.716283410787582397e-02
6.842553019523620605e-01 6.467260122299194336e-01
9.974100589752197266e-01 7.216390967369079590e-01
7.006224244832992554e-02 4.674175083637237549e-01
8.059443235397338867e-01 2.397361397743225098e-02
1.872708350419998169e-01 5.681366920471191406e-01
6.862399578094482422e-01 7.565333247184753418e-01
6.195055246353149414e-01 3.837033212184906006e-01
4.048472642898559570e-01 7.914875149726867676e-01
5.415989756584167480e-01 9.113498777151107788e-02
1.463957503437995911e-02 5.448613166809082031e-01
2.209094464778900146e-01 9.103327244520187378e-02
6.011849641799926758e-01 1.836576312780380249e-01
4.686484932899475098e-01 3.597131371498107910e-01
3.657470941543579102e-01 9.130767583847045898e-01
1.765538305044174194e-01 8.900905251502990723e-01
2.586920559406280518e-01 1.793227642774581909e-01
9.113775193691253662e-02 2.763297036290168762e-02
6.243637204170227051e-01 1.094556599855422974e-02
7.371413111686706543e-01 9.197511672973632812e-01
4.838402867317199707e-01 2.279995679855346680e-01
6.163352727890014648e-01 9.593874216079711914e-01
6.241722702980041504e-01 6.544101238250732422e-01
1.598910540342330933e-01 5.172179341316223145e-01
4.601878523826599121e-01 6.862126588821411133e-01
6.061921715736389160e-01 3.343104124069213867e-01
4.252634644508361816e-01 5.743813514709472656e-02
9.539955854415893555e-01 9.385810494422912598e-01
5.277724862098693848e-01 3.597480654716491699e-01
7.926062345504760742e-01 6.962130069732666016e-01
3.785276114940643311e-01 4.128615558147430420e-01
5.798032879829406738e-01 4.626589119434356689e-01
3.422067463397979736e-01 8.031374216079711914e-01
7.467197775840759277e-01 4.417215883731842041e-01
2.862172126770019531e-01 7.044910788536071777e-01
2.544058561325073242e-01 1.955524981021881104e-01
4.704719781875610352e-01 2.770265340805053711e-01
8.546618819236755371e-01 7.649285793304443359e-01
7.706294953823089600e-02 4.637484550476074219e-01
2.514541149139404297e-01 9.694227576255798340e-01
9.073894470930099487e-02 5.165024399757385254e-01
4.188525974750518799e-01 3.539388477802276611e-01
7.603237628936767578e-01 6.186217069625854492e-01
2.324003577232360840e-01 9.186187386512756348e-02
6.259855628013610840e-01 8.972255140542984009e-02
3.179806172847747803e-01 7.594027519226074219e-01
4.535009264945983887e-01 5.437169075012207031e-01
1.060789898037910461e-01 7.190743684768676758e-01
9.675555229187011719e-01 5.794439911842346191e-01
8.648449778556823730e-01 5.285166501998901367e-01
2.923102676868438721e-02 6.463104486465454102e-01
4.818486869335174561e-01 8.313877508044242859e-03
3.285696208477020264e-01 6.535122394561767578e-01
8.152998983860015869e-02 1.185467392206192017e-01
8.375660181045532227e-01 6.608234345912933350e-02
9.995701909065246582e-01 4.272329807281494141e-01
3.978391587734222412e-01 7.996141910552978516e-01
7.911728620529174805e-01 5.227341130375862122e-02
3.991404548287391663e-02 3.984254002571105957e-01
9.317962527275085449e-01 6.559476852416992188e-01
5.446672439575195312e-01 1.728125959634780884e-01
9.694168567657470703e-01 4.437908828258514404e-01
2.848540842533111572e-01 8.540364503860473633e-01
2.103392332792282104e-01 7.033953070640563965e-01
2.768737375736236572e-01 8.085033893585205078e-01
6.915040016174316406e-01 9.974271655082702637e-01
4.352632462978363037e-01 4.880628585815429688e-01
4.379050135612487793e-01 1.620537042617797852e-01
8.514980673789978027e-01 4.699652194976806641e-01
1.623966693878173828e-01 5.297698453068733215e-02
1.237904205918312073e-01 4.354550540447235107e-01
9.725229740142822266e-01 3.322755396366119385e-01
6.448506116867065430e-01 9.305982589721679688e-01
1.625907272100448608e-01 1.952411532402038574e-01
1.251412779092788696e-01 9.043214917182922363e-01
7.420232892036437988e-01 1.079843267798423767e-01
9.017113447189331055e-01 2.521424293518066406e-01
5.034018754959106445e-01 2.499342709779739380e-02
2.830481827259063721e-01 1.776252239942550659e-01
1.020858734846115112e-01 7.917643189430236816e-01
3.953328728675842285e-01 8.527631759643554688e-01
8.586171865463256836e-01 5.900383591651916504e-01
3.721204400062561035e-01 2.932789623737335205e-01
4.769492745399475098e-01 4.592450335621833801e-02
8.240213990211486816e-01 6.269870996475219727e-01
4.372413754463195801e-01 7.657815515995025635e-02
5.737982392311096191e-01 4.262748956680297852e-01
8.845818638801574707e-01 9.517877101898193359e-01
8.469276428222656250e-01 9.673187136650085449e-01
5.987735390663146973e-01 4.142026305198669434e-01
2.465435862541198730e-01 6.473508477210998535e-01
6.256962567567825317e-02 3.197869658470153809e-01
8.919069766998291016e-01 9.399309158325195312e-01
7.504873909056186676e-03 2.967271804809570312e-01
3.225414156913757324e-01 1.381622105836868286e-01
1.819988340139389038e-01 7.706397771835327148e-01
9.546102881431579590e-01 4.585437774658203125e-01
1.995786577463150024e-01 6.322233080863952637e-01
3.282498419284820557e-01 6.512786746025085449e-01
2.589253187179565430e-01 7.966884970664978027e-01
1.593570858240127563e-01 9.678338468074798584e-02
3.087868541479110718e-02 1.316034495830535889e-01
3.598351180553436279e-01 3.186179995536804199e-01
1.037843618541955948e-02 8.675035238265991211e-01
5.070411562919616699e-01 8.014205098152160645e-01
1.915247440338134766e-01 8.841534256935119629e-01
5.880459770560264587e-02 9.608222544193267822e-02
3.974211215972900391e-01 7.746812105178833008e-01
3.074274957180023193e-01 7.433201670646667480e-01
9.838373064994812012e-01 8.794160932302474976e-02
4.206861853599548340e-01 5.968883037567138672e-01
8.110640048980712891e-01 6.645479798316955566e-01
7.388955354690551758e-01 6.556133925914764404e-02
5.415512323379516602e-01 3.339776992797851562e-01
4.508530199527740479e-01 4.147871136665344238e-01
1.734777726233005524e-02 1.389368325471878052e-01
2.763992249965667725e-01 2.597576379776000977e-01
3.748948574066162109e-01 5.511340498924255371e-01
7.713886499404907227e-01 7.798455655574798584e-02
8.104112148284912109e-01 7.999425530433654785e-01
7.705267667770385742e-01 3.455211520195007324e-01
4.342699050903320312e-01 8.672881126403808594e-01
2.472523450851440430e-01 7.603796720504760742e-01
4.922557175159454346e-01 4.291482567787170410e-01
7.378070354461669922e-01 4.576380848884582520e-01
7.254086732864379883e-01 4.898742139339447021e-01
2.971257865428924561e-01 2.883175015449523926e-01
6.108101010322570801e-01 5.440832972526550293e-01
4.862721264362335205e-01 2.644478380680084229e-01
5.191483348608016968e-02 3.639713227748870850e-01
8.826491832733154297e-01 1.405832320451736450e-01
9.806734323501586914e-01 1.195367611944675446e-02
1.284117251634597778e-01 4.796487390995025635e-01
2.591863870620727539e-01 5.497507452964782715e-01
7.067081332206726074e-01 6.317822337150573730e-01
6.632986068725585938e-01 3.618027567863464355e-01
3.473993837833404541e-01 2.221078276634216309e-01
5.014968290925025940e-02 8.752480745315551758e-01
8.837563395500183105e-01 4.151059687137603760e-01
3.353122994303703308e-02 6.571083664894104004e-01
6.113480925559997559e-01 7.944446802139282227e-01
7.838864326477050781e-01 6.513031125068664551e-01
5.438198447227478027e-01 4.746974110603332520e-01
2.959295213222503662e-01 7.338129878044128418e-01
1.616252660751342773e-01 8.994966745376586914e-01
8.296004533767700195e-01 4.426362216472625732e-01
4.355346858501434326e-01 8.377439379692077637e-01
9.064517021179199219e-01 8.261281251907348633e-01
5.193446874618530273e-01 3.345673978328704834e-01
4.218145012855529785e-01 7.592623829841613770e-01
1.387863606214523315e-01 5.416513681411743164e-01
2.296091467142105103e-01 4.756334125995635986e-01
4.105695188045501709e-01 9.383007884025573730e-01
3.857014179229736328e-01 8.882110118865966797e-01
7.091439366340637207e-01 4.606871306896209717e-01
6.982910037040710449e-01 4.167444407939910889e-01
8.360413908958435059e-01 8.685658574104309082e-01
8.065177798271179199e-01 2.735645882785320282e-02
7.306349873542785645e-01 5.129275843501091003e-02
4.861548840999603271e-01 6.237763166427612305e-01
6.662847399711608887e-01 6.190874576568603516e-01
8.123379945755004883e-01 7.203730940818786621e-01
3.049329817295074463e-01 4.790849685668945312e-01
4.039504230022430420e-01 8.933114409446716309e-01
2.511253058910369873e-01 5.274127721786499023e-01
5.806860327720642090e-01 6.325995326042175293e-01
2.683813273906707764e-01 9.982519149780273438e-01
5.030207633972167969e-01 4.278770983219146729e-01
9.529717564582824707e-01 8.989202380180358887e-01
2.249692976474761963e-01 6.555797457695007324e-01
8.902503252029418945e-01 6.277560442686080933e-02
4.258165061473846436e-01 7.201505303382873535e-01
4.212531819939613342e-02 5.786281228065490723e-01
4.145251512527465820e-01 8.234049677848815918e-01
2.772211134433746338e-01 4.846649467945098877e-01
7.673634886741638184e-01 4.337130188941955566e-01
1.488020867109298706e-01 9.135605096817016602e-01
7.271537184715270996e-01 4.543519914150238037e-01
4.469807147979736328e-01 8.444100022315979004e-01
5.043463110923767090e-01 4.586010873317718506e-01
2.579114735126495361e-01 5.580088496208190918e-01
3.329267501831054688e-01 4.610672593116760254e-01
6.891403198242187500e-01 8.851733803749084473e-01
5.025965571403503418e-01 7.805673480033874512e-01
5.513598322868347168e-01 3.897136151790618896e-01
8.163112998008728027e-01 6.745369732379913330e-02
2.048951536417007446e-01 1.676182895898818970e-01
1.097641587257385254e-01 4.180225133895874023e-01
7.136859893798828125e-01 2.000144124031066895e-01
2.218751795589923859e-02 2.629907131195068359e-01
3.905701935291290283e-01 2.533978819847106934e-01
9.398101270198822021e-02 7.231917977333068848e-01
6.112167835235595703e-01 3.722751513123512268e-02
8.049321174621582031e-01 7.425249814987182617e-01
6.537725925445556641e-01 3.412652015686035156e-01
5.338216423988342285e-01 7.462102770805358887e-01
8.934680819511413574e-01 1.667873561382293701e-01
7.496974468231201172e-01 9.699023365974426270e-01
4.299289286136627197e-01 7.399584054946899414e-01
2.228543609380722046e-01 6.154157519340515137e-01
7.667518854141235352e-01 9.195277690887451172e-01
6.731109619140625000e-01 9.737921357154846191e-01
4.482760727405548096e-01 5.613267421722412109e-01
6.597789525985717773e-01 3.133898973464965820e-01
8.962833136320114136e-02 2.020682543516159058e-01
8.906038403511047363e-01 9.663936495780944824e-01
3.561114966869354248e-01 4.369801580905914307e-01
8.922141194343566895e-01 9.290646910667419434e-01
4.748831689357757568e-01 5.317391753196716309e-01
5.109235048294067383e-01 6.381407976150512695e-01
1.160853430628776550e-01 5.146849751472473145e-01
7.398707866668701172e-01 8.314902782440185547e-01
5.058063268661499023e-01 7.059823870658874512e-01
8.521217703819274902e-01 6.387104988098144531e-01
1.147082000970840454e-01 1.814264804124832153e-01
5.960838198661804199e-01 9.177510142326354980e-01
3.947623670101165771e-01 8.929394483566284180e-01
6.665403246879577637e-01 5.615113377571105957e-01
1.012019291520118713e-01 8.607416152954101562e-01
6.498429924249649048e-02 4.019078612327575684e-01
1.331712156534194946e-01 4.907259643077850342e-01
3.066211640834808350e-01 9.039760828018188477e-01
8.931923508644104004e-01 6.958328932523727417e-02
9.410793781280517578e-01 3.003214299678802490e-01
6.088311672210693359e-01 7.670536041259765625e-01
6.108447909355163574e-01 6.446435451507568359e-01
2.636700868606567383e-01 6.030795574188232422e-01
4.515506923198699951e-01 4.972075223922729492e-01
5.682705640792846680e-01 5.652827024459838867e-02
2.667614072561264038e-02 9.424424171447753906e-01
7.674232125282287598e-01 5.081515312194824219e-01
8.445020914077758789e-01 8.289939761161804199e-01
2.037088423967361450e-01 9.566600322723388672e-01
2.413950711488723755e-01 2.822370827198028564e-01
8.898053169250488281e-01 7.752668261528015137e-01
8.580096960067749023e-01 2.475305497646331787e-01
4.863222837448120117e-01 3.167167007923126221e-01
3.059380948543548584e-01 4.596327245235443115e-01
6.763666868209838867e-01 9.791886210441589355e-01
9.279622435569763184e-01 9.975627064704895020e-01
4.812166094779968262e-01 2.374674081802368164e-01
7.657990604639053345e-02 8.227427005767822266e-01
2.727423608303070068e-01 4.902842044830322266e-01
1.051629614084959030e-02 6.878699064254760742e-01
2.686968743801116943e-01 3.942918777465820312e-01
6.169655919075012207e-01 3.462208509445190430e-01
3.800708651542663574e-01 9.838849306106567383e-01
7.348990440368652344e-02 6.438851952552795410e-01
4.946554005146026611e-01 6.887331008911132812e-01
1.417509019374847412e-01 7.032716274261474609e-01
5.259301662445068359e-01 4.295631125569343567e-02
9.518186450004577637e-01 8.883553147315979004e-01
1.580064557492733002e-02 3.117822706699371338e-01
6.582185029983520508e-01 7.049516439437866211e-01
8.657210469245910645e-01 9.173460006713867188e-01
5.372399091720581055e-01 9.138378500938415527e-01
5.385685563087463379e-01 6.319251060485839844e-01
6.115552186965942383e-01 5.604003071784973145e-01
7.695934176445007324e-01 7.681854367256164551e-01
3.533197641372680664e-01 7.139329910278320312e-01
7.233583927154541016e-01 3.166295588016510010e-01
1.381897926330566406e-01 1.094029024243354797e-01
7.708849906921386719e-01 1.212039217352867126e-01
1.612591445446014404e-01 3.763488531112670898e-01
6.527466773986816406e-01 2.201925776898860931e-02
8.093506693840026855e-01 1.640646904706954956e-01
1.566109955310821533e-01 3.652707040309906006e-01
1.287279576063156128e-01 7.169104814529418945e-01
5.223820209503173828e-01 6.111567616462707520e-01
9.480089545249938965e-01 2.020766288042068481e-01
1.560578346252441406e-01 3.352197110652923584e-01
4.488387107849121094e-01 9.646474123001098633e-01
8.022312521934509277e-01 8.276658654212951660e-01
9.579654932022094727e-01 2.589887380599975586e-01
4.600836038589477539e-01 2.743381857872009277e-01
6.918335556983947754e-01 2.843724191188812256e-01
9.001451134681701660e-01 6.472509354352951050e-02
3.188364207744598389e-01 4.220322072505950928e-01
1.850116997957229614e-01 2.455644607543945312e-01
6.507672369480133057e-02 2.336252480745315552e-01
8.079298734664916992e-01 6.345340609550476074e-02
9.219810962677001953e-01 3.325740396976470947e-01
2.906204760074615479e-01 9.995699673891067505e-02
9.468598961830139160e-01 4.736766815185546875e-01
5.163921117782592773e-01 9.328153729438781738e-01
4.976743459701538086e-01 7.496426701545715332e-01
7.618216425180435181e-02 7.824417948722839355e-01
1.328684985637664795e-01 4.286690056324005127e-01
6.233196333050727844e-02 5.322748422622680664e-01
1.028020381927490234e-01 7.423610687255859375e-01
4.977707862854003906e-01 4.209105968475341797e-01
1.728956848382949829e-01 4.796466827392578125e-01
6.968365311622619629e-01 9.604299068450927734e-01
5.464145541191101074e-01 9.159612059593200684e-01
1.619014441967010498e-01 5.013144612312316895e-01
1.332478523254394531e-01 5.925097465515136719e-01
9.450527429580688477e-01 4.279139935970306396e-01
1.258776187896728516e-01 5.870070457458496094e-01
3.889624476432800293e-01 2.325731366872787476e-01
2.242525964975357056e-01 2.417376190423965454e-01
5.274742841720581055e-01 4.094727933406829834e-01
7.239653170108795166e-02 8.309405446052551270e-01
7.702314257621765137e-01 2.420396506786346436e-01
9.404259920120239258e-01 5.114752054214477539e-01
3.051878213882446289e-01 7.308534383773803711e-01
2.688348889350891113e-01 8.787581324577331543e-01
7.600149512290954590e-02 3.522825241088867188e-02
8.488712906837463379e-01 5.068052411079406738e-01
4.719733446836471558e-02 4.308633804321289062e-01
1.195116266608238220e-01 6.741533279418945312e-01
5.980265885591506958e-02 4.202681183815002441e-01
7.549320459365844727e-01 7.300024628639221191e-01
4.068139195442199707e-01 5.372776985168457031e-01
3.152797818183898926e-01 1.102227047085762024e-01
2.386031299829483032e-01 8.832530975341796875e-01
6.162559986114501953e-01 7.844535112380981445e-01
5.095290541648864746e-01 6.675974130630493164e-01
7.894983887672424316e-01 7.008810043334960938e-01
6.877390742301940918e-01 1.884591206908226013e-02
1.110853850841522217e-01 9.513922929763793945e-01
4.795326590538024902e-01 6.961909532546997070e-01
5.983371138572692871e-01 7.836939692497253418e-01
4.039040803909301758e-01 3.753788471221923828e-01
6.535394787788391113e-01 2.716566622257232666e-01
9.984352588653564453e-01 2.408019006252288818e-01
1.450061202049255371e-01 9.149236083030700684e-01
4.303050637245178223e-01 9.858388304710388184e-01
9.496497511863708496e-01 2.427460849285125732e-01
7.435585260391235352e-01 8.961516618728637695e-01
3.023173809051513672e-01 3.077803254127502441e-01
2.022320032119750977e-01 4.681584537029266357e-01
6.949908137321472168e-01 5.701661705970764160e-01
6.020807623863220215e-01 5.741077065467834473e-01
6.714847087860107422e-01 3.729503154754638672e-01
1.440353840589523315e-01 3.184785544872283936e-01
5.509088635444641113e-01 1.785841882228851318e-01
1.442500799894332886e-01 3.433947265148162842e-01
5.765125751495361328e-01 8.526384234428405762e-01
3.722199499607086182e-01 7.743098735809326172e-01
1.109253391623497009e-01 7.286475896835327148e-01
3.383634388446807861e-01 3.580685704946517944e-02
6.907146573066711426e-01 4.230833351612091064e-01
6.517581343650817871e-01 2.319812029600143433e-01
7.115738093852996826e-02 7.685739994049072266e-01
4.046426117420196533e-01 7.234550714492797852e-01
3.130212724208831787e-01 6.830382943153381348e-01
9.521699547767639160e-01 2.018915414810180664e-01
7.522132396697998047e-01 7.618162035942077637e-01
7.290655970573425293e-01 5.199036002159118652e-01
2.814926505088806152e-01 6.714367270469665527e-01
9.010511636734008789e-01 6.198930740356445312e-01
5.526572465896606445e-01 4.958927333354949951e-01
9.168381094932556152e-01 4.715270400047302246e-01
9.354498386383056641e-01 6.116547584533691406e-01
9.452656507492065430e-01 5.402861163020133972e-02
8.817581832408905029e-02 1.889007985591888428e-01
9.660160541534423828e-01 8.502088487148284912e-02
7.584246993064880371e-01 1.115096807479858398e-01
8.469833731651306152e-01 1.204351615160703659e-02
2.066339701414108276e-01 8.253359794616699219e-01
6.107152700424194336e-01 2.778160572052001953e-01
5.391838774085044861e-02 5.385727882385253906e-01
1.794468611478805542e-01 3.575912415981292725e-01
1.073128283023834229e-01 6.408484578132629395e-01
9.850476980209350586e-01 8.506725430488586426e-01
8.597698807716369629e-01 6.106331944465637207e-01
3.167100250720977783e-01 3.214952647686004639e-01
6.573098897933959961e-01 4.657941460609436035e-01
3.690935671329498291e-01 1.370711326599121094e-01
3.142204880714416504e-01 2.404666543006896973e-01
6.582388281822204590e-01 6.956020593643188477e-01
1.682435870170593262e-01 7.295815944671630859e-01
9.329652786254882812e-01 4.863352775573730469e-01
4.553130567073822021e-01 9.328741431236267090e-01
7.519642114639282227e-01 5.860159993171691895e-01
3.143500685691833496e-01 9.865326881408691406e-01
8.388803005218505859e-01 2.026945203542709351e-01
2.608642876148223877e-01 3.009529709815979004e-01
1.648782789707183838e-01 9.047531485557556152e-01
6.178163290023803711e-01 4.688612222671508789e-01
1.162409037351608276e-01 5.148007273674011230e-01
1.543662548065185547e-01 9.685459733009338379e-01
2.485175728797912598e-01 5.663012266159057617e-01
3.561279773712158203e-01 8.230279088020324707e-01
9.995103478431701660e-01 3.577635884284973145e-01
5.714356899261474609e-01 6.039508581161499023e-01
8.581678271293640137e-01 4.147077202796936035e-01
1.748623549938201904e-01 2.817591130733489990e-01
4.729513227939605713e-01 8.554881811141967773e-01
7.468236088752746582e-01 5.367411375045776367e-01
9.228360652923583984e-01 3.754849135875701904e-01
6.358812451362609863e-01 6.056590080261230469e-01
1.167107522487640381e-01 1.950576603412628174e-01
3.786181211471557617e-01 3.698704242706298828e-01
7.966365814208984375e-01 6.977918148040771484e-01
7.700337767601013184e-01 1.015694960951805115e-01
1.773457676172256470e-01 9.053230881690979004e-01
8.925887942314147949e-01 4.614246487617492676e-01
4.238669276237487793e-01 9.340791404247283936e-02
1.124965026974678040e-02 6.913313269615173340e-01
1.353586763143539429e-01 7.359092831611633301e-01
3.741556406021118164e-01 8.743171691894531250e-01
2.780880033969879150e-01 5.764848589897155762e-01
7.173867821693420410e-01 4.094504117965698242e-01
6.624395251274108887e-01 8.438185453414916992e-01
7.709740400314331055e-01 4.840293899178504944e-02
9.552226662635803223e-01 8.454597592353820801e-01
6.998057365417480469e-01 7.867692112922668457e-01
6.935506463050842285e-01 2.718376517295837402e-01
4.972131252288818359e-01 8.880661725997924805e-01
3.414947688579559326e-01 6.593528389930725098e-01
3.430300652980804443e-01 5.096833035349845886e-02
1.087566837668418884e-01 4.370464682579040527e-01
5.223713517189025879e-01 5.797546505928039551e-01
1.915740519762039185e-01 7.732099294662475586e-01
4.557395279407501221e-01 3.826812505722045898e-01
5.119446516036987305e-01 6.765434741973876953e-01
5.634098052978515625e-01 6.258788108825683594e-01
2.504716217517852783e-01 4.190134108066558838e-01
8.827372640371322632e-02 6.034314632415771484e-01
3.919193446636199951e-01 5.043764114379882812e-01
8.595595955848693848e-01 4.770200252532958984e-01
4.561941623687744141e-01 5.278726220130920410e-01
5.433130860328674316e-01 7.116241753101348877e-02
2.299364507198333740e-01 1.630926132202148438e-01
2.760129272937774658e-01 9.741059541702270508e-01
8.471261858940124512e-01 6.970956325531005859e-01
9.528058171272277832e-01 8.103023171424865723e-01
4.151326417922973633e-01 3.261573910713195801e-01
3.724922835826873779e-01 9.882695078849792480e-01
3.083437681198120117e-01 7.050931453704833984e-01
4.621543884277343750e-01 8.986186385154724121e-01
4.516042470932006836e-01 2.427785098552703857e-02
9.096597433090209961e-01 4.128716588020324707e-01
2.434895187616348267e-01 9.753401875495910645e-01
4.243455082178115845e-02 9.646075963973999023e-01
4.332727789878845215e-01 5.186191797256469727e-01
6.526874899864196777e-01 8.429898023605346680e-01
1.042713150382041931e-01 3.667162954807281494e-01
8.186520636081695557e-02 8.364257812500000000e-01
2.771548032760620117e-01 3.379702866077423096e-01
5.035262107849121094e-01 1.585424691438674927e-01
4.170271754264831543e-02 7.573732137680053711e-01
1.293375343084335327e-01 7.186922430992126465e-01
7.781295180320739746e-01 4.836558997631072998e-01
7.009282708168029785e-01 2.275110408663749695e-02
3.570458889007568359e-01 5.131759643554687500e-01
6.805720925331115723e-01 7.836564779281616211e-01
5.347505211830139160e-01 9.506254196166992188e-01
5.274575948715209961e-01 7.362888455390930176e-01
2.841867804527282715e-01 1.079003065824508667e-01
7.315177917480468750e-01 5.821821689605712891e-01
2.936169505119323730e-01 6.368724703788757324e-01
9.297485947608947754e-01 1.687253564596176147e-01
3.515303134918212891e-01 5.860542654991149902e-01
7.971079349517822266e-01 1.995860040187835693e-02
5.038703083992004395e-01 4.811049103736877441e-01
4.283199906349182129e-01 4.024567306041717529e-01
2.117771655321121216e-01 7.282056808471679688e-01
3.404950201511383057e-01 6.257752180099487305e-01
8.729482293128967285e-01 8.009312748908996582e-01
2.033774852752685547e-01 5.960029363632202148e-01
7.985534667968750000e-01 5.806663036346435547e-01
2.176094353199005127e-01 7.058501243591308594e-01
9.125664234161376953e-01 2.283198237419128418e-01
1.697170585393905640e-01 3.990413546562194824e-01
2.453086674213409424e-01 5.559220910072326660e-01
6.219641566276550293e-01 1.783769577741622925e-01
7.066229581832885742e-01 4.755329191684722900e-01
9.616935849189758301e-01 1.577344387769699097e-01
9.941436052322387695e-01 6.430783867835998535e-01
9.419216774404048920e-03 2.293998897075653076e-01
1.924543827772140503e-01 7.210519313812255859e-01
7.485012710094451904e-02 4.257546365261077881e-01
4.396151304244995117e-01 5.036021769046783447e-02
6.472458839416503906e-01 9.986958503723144531e-01
3.798376023769378662e-01 4.704783856868743896e-01
8.987797498703002930e-01 8.251453042030334473e-01
1.928901858627796173e-02 9.983836412429809570e-01
7.970294952392578125e-01 9.824180603027343750e-01
5.096051692962646484e-01 5.186405777931213379e-01
1.165585145354270935e-01 4.545211195945739746e-01
6.192706227302551270e-01 9.172485470771789551e-01
3.128411471843719482e-01 6.201595067977905273e-01
1.414541006088256836e-01 3.489895537495613098e-02
3.266375660896301270e-01 1.815107762813568115e-01
9.872159361839294434e-01 6.570322513580322266e-01
9.141570329666137695e-01 6.378564834594726562e-01
3.048786222934722900e-01 5.585067272186279297e-01
7.129325270652770996e-01 5.373883247375488281e-01
6.014411449432373047e-01 1.828235536813735962e-01
1.106737032532691956e-01 8.476721644401550293e-01
9.508642554283142090e-01 3.585563302040100098e-01
1.570287793874740601e-01 7.074118852615356445e-01
3.041135966777801514e-01 7.079971432685852051e-01
6.416472196578979492e-01 4.757531583309173584e-01
7.785606980323791504e-01 5.000417232513427734e-01
3.727035522460937500e-01 5.213744044303894043e-01
6.141554713249206543e-01 4.841574430465698242e-01
1.374812573194503784e-01 7.189477682113647461e-01
6.776334047317504883e-01 7.669751048088073730e-01
2.099205851554870605e-01 4.536669850349426270e-01
8.027506470680236816e-01 6.688436269760131836e-01
8.525192141532897949e-01 6.936419606208801270e-01
3.727301359176635742e-01 6.576603055000305176e-01
9.451715946197509766e-01 8.282020092010498047e-01
4.796968400478363037e-01 5.906658172607421875e-01
7.306876778602600098e-01 3.488695025444030762e-01
7.287021279335021973e-01 5.244961977005004883e-01
8.384232521057128906e-01 6.310261487960815430e-01
6.036015152931213379e-01 4.058883190155029297e-01
2.612835541367530823e-02 5.381776690483093262e-01
1.534673478454351425e-02 7.988017201423645020e-01
2.670286297798156738e-01 9.394687414169311523e-01
1.037676110863685608e-01 4.834258556365966797e-01
3.737945258617401123e-01 7.059296369552612305e-01
8.056970834732055664e-01 3.537006378173828125e-01
1.085002571344375610e-01 6.616597771644592285e-01
6.860454082489013672e-01 4.798860251903533936e-01
1.909599006175994873e-01 9.457365274429321289e-01
2.305685579776763916e-01 1.025441884994506836e-01
2.171272337436676025e-01 2.669112682342529297e-01
7.506272792816162109e-01 5.139791965484619141e-01
3.008425831794738770e-01 5.232066512107849121e-01
1.229569241404533386e-01 5.493941903114318848e-01
6.147981807589530945e-02 3.294622898101806641e-01
7.273467183113098145e-01 2.205622345209121704e-01
9.420027732849121094e-01 6.963726133108139038e-02
6.802424788475036621e-01 4.779434204101562500e-01
8.602614402770996094e-01 3.237287998199462891e-01
7.067838907241821289e-01 4.518112838268280029e-01
8.591079115867614746e-01 8.804102540016174316e-01
5.425997376441955566e-01 7.634939551353454590e-01
1.848857551813125610e-01 6.095622777938842773e-01
9.232279658317565918e-01 9.490838646888732910e-01
1.796168833971023560e-01 2.865758240222930908e-01
2.957991957664489746e-01 7.432565093040466309e-01
3.319053351879119873e-01 7.817439734935760498e-02
4.946666657924652100e-01 3.309176266193389893e-01
1.055321842432022095e-01 8.136254549026489258e-01
2.992194890975952148e-01 2.083363831043243408e-01
3.444311022758483887e-01 8.774733543395996094e-01
3.233029544353485107e-01 3.245054483413696289e-01
1.864291843958199024e-03 9.674432873725891113e-01
3.393339812755584717e-01 3.662716448307037354e-01
6.990191936492919922e-01 7.164521217346191406e-01
5.231225490570068359e-01 5.542123317718505859e-01
4.192377030849456787e-01 1.004057452082633972e-01
3.983840942382812500e-01 7.803659141063690186e-02
6.303272247314453125e-01 8.378826379776000977e-01
8.626337349414825439e-02 1.100349873304367065e-01
4.494131505489349365e-01 7.334291338920593262e-01
2.232513204216957092e-02 7.357333302497863770e-01
8.035817742347717285e-01 6.267281770706176758e-01
7.264980077743530273e-01 9.037042409181594849e-02
4.754945635795593262e-01 6.600080728530883789e-01
9.456720352172851562e-01 7.738155126571655273e-01
9.283684492111206055e-01 1.922677904367446899e-01
8.953351974487304688e-01 6.040172576904296875e-01
2.431862205266952515e-01 5.187823772430419922e-01
8.255556225776672363e-01 3.879305422306060791e-01
1.731795072555541992e-01 4.810856580734252930e-01
3.195797204971313477e-01 6.008210405707359314e-02
3.822407722473144531e-01 5.792325139045715332e-01
2.665842473506927490e-01 4.978593587875366211e-01
4.433613121509552002e-01 5.908752083778381348e-01
1.433653086423873901e-01 9.389044642448425293e-01
5.138834714889526367e-01 1.998545229434967041e-01
4.577335119247436523e-01 3.826886117458343506e-01
2.278687655925750732e-01 7.489473819732666016e-01
1.399694383144378662e-01 8.100251555442810059e-01
2.098231315612792969e-01 6.400384753942489624e-02
5.005835369229316711e-02 8.338381648063659668e-01
7.216422557830810547e-01 2.959394454956054688e-01
4.882179796695709229e-01 4.374246597290039062e-01
1.904293000698089600e-01 2.314357012510299683e-01
7.115640044212341309e-01 9.950469732284545898e-01
1.874438524246215820e-01 5.932574868202209473e-01
6.074922084808349609e-01 1.535032987594604492e-01
8.458697237074375153e-03 2.436691224575042725e-01
3.209450542926788330e-01 5.213989615440368652e-01
3.975200653076171875e-01 3.806617558002471924e-01
6.248244550079107285e-03 9.680520296096801758e-01
5.155731439590454102e-01 7.854683995246887207e-01
2.572046518325805664e-01 8.450690507888793945e-01
1.809096336364746094e-01 6.240643262863159180e-01
2.819455601274967194e-02 7.040879726409912109e-01
3.143924113828688860e-04 3.277886509895324707e-01
5.438476800918579102e-01 7.857651114463806152e-01
7.188140749931335449e-01 3.876919150352478027e-01
4.885583519935607910e-01 7.398764491081237793e-01
2.930139601230621338e-01 2.716120779514312744e-01
9.489216804504394531e-01 4.132684171199798584e-01
7.704828977584838867e-01 5.514502525329589844e-01
5.744999647140502930e-01 2.000668346881866455e-01
5.322773456573486328e-01 7.363945245742797852e-02
8.160536289215087891e-01 4.712857007980346680e-01
7.459774613380432129e-01 6.121069192886352539e-01
3.075420856475830078e-01 7.223911285400390625e-01
1.998851448297500610e-01 8.555356860160827637e-01
6.112767383456230164e-02 8.537008762359619141e-01
7.753869295120239258e-01 4.568680524826049805e-01
5.324741005897521973e-01 2.627796530723571777e-01
6.118889451026916504e-01 3.619602620601654053e-01
9.507276117801666260e-02 5.453607439994812012e-01
2.636148929595947266e-01 3.033704161643981934e-01
1.544037908315658569e-01 6.107994914054870605e-01
6.841694116592407227e-01 3.436174988746643066e-02
4.596733674407005310e-02 3.040973246097564697e-01
9.119556546211242676e-01 3.501678407192230225e-01
8.922764658927917480e-01 5.322409272193908691e-01
8.428859873674809933e-04 1.938446164131164551e-01
4.019143432378768921e-02 8.810335397720336914e-01
7.138679027557373047e-01 9.237886071205139160e-01
7.441547513008117676e-01 7.867866754531860352e-01
6.284054517745971680e-01 8.493593335151672363e-01
6.090901494026184082e-01 9.833346605300903320e-01
2.872115373611450195e-01 8.978869915008544922e-01
2.572555840015411377e-01 4.380909800529479980e-01
7.615820169448852539e-01 3.479366600513458252e-01
6.716523766517639160e-01 3.383681178092956543e-01
9.548064470291137695e-01 2.762068212032318115e-01
2.360752224922180176e-01 8.302835226058959961e-01
9.814597964286804199e-01 4.593621492385864258e-01
5.759767293930053711e-01 7.002962827682495117e-01
9.035471081733703613e-01 2.923372089862823486e-01
3.507470488548278809e-01 2.996155917644500732e-01
5.420107841491699219e-01 1.772357374429702759e-01
3.108989000320434570e-01 5.901209712028503418e-01
5.135410428047180176e-01 8.895854353904724121e-01
8.979209661483764648e-01 5.738219022750854492e-01
3.107432425022125244e-01 7.782614231109619141e-01
6.163265109062194824e-01 4.809563457965850830e-01
1.671473234891891479e-01 4.382609128952026367e-01
3.694790899753570557e-01 7.257295846939086914e-01
7.504575252532958984e-01 4.840768873691558838e-01
3.033800423145294189e-01 5.018604993820190430e-01
6.450260877609252930e-01 9.278999269008636475e-02
3.014118373394012451e-01 9.843750000000000000e-01
1.823651939630508423e-01 6.312268376350402832e-01
8.828985691070556641e-01 5.220200419425964355e-01
1.798698604106903076e-01 8.999703526496887207e-01
5.731577277183532715e-01 3.564985990524291992e-01
2.933743298053741455e-01 2.576373815536499023e-01
4.832604825496673584e-01 7.997956275939941406e-01
2.080768942832946777e-01 6.318029165267944336e-01
7.310518026351928711e-01 7.163749337196350098e-01
3.381897807121276855e-01 5.522794127464294434e-01
8.828769922256469727e-01 2.053819894790649414e-01
3.087325692176818848e-01 3.929905295372009277e-01
2.881824076175689697e-01 7.715948224067687988e-01
8.767518401145935059e-01 6.473770141601562500e-01
5.048044323921203613e-01 8.592448830604553223e-01
1.275932341814041138e-01 3.957115709781646729e-01
5.522959232330322266e-01 9.520033001899719238e-01
4.279146194458007812e-01 4.602673351764678955e-01
8.928187489509582520e-01 7.553380131721496582e-01
8.536328673362731934e-01 8.004673719406127930e-01
3.561565577983856201e-01 5.249574780464172363e-01
1.846689134836196899e-01 3.325496613979339600e-01
8.712772130966186523e-01 2.610144615173339844e-01
2.095817923545837402e-01 7.825036644935607910e-01
8.300539851188659668e-02 7.952642440795898438e-01
6.645681709051132202e-02 3.968582451343536377e-01
9.722088575363159180e-01 9.053028225898742676e-01
6.749486923217773438e-01 2.225614786148071289e-01
8.159182071685791016e-01 3.364486694335937500e-01
7.584167122840881348e-01 1.174641624093055725e-01
8.055453300476074219e-01 9.001708626747131348e-01
5.101136490702629089e-02 8.993825316429138184e-01
5.474568344652652740e-03 3.592164218425750732e-01
2.972257323563098907e-02 1.106543093919754028e-01
7.190892100334167480e-01 3.928661346435546875e-01
5.598952174186706543e-01 6.327050924301147461e-01
5.257658362388610840e-01 3.753505349159240723e-01
1.866382956504821777e-01 6.881302595138549805e-01
9.894934296607971191e-01 3.135419189929962158e-01
3.886645287275314331e-02 3.474948406219482422e-01
7.822670936584472656e-01 8.726213574409484863e-01
6.460502743721008301e-01 1.854818463325500488e-01
7.983883619308471680e-01 3.874402046203613281e-01
8.661210536956787109e-01 9.525190591812133789e-01
5.473486185073852539e-01 2.705292403697967529e-01
7.832359075546264648e-01 6.348182559013366699e-01
8.996691107749938965e-01 2.478963136672973633e-01
2.459553331136703491e-01 8.430392146110534668e-01
8.135548233985900879e-01 9.693207740783691406e-01
3.492708802223205566e-01 2.711988091468811035e-01
3.469440340995788574e-01 2.637398242950439453e-01
8.106445670127868652e-01 3.925743997097015381e-01
9.783563613891601562e-01 1.806036978960037231e-01
5.881525874137878418e-01 4.970674514770507812e-01
2.338322997093200684e-01 2.152574211359024048e-01
7.428045272827148438e-01 5.373147726058959961e-01
4.138348400592803955e-01 5.705249309539794922e-01
9.627550840377807617e-01 3.105763494968414307e-01
4.141753613948822021e-01 4.414674639701843262e-01
4.753645062446594238e-01 8.049895763397216797e-01
6.558867692947387695e-01 8.805375099182128906e-01
4.618586897850036621e-01 5.794999599456787109e-01
7.936862111091613770e-01 7.733483612537384033e-02
2.284969091415405273e-01 9.889660477638244629e-01
7.443494200706481934e-01 9.537581801414489746e-01
9.825893044471740723e-01 1.126338839530944824e-01
4.481620341539382935e-02 1.350579410791397095e-01
4.544419050216674805e-01 6.987513899803161621e-01
7.724072337150573730e-01 4.595752954483032227e-01
8.980947732925415039e-01 1.285719871520996094e-01
5.096244215965270996e-01 8.353940248489379883e-01
2.365865409374237061e-01 5.726705193519592285e-01
5.557923913002014160e-01 7.537055611610412598e-01
2.729652822017669678e-01 9.558081626892089844e-01
3.055705428123474121e-01 9.738958477973937988e-01
5.937666296958923340e-01 9.823212623596191406e-01
5.858799815177917480e-01 2.768978476524353027e-01
3.180108219385147095e-02 5.334514975547790527e-01
3.450134098529815674e-01 7.714615017175674438e-02
8.188310265541076660e-02 5.043154209852218628e-02
3.680253326892852783e-01 6.502917408943176270e-01
6.808080673217773438e-01 4.651001095771789551e-01
5.873816013336181641e-01 8.354068398475646973e-01
6.947131156921386719e-01 1.449432969093322754e-01
1.044980157166719437e-02 4.196223914623260498e-01
2.333727926015853882e-01 7.578145861625671387e-01
1.218846160918474197e-02 5.108308196067810059e-01
6.554893255233764648e-01 8.537588715553283691e-01
1.218516826629638672e-01 9.636914730072021484e-01
3.466131985187530518e-01 5.883828997611999512e-01
2.131796032190322876e-01 3.677965998649597168e-01
5.397920608520507812e-01 7.154448628425598145e-01
8.719107508659362793e-01 7.352533340454101562e-01
7.848987579345703125e-01 4.439736902713775635e-01
4.983284771442413330e-01 9.115010499954223633e-01
6.577532291412353516e-01 5.602387189865112305e-01
3.188870251178741455e-01 5.484001636505126953e-01
3.087388575077056885e-01 5.412436127662658691e-01
1.106789857149124146e-01 2.138572931289672852e-01
3.758693486452102661e-02 8.083725571632385254e-01
9.483734369277954102e-01 9.663431048393249512e-01
3.813453912734985352e-01 3.021983206272125244e-01
5.110231041908264160e-01 7.901285886764526367e-01
5.561493039131164551e-01 7.267938852310180664e-01
4.869924783706665039e-01 3.492082655429840088e-02
4.913850501179695129e-02 7.743430882692337036e-02
8.204730153083801270e-01 2.796589434146881104e-01
8.480710983276367188e-01 8.087054491043090820e-01
5.817404389381408691e-01 3.669637739658355713e-01
5.002584457397460938e-01 4.987242221832275391e-01
6.721692681312561035e-01 1.034014448523521423e-01
8.615978360176086426e-01 1.018919050693511963e-01
7.614819407463073730e-01 5.294060334563255310e-02
9.902102351188659668e-01 7.696621417999267578e-01
4.003299474716186523e-01 2.425153553485870361e-01
3.506087660789489746e-01 9.705076366662979126e-02
8.721146583557128906e-01 3.196811676025390625e-01
4.242835640907287598e-01 5.638691782951354980e-01
6.881936192512512207e-01 9.934213757514953613e-01
5.332093238830566406e-01 8.072879314422607422e-01
6.613600850105285645e-01 1.110135465860366821e-01
1.300641745328903198e-01 8.851205110549926758e-01
5.126329660415649414e-01 3.166876137256622314e-01
8.654180765151977539e-01 6.770347952842712402e-01
3.094526529312133789e-01 2.146218270063400269e-01
3.770470023155212402e-01 2.731346786022186279e-01
6.217977404594421387e-01 5.877637267112731934e-01
6.991783156991004944e-03 3.008987307548522949e-01
2.612038552761077881e-01 6.117748022079467773e-01
4.911914765834808350e-01 8.495645523071289062e-01
8.956450819969177246e-01 5.856842994689941406e-01
1.262594014406204224e-01 8.176089525222778320e-01
2.339208573102951050e-01 8.042389750480651855e-01
9.765128046274185181e-02 1.753873676061630249e-01
6.952954530715942383e-01 3.043070249259471893e-02
7.762940227985382080e-02 4.163279831409454346e-01
5.788047313690185547e-01 5.604768991470336914e-01
2.366364896297454834e-01 9.305089712142944336e-01
4.511822462081909180e-01 5.397003889083862305e-01
4.951333403587341309e-01 4.663567543029785156e-01
2.261696197092533112e-02 8.189076185226440430e-01
9.082026779651641846e-02 5.194538831710815430e-01
7.879586517810821533e-02 9.257519841194152832e-01
2.104578465223312378e-01 1.053516641259193420e-01
3.049727380275726318e-01 9.758756160736083984e-01
2.484521567821502686e-01 4.768113791942596436e-01
7.747310996055603027e-01 4.237931370735168457e-01
8.326031565666198730e-01 9.918252229690551758e-01
8.477834463119506836e-01 9.479606151580810547e-01
4.945812225341796875e-01 7.183880805969238281e-01
8.961628377437591553e-02 5.658053755760192871e-01
9.967496395111083984e-01 5.593703389167785645e-01
8.897633850574493408e-02 3.265778720378875732e-01
1.293166130781173706e-01 4.398892819881439209e-01
3.630137741565704346e-01 2.580395042896270752e-01
7.411480545997619629e-01 4.769143462181091309e-01
3.229629099369049072e-01 4.249603152275085449e-01
9.292461872100830078e-01 3.280989825725555420e-01
5.592145770788192749e-02 8.666312694549560547e-01
9.752802848815917969e-01 7.626518011093139648e-01
2.970221936702728271e-01 8.683867752552032471e-02
7.547667622566223145e-01 6.574975252151489258e-01
3.822861015796661377e-01 5.869276076555252075e-02
5.928735733032226562e-01 3.069410622119903564e-01
2.065601348876953125e-01 8.430312275886535645e-01
4.580221772193908691e-01 5.438106060028076172e-01
9.328081607818603516e-01 9.683452844619750977e-01
6.792853772640228271e-02 4.695361256599426270e-01
4.643254280090332031e-01 4.286335408687591553e-01
3.432927727699279785e-01 4.367413222789764404e-01
4.632427990436553955e-01 4.250179529190063477e-01
3.087731599807739258e-01 6.222068667411804199e-01
1.812088936567306519e-01 3.994603827595710754e-02
1.451008319854736328e-01 8.544331789016723633e-01
3.337302505970001221e-01 1.939143538475036621e-01
3.273577690124511719e-01 7.235475778579711914e-01
6.321641802787780762e-01 5.910531282424926758e-01
8.364529609680175781e-01 8.756065368652343750e-01
7.028252482414245605e-01 8.843708038330078125e-02
2.365557253360748291e-01 8.471525311470031738e-01
5.915170311927795410e-01 5.411695837974548340e-01
6.364262700080871582e-01 3.674081861972808838e-01
9.758924245834350586e-01 5.854752659797668457e-01
6.826030015945434570e-01 1.613741740584373474e-02
1.578710079193115234e-01 7.787814736366271973e-01
2.524608075618743896e-01 6.660073399543762207e-01
2.054958641529083252e-01 8.359825611114501953e-01
6.884596943855285645e-01 7.800256013870239258e-01
1.182451471686363220e-01 2.016792446374893188e-01
6.790105998516082764e-02 1.331271976232528687e-01
7.478935718536376953e-01 8.434243798255920410e-01
2.038023173809051514e-01 5.157560706138610840e-01
9.248439073562622070e-01 3.629282414913177490e-01
3.566959798336029053e-01 4.753779470920562744e-01
4.958398044109344482e-01 1.144331768155097961e-01
7.008196413516998291e-02 9.472192525863647461e-01
6.153569817543029785e-01 2.894154489040374756e-01
8.227956891059875488e-01 5.375626087188720703e-01
9.955779463052749634e-02 3.517171740531921387e-02
2.295395433902740479e-01 9.897187948226928711e-01
8.258722424507141113e-01 8.787816166877746582e-01
3.208952844142913818e-01 3.362576961517333984e-01
9.621670246124267578e-01 2.413005530834197998e-01
1.385351717472076416e-01 1.132122799754142761e-01
5.166946053504943848e-01 7.646228671073913574e-01
2.564957737922668457e-01 1.774896532297134399e-01
6.918810009956359863e-01 4.869124293327331543e-01
1.774123609066009521e-01 6.696637272834777832e-01
8.622885942459106445e-01 3.539410233497619629e-01
9.827471375465393066e-01 7.450907677412033081e-02
6.792662143707275391e-01 1.965802311897277832e-01
9.023582339286804199e-01 3.287740051746368408e-01
5.245312117040157318e-03 6.353797316551208496e-01
2.673076689243316650e-01 4.620867073535919189e-01
8.142400383949279785e-01 8.838079571723937988e-01
5.978441238403320312e-01 7.968779802322387695e-01
9.453746676445007324e-01 2.537896931171417236e-01
4.170863330364227295e-01 2.575714588165283203e-01
6.034636497497558594e-01 6.288540959358215332e-01
7.826814800500869751e-02 7.370995879173278809e-01
1.312525868415832520e-01 1.359995007514953613e-01
4.307650327682495117e-01 6.222624778747558594e-01
4.545624554157257080e-01 9.318212270736694336e-01
7.580262422561645508e-01 8.346348404884338379e-01
2.325558364391326904e-01 9.422404766082763672e-01
2.065541297197341919e-01 3.781027495861053467e-01
9.052513837814331055e-01 4.802600145339965820e-01
3.742317557334899902e-01 8.070912957191467285e-01
8.988267183303833008e-02 8.082819581031799316e-01
2.817111089825630188e-02 3.479342758655548096e-01
1.881201416254043579e-01 9.092728495597839355e-01
8.760472536087036133e-01 7.300782203674316406e-01
4.542342424392700195e-01 1.739218682050704956e-01
1.085735633969306946e-01 8.534451723098754883e-01
7.879793643951416016e-01 2.769675850868225098e-01
5.435750484466552734e-01 6.755682229995727539e-01
1.296639628708362579e-02 9.361584782600402832e-01
8.804790973663330078e-01 3.602180778980255127e-01
1.847386476583778858e-03 8.846738934516906738e-01
4.592004716396331787e-01 5.763273835182189941e-01
6.506786942481994629e-01 4.421693831682205200e-02
6.636408567428588867e-01 1.821675598621368408e-01
5.470082759857177734e-01 7.027741670608520508e-01
7.586746811866760254e-01 8.607301712036132812e-01
7.235484719276428223e-01 6.922576427459716797e-01
5.187249183654785156e-01 6.386415958404541016e-01
8.888570070266723633e-01 4.766065180301666260e-01
7.421520948410034180e-01 5.124148726463317871e-01
6.110030412673950195e-01 4.237379431724548340e-01
9.613622426986694336e-01 5.394628047943115234e-01
2.818413972854614258e-01 4.162632822990417480e-01
2.327741682529449463e-01 8.655737042427062988e-01
6.881669163703918457e-02 4.407186061143875122e-03
1.813693195581436157e-01 5.478208661079406738e-01
8.767925500869750977e-01 6.971452832221984863e-01
1.339526772499084473e-01 6.564149260520935059e-01
4.317827150225639343e-02 7.829921841621398926e-01
8.998343944549560547e-01 4.869714081287384033e-01
9.338865429162979126e-02 7.271807789802551270e-01
7.551918029785156250e-01 1.032365709543228149e-01
4.985593631863594055e-02 5.854803323745727539e-01
5.281926989555358887e-01 4.318813681602478027e-01
1.223887726664543152e-01 5.772652029991149902e-01
2.190194129943847656e-01 6.826100870966911316e-03
8.990943431854248047e-01 7.486762404441833496e-01
7.905271053314208984e-01 9.356269240379333496e-01
6.314718723297119141e-01 9.397754669189453125e-01
2.708343043923377991e-02 5.333402752876281738e-01
5.061325430870056152e-01 2.891179025173187256e-01
9.698572754859924316e-01 1.284376531839370728e-01
3.435282409191131592e-01 4.004398584365844727e-01
8.493829369544982910e-01 1.099402680993080139e-01
8.247816562652587891e-01 5.804654359817504883e-01
6.967488527297973633e-01 6.221288442611694336e-01
3.343317806720733643e-01 4.777276217937469482e-01
5.302917361259460449e-01 8.804470300674438477e-02
3.962486386299133301e-01 2.723925113677978516e-01
4.900150001049041748e-01 1.677256077527999878e-01
2.785985469818115234e-01 2.479674518108367920e-01
5.923438072204589844e-01 9.163624644279479980e-01
2.572272121906280518e-01 7.353652119636535645e-01
6.912675499916076660e-01 1.151292473077774048e-01
6.398409008979797363e-01 7.259805798530578613e-01
4.671221375465393066e-01 7.223805189132690430e-01
1.282727718353271484e-01 9.379066228866577148e-01
2.790000736713409424e-01 6.938076019287109375e-01
4.765166938304901123e-01 3.017026558518409729e-02
2.196151614189147949e-01 7.782663702964782715e-01
1.072706878185272217e-01 7.578780055046081543e-01
7.974180579185485840e-01 4.973325133323669434e-01
2.780036330223083496e-01 3.802975118160247803e-01
2.917068079113960266e-02 6.241934895515441895e-01
3.086385428905487061e-01 7.725973129272460938e-01
5.369601249694824219e-01 9.773588776588439941e-01
2.986981272697448730e-01 8.906339108943939209e-02
2.866035997867584229e-01 3.984204530715942383e-01
3.851125538349151611e-01 3.652046248316764832e-02
3.403065353631973267e-02 1.282941922545433044e-02
2.675810456275939941e-01 1.368902027606964111e-01
8.933840394020080566e-01 5.303395390510559082e-01
1.807602588087320328e-03 7.344986498355865479e-02
3.004928529262542725e-01 5.737692713737487793e-01
6.857411563396453857e-02 3.645387291908264160e-01
1.191375330090522766e-01 3.290483355522155762e-01
6.381525993347167969e-01 4.324384629726409912e-01
2.006266266107559204e-01 9.720750451087951660e-01
7.233101129531860352e-01 4.579097330570220947e-01
2.942419946193695068e-01 6.691477298736572266e-01
4.109088778495788574e-01 3.702672123908996582e-01
3.428916633129119873e-01 3.903025388717651367e-01
9.711012840270996094e-01 4.688352048397064209e-01
6.064546704292297363e-01 8.977400660514831543e-01
4.891940653324127197e-01 5.073487758636474609e-01
2.464593015611171722e-02 7.263175249099731445e-01
4.779621064662933350e-01 8.565381765365600586e-01
2.339306473731994629e-01 2.718007266521453857e-01
6.188710927963256836e-01 2.326108515262603760e-01
3.698315322399139404e-01 1.096392199397087097e-01
7.647012472152709961e-01 7.038105726242065430e-01
6.830081343650817871e-03 7.854306697845458984e-01
6.774717569351196289e-01 6.820689886808395386e-02
1.007376536726951599e-01 8.195633888244628906e-01
1.722062081098556519e-01 1.117888018488883972e-01
1.373026967048645020e-01 6.689815521240234375e-01
9.465817213058471680e-01 7.359488606452941895e-01
9.103714227676391602e-01 5.997583642601966858e-02
1.384515464305877686e-01 7.620551586151123047e-01
1.359445899724960327e-01 8.737050890922546387e-01
6.910115480422973633e-01 7.431788444519042969e-01
2.064512968063354492e-01 8.652225732803344727e-01
4.415918290615081787e-01 2.373648062348365784e-02
3.048451840877532959e-01 8.890931010246276855e-01
3.351817727088928223e-01 2.561174333095550537e-01
8.623902201652526855e-01 3.826139867305755615e-01
8.335348367691040039e-01 5.711096525192260742e-01
9.422205090522766113e-01 4.481245577335357666e-01
7.478955984115600586e-01 3.623504564166069031e-02
3.912493884563446045e-01 8.050577640533447266e-01
4.777641892433166504e-01 6.528354883193969727e-01
5.777107551693916321e-02 4.198846872895956039e-03
9.195317625999450684e-01 6.574950814247131348e-01
5.768899917602539062e-01 5.639196634292602539e-01
1.841821074485778809e-01 9.560674428939819336e-01
9.473639726638793945e-01 1.837037950754165649e-01
3.870416581630706787e-01 2.109682112932205200e-01
5.512644052505493164e-01 5.884373188018798828e-01
7.466238141059875488e-01 4.066831171512603760e-01
4.095459878444671631e-01 2.371929883956909180e-01
6.158781647682189941e-01 6.258594989776611328e-01
6.039178371429443359e-01 9.914839863777160645e-01
7.137914299964904785e-01 7.842832803726196289e-01
5.946654081344604492e-01 8.563217520713806152e-01
2.809860110282897949e-01 5.787425637245178223e-01
4.099454581737518311e-01 3.047355115413665771e-01
5.714100599288940430e-01 4.108937382698059082e-01
5.255139470100402832e-01 5.143257379531860352e-01
6.886739730834960938e-01 2.551290206611156464e-02
7.748108506202697754e-01 2.402406930923461914e-01
2.133987993001937866e-01 8.161778450012207031e-01
6.025959849357604980e-01 1.092091295868158340e-02
7.698097229003906250e-01 4.591414630413055420e-01
6.780527830123901367e-01 1.749604940414428711e-01
4.780361950397491455e-01 8.331191539764404297e-01
1.751319766044616699e-01 3.408101797103881836e-01
5.852907299995422363e-01 5.579525232315063477e-01
1.971704214811325073e-01 4.955488443374633789e-01
8.330969810485839844e-01 3.730311393737792969e-01
9.896386265754699707e-01 9.508621692657470703e-01
