3.472463190555572510e-01 5.429461002349853516e-01
4.869790971279144287e-01 8.737609386444091797e-01
4.669155180454254150e-01 8.524841666221618652e-01
2.298732995986938477e-01 1.536001265048980713e-01
7.454049587249755859e-01 1.977489143610000610e-01
4.494540989398956299e-01 1.321776211261749268e-01
8.489413559436798096e-02 8.667711615562438965e-01
8.813207149505615234e-01 8.672335147857666016e-01
2.878821790218353271e-01 7.387545704841613770e-01
5.361577272415161133e-01 7.079619169235229492e-01
5.207187533378601074e-01 2.284090816974639893e-01
2.192014306783676147e-01 7.329180836677551270e-02
1.683938950300216675e-01 7.359942793846130371e-01
6.736044883728027344e-01 3.813865184783935547e-01
7.661162614822387695e-01 5.990828573703765869e-02
4.078238904476165771e-01 6.176317110657691956e-02
2.377659529447555542e-01 5.291777253150939941e-01
3.352570533752441406e-01 7.144755721092224121e-01
9.157024025917053223e-01 6.442492604255676270e-01
4.923709928989410400e-01 2.177277058362960815e-01
9.558172821998596191e-01 1.856108903884887695e-01
1.255990099161863327e-02 9.012694358825683594e-01
5.087338685989379883e-01 5.396491289138793945e-01
1.933659613132476807e-01 9.891576766967773438e-01
4.954524934291839600e-01 1.053467541933059692e-01
1.470608115196228027e-01 4.217149913311004639e-01
8.490341305732727051e-01 5.387377738952636719e-01
4.646533727645874023e-01 2.200712114572525024e-01
5.780826210975646973e-01 6.060184836387634277e-01
1.784020662307739258e-01 7.441226243972778320e-01
8.132376074790954590e-01 5.520642399787902832e-01
4.838600456714630127e-01 1.732658296823501587e-01
1.881661862134933472e-01 8.079775571823120117e-01
1.778497695922851562e-01 5.448281168937683105e-01
1.345634758472442627e-01 2.383833825588226318e-01
2.356622517108917236e-01 5.230767130851745605e-01
7.261832952499389648e-01 9.867299795150756836e-01
7.253680378198623657e-02 3.659347593784332275e-01
5.295372605323791504e-01 3.219083845615386963e-01
6.068114638328552246e-01 3.035258315503597260e-02
1.143727004528045654e-01 9.516379237174987793e-02
5.949747934937477112e-02 3.871467113494873047e-01
2.493384927511215210e-01 9.216398000717163086e-01
6.285916566848754883e-01 5.851387381553649902e-01
4.556705057621002197e-01 7.820696234703063965e-01
4.621942639350891113e-01 1.268618553876876831e-01
5.858621001243591309e-01 8.390853404998779297e-01
1.541299074888229370e-01 2.059747874736785889e-01
7.455890774726867676e-01 5.340833067893981934e-01
5.230667591094970703e-01 5.069231390953063965e-01
1.862018406391143799e-01 4.552794396877288818e-01
6.274780035018920898e-01 4.701524376869201660e-01
8.413377404212951660e-01 4.184029996395111084e-01
3.244917988777160645e-01 1.251626759767532349e-01
9.589177370071411133e-01 7.792687416076660156e-01
8.987698554992675781e-01 8.884565830230712891e-01
2.935156226158142090e-01 7.623738646507263184e-01
1.715537160634994507e-01 2.600054144859313965e-01
6.476685404777526855e-01 3.790211081504821777e-01
2.095435410737991333e-01 1.762769818305969238e-01
9.610215425491333008e-01 2.160216718912124634e-01
5.576415061950683594e-01 1.715633124113082886e-01
8.240421414375305176e-01 4.134238958358764648e-01
4.648155570030212402e-01 5.481557846069335938e-01
6.312766671180725098e-01 5.826757550239562988e-01
9.021519422531127930e-01 4.397480785846710205e-01
6.159770116209983826e-02 8.392249047756195068e-02
4.502709507942199707e-01 4.230774939060211182e-01
5.875493884086608887e-01 4.482517242431640625e-01
3.436791598796844482e-01 3.551224768161773682e-01
5.659680962562561035e-01 4.326809942722320557e-01
8.742349743843078613e-01 1.590660959482192993e-01
7.613038420677185059e-01 2.277874797582626343e-01
9.373828768730163574e-01 3.727767467498779297e-01
2.655526064336299896e-02 4.583646357059478760e-01
8.590873330831527710e-02 1.157910469919443130e-02
2.060935199260711670e-01 1.504769623279571533e-01
9.027076363563537598e-01 9.562734365463256836e-01
7.169870287179946899e-02 3.727803230285644531e-01
2.840868830680847168e-01 8.089864253997802734e-01
6.672898530960083008e-01 7.468884438276290894e-02
7.337343692779541016e-01 6.636988837271928787e-03
6.109763979911804199e-01 3.528004586696624756e-01
8.410947024822235107e-02 4.191889464855194092e-01
9.279081970453262329e-02 1.029337197542190552e-01
9.376050829887390137e-01 3.414685428142547607e-01
4.452562630176544189e-01 6.972441673278808594e-01
1.968456208705902100e-01 1.410770863294601440e-01
9.014514684677124023e-01 9.951864480972290039e-01
6.345416307449340820e-01 5.441941618919372559e-01
1.078064292669296265e-01 9.729800820350646973e-01
2.013187557458877563e-01 6.472531706094741821e-02
9.819447398185729980e-01 9.759560227394104004e-01
3.463584482669830322e-01 1.668111681938171387e-01
8.453694581985473633e-01 5.262483358383178711e-01
2.362496219575405121e-02 2.092371135950088501e-01
6.299644708633422852e-01 3.043231666088104248e-01
9.976507425308227539e-01 1.530518829822540283e-01
3.128883838653564453e-01 9.576216340065002441e-01
3.843772709369659424e-01 5.084794759750366211e-01
6.838608980178833008e-01 3.261741697788238525e-01
4.943057000637054443e-01 5.173498392105102539e-01
8.423970341682434082e-01 4.809851050376892090e-01
6.799205541610717773e-01 4.454026818275451660e-01
2.390320150880143046e-04 3.728706836700439453e-01
4.937381148338317871e-01 6.754883527755737305e-01
9.577493071556091309e-01 2.308072447776794434e-01
1.746550649404525757e-01 2.603285610675811768e-01
8.428378701210021973e-01 1.599138081073760986e-01
7.085283994674682617e-01 2.774940431118011475e-01
4.389121383428573608e-02 9.430382847785949707e-01
3.466352522373199463e-01 5.588462948799133301e-01
2.138865441083908081e-01 9.386819005012512207e-01
5.483186841011047363e-01 5.752035379409790039e-01
5.704503655433654785e-01 4.019626379013061523e-01
5.278128385543823242e-01 9.142696112394332886e-02
8.869594931602478027e-01 7.376748323440551758e-01
2.151285260915756226e-01 1.854600906372070312e-01
4.911737889051437378e-02 6.065250039100646973e-01
6.119710803031921387e-01 1.506073027849197388e-01
8.408867120742797852e-01 3.112832605838775635e-01
2.868601083755493164e-01 1.345033198595046997e-01
1.430749446153640747e-01 5.207502841949462891e-01
6.426665186882019043e-01 5.225340649485588074e-02
8.054189085960388184e-01 1.303752660751342773e-01
5.421860814094543457e-01 6.896654963493347168e-01
7.825174927711486816e-01 1.822751201689243317e-02
6.907834410667419434e-01 3.159976601600646973e-01
4.006252884864807129e-01 6.430838704109191895e-01
8.763711452484130859e-01 7.283619642257690430e-01
2.099720090627670288e-01 7.776569128036499023e-01
1.888960972428321838e-02 3.217642605304718018e-01
3.161685168743133545e-01 6.711341738700866699e-01
6.848050951957702637e-01 3.039542734622955322e-01
2.932143509387969971e-01 2.151637803763151169e-03
2.031916528940200806e-01 5.710581541061401367e-01
9.488838911056518555e-01 2.420237362384796143e-01
8.895843625068664551e-01 3.486110568046569824e-01
2.633861899375915527e-01 6.311051845550537109e-01
1.034912988543510437e-01 7.683554291725158691e-01
2.158273011445999146e-01 2.154707014560699463e-01
5.321434736251831055e-01 1.437326669692993164e-01
3.038792014122009277e-01 5.171828269958496094e-01
4.244367480278015137e-01 2.594066560268402100e-01
4.695418179035186768e-01 1.484118849039077759e-01
6.970376968383789062e-01 8.682608008384704590e-01
7.771805524826049805e-01 7.285628318786621094e-01
2.382429838180541992e-01 6.781750321388244629e-01
3.512444198131561279e-01 5.510917305946350098e-01
2.068266570568084717e-01 9.924854636192321777e-01
9.282910227775573730e-01 2.910961806774139404e-01
7.789376378059387207e-01 3.746743500232696533e-01
8.502041101455688477e-01 2.480774968862533569e-01
1.847350150346755981e-01 5.074940919876098633e-01
7.756984233856201172e-01 7.605594992637634277e-01
3.522350639104843140e-02 9.581028223037719727e-01
2.822270393371582031e-01 7.855965495109558105e-01
5.340846776962280273e-01 6.227462887763977051e-01
2.546721398830413818e-01 5.354099869728088379e-01
5.723592042922973633e-01 3.526246845722198486e-01
3.850415050983428955e-01 4.845008850097656250e-01
7.959954142570495605e-01 6.126749515533447266e-01
9.967929720878601074e-01 2.429968863725662231e-01
1.398182660341262817e-01 1.555726490914821625e-02
2.816951870918273926e-01 3.151423064991831779e-03
2.129111886024475098e-01 9.493592381477355957e-01
1.040912419557571411e-01 4.014176130294799805e-01
9.079194068908691406e-01 2.522128820419311523e-01
9.744157791137695312e-01 8.491491079330444336e-01
6.021470427513122559e-01 3.974787592887878418e-01
3.415511548519134521e-01 9.513972997665405273e-01
7.340879440307617188e-01 7.497776746749877930e-01
9.825347065925598145e-01 6.296222805976867676e-01
7.580314874649047852e-01 7.874938249588012695e-01
2.851879596710205078e-01 9.702531695365905762e-01
5.852379798889160156e-01 5.407470464706420898e-01
3.574005961418151855e-01 3.553152382373809814e-01
4.186953604221343994e-01 2.419129163026809692e-01
9.314596652984619141e-01 3.465089201927185059e-01
2.979692816734313965e-01 7.992300987243652344e-01
9.578623175621032715e-01 5.060556530952453613e-01
8.485197424888610840e-01 2.796702086925506592e-01
5.475883483886718750e-01 2.942299544811248779e-01
6.657291054725646973e-01 7.099787145853042603e-02
6.201745271682739258e-01 1.025660336017608643e-01
1.552570909261703491e-01 8.892539143562316895e-02
9.059609174728393555e-01 9.579056501388549805e-01
7.368687391281127930e-01 2.718651890754699707e-01
1.495895981788635254e-01 9.011396169662475586e-01
9.619323611259460449e-01 9.674317836761474609e-01
7.041571736335754395e-01 7.068791985511779785e-01
4.316744208335876465e-01 2.901667654514312744e-01
6.774518489837646484e-01 2.632850222289562225e-02
2.239180654287338257e-01 5.308091044425964355e-01
6.669512987136840820e-01 5.954906344413757324e-02
4.106123447418212891e-01 4.302186071872711182e-01
8.328861743211746216e-02 1.439640074968338013e-01
3.258577883243560791e-01 8.281405568122863770e-01
6.016740202903747559e-01 8.618675917387008667e-02
5.523913502693176270e-01 4.431365430355072021e-01
9.624395370483398438e-01 8.368929624557495117e-01
2.523656785488128662e-01 3.618615493178367615e-02
4.669123589992523193e-01 2.927854955196380615e-01
6.542183160781860352e-01 3.555248677730560303e-01
7.625751495361328125e-01 3.433204293251037598e-01
4.857180416584014893e-01 1.074147000908851624e-01
2.349264621734619141e-01 8.963705599308013916e-02
8.341895937919616699e-01 8.165168166160583496e-01
3.923483788967132568e-01 8.767485022544860840e-01
8.964909613132476807e-02 1.258073598146438599e-01
1.400152295827865601e-01 4.836651682853698730e-01
6.634768843650817871e-01 1.307513564825057983e-01
8.500996828079223633e-01 7.822241187095642090e-01
3.470782637596130371e-01 5.996299982070922852e-01
6.070513278245925903e-02 2.898652851581573486e-01
8.031980395317077637e-01 6.480028629302978516e-01
9.808073192834854126e-02 2.460317015647888184e-01
3.347502350807189941e-01 3.833620846271514893e-01
2.865086495876312256e-01 3.000094592571258545e-01
5.499967336654663086e-01 3.771053552627563477e-01
8.234960436820983887e-01 9.817563891410827637e-01
6.056219935417175293e-01 5.582477450370788574e-01
8.771800994873046875e-01 2.531998753547668457e-01
9.443051367998123169e-02 8.660678267478942871e-01
5.080198049545288086e-01 5.930567979812622070e-01
4.133561253547668457e-01 9.003936052322387695e-01
9.121218323707580566e-01 4.638448357582092285e-01
3.293929100036621094e-01 3.076013028621673584e-01
4.253732860088348389e-01 9.766424894332885742e-01
9.591410160064697266e-01 1.031715869903564453e-01
2.988746166229248047e-01 8.154886364936828613e-01
1.629539728164672852e-01 5.642116069793701172e-01
9.650830030441284180e-01 2.619843184947967529e-01
5.265728235244750977e-01 2.294582426548004150e-01
2.818772494792938232e-01 5.794531106948852539e-01
7.153098583221435547e-01 4.966998994350433350e-01
9.677885174751281738e-01 1.930175125598907471e-01
2.049145549535751343e-01 2.999058738350868225e-02
5.006989836692810059e-02 8.530403375625610352e-01
4.275692999362945557e-01 3.818487226963043213e-01
3.387578129768371582e-01 1.114597469568252563e-01
7.730640769004821777e-01 6.500345468521118164e-01
7.907934784889221191e-01 1.269553899765014648e-01
3.585450947284698486e-01 5.190857648849487305e-01
6.312661617994308472e-02 3.907456994056701660e-02
7.529988884925842285e-01 9.839825034141540527e-01
5.240144133567810059e-01 5.694357752799987793e-01
7.065770030021667480e-01 2.809270918369293213e-01
3.149164915084838867e-01 1.014547944068908691e-01
1.760757416486740112e-01 1.489211022853851318e-01
1.580503135919570923e-01 7.234993577003479004e-02
7.306772470474243164e-01 9.174500107765197754e-01
7.001175880432128906e-01 3.069944679737091064e-01
3.318667113780975342e-01 4.022158682346343994e-01
7.381827235221862793e-01 6.201958060264587402e-01
8.149152994155883789e-01 6.627321243286132812e-01
7.686632871627807617e-01 1.068483665585517883e-01
5.440162420272827148e-01 5.046241879463195801e-01
3.499509394168853760e-02 9.626301527023315430e-01
4.810976982116699219e-02 7.106226682662963867e-01
8.336675167083740234e-01 4.154982268810272217e-01
3.449094891548156738e-01 2.250521630048751831e-02
1.618597358465194702e-01 8.509457111358642578e-01
8.398076295852661133e-01 5.684593915939331055e-01
6.016358137130737305e-01 8.951472043991088867e-01
5.023801922798156738e-01 3.300846219062805176e-01
5.047394633293151855e-01 9.113450050354003906e-01
3.870920240879058838e-01 2.578487396240234375e-01
2.984178066253662109e-01 1.838211119174957275e-01
5.208479762077331543e-01 5.836814641952514648e-01
1.392903774976730347e-01 3.523201942443847656e-01
8.754454255104064941e-01 9.481388330459594727e-01
4.741876125335693359e-01 4.000792503356933594e-01
8.703155517578125000e-01 4.696359485387802124e-02
2.503136396408081055e-01 7.725787758827209473e-01
1.424403488636016846e-01 7.265924811363220215e-01
6.072859168052673340e-01 6.909300088882446289e-01
7.599096894264221191e-01 4.810646474361419678e-01
5.242643952369689941e-01 5.821871757507324219e-02
2.236086130142211914e-02 4.233637452125549316e-01
3.182727694511413574e-01 4.832606911659240723e-01
3.477044403553009033e-02 4.485282599925994873e-01
4.907468855381011963e-01 1.029871851205825806e-01
6.594741940498352051e-01 1.157738342881202698e-01
5.620582103729248047e-01 2.892831861972808838e-01
8.866810202598571777e-01 1.018071249127388000e-01
2.732167541980743408e-01 8.505654931068420410e-01
7.976830601692199707e-01 3.663281500339508057e-01
5.601692199707031250e-01 2.815738320350646973e-01
5.164934396743774414e-01 3.264589235186576843e-02
5.711033344268798828e-01 1.800134032964706421e-01
6.804074645042419434e-01 6.988777518272399902e-01
7.080402970314025879e-01 1.810205876827239990e-01
6.119442358613014221e-02 4.671181440353393555e-01
5.228459835052490234e-01 5.080270171165466309e-01
9.988861680030822754e-01 5.609185695648193359e-01
4.923174381256103516e-01 8.192451000213623047e-01
4.915756732225418091e-02 5.352756381034851074e-01
3.986862301826477051e-01 6.227487325668334961e-01
9.255282878875732422e-01 3.643711209297180176e-01
4.675484299659729004e-01 3.761579692363739014e-01
3.582240268588066101e-02 3.161978125572204590e-01
7.781162858009338379e-01 1.193437278270721436e-01
8.883737027645111084e-03 1.944808214902877808e-01
8.477611541748046875e-01 2.283995896577835083e-01
6.333816647529602051e-01 6.963372230529785156e-01
6.360149383544921875e-01 1.122947037220001221e-01
2.082975804805755615e-01 9.601358771324157715e-01
3.479184210300445557e-01 8.886467665433883667e-02
8.059592247009277344e-01 3.910692334175109863e-01
3.974241316318511963e-01 6.513332724571228027e-01
8.567841649055480957e-01 6.029728651046752930e-01
3.719696700572967529e-01 3.903525173664093018e-01
9.370489120483398438e-01 3.509018421173095703e-01
5.652275085449218750e-01 7.402476668357849121e-02
2.376776486635208130e-01 9.407038986682891846e-02
5.265171527862548828e-01 8.714346885681152344e-01
5.129590034484863281e-01 1.392845660448074341e-01
5.297356247901916504e-01 2.540988624095916748e-01
6.586806476116180420e-02 8.438306450843811035e-01
3.453308343887329102e-01 2.281349152326583862e-01
8.395369052886962891e-01 2.169152349233627319e-01
4.376514256000518799e-02 3.801503777503967285e-01
6.352165341377258301e-01 5.992504358291625977e-01
4.314080178737640381e-01 6.084838882088661194e-02
3.223682940006256104e-01 3.691706061363220215e-01
3.513873815536499023e-01 2.229129225015640259e-01
8.203595280647277832e-01 2.261324822902679443e-01
2.248716354370117188e-01 3.921535611152648926e-02
3.436622619628906250e-01 3.050141036510467529e-02
6.178747415542602539e-01 7.669530510902404785e-01
7.791673541069030762e-01 4.726753011345863342e-02
8.472074568271636963e-02 5.488758087158203125e-01
5.335219502449035645e-01 4.702479839324951172e-01
3.498902916908264160e-01 6.487386673688888550e-02
4.252373874187469482e-01 2.250102609395980835e-01
4.398572742938995361e-01 9.668823480606079102e-01
5.961778163909912109e-01 4.888277947902679443e-01
4.251380860805511475e-01 8.760215044021606445e-01
9.088302254676818848e-01 6.566827297210693359e-01
3.372990489006042480e-01 5.417019724845886230e-01
5.282919406890869141e-01 2.805736362934112549e-01
2.004042565822601318e-01 5.165596008300781250e-01
2.878994047641754150e-01 4.379134625196456909e-02
2.482186704874038696e-01 1.812258660793304443e-01
3.756630122661590576e-01 2.760331332683563232e-01
4.466724395751953125e-01 5.747334957122802734e-01
4.846889674663543701e-01 9.982836842536926270e-01
6.892210841178894043e-01 4.724508523941040039e-01
8.387176394462585449e-01 1.883956193923950195e-01
4.791836142539978027e-01 5.606769323348999023e-01
2.277557253837585449e-01 4.959199428558349609e-01
3.713102042675018311e-01 5.490523576736450195e-01
2.432390898466110229e-01 7.459064126014709473e-01
7.627221345901489258e-01 2.669406831264495850e-01
2.948935925960540771e-01 3.911252319812774658e-01
1.150284931063652039e-01 3.377180173993110657e-02
7.456383109092712402e-01 5.144009590148925781e-01
2.657540328800678253e-02 3.711136281490325928e-01
6.259711980819702148e-01 2.536584734916687012e-01
7.911203503608703613e-01 3.032938539981842041e-01
3.488939106464385986e-01 9.808332920074462891e-01
8.882609009742736816e-01 1.831012070178985596e-01
2.202754318714141846e-01 1.308335214853286743e-01
2.008217424154281616e-01 3.753426969051361084e-01
8.706417679786682129e-01 2.381374388933181763e-01
7.255414128303527832e-01 7.051624059677124023e-01
7.139481306076049805e-01 5.696709156036376953e-01
2.704086601734161377e-01 2.992703812196850777e-03
8.535093069076538086e-01 4.494842514395713806e-02
9.785616397857666016e-01 8.333271741867065430e-01
9.273509979248046875e-01 1.967598348855972290e-01
1.436329334974288940e-01 4.673963487148284912e-01
1.949200183153152466e-01 6.278485059738159180e-01
4.742838442325592041e-01 5.673686265945434570e-01
2.278413325548171997e-01 4.370946884155273438e-01
2.880554497241973877e-01 9.967187643051147461e-01
6.912202239036560059e-01 2.021260708570480347e-01
7.906528711318969727e-01 3.522190451622009277e-01
6.018702387809753418e-01 8.502399325370788574e-01
8.093199133872985840e-02 4.968431890010833740e-01
7.537906169891357422e-01 3.906233906745910645e-01
1.827545762062072754e-01 3.678267002105712891e-01
5.391171574592590332e-01 1.441655606031417847e-01
2.294282466173171997e-01 5.614106655120849609e-01
7.107302546501159668e-01 4.629957079887390137e-01
4.632781744003295898e-01 7.644479274749755859e-01
2.436897456645965576e-01 6.478218436241149902e-01
4.231107532978057861e-01 7.390611767768859863e-01
4.011284112930297852e-01 4.914405345916748047e-01
3.986701741814613342e-02 7.974526882171630859e-01
6.081532239913940430e-01 4.829603061079978943e-02
4.683162868022918701e-01 8.835940361022949219e-01
1.057732477784156799e-01 3.018821179866790771e-01
7.210242748260498047e-02 7.515564560890197754e-01
9.035227447748184204e-02 8.774925470352172852e-01
1.999612897634506226e-01 2.132948935031890869e-01
7.794492840766906738e-01 5.255754590034484863e-01
9.161348938941955566e-01 1.704793721437454224e-01
8.748027086257934570e-01 2.503061592578887939e-01
6.855471134185791016e-01 1.977048069238662720e-01
7.825614809989929199e-01 2.053788751363754272e-01
9.541026353836059570e-01 5.146202445030212402e-01
8.516786098480224609e-01 1.640139669179916382e-01
3.687664866447448730e-01 8.115301132202148438e-01
1.565869152545928955e-02 4.210636913776397705e-01
1.334009915590286255e-01 1.231741085648536682e-01
8.953412175178527832e-01 1.485592424869537354e-01
1.715781539678573608e-01 8.338072896003723145e-01
7.320977449417114258e-01 4.768407940864562988e-01
1.699128746986389160e-01 6.053118109703063965e-01
8.007795214653015137e-01 3.731250390410423279e-02
3.543872535228729248e-01 5.773662328720092773e-01
5.977414250373840332e-01 9.815343022346496582e-01
1.526094675064086914e-01 2.151940166950225830e-01
7.368692755699157715e-01 3.246635496616363525e-01
9.236286878585815430e-01 7.873153686523437500e-01
3.949481993913650513e-03 7.098729014396667480e-01
2.462127357721328735e-01 9.838390350341796875e-01
1.154620200395584106e-01 2.573151886463165283e-01
3.330327868461608887e-01 6.786531209945678711e-01
7.582598924636840820e-01 3.329544141888618469e-02
3.902722597122192383e-01 3.807252049446105957e-01
7.241095304489135742e-01 1.269197016954421997e-01
7.091532349586486816e-01 9.915015101432800293e-02
5.583930015563964844e-01 1.616751775145530701e-02
1.693109720945358276e-01 2.483311891555786133e-01
3.479966223239898682e-01 8.221226334571838379e-01
6.010791659355163574e-01 3.401277065277099609e-01
4.262238144874572754e-01 1.999034285545349121e-01
7.913264632225036621e-02 2.831057608127593994e-01
1.813043951988220215e-01 4.289474487304687500e-01
9.873197674751281738e-01 1.932663768529891968e-01
7.265163064002990723e-01 9.294378757476806641e-01
4.822303652763366699e-01 5.945034623146057129e-01
8.986757993698120117e-01 1.559037715196609497e-01
4.952662885189056396e-01 5.087408423423767090e-01
6.563760638236999512e-01 9.708218574523925781e-01
8.411765694618225098e-01 6.645432710647583008e-01
1.718461811542510986e-01 3.942194283008575439e-01
3.493433594703674316e-01 5.520045161247253418e-01
8.579435348510742188e-01 2.067399770021438599e-01
9.426848888397216797e-01 9.792061448097229004e-01
9.619719982147216797e-01 8.621686697006225586e-01
1.589808054268360138e-02 1.980491727590560913e-02
1.042363047599792480e-01 3.171798288822174072e-01
5.456821322441101074e-01 6.345264315605163574e-01
6.737272739410400391e-01 4.468895494937896729e-01
6.004797816276550293e-01 5.453929305076599121e-01
9.667800068855285645e-01 7.086601108312606812e-02
9.364193081855773926e-01 3.534481823444366455e-01
2.811943180859088898e-02 4.559169709682464600e-01
6.004279255867004395e-01 4.920005202293395996e-01
9.321634769439697266e-01 2.201154083013534546e-02
6.666094660758972168e-01 5.803613662719726562e-01
3.508004546165466309e-01 5.999032258987426758e-01
7.524387836456298828e-01 1.014931499958038330e-01
7.341166734695434570e-01 4.530529081821441650e-01
7.608651369810104370e-02 2.654134631156921387e-01
8.091143369674682617e-01 1.973436325788497925e-01
1.450408101081848145e-01 4.294458031654357910e-01
6.636775732040405273e-01 2.329264581203460693e-01
2.243229597806930542e-01 8.635840415954589844e-01
7.913008332252502441e-01 3.171947002410888672e-01
7.181146144866943359e-01 4.131018519401550293e-01
2.044684439897537231e-01 1.784091740846633911e-01
8.017078638076782227e-01 8.854570388793945312e-01
5.541091039776802063e-02 1.353305578231811523e-01
5.454400777816772461e-01 7.051782608032226562e-01
9.358016848564147949e-01 1.184233836829662323e-02
7.703647017478942871e-01 8.371984958648681641e-01
8.306718468666076660e-01 6.263072490692138672e-01
9.766232967376708984e-02 2.035881727933883667e-01
2.999418377876281738e-01 4.012799561023712158e-01
2.423722594976425171e-01 1.454887166619300842e-02
7.986483573913574219e-01 8.091744184494018555e-01
2.966006696224212646e-01 4.884326756000518799e-01
4.462261199951171875e-01 7.619816809892654419e-02
3.526988327503204346e-01 4.469440579414367676e-01
7.017194628715515137e-01 6.179401278495788574e-01
2.805769145488739014e-01 3.231499791145324707e-01
8.941178321838378906e-01 1.834422051906585693e-01
1.616042405366897583e-01 2.011801004409790039e-01
9.446631669998168945e-01 2.427061945199966431e-01
8.717291355133056641e-01 8.996956795454025269e-02
3.967117890715599060e-02 3.745556771755218506e-01
2.028314769268035889e-01 9.555602073669433594e-01
4.609820842742919922e-01 1.403298880904912949e-02
4.868803545832633972e-02 4.934766143560409546e-02
6.633682250976562500e-01 2.221432328224182129e-02
2.983163595199584961e-01 6.633355021476745605e-01
8.966218233108520508e-01 2.226281762123107910e-01
4.379545748233795166e-01 4.488000273704528809e-01
3.559763431549072266e-01 4.772327840328216553e-01
7.557973265647888184e-01 9.562228918075561523e-01
6.649466603994369507e-02 8.690893054008483887e-01
8.853472769260406494e-02 4.664724171161651611e-01
7.838935256004333496e-01 8.911486864089965820e-01
7.584457397460937500e-01 3.431959822773933411e-02
8.427608609199523926e-01 8.519653081893920898e-01
9.420369863510131836e-01 9.896801412105560303e-02
3.941131234169006348e-01 8.609936386346817017e-02
4.659145474433898926e-01 7.651927471160888672e-01
7.958735227584838867e-01 8.216278553009033203e-01
5.807994008064270020e-01 4.139576554298400879e-01
5.106193423271179199e-01 1.693318188190460205e-01
4.049581587314605713e-01 5.037971138954162598e-01
2.642521262168884277e-01 2.526403367519378662e-01
1.111330613493919373e-01 5.738403797149658203e-01
3.383385539054870605e-01 1.138437073677778244e-03
8.598763346672058105e-01 3.051250576972961426e-01
3.338622748851776123e-01 5.678853988647460938e-01
2.337197214365005493e-01 1.777687817811965942e-01
4.251080751419067383e-01 5.985006093978881836e-01
8.875881433486938477e-01 6.669352650642395020e-01
2.877209484577178955e-01 5.396459102630615234e-01
1.251349747180938721e-01 9.320889711380004883e-01
6.574403643608093262e-01 9.260135889053344727e-01
4.681078791618347168e-01 6.044682860374450684e-01
1.538646966218948364e-01 8.247987031936645508e-01
7.404444813728332520e-01 2.400847375392913818e-01
1.738340407609939575e-02 5.112749338150024414e-01
1.309421509504318237e-01 1.854400336742401123e-01
6.990839242935180664e-01 2.485504001379013062e-01
8.048421144485473633e-02 8.129871487617492676e-01
1.611191630363464355e-01 1.466600596904754639e-01
5.046520829200744629e-01 3.292365372180938721e-01
2.104360461235046387e-01 8.695687651634216309e-01
3.365904986858367920e-01 2.689544558525085449e-01
7.719410061836242676e-01 9.888610243797302246e-01
2.972422838211059570e-01 3.743639290332794189e-01
1.989218890666961670e-01 6.245117187500000000e-01
7.335919141769409180e-01 3.753345608711242676e-01
6.592527031898498535e-01 3.288889825344085693e-01
2.953513264656066895e-01 7.020397782325744629e-01
9.449207037687301636e-02 4.464842379093170166e-01
5.873925089836120605e-01 1.367943435907363892e-01
6.021869182586669922e-01 9.357026964426040649e-02
8.740531802177429199e-01 7.752656340599060059e-01
2.177733927965164185e-01 7.762741446495056152e-01
1.685162782669067383e-01 2.996543943881988525e-01
7.232612371444702148e-01 6.871695816516876221e-02
2.233762741088867188e-01 4.178207218647003174e-01
4.069682359695434570e-01 5.700471401214599609e-01
8.223792910575866699e-01 4.906095862388610840e-01
9.371641278266906738e-01 9.674040079116821289e-01
1.856722831726074219e-01 1.390139758586883545e-01
2.732911407947540283e-01 2.028963863849639893e-01
9.431637525558471680e-01 3.234938718378543854e-03
5.974068120121955872e-02 5.488603711128234863e-01
8.803740739822387695e-01 6.588212251663208008e-01
2.435445785522460938e-01 9.290439486503601074e-01
2.301512658596038818e-01 7.051883339881896973e-01
8.701541423797607422e-01 2.081639468669891357e-01
8.955107331275939941e-01 7.198193073272705078e-01
2.590736150741577148e-01 8.679606914520263672e-01
5.440084934234619141e-01 5.252350568771362305e-01
9.365071058273315430e-01 3.570089936256408691e-01
1.750568449497222900e-01 4.911780357360839844e-01
7.102338671684265137e-01 4.781924486160278320e-01
6.600186228752136230e-01 3.131111860275268555e-01
5.116589739918708801e-02 5.605037808418273926e-01
4.838689863681793213e-01 3.848013281822204590e-01
9.240424633026123047e-01 1.176738515496253967e-01
1.192800849676132202e-01 4.301275014877319336e-01
2.242311984300613403e-01 3.931751251220703125e-01
9.629105329513549805e-01 1.214191690087318420e-01
2.163051217794418335e-01 3.841808065772056580e-03
8.460734486579895020e-01 7.561925053596496582e-01
9.628700464963912964e-02 4.610147774219512939e-01
8.248035907745361328e-01 1.517183035612106323e-01
9.506151676177978516e-01 8.617951869964599609e-01
2.402170002460479736e-01 5.940283536911010742e-01
8.494940996170043945e-01 9.693078398704528809e-01
3.941317498683929443e-01 6.457216143608093262e-01
4.967056810855865479e-01 6.289129853248596191e-01
4.524454772472381592e-01 8.747885227203369141e-01
4.553892016410827637e-01 5.874714851379394531e-01
7.281206548213958740e-02 9.202222824096679688e-01
9.410293102264404297e-01 6.847586631774902344e-01
2.468843013048171997e-01 4.213002622127532959e-01
4.382212758064270020e-01 6.828696727752685547e-01
8.031556606292724609e-01 6.431782245635986328e-01
5.336502194404602051e-01 7.379426956176757812e-01
6.837884783744812012e-01 9.491204619407653809e-01
7.275467365980148315e-02 7.130913138389587402e-01
6.769308447837829590e-02 7.365463376045227051e-01
6.290546059608459473e-01 3.394940793514251709e-01
3.512583673000335693e-02 7.793707847595214844e-01
2.298796549439430237e-02 1.808785051107406616e-01
5.475383996963500977e-01 9.035547971725463867e-01
3.325588405132293701e-01 6.280903220176696777e-01
2.623694837093353271e-01 2.474768608808517456e-01
1.992875933647155762e-01 2.640898525714874268e-01
3.395827114582061768e-02 3.889884352684020996e-01
1.308397203683853149e-01 5.302242636680603027e-01
3.791885077953338623e-01 3.120600581169128418e-01
5.180142521858215332e-01 4.428943395614624023e-01
6.918908357620239258e-01 4.131286442279815674e-01
9.657225757837295532e-02 6.417822837829589844e-01
1.536983847618103027e-01 9.971290230751037598e-01
1.265616565942764282e-01 2.041262537240982056e-01
9.191578626632690430e-02 5.763623118400573730e-01
6.832751035690307617e-01 4.444369673728942871e-01
9.774934500455856323e-02 6.747744977474212646e-02
1.060698181390762329e-01 8.624606132507324219e-01
7.366975545883178711e-01 8.950338363647460938e-01
4.110577702522277832e-01 3.697192966938018799e-01
1.487838476896286011e-01 9.853985905647277832e-01
3.023454248905181885e-01 9.080544114112854004e-01
9.419157505035400391e-01 1.650358736515045166e-01
6.935077905654907227e-01 5.118749737739562988e-01
8.517020195722579956e-02 2.050782591104507446e-01
1.661216616630554199e-01 2.415462583303451538e-01
6.450650840997695923e-02 2.324350029230117798e-01
3.362114727497100830e-01 2.615666985511779785e-01
3.296070992946624756e-01 6.283496022224426270e-01
5.121812820434570312e-01 5.610258579254150391e-01
2.714264988899230957e-01 2.247315049171447754e-01
8.902556896209716797e-01 8.977712988853454590e-01
4.386835992336273193e-01 9.924380183219909668e-01
3.099256753921508789e-01 1.043258048593997955e-02
2.329972758889198303e-02 3.469995856285095215e-01
2.330871522426605225e-01 1.651510298252105713e-01
7.797410488128662109e-01 9.989169836044311523e-01
5.979802608489990234e-01 9.956925362348556519e-02
3.508214652538299561e-01 4.460734426975250244e-01
8.028691411018371582e-01 3.312115371227264404e-01
9.417224526405334473e-01 5.541217923164367676e-01
6.631955504417419434e-01 1.266991067677736282e-02
1.582840085029602051e-01 2.487155199050903320e-01
1.097192168235778809e-01 3.847689032554626465e-01
2.828593552112579346e-01 4.558936879038810730e-02
8.259784579277038574e-01 9.290129542350769043e-01
8.975153565406799316e-01 1.803572773933410645e-01
8.234367370605468750e-01 5.635932683944702148e-01
2.756366431713104248e-01 2.443584650754928589e-01
6.658515930175781250e-01 1.763089448213577271e-01
5.082263946533203125e-01 9.416907429695129395e-01
5.303103327751159668e-01 8.946323394775390625e-01
6.846013069152832031e-01 1.543920189142227173e-01
5.223718881607055664e-01 9.549438357353210449e-01
9.108340740203857422e-01 4.194318056106567383e-01
1.451098322868347168e-01 7.708758115768432617e-01
6.741697788238525391e-01 2.817703187465667725e-01
4.273150488734245300e-02 4.102953076362609863e-01
6.835943460464477539e-01 4.876895248889923096e-01
3.633310198783874512e-01 5.443243980407714844e-01
4.632023572921752930e-01 4.128558039665222168e-01
5.887870788574218750e-01 3.449999094009399414e-01
4.847803413867950439e-01 4.750350117683410645e-01
7.408195137977600098e-01 4.059938341379165649e-02
3.020663559436798096e-01 7.849922776222229004e-01
2.456492036581039429e-01 7.417676448822021484e-01
9.823349714279174805e-01 6.967009902000427246e-01
5.652521848678588867e-01 9.472017735242843628e-02
3.595870733261108398e-01 1.882683485746383667e-01
9.375941157341003418e-01 2.004324942827224731e-01
2.692911624908447266e-01 3.888020515441894531e-01
6.414198279380798340e-01 8.175502419471740723e-01
2.203806042671203613e-01 6.503461003303527832e-01
4.037410318851470947e-01 5.960513353347778320e-01
7.305867075920104980e-01 4.265924990177154541e-01
3.712711632251739502e-01 6.949790716171264648e-01
9.888638257980346680e-01 5.042476654052734375e-01
3.798212157562375069e-03 2.527967095375061035e-01
7.686300277709960938e-01 5.814802050590515137e-01
8.028193116188049316e-01 3.894931674003601074e-01
6.203529238700866699e-01 1.678323596715927124e-01
5.721721649169921875e-01 2.168243974447250366e-01
4.509084522724151611e-01 5.777509808540344238e-01
6.839910149574279785e-01 5.862988829612731934e-01
8.724221587181091309e-02 5.207393169403076172e-01
4.509779512882232666e-01 4.339539632201194763e-02
1.904196143150329590e-01 6.346397995948791504e-01
8.067361712455749512e-01 2.225611060857772827e-01
2.127494066953659058e-01 6.018146872520446777e-01
7.439436316490173340e-01 7.227061986923217773e-01
1.702687740325927734e-01 6.477487683296203613e-01
8.398729562759399414e-01 7.283873856067657471e-02
9.318904876708984375e-01 6.657235622406005859e-01
3.475115895271301270e-01 2.777196764945983887e-01
4.986022412776947021e-01 2.015426456928253174e-01
3.505097031593322754e-01 1.745443344116210938e-01
3.459150195121765137e-01 7.059465050697326660e-01
3.157678246498107910e-01 5.658270120620727539e-01
9.932697415351867676e-01 7.308098077774047852e-01
1.171054244041442871e-01 9.188329577445983887e-01
4.878955185413360596e-01 5.356832146644592285e-01
2.558602690696716309e-01 3.475088775157928467e-01
2.135684192180633545e-01 7.583139091730117798e-02
3.170514106750488281e-01 5.176538228988647461e-01
6.365627050399780273e-01 8.022309541702270508e-01
9.646413475275039673e-02 6.501043438911437988e-01
1.971073076128959656e-02 3.519749343395233154e-01
2.714180648326873779e-01 6.790872812271118164e-01
4.736828505992889404e-01 1.595047265291213989e-01
2.755842208862304688e-01 6.589152812957763672e-01
5.185940861701965332e-01 4.298141226172447205e-03
3.228437900543212891e-01 9.819465875625610352e-01
4.460085332393646240e-01 8.839311599731445312e-01
3.878128826618194580e-01 9.658524990081787109e-01
5.010551810264587402e-01 8.959469795227050781e-01
8.488314747810363770e-01 1.155359074473381042e-01
6.411011219024658203e-01 9.408503174781799316e-01
9.714319705963134766e-01 5.348185896873474121e-01
7.833212614059448242e-01 9.660390019416809082e-01
9.645965099334716797e-01 4.986470937728881836e-01
5.676375031471252441e-01 1.890858262777328491e-01
4.855121970176696777e-01 5.066183805465698242e-01
5.494905263185501099e-02 2.801499366760253906e-01
4.636025726795196533e-01 3.512508049607276917e-02
6.646529436111450195e-01 9.201653003692626953e-01
8.716139197349548340e-01 2.751762866973876953e-01
1.848502904176712036e-01 9.390322566032409668e-01
1.213635653257369995e-01 2.286301553249359131e-01
2.364549040794372559e-01 9.496893286705017090e-01
3.561213146895170212e-03 4.014256298542022705e-01
9.573460221290588379e-01 1.829501092433929443e-01
1.795142740011215210e-01 4.867820814251899719e-02
7.670223712921142578e-01 1.294049173593521118e-01
6.579452753067016602e-01 2.361229807138442993e-01
9.198243618011474609e-01 2.072393894195556641e-02
6.510921716690063477e-01 3.211919963359832764e-01
6.960875988006591797e-01 4.983191490173339844e-01
3.818208873271942139e-01 7.512673735618591309e-01
8.381493091583251953e-01 8.415644168853759766e-01
7.194847464561462402e-01 8.787733316421508789e-02
1.473173499107360840e-01 8.805804848670959473e-01
4.103035032749176025e-01 6.647338271141052246e-01
3.965460062026977539e-01 6.976305246353149414e-01
4.639374017715454102e-01 4.501523673534393311e-01
7.982087731361389160e-01 7.366439700126647949e-01
3.226067721843719482e-01 4.387121796607971191e-01
6.971809267997741699e-01 4.673231244087219238e-01
8.339754939079284668e-01 6.967693567276000977e-02
9.056580662727355957e-01 3.520110249519348145e-02
5.179828405380249023e-01 5.683092474937438965e-01
4.707024991512298584e-02 4.776908159255981445e-01
8.501335233449935913e-02 4.700108766555786133e-01
8.032990694046020508e-01 7.872576117515563965e-01
3.491011559963226318e-01 5.675748586654663086e-01
9.020159393548965454e-02 4.058615863323211670e-01
6.255332231521606445e-01 5.787510871887207031e-01
1.422502398490905762e-01 8.126291036605834961e-01
5.637570284307003021e-04 1.538945287466049194e-01
9.657726883888244629e-01 7.426211237907409668e-01
6.067702770233154297e-01 2.239853888750076294e-01
8.620930910110473633e-01 5.907887816429138184e-01
2.456416189670562744e-01 5.315854549407958984e-01
5.287959575653076172e-01 5.451810956001281738e-01
3.873745501041412354e-01 1.558223962783813477e-01
8.297269344329833984e-01 4.725714921951293945e-01
5.009314045310020447e-02 5.097779631614685059e-02
4.246440529823303223e-01 1.587083190679550171e-01
4.081700742244720459e-01 9.289092421531677246e-01
9.562020301818847656e-01 6.957314610481262207e-01
3.001944720745086670e-01 9.250031709671020508e-01
7.320697903633117676e-01 5.337314009666442871e-01
7.943847775459289551e-01 2.108773887157440186e-01
9.487909674644470215e-01 6.348630040884017944e-02
8.384942412376403809e-01 7.826633453369140625e-01
4.793220162391662598e-01 7.920126318931579590e-01
9.877041578292846680e-01 7.110232710838317871e-01
8.280609846115112305e-01 5.720686540007591248e-02
1.305690854787826538e-01 3.574796020984649658e-01
3.547162190079689026e-02 8.984605073928833008e-01
1.530601978302001953e-01 8.003486394882202148e-01
6.827371716499328613e-01 2.089137434959411621e-01
7.624682784080505371e-01 9.483982920646667480e-01
9.670269489288330078e-01 5.467522740364074707e-01
9.507128596305847168e-01 9.871257543563842773e-01
1.794383525848388672e-01 1.340876072645187378e-01
8.451240062713623047e-01 9.442840814590454102e-01
6.916426420211791992e-01 3.042944073677062988e-01
2.711777091026306152e-01 7.450258731842041016e-01
5.205725431442260742e-01 6.703495383262634277e-01
4.495429098606109619e-01 6.192376017570495605e-01
3.250519335269927979e-01 2.144988328218460083e-01
1.771549880504608154e-01 4.302635192871093750e-01
7.214729189872741699e-01 2.773673236370086670e-01
1.008611470460891724e-01 8.149380683898925781e-01
1.139963939785957336e-01 7.385424971580505371e-01
4.260883629322052002e-01 7.777908444404602051e-01
2.771301865577697754e-01 5.038393139839172363e-01
3.814899623394012451e-01 5.665276646614074707e-01
3.571325242519378662e-01 9.266440868377685547e-01
2.924974262714385986e-02 1.778057813644409180e-01
1.546467393636703491e-01 1.443085223436355591e-01
1.823063194751739502e-01 8.251371979713439941e-01
5.133656263351440430e-01 9.772075414657592773e-01
4.541411399841308594e-01 8.029668927192687988e-01
3.469487428665161133e-01 8.558139801025390625e-01
6.869394183158874512e-01 2.691442668437957764e-01
4.969374537467956543e-01 6.921188235282897949e-01
1.622098386287689209e-01 3.479359149932861328e-01
2.442276179790496826e-01 5.709433555603027344e-01
6.439504027366638184e-01 9.605973362922668457e-01
4.821843206882476807e-01 2.745417058467864990e-01
2.449101805686950684e-01 1.095898896455764771e-01
6.717389822006225586e-01 7.929210662841796875e-01
9.098107814788818359e-01 4.648996293544769287e-01
4.859252572059631348e-01 8.836548924446105957e-01
5.445607900619506836e-01 5.475171208381652832e-01
4.796840548515319824e-01 3.624475300312042236e-01
3.754807710647583008e-01 6.556842327117919922e-01
5.098461508750915527e-01 7.544536143541336060e-02
5.407136082649230957e-01 5.901144817471504211e-02
2.287573963403701782e-01 2.844111919403076172e-01
2.372847348451614380e-01 3.646172955632209778e-02
4.017272591590881348e-01 6.424475908279418945e-01
5.077526569366455078e-01 1.788371354341506958e-01
1.251101046800613403e-01 1.723570674657821655e-01
7.621446847915649414e-01 5.766674876213073730e-01
4.712205529212951660e-01 8.013370037078857422e-01
3.522674143314361572e-01 8.025663495063781738e-01
7.000908851623535156e-01 3.527357280254364014e-01
7.541719675064086914e-01 7.056838870048522949e-01
2.250603437423706055e-01 8.094000816345214844e-01
7.620416879653930664e-01 2.677419185638427734e-01
2.142794579267501831e-01 7.270581126213073730e-01
1.362238973379135132e-01 2.876516282558441162e-01
7.661187052726745605e-01 5.860033035278320312e-01
1.159488111734390259e-01 3.467496633529663086e-01
6.330048441886901855e-01 7.471322417259216309e-01
3.987818956375122070e-02 7.683168053627014160e-01
4.427438378334045410e-01 3.162886500358581543e-01
2.377080768346786499e-01 2.095988243818283081e-01
7.722592353820800781e-01 6.096342802047729492e-01
4.850842654705047607e-01 3.287474811077117920e-01
8.860266208648681641e-01 2.022501379251480103e-01
7.768908143043518066e-01 1.934549957513809204e-02
3.531062230467796326e-02 2.849111557006835938e-01
7.368362545967102051e-01 7.437336444854736328e-01
4.164185225963592529e-01 6.355841755867004395e-01
9.686840772628784180e-01 4.419582486152648926e-01
8.392626047134399414e-01 1.512682288885116577e-01
9.906370937824249268e-02 6.489781141281127930e-01
4.785999357700347900e-01 8.085849136114120483e-02
5.700073838233947754e-01 5.592209696769714355e-01
2.880597710609436035e-01 6.931606531143188477e-01
6.431792378425598145e-01 8.987888097763061523e-01
4.740024805068969727e-01 1.033063456416130066e-01
6.078613996505737305e-01 6.564477831125259399e-02
1.107071712613105774e-01 4.598923921585083008e-01
5.428113937377929688e-01 8.471013903617858887e-01
8.709548115730285645e-01 6.062284708023071289e-01
6.469023823738098145e-01 2.842957675457000732e-01
3.575135171413421631e-01 6.323798894882202148e-01
6.023740172386169434e-01 6.080931052565574646e-02
3.887419998645782471e-01 7.246270179748535156e-01
3.779611587524414062e-01 7.364244461059570312e-01
9.936388731002807617e-01 3.207708001136779785e-01
3.640006184577941895e-01 6.880344152450561523e-01
2.583148479461669922e-01 3.588151633739471436e-01
6.818532347679138184e-01 4.245477914810180664e-02
9.951704740524291992e-01 4.183080792427062988e-01
4.720805287361145020e-01 5.862158164381980896e-02
8.792814612388610840e-01 6.780288219451904297e-01
9.210797548294067383e-01 5.211231112480163574e-01
2.889957427978515625e-01 6.454380154609680176e-01
8.511902093887329102e-01 2.419808804988861084e-01
7.982899546623229980e-01 7.015985250473022461e-01
2.594642043113708496e-01 5.278875231742858887e-01
6.006347537040710449e-01 7.548756152391433716e-02
8.708167821168899536e-03 6.598393917083740234e-01
3.700455427169799805e-01 6.687498092651367188e-01
8.491346240043640137e-01 7.428560853004455566e-01
1.576692909002304077e-01 2.299342155456542969e-01
1.823181509971618652e-01 5.991974472999572754e-01
7.298156619071960449e-01 8.753702044486999512e-01
9.251884222030639648e-01 8.058109879493713379e-01
3.863291442394256592e-01 1.415556073188781738e-01
3.608035445213317871e-01 1.091352570801973343e-02
3.291282057762145996e-01 3.254218399524688721e-01
3.081543743610382080e-01 8.547316193580627441e-01
9.814890623092651367e-01 9.797052145004272461e-01
1.144688278436660767e-01 1.934320926666259766e-01
6.627838611602783203e-01 1.069015413522720337e-01
3.435096442699432373e-01 4.192672967910766602e-01
5.572965741157531738e-01 8.123096227645874023e-01
4.517378807067871094e-01 1.328770518302917480e-01
9.898861646652221680e-01 6.550716757774353027e-01
1.758973449468612671e-01 4.450648725032806396e-01
4.477003216743469238e-01 8.822480440139770508e-01
4.594123661518096924e-01 1.809322834014892578e-01
4.695337116718292236e-01 4.048093557357788086e-01
7.710563540458679199e-01 7.254949212074279785e-01
5.238394737243652344e-01 1.984731666743755341e-02
1.331026703119277954e-01 6.574886441230773926e-01
6.027508378028869629e-01 6.968737244606018066e-01
2.910629808902740479e-01 5.812751054763793945e-01
3.183454871177673340e-01 8.177447915077209473e-01
5.535180866718292236e-02 7.752392888069152832e-01
3.785808086395263672e-01 8.473416566848754883e-01
9.077479243278503418e-01 9.407846927642822266e-01
7.583880424499511719e-01 2.377590239048004150e-01
8.705365657806396484e-01 3.536850810050964355e-01
3.118656389415264130e-02 8.761613368988037109e-01
1.657990664243698120e-01 7.927811145782470703e-02
7.104840278625488281e-01 3.151172399520874023e-01
9.178680181503295898e-01 8.239672780036926270e-01
9.223151803016662598e-01 6.609736084938049316e-01
2.977452278137207031e-01 9.338601231575012207e-01
6.147177517414093018e-02 1.740345507860183716e-01
8.469577431678771973e-01 8.084748983383178711e-01
3.260098695755004883e-01 3.814197182655334473e-01
7.333224415779113770e-01 3.990670740604400635e-01
1.662931442260742188e-01 2.658659517765045166e-01
7.603086829185485840e-01 3.847340643405914307e-01
1.581823229789733887e-01 1.820899844169616699e-01
9.466791152954101562e-01 1.571611762046813965e-01
6.239422559738159180e-01 4.311935901641845703e-01
5.851660370826721191e-01 4.085192084312438965e-01
7.574536800384521484e-01 8.715650439262390137e-01
8.239378221333026886e-03 7.004746198654174805e-01
3.692170679569244385e-01 6.656811833381652832e-01
6.754600405693054199e-01 7.519819736480712891e-01
6.012663841247558594e-01 3.721483945846557617e-01
5.203254222869873047e-01 1.204058378934860229e-01
1.260542720556259155e-01 4.722182452678680420e-01
4.106578230857849121e-01 6.156622767448425293e-01
6.054447293281555176e-01 8.849737048149108887e-01
5.540478229522705078e-01 4.042264521121978760e-01
2.518092095851898193e-01 8.075386881828308105e-01
4.751748144626617432e-01 7.401733398437500000e-01
9.335433840751647949e-01 7.395201325416564941e-01
6.608790755271911621e-01 8.864597082138061523e-01
2.177260369062423706e-01 8.310651183128356934e-01
1.592196077108383179e-01 3.552098572254180908e-01
6.414250731468200684e-01 8.911679387092590332e-01
4.398931860923767090e-01 4.893067777156829834e-01
3.918372690677642822e-01 6.851295828819274902e-01
8.349074721336364746e-01 5.774946212768554688e-01
8.000219464302062988e-01 2.528429776430130005e-02
9.964827895164489746e-01 5.408966541290283203e-01
5.975322052836418152e-02 9.007916450500488281e-01
9.097065925598144531e-01 7.780936360359191895e-01
7.133647203445434570e-01 5.938779115676879883e-01
5.673854947090148926e-01 6.954877376556396484e-01
1.981858611106872559e-01 7.375090122222900391e-01
1.238604933023452759e-01 5.122827887535095215e-01
2.182774245738983154e-01 2.042388021945953369e-01
3.771280646324157715e-01 7.078253030776977539e-01
1.960636824369430542e-01 7.016472220420837402e-01
9.022659063339233398e-01 6.485593914985656738e-01
7.126429080963134766e-01 2.771572172641754150e-01
3.896830677986145020e-01 9.310109019279479980e-01
5.667378902435302734e-01 1.674094051122665405e-01
9.608005285263061523e-01 6.291102170944213867e-01
2.797642648220062256e-01 3.309037089347839355e-01
5.593971610069274902e-01 2.093014493584632874e-02
9.723978489637374878e-02 5.113452672958374023e-01
6.962275505065917969e-01 6.722342371940612793e-01
4.125388562679290771e-01 3.903876841068267822e-01
5.830653309822082520e-01 8.638997077941894531e-01
6.274499893188476562e-01 9.350796937942504883e-01
6.202956438064575195e-01 2.016104906797409058e-01
4.760966300964355469e-01 5.208626985549926758e-01
9.014381766319274902e-01 2.002758681774139404e-01
8.205451369285583496e-01 4.206870794296264648e-01
3.525370061397552490e-01 2.953800857067108154e-01
6.941177845001220703e-01 1.846569180488586426e-01
7.600440979003906250e-01 2.743230462074279785e-01
8.510183691978454590e-01 1.841049790382385254e-01
8.081384301185607910e-01 6.868456602096557617e-01
6.505694389343261719e-01 1.364168673753738403e-01
8.377531170845031738e-01 4.314407408237457275e-01
1.021469309926033020e-01 7.141500115394592285e-01
9.237278252840042114e-02 7.734771370887756348e-01
9.259114265441894531e-01 1.879240870475769043e-01
7.607534527778625488e-01 6.018582582473754883e-01
8.610721230506896973e-01 1.063694339245557785e-02
5.990918278694152832e-01 3.127093911170959473e-01
9.824537038803100586e-01 5.098430812358856201e-02
4.661947786808013916e-01 3.247118592262268066e-01
3.697443604469299316e-01 1.981793493032455444e-01
5.381948351860046387e-01 2.455085515975952148e-01
5.204117298126220703e-01 6.438773274421691895e-01
1.984451264142990112e-01 1.906418800354003906e-01
3.454275429248809814e-01 1.633496880531311035e-01
3.397063910961151123e-01 8.299823999404907227e-01
9.604707360267639160e-01 7.953593134880065918e-01
6.610050201416015625e-01 1.125101074576377869e-01
2.274254113435745239e-01 3.251597583293914795e-01
5.515143275260925293e-01 2.410443723201751709e-01
7.238076925277709961e-01 6.146588325500488281e-01
4.783869981765747070e-01 4.381233155727386475e-01
7.904740571975708008e-01 2.668203711509704590e-01
9.752142429351806641e-02 6.425813436508178711e-01
4.718354046344757080e-01 2.194239944219589233e-01
7.613837718963623047e-01 2.611040696501731873e-02
1.888199895620346069e-01 1.898955106735229492e-01
3.748513758182525635e-01 2.944965958595275879e-01
2.200371325016021729e-01 6.810406595468521118e-02
1.264681667089462280e-01 7.876903414726257324e-01
9.259637594223022461e-01 1.516834944486618042e-01
9.492119550704956055e-01 2.086820751428604126e-01
4.824260771274566650e-01 9.045747518539428711e-01
3.826098442077636719e-01 5.505353808403015137e-01
6.569913029670715332e-01 4.879342019557952881e-01
9.353631734848022461e-01 6.816992908716201782e-02
8.017712831497192383e-01 1.699503958225250244e-01
1.268651634454727173e-01 9.090300798416137695e-01
5.799342989921569824e-01 7.307659387588500977e-01
2.227354347705841064e-01 7.854846715927124023e-01
3.518898189067840576e-01 6.240576505661010742e-01
9.156813025474548340e-01 1.451129913330078125e-01
4.077775776386260986e-01 7.417387515306472778e-02
6.519411802291870117e-01 9.093301892280578613e-01
7.957176566123962402e-01 8.361297249794006348e-01
6.207193732261657715e-01 9.375891089439392090e-01
1.608301997184753418e-01 3.283398449420928955e-01
2.482587099075317383e-01 4.836810231208801270e-01
9.231824278831481934e-01 5.949245393276214600e-02
1.413416117429733276e-01 9.214061498641967773e-01
7.736716866493225098e-01 2.521387338638305664e-01
7.418709993362426758e-01 1.704549975693225861e-02
5.613090991973876953e-01 3.228136003017425537e-01
8.694430589675903320e-01 4.550763070583343506e-01
7.944851517677307129e-01 4.967195689678192139e-01
1.571131795644760132e-01 7.207307815551757812e-01
4.217030405998229980e-01 8.955593109130859375e-01
7.713437080383300781e-01 4.970331788063049316e-01
