8.320096731185913086e-01 1.720823645591735840e-01
6.990079879760742188e-01 9.976916313171386719e-01
7.057271003723144531e-01 2.780039608478546143e-01
4.647429287433624268e-01 6.822139024734497070e-01
8.168320059776306152e-01 4.925058186054229736e-01
7.072401642799377441e-01 1.100428476929664612e-01
4.935982823371887207e-01 5.290665626525878906e-01
8.464302867650985718e-02 9.139996170997619629e-01
2.997993528842926025e-01 9.413366317749023438e-01
7.618934512138366699e-01 3.858460858464241028e-02
9.066076874732971191e-01 5.419638156890869141e-01
8.695768713951110840e-01 6.171792373061180115e-02
8.528627753257751465e-01 1.568499505519866943e-01
4.200059473514556885e-01 8.299881219863891602e-01
8.716166019439697266e-01 5.794171094894409180e-01
3.259917199611663818e-01 6.918016076087951660e-01
9.347345232963562012e-01 4.036399126052856445e-01
8.627557158470153809e-01 2.148289978504180908e-01
1.387745887041091919e-01 5.836603045463562012e-01
1.416761875152587891e-01 9.041515588760375977e-01
9.242339134216308594e-01 9.554588198661804199e-01
7.494224905967712402e-01 3.927486017346382141e-02
2.772752344608306885e-01 5.736269354820251465e-01
5.088232755661010742e-01 3.684115409851074219e-01
2.577933669090270996e-01 1.190504878759384155e-01
2.098305076360702515e-01 4.768883287906646729e-01
2.599061429500579834e-01 8.136120438575744629e-01
5.371829494833946228e-03 6.867173314094543457e-01
4.122577011585235596e-01 6.089292764663696289e-01
4.476368129253387451e-01 5.113684535026550293e-01
9.968073368072509766e-01 3.288356363773345947e-01
1.554325520992279053e-01 8.857337236404418945e-01
9.898116588592529297e-01 8.519002795219421387e-01
9.344325400888919830e-03 6.088061928749084473e-01
3.137927353382110596e-01 4.571004211902618408e-01
7.390969991683959961e-01 1.653788611292839050e-02
1.115908920764923096e-01 4.223929345607757568e-02
8.936063647270202637e-01 2.876633405685424805e-01
1.287602633237838745e-01 7.943341732025146484e-01
1.418988257646560669e-01 1.176163628697395325e-01
5.338036417961120605e-01 5.711802244186401367e-01
3.140684664249420166e-01 1.082607656717300415e-01
7.049515843391418457e-01 4.482885003089904785e-01
6.109116077423095703e-01 5.573985576629638672e-01
4.171455204486846924e-01 7.610099911689758301e-01
3.714242279529571533e-01 5.276525616645812988e-01
2.041293084621429443e-01 7.963778376579284668e-01
1.690239161252975464e-01 2.511530220508575439e-01
2.405818849802017212e-01 6.299797892570495605e-01
7.596521824598312378e-02 2.382376343011856079e-01
2.937899231910705566e-01 7.865951657295227051e-01
6.895117461681365967e-02 7.462592124938964844e-01
7.354922890663146973e-01 3.303295234218239784e-03
3.251043260097503662e-01 5.440545678138732910e-01
1.865455359220504761e-01 8.861520886421203613e-01
4.970948696136474609e-01 9.595448374748229980e-01
4.006315171718597412e-01 7.907090783119201660e-01
5.289424657821655273e-01 9.617020487785339355e-01
1.739707291126251221e-01 2.648012340068817139e-01
5.745591521263122559e-01 9.995945692062377930e-01
4.992234110832214355e-01 3.088953793048858643e-01
1.695944070816040039e-01 9.302207231521606445e-01
3.073863089084625244e-01 8.169542253017425537e-02
8.147142529487609863e-01 7.887306809425354004e-01
6.420751214027404785e-01 1.427480578422546387e-01
3.182815313339233398e-01 6.502401828765869141e-01
2.112964540719985962e-01 8.262328505516052246e-01
1.894703656435012817e-01 3.481332957744598389e-01
4.466465711593627930e-01 3.700233697891235352e-01
3.491905629634857178e-01 1.747952252626419067e-01
7.008075714111328125e-01 7.206929326057434082e-01
5.660983920097351074e-01 2.799924314022064209e-01
3.159044086933135986e-01 4.257219731807708740e-01
9.092395901679992676e-01 5.980271697044372559e-01
4.033855795860290527e-01 5.767798423767089844e-01
3.398514091968536377e-01 3.833349049091339111e-01
1.252071112394332886e-01 3.023355603218078613e-01
3.036790192127227783e-01 6.536030769348144531e-01
5.240426063537597656e-01 3.620477914810180664e-01
7.316752672195434570e-01 5.487012267112731934e-01
5.946822762489318848e-01 1.775784790515899658e-01
5.822694897651672363e-01 8.560450077056884766e-01
8.616346716880798340e-01 9.249292612075805664e-01
9.833145737648010254e-01 1.497157663106918335e-01
2.610810697078704834e-01 4.009692966938018799e-01
9.758496880531311035e-01 2.408743798732757568e-01
8.356862068176269531e-01 7.731750011444091797e-01
8.482379913330078125e-01 7.409995049238204956e-02
3.564343452453613281e-01 3.888708353042602539e-01
2.713297009468078613e-01 5.395783782005310059e-01
5.206228420138359070e-02 1.556831151247024536e-01
4.108358621597290039e-01 5.552169680595397949e-01
6.725159287452697754e-02 7.941396236419677734e-01
5.010695662349462509e-03 9.603615999221801758e-01
5.592948198318481445e-01 4.790003597736358643e-01
9.953079819679260254e-01 1.811716556549072266e-01
9.893248081207275391e-01 1.050464212894439697e-01
3.612071275711059570e-01 8.400335907936096191e-01
5.607050061225891113e-01 2.671578824520111084e-01
1.787733882665634155e-01 1.334104239940643311e-01
5.339101552963256836e-01 6.388032436370849609e-01
9.783230423927307129e-01 5.124016404151916504e-01
2.109226286411285400e-01 7.706515192985534668e-01
5.476449131965637207e-01 5.206443071365356445e-01
3.381299600005149841e-02 6.050012707710266113e-01
3.143407106399536133e-01 4.246555566787719727e-01
2.151736468076705933e-01 5.527824163436889648e-01
3.419927358627319336e-01 2.689887881278991699e-01
6.347926855087280273e-01 3.195546865463256836e-01
4.071413874626159668e-01 7.544374465942382812e-01
4.994871914386749268e-01 9.559929966926574707e-01
6.658290624618530273e-01 2.718468904495239258e-01
2.850631177425384521e-01 5.040743947029113770e-01
4.531030654907226562e-01 7.071654796600341797e-01
1.079586744308471680e-01 1.148648783564567566e-01
3.149460554122924805e-01 5.067862272262573242e-01
7.916440814733505249e-02 7.247900962829589844e-01
5.273162573575973511e-02 2.960658967494964600e-01
2.962214052677154541e-01 8.820976614952087402e-01
4.736534357070922852e-01 7.950595021247863770e-01
4.792803898453712463e-02 9.976326823234558105e-01
1.877376139163970947e-01 6.048529744148254395e-01
4.325991868972778320e-02 5.497835204005241394e-02
4.735646843910217285e-01 4.864333570003509521e-02
8.450561761856079102e-01 8.781410455703735352e-01
4.646841287612915039e-01 6.174901723861694336e-01
3.502573668956756592e-01 9.256874322891235352e-01
2.793910801410675049e-01 6.309710144996643066e-01
9.043573737144470215e-01 9.366182088851928711e-01
3.826032280921936035e-01 4.384715259075164795e-01
7.585225105285644531e-01 7.052407264709472656e-01
7.403094172477722168e-01 8.004277944564819336e-01
2.861069142818450928e-01 4.536420404911041260e-01
2.377996891736984253e-01 8.353505134582519531e-01
4.119640886783599854e-01 1.029670313000679016e-01
7.543540596961975098e-01 2.482995837926864624e-01
5.727132558822631836e-01 5.010844469070434570e-01
7.117067575454711914e-01 3.985044956207275391e-01
3.712823092937469482e-01 1.081494167447090149e-01
7.377033233642578125e-01 5.696579813957214355e-01
5.712757706642150879e-01 3.017856776714324951e-01
5.524053573608398438e-01 6.913871318101882935e-02
5.325692892074584961e-01 1.760908067226409912e-01
7.909982204437255859e-01 1.291252970695495605e-01
1.671468317508697510e-01 4.854240119457244873e-01
1.980459094047546387e-01 8.891093730926513672e-01
8.294612765312194824e-01 7.051562517881393433e-02
5.966729670763015747e-02 2.155314981937408447e-01
4.374216198921203613e-01 7.066619992256164551e-01
9.610257148742675781e-01 4.946435093879699707e-01
5.487133264541625977e-01 7.633387446403503418e-01
2.219860702753067017e-01 6.850888729095458984e-01
5.975032448768615723e-01 9.271484613418579102e-01
1.782286465167999268e-01 8.285149931907653809e-02
1.824217438697814941e-01 1.840266287326812744e-01
8.407483100891113281e-01 6.261999607086181641e-01
3.470659852027893066e-01 8.673564791679382324e-01
3.326774835586547852e-01 4.379975199699401855e-01
6.163008809089660645e-01 6.238249540328979492e-01
9.748573899269104004e-01 4.830217361450195312e-01
7.727957963943481445e-01 6.961636543273925781e-01
4.065967798233032227e-01 1.647294759750366211e-01
7.076969742774963379e-01 3.653770983219146729e-01
7.027506232261657715e-01 1.214349120855331421e-01
6.647971868515014648e-01 6.520053744316101074e-01
1.531839184463024139e-02 3.313648104667663574e-01
5.047443509101867676e-01 8.597308397293090820e-02
4.481335282325744629e-01 4.948487579822540283e-01
1.678118947893381119e-03 6.485484838485717773e-01
3.941245973110198975e-01 4.048526883125305176e-01
3.961958289146423340e-01 6.272277832031250000e-01
6.584982275962829590e-01 5.294415354728698730e-01
2.359673082828521729e-01 3.844154179096221924e-01
3.610647916793823242e-01 7.443201541900634766e-01
7.396791577339172363e-01 8.555561900138854980e-01
5.666015148162841797e-01 1.047208011150360107e-01
8.121098875999450684e-01 4.336101114749908447e-01
3.352669179439544678e-01 3.208323121070861816e-01
9.363472461700439453e-01 3.154537379741668701e-01
1.710882931947708130e-01 7.964485883712768555e-01
2.530875802040100098e-01 5.010111927986145020e-01
3.990919142961502075e-02 4.606630206108093262e-01
2.528658509254455566e-01 8.186895847320556641e-01
5.700008869171142578e-01 6.342462897300720215e-01
6.110469698905944824e-01 3.341554105281829834e-01
5.539697408676147461e-01 3.176245391368865967e-01
3.358161747455596924e-01 6.067000627517700195e-01
3.786796629428863525e-01 4.615451395511627197e-01
4.223983585834503174e-01 1.429734285920858383e-02
3.256112337112426758e-01 2.617042660713195801e-01
1.815096139907836914e-01 6.321635842323303223e-02
7.397029995918273926e-01 9.373115897178649902e-01
2.547643482685089111e-01 1.536437720060348511e-01
7.693691253662109375e-01 3.580437302589416504e-01
6.411760449409484863e-01 4.316972792148590088e-01
8.861050009727478027e-01 2.789865732192993164e-01
2.338256090879440308e-01 8.389779329299926758e-01
8.872067928314208984e-01 4.051155969500541687e-02
6.749027967453002930e-01 5.028327107429504395e-01
9.473512768745422363e-01 2.304860502481460571e-01
1.821729689836502075e-01 8.773670196533203125e-01
3.919086754322052002e-01 9.877873659133911133e-01
9.125570654869079590e-01 8.308390974998474121e-01
3.541942536830902100e-01 3.953172266483306885e-01
5.120716691017150879e-01 9.817020297050476074e-01
8.654947876930236816e-01 9.905486702919006348e-01
4.375462532043457031e-01 4.330042898654937744e-01
8.235716819763183594e-01 9.062249064445495605e-01
5.257096886634826660e-01 8.498612791299819946e-02
3.433801531791687012e-01 6.850948333740234375e-01
1.812384575605392456e-01 8.936998248100280762e-01
7.005037665367126465e-01 2.051719129085540771e-01
3.677304685115814209e-01 4.302345812320709229e-01
3.895947337150573730e-01 8.889474272727966309e-01
2.383317798376083374e-01 8.077497780323028564e-02
4.633028507232666016e-01 3.432995975017547607e-01
8.627747893333435059e-01 7.086847424507141113e-01
8.253526091575622559e-01 6.881597638130187988e-01
6.474040746688842773e-01 6.722953319549560547e-01
3.689453899860382080e-01 5.112746953964233398e-01
6.131168007850646973e-01 2.648143768310546875e-01
7.391038537025451660e-01 3.476432561874389648e-01
9.542304277420043945e-01 9.039574861526489258e-02
1.561313718557357788e-01 2.813342511653900146e-01
2.672481238842010498e-01 9.577280879020690918e-01
1.130590662360191345e-01 7.408148050308227539e-01
6.538575291633605957e-01 3.925260305404663086e-01
9.432994723320007324e-01 8.080342411994934082e-01
3.336413800716400146e-01 9.222199916839599609e-01
1.227787509560585022e-01 5.775731205940246582e-01
6.503409147262573242e-01 2.278428673744201660e-01
2.846763730049133301e-01 1.752942502498626709e-01
4.927849769592285156e-01 3.073308616876602173e-02
2.818821668624877930e-01 2.840014696121215820e-01
5.283844470977783203e-01 4.949246048927307129e-01
3.435820639133453369e-01 4.278205633163452148e-01
3.072289824485778809e-01 4.269105494022369385e-01
1.574837565422058105e-01 6.653045415878295898e-01
7.406061887741088867e-01 5.266866683959960938e-01
1.879263520240783691e-01 7.843919098377227783e-03
7.395290136337280273e-01 9.313194751739501953e-01
5.200059413909912109e-01 4.153903424739837646e-01
1.193735897541046143e-01 5.425786375999450684e-01
6.326815485954284668e-01 2.640486955642700195e-01
5.560933947563171387e-01 8.263473212718963623e-02
8.703746199607849121e-01 7.258583307266235352e-01
8.830552697181701660e-01 5.032902359962463379e-01
3.287358283996582031e-01 5.337195396423339844e-01
4.149477481842041016e-01 7.524569630622863770e-01
8.476141691207885742e-01 5.352443829178810120e-02
9.543147087097167969e-01 1.694009900093078613e-01
2.615085244178771973e-01 9.987722635269165039e-01
6.769797299057245255e-03 9.786667227745056152e-01
8.002052307128906250e-01 4.719149470329284668e-01
4.201029241085052490e-01 9.771422147750854492e-01
8.584083914756774902e-01 3.890303075313568115e-01
5.818572044372558594e-01 6.898086667060852051e-01
9.986439347267150879e-01 8.202251791954040527e-01
7.460720539093017578e-01 2.949236929416656494e-01
7.906082272529602051e-01 1.544408127665519714e-02
9.674922227859497070e-01 7.790259122848510742e-01
6.435689330101013184e-01 7.488717436790466309e-01
4.257583320140838623e-01 8.744983673095703125e-01
4.665778875350952148e-01 5.965568423271179199e-01
2.242062389850616455e-01 8.980630636215209961e-01
5.275189280509948730e-01 1.321251988410949707e-01
7.588652372360229492e-01 5.493413805961608887e-01
6.457750201225280762e-01 8.080522418022155762e-01
6.817786097526550293e-01 4.830467998981475830e-01
3.592849671840667725e-01 1.360463649034500122e-01
4.756844043731689453e-01 1.827413290739059448e-01
5.450716018676757812e-01 4.708741307258605957e-01
5.987199768424034119e-02 1.968586891889572144e-01
3.826307058334350586e-01 3.501327633857727051e-01
7.695516347885131836e-01 5.679463744163513184e-01
4.195701479911804199e-01 5.794661045074462891e-01
8.661797046661376953e-01 4.389572143554687500e-01
4.753117561340332031e-01 8.040410280227661133e-01
2.398905456066131592e-01 5.162919759750366211e-01
4.615358710289001465e-01 5.056843757629394531e-01
5.408688783645629883e-01 5.668805837631225586e-01
3.248618543148040771e-01 5.001237988471984863e-01
5.774690508842468262e-01 9.065471291542053223e-01
5.098677277565002441e-01 4.074773490428924561e-01
5.442829728126525879e-01 4.857413098216056824e-02
3.957958221435546875e-01 1.458269953727722168e-01
8.734883069992065430e-01 1.912931948900222778e-01
7.001573592424392700e-02 7.379960417747497559e-01
6.435334086418151855e-01 3.381580114364624023e-01
5.405562520027160645e-01 4.815522432327270508e-01
7.123404741287231445e-02 9.462179541587829590e-01
2.204954326152801514e-01 7.118979692459106445e-01
5.715529322624206543e-01 1.151666343212127686e-01
9.562630057334899902e-01 2.182203978300094604e-01
6.716548800468444824e-01 5.825797915458679199e-01
9.277824163436889648e-01 2.704687714576721191e-01
1.966359615325927734e-01 8.474311232566833496e-01
3.715705871582031250e-01 8.481395244598388672e-02
2.759521603584289551e-01 3.465282917022705078e-01
2.931323051452636719e-01 4.478040337562561035e-01
4.023252427577972412e-02 4.535100460052490234e-01
8.711123466491699219e-01 1.365468800067901611e-01
8.355296254158020020e-01 4.358924925327301025e-01
5.991368889808654785e-01 8.196869492530822754e-01
6.620278954505920410e-01 1.497221887111663818e-01
1.553638130426406860e-01 6.634067893028259277e-01
4.304311871528625488e-01 7.045058608055114746e-01
6.600792407989501953e-01 1.283061802387237549e-01
8.159454464912414551e-01 4.963899403810501099e-02
1.547530293464660645e-01 3.690325021743774414e-01
1.323913931846618652e-01 9.240167737007141113e-01
9.633606672286987305e-01 4.007849097251892090e-02
3.078548312187194824e-01 5.993242263793945312e-01
6.933758258819580078e-01 9.805437922477722168e-01
3.937135636806488037e-01 9.196308255195617676e-01
5.575767755508422852e-01 6.131491065025329590e-01
4.865335822105407715e-01 8.102681040763854980e-01
5.827331542968750000e-01 8.342263698577880859e-01
2.699026763439178467e-01 4.187658131122589111e-01
4.499657750129699707e-01 4.362974762916564941e-01
1.232404038310050964e-01 6.729627847671508789e-01
2.629861235618591309e-01 6.528089642524719238e-01
7.086789608001708984e-01 1.488105058670043945e-01
8.138146996498107910e-01 2.466767728328704834e-01
5.808389782905578613e-01 4.662184119224548340e-01
8.968377113342285156e-01 8.539493680000305176e-01
5.212330222129821777e-01 8.678083121776580811e-02
1.981445997953414917e-01 3.687331080436706543e-01
6.972683072090148926e-01 6.869646906852722168e-01
2.251995056867599487e-01 7.055744528770446777e-02
7.300192713737487793e-01 6.794749498367309570e-01
2.414546012878417969e-01 6.288053393363952637e-01
7.514358162879943848e-01 7.434536218643188477e-01
2.762542068958282471e-01 3.062935769557952881e-01
9.173221588134765625e-01 2.872522175312042236e-01
5.903419852256774902e-01 4.264274537563323975e-01
2.369574159383773804e-01 2.004797607660293579e-01
3.542024195194244385e-01 3.011101782321929932e-01
6.948583722114562988e-01 3.177892863750457764e-01
4.623156785964965820e-01 7.170191407203674316e-01
5.395523905754089355e-01 5.910526588559150696e-02
1.680160462856292725e-01 5.464475750923156738e-01
7.132761478424072266e-01 5.037553608417510986e-02
9.161317944526672363e-01 9.311798959970474243e-02
5.939580202102661133e-01 1.844427883625030518e-01
3.133096694946289062e-01 4.974384605884552002e-01
3.038357794284820557e-01 6.600967645645141602e-01
2.170188538730144501e-02 3.328385353088378906e-01
3.755378127098083496e-01 4.154080152511596680e-01
2.217774689197540283e-01 6.265240907669067383e-01
9.300851225852966309e-01 7.752078175544738770e-01
9.779168963432312012e-01 5.055382847785949707e-01
1.378699094057083130e-01 5.541621446609497070e-01
1.404303759336471558e-01 5.528960824012756348e-01
7.987782955169677734e-01 1.684045791625976562e-01
2.852720022201538086e-01 7.580258846282958984e-01
2.331104427576065063e-01 4.159315228462219238e-01
9.879263639450073242e-01 8.104000687599182129e-01
5.157662630081176758e-01 2.621630430221557617e-01
1.491692364215850830e-01 6.954140663146972656e-01
9.596104025840759277e-01 2.029069960117340088e-01
6.118078231811523438e-01 7.685803174972534180e-01
3.071702271699905396e-02 9.476186037063598633e-01
5.262923836708068848e-01 2.217035740613937378e-01
1.193842291831970215e-01 5.364334583282470703e-01
3.970900774002075195e-01 2.081068754196166992e-01
2.296168059110641479e-01 4.099030196666717529e-01
7.074101269245147705e-02 8.900935649871826172e-01
8.851176500320434570e-01 8.031004071235656738e-01
2.144459076225757599e-02 4.059078097343444824e-01
2.312457561492919922e-01 5.474226474761962891e-01
7.649572938680648804e-02 4.339272975921630859e-01
1.956726163625717163e-01 9.816807508468627930e-01
8.254325985908508301e-01 9.526503086090087891e-01
7.800121307373046875e-01 6.636477261781692505e-02
8.259993046522140503e-02 3.963712453842163086e-01
3.412802144885063171e-02 9.545324444770812988e-01
8.407239317893981934e-01 2.168373167514801025e-01
2.420777529478073120e-01 2.687878608703613281e-01
1.142002269625663757e-01 6.997001171112060547e-01
8.268438279628753662e-02 4.685275554656982422e-01
3.139629065990447998e-01 1.608270108699798584e-01
5.109638571739196777e-01 1.989601552486419678e-01
1.349038779735565186e-01 2.080610096454620361e-01
7.920928597450256348e-01 7.212105989456176758e-01
2.659024484455585480e-02 4.271077513694763184e-01
9.813277721405029297e-01 8.414160013198852539e-01
6.237418055534362793e-01 1.197524182498455048e-02
2.936485111713409424e-01 6.538928151130676270e-01
3.720916807651519775e-01 6.759417653083801270e-01
1.849441379308700562e-01 3.780807554721832275e-01
1.268562525510787964e-01 1.014338508248329163e-01
6.694496423006057739e-02 9.106383323669433594e-01
7.448459863662719727e-01 8.156654238700866699e-01
3.880012035369873047e-01 9.690521955490112305e-01
6.633161902427673340e-01 9.851562976837158203e-01
8.763116002082824707e-01 3.264500796794891357e-01
1.468841172754764557e-02 5.779249668121337891e-01
6.396796107292175293e-01 5.178344845771789551e-01
1.150642260909080505e-01 1.333290934562683105e-01
7.279293984174728394e-02 8.739059790968894958e-03
6.290317773818969727e-01 3.929185867309570312e-01
5.048515796661376953e-01 5.341365337371826172e-01
1.126903444528579712e-01 2.517897784709930420e-01
5.036367177963256836e-01 6.228889226913452148e-01
3.220632970333099365e-01 5.713472366333007812e-01
6.075713038444519043e-01 4.319415390491485596e-01
7.280552387237548828e-01 3.669028580188751221e-01
9.973322153091430664e-01 9.380436539649963379e-01
2.881461381912231445e-01 9.062491655349731445e-01
9.042938351631164551e-01 1.545568406581878662e-01
5.887016654014587402e-01 8.891326785087585449e-01
3.504779636859893799e-01 9.198932349681854248e-02
4.987022876739501953e-01 9.910537004470825195e-01
3.683900833129882812e-01 3.377332985401153564e-01
5.898152589797973633e-01 5.865015983581542969e-01
1.389704644680023193e-01 3.270230293273925781e-01
9.799591451883316040e-02 3.721442818641662598e-01
7.035218477249145508e-01 9.361253976821899414e-01
3.343619108200073242e-01 5.466105341911315918e-01
6.615256071090698242e-01 4.823040366172790527e-01
8.701573610305786133e-01 9.207837283611297607e-02
1.265875548124313354e-01 6.611479520797729492e-01
5.451231598854064941e-01 6.680954694747924805e-01
7.991308718919754028e-02 1.384605467319488525e-01
3.022293150424957275e-01 2.970429658889770508e-01
5.667381882667541504e-01 8.728784322738647461e-01
7.978613972663879395e-01 6.850855946540832520e-01
2.280395925045013428e-01 8.345106244087219238e-01
5.345649123191833496e-01 1.356524378061294556e-01
9.143390655517578125e-01 6.436014771461486816e-01
4.957940280437469482e-01 3.692425489425659180e-01
5.851085186004638672e-01 9.633423388004302979e-02
9.975623488426208496e-01 1.838714331388473511e-01
9.752607345581054688e-01 2.295520342886447906e-02
2.778631448745727539e-01 4.137846082448959351e-02
1.734263449907302856e-01 8.160350918769836426e-01
6.047704815864562988e-01 6.863487958908081055e-01
5.099469423294067383e-01 4.891833662986755371e-01
5.667478218674659729e-02 1.851892173290252686e-01
3.824622035026550293e-01 8.187058568000793457e-01
2.916461601853370667e-02 2.929847836494445801e-01
1.785002499818801880e-01 1.681487411260604858e-01
8.580422401428222656e-01 3.038129508495330811e-01
4.933393001556396484e-01 6.547818779945373535e-01
5.230914950370788574e-01 9.642810225486755371e-01
9.894171953201293945e-01 2.718497216701507568e-01
5.436138510704040527e-01 4.860817492008209229e-01
9.983140975236892700e-02 9.071027040481567383e-01
5.785215497016906738e-01 5.882659927010536194e-02
2.793501615524291992e-01 6.857470273971557617e-01
3.490976393222808838e-01 7.839978486299514771e-02
6.124769449234008789e-01 9.821914881467819214e-02
1.056464836001396179e-01 9.650965332984924316e-01
9.846208095550537109e-01 6.693903803825378418e-01
8.436419963836669922e-01 8.861259818077087402e-01
7.747455239295959473e-01 9.873106479644775391e-01
9.144355654716491699e-01 2.237978875637054443e-01
1.346713751554489136e-01 3.962656259536743164e-01
6.423578858375549316e-01 6.921526789665222168e-01
5.272500514984130859e-01 2.496735155582427979e-01
6.730062961578369141e-01 5.314657688140869141e-01
1.943712532520294189e-01 2.016405016183853149e-02
8.654879927635192871e-01 4.325759112834930420e-01
8.053768426179885864e-02 2.303431928157806396e-01
6.421003341674804688e-01 6.155461668968200684e-01
3.606755435466766357e-01 4.283071160316467285e-01
5.165916681289672852e-01 7.052937746047973633e-01
9.442973881959915161e-02 8.792960047721862793e-01
6.585263013839721680e-01 3.377658426761627197e-01
8.986042737960815430e-01 8.715823292732238770e-02
5.679792761802673340e-01 1.018684208393096924e-01
8.284251093864440918e-01 9.173698425292968750e-01
3.329550921916961670e-01 6.934633851051330566e-01
6.948712468147277832e-01 3.346549570560455322e-01
4.514026269316673279e-02 2.479936033487319946e-01
6.405267715454101562e-01 1.646084487438201904e-01
5.818869471549987793e-01 7.665111869573593140e-02
2.681639194488525391e-01 2.339740544557571411e-01
2.023887485265731812e-01 3.717825710773468018e-01
3.803298175334930420e-01 1.006640866398811340e-01
5.502858161926269531e-01 8.808642029762268066e-01
6.685952544212341309e-01 7.072260379791259766e-01
3.133334219455718994e-01 2.913731336593627930e-02
7.620145082473754883e-01 8.760735988616943359e-01
3.707835376262664795e-01 6.735435128211975098e-01
3.293968141078948975e-01 3.887327313423156738e-01
4.666545689105987549e-01 6.978628635406494141e-01
1.973214745521545410e-01 5.218573212623596191e-01
5.817859768867492676e-01 9.758777171373367310e-02
7.908304333686828613e-01 5.866009369492530823e-02
5.525367259979248047e-01 9.325113892555236816e-01
1.520419120788574219e-01 7.839471697807312012e-01
5.145060420036315918e-01 6.642299294471740723e-01
6.753793358802795410e-02 4.284250438213348389e-01
5.750175118446350098e-01 8.717170357704162598e-02
3.540733456611633301e-01 8.037911057472229004e-01
1.577630490064620972e-01 9.104974865913391113e-01
5.569849014282226562e-01 1.508013457059860229e-01
1.533512771129608154e-01 3.859787285327911377e-01
5.346280932426452637e-01 2.899785935878753662e-01
4.501814842224121094e-01 3.074645102024078369e-01
1.261599659919738770e-01 7.531411051750183105e-01
3.614141345024108887e-01 6.192100644111633301e-01
7.282252311706542969e-01 4.039500951766967773e-01
9.627432823181152344e-01 2.141281962394714355e-01
7.165611386299133301e-01 4.309305548667907715e-01
6.407189965248107910e-01 4.390725493431091309e-01
1.105128303170204163e-01 9.410544633865356445e-01
2.609484493732452393e-01 5.220981240272521973e-01
2.621833384037017822e-01 5.019088387489318848e-01
9.882546663284301758e-01 5.386853124946355820e-03
4.383593797683715820e-02 3.781473040580749512e-01
2.973122596740722656e-01 5.307896733283996582e-01
6.535609364509582520e-01 7.056133151054382324e-01
2.616695761680603027e-01 7.718882560729980469e-01
2.258222252130508423e-01 5.338740944862365723e-01
6.578579545021057129e-02 7.034081816673278809e-01
2.620963454246520996e-01 7.904399931430816650e-02
4.100034236907958984e-01 4.476256966590881348e-01
6.000434160232543945e-01 4.300840795040130615e-01
1.873900741338729858e-01 7.990788817405700684e-01
4.336696565151214600e-01 5.514344573020935059e-01
2.180408537387847900e-01 2.727290987968444824e-01
3.992266356945037842e-01 9.346785545349121094e-01
5.527359247207641602e-01 5.865103006362915039e-01
3.558984696865081787e-01 9.567155838012695312e-01
2.493163943290710449e-01 1.859337538480758667e-01
3.181400001049041748e-01 9.696777462959289551e-01
7.387955188751220703e-01 1.212799549102783203e-01
7.499350309371948242e-01 3.675005435943603516e-01
8.226362466812133789e-01 3.756739571690559387e-02
3.122101128101348877e-01 3.736707568168640137e-01
5.207060649991035461e-02 2.821100354194641113e-01
8.633327484130859375e-01 5.574341416358947754e-01
4.186246097087860107e-01 3.513152897357940674e-01
3.813759088516235352e-01 4.627100825309753418e-01
2.815910875797271729e-01 1.690145879983901978e-01
2.021773457527160645e-01 3.279137611389160156e-01
3.953333497047424316e-01 6.810392141342163086e-01
8.148049712181091309e-01 5.697164535522460938e-01
2.697039544582366943e-01 2.165351808071136475e-01
6.942640244960784912e-02 7.805804610252380371e-01
2.841945886611938477e-01 1.572683006525039673e-01
2.440076768398284912e-01 6.554630994796752930e-01
2.325483858585357666e-01 3.816246986389160156e-01
9.416613578796386719e-01 1.632583439350128174e-01
6.713394075632095337e-02 8.161503672599792480e-01
1.379508338868618011e-02 7.031307816505432129e-01
5.331887677311897278e-02 8.903030157089233398e-01
9.891221523284912109e-01 1.463609337806701660e-01
7.519577741622924805e-01 2.563447058200836182e-01
9.760674834251403809e-01 2.936818301677703857e-01
1.920605450868606567e-01 7.643335461616516113e-01
5.032384395599365234e-01 7.472050189971923828e-01
9.933319687843322754e-01 6.180055141448974609e-01
2.794072031974792480e-01 3.270321786403656006e-01
8.305392265319824219e-01 5.013884603977203369e-02
1.056271940469741821e-01 6.584557294845581055e-01
1.373297274112701416e-01 5.410619974136352539e-01
7.922017574310302734e-01 9.661667346954345703e-01
2.427925169467926025e-01 4.254639446735382080e-01
6.315882503986358643e-02 7.531104683876037598e-01
5.537664890289306641e-01 4.628466069698333740e-01
1.181382760405540466e-01 6.732135415077209473e-01
1.946617960929870605e-01 3.852393329143524170e-01
1.041680052876472473e-01 9.014557003974914551e-01
1.142371594905853271e-01 5.341005325317382812e-01
8.321598768234252930e-01 3.495902121067047119e-01
8.595613837242126465e-01 6.954219937324523926e-01
1.699485033750534058e-01 4.612419605255126953e-01
3.225184381008148193e-01 9.907712340354919434e-01
9.116593003273010254e-01 3.689141571521759033e-01
2.369879186153411865e-01 7.044533491134643555e-01
5.422527790069580078e-01 5.285217612981796265e-02
9.107580780982971191e-01 6.121800839900970459e-02
3.278437554836273193e-01 7.086687088012695312e-01
9.636731743812561035e-01 1.629333645105361938e-01
4.499543607234954834e-01 9.160129427909851074e-01
6.129739284515380859e-01 7.487252950668334961e-01
6.470164060592651367e-01 8.496359586715698242e-01
5.904834866523742676e-01 6.075098514556884766e-01
9.221757948398590088e-02 7.834947109222412109e-01
3.043524920940399170e-01 2.537735104560852051e-01
4.238632023334503174e-01 9.554041624069213867e-01
6.971366405487060547e-01 9.711984992027282715e-01
4.390706419944763184e-01 4.570119976997375488e-01
4.740556180477142334e-01 7.786560058593750000e-02
7.710815072059631348e-01 1.288519799709320068e-01
8.486033231019973755e-02 8.333233594894409180e-01
7.553554605692625046e-04 9.433891177177429199e-01
3.641034066677093506e-01 5.058268904685974121e-01
8.827670812606811523e-01 7.925024032592773438e-01
3.922780156135559082e-01 7.858551144599914551e-01
2.590112686157226562e-01 7.459086179733276367e-02
4.534983932971954346e-01 8.109707236289978027e-01
1.794575750827789307e-01 8.643438816070556641e-01
3.655332922935485840e-01 8.706931471824645996e-01
7.305910587310791016e-01 4.574650526046752930e-01
6.477528810501098633e-01 8.080933094024658203e-01
9.497336298227310181e-02 6.965664625167846680e-01
7.180268764495849609e-01 6.690018773078918457e-01
6.072669848799705505e-02 6.997723579406738281e-01
5.275152325630187988e-01 9.497726559638977051e-01
5.067413449287414551e-01 7.246966958045959473e-01
5.784016847610473633e-01 1.123880073428153992e-01
9.574552774429321289e-01 1.512489616870880127e-01
5.252820253372192383e-01 5.317412018775939941e-01
8.927375078201293945e-01 2.287417054176330566e-01
7.423362880945205688e-02 6.900928020477294922e-01
6.426981091499328613e-02 4.244739711284637451e-01
1.411658972501754761e-01 9.395077824592590332e-01
3.555067181587219238e-01 7.567485570907592773e-01
7.963739037513732910e-01 5.940946936607360840e-01
9.343665242195129395e-01 7.106822133064270020e-01
8.617305159568786621e-01 2.684229314327239990e-01
3.356957435607910156e-01 5.630757212638854980e-01
5.176416635513305664e-01 9.323115944862365723e-01
6.780855059623718262e-01 5.003967285156250000e-01
6.070252656936645508e-01 4.430581033229827881e-01
7.300072312355041504e-01 6.114577651023864746e-01
3.770570829510688782e-02 8.553931862115859985e-02
4.077756702899932861e-01 1.340080201625823975e-01
4.714624285697937012e-01 6.266094446182250977e-01
9.279975891113281250e-01 5.388163328170776367e-01
3.792182803153991699e-01 6.220143437385559082e-01
2.107218503952026367e-01 8.644658327102661133e-01
3.400104939937591553e-01 6.774871945381164551e-01
3.277750611305236816e-01 3.203621134161949158e-02
1.248466596007347107e-01 6.217328906059265137e-01
7.708824276924133301e-01 2.463327050209045410e-01
3.568010032176971436e-01 7.126378417015075684e-01
4.254252612590789795e-01 1.946085989475250244e-01
3.622129857540130615e-01 1.108473986387252808e-01
2.052166610956192017e-01 3.487312197685241699e-01
2.981184422969818115e-01 6.397962570190429688e-01
4.717716574668884277e-01 4.389920532703399658e-01
6.914677619934082031e-01 6.465894579887390137e-01
6.089724898338317871e-01 1.166787967085838318e-01
7.272492051124572754e-01 7.042800784111022949e-01
6.404464244842529297e-01 6.022498607635498047e-01
3.205798268318176270e-01 2.851074635982513428e-01
2.430689781904220581e-01 6.329454779624938965e-01
2.900039553642272949e-01 7.062304019927978516e-01
4.541479349136352539e-01 5.255138278007507324e-01
9.450174570083618164e-01 8.919140696525573730e-01
1.855268627405166626e-01 7.036183476448059082e-01
1.131809502840042114e-01 5.898390412330627441e-01
9.787109494209289551e-02 9.585688710212707520e-01
9.267634153366088867e-01 4.051202237606048584e-01
9.980576038360595703e-01 1.950401440262794495e-02
4.552075639367103577e-02 8.174715638160705566e-01
9.125459790229797363e-01 9.485139846801757812e-01
2.440416216850280762e-01 2.395755611360073090e-02
1.738370209932327271e-01 9.939566254615783691e-01
9.026266932487487793e-01 2.133893370628356934e-01
2.323894649744033813e-01 4.208935201168060303e-01
2.574531547725200653e-02 5.698760151863098145e-01
3.884918987751007080e-01 7.538212537765502930e-01
2.936296164989471436e-01 8.360673189163208008e-01
3.355892896652221680e-01 8.490045666694641113e-01
3.041343986988067627e-01 9.390658140182495117e-01
1.567089110612869263e-01 2.052245140075683594e-01
5.331216454505920410e-01 7.954595685005187988e-01
1.185230314731597900e-01 2.442486584186553955e-01
2.430566996335983276e-01 3.751974999904632568e-01
3.695892095565795898e-01 4.774298071861267090e-01
7.518497705459594727e-01 7.669344544410705566e-01
9.726353883743286133e-01 1.990302503108978271e-01
3.143778443336486816e-02 7.598748803138732910e-01
1.727837324142456055e-01 6.867619603872299194e-02
5.035635232925415039e-01 4.688854813575744629e-01
2.179070413112640381e-01 1.283160001039505005e-01
4.452257454395294189e-01 7.994142770767211914e-01
4.423504173755645752e-01 6.111697554588317871e-01
8.567642569541931152e-01 6.285799741744995117e-01
6.132326126098632812e-01 3.856911361217498779e-01
1.731044799089431763e-01 3.277238905429840088e-01
6.293824315071105957e-01 3.115395084023475647e-02
7.438870668411254883e-01 9.696421623229980469e-01
1.155245974659919739e-01 2.477809553965926170e-03
9.739895164966583252e-02 3.969237506389617920e-01
1.559310555458068848e-01 5.097594261169433594e-01
9.370511770248413086e-01 9.621212482452392578e-01
7.170203924179077148e-01 4.754409492015838623e-01
6.270900964736938477e-01 8.771380782127380371e-01
4.621129930019378662e-01 7.884958982467651367e-01
2.901280224323272705e-01 5.027025938034057617e-01
2.457644939422607422e-01 3.345562815666198730e-01
5.393148064613342285e-01 4.373759627342224121e-01
7.046589255332946777e-02 5.760267376899719238e-01
7.081452608108520508e-01 7.228436470031738281e-01
2.627252936363220215e-01 9.894618988037109375e-01
2.636454999446868896e-01 6.361669301986694336e-01
5.096738338470458984e-01 9.195190072059631348e-01
2.635509669780731201e-01 4.937203526496887207e-01
2.424688935279846191e-01 7.800059318542480469e-01
2.474613189697265625e-01 8.353248834609985352e-01
5.066299438476562500e-01 5.290207266807556152e-01
1.790068298578262329e-01 9.842000603675842285e-01
1.412967592477798462e-01 1.410467624664306641e-01
4.556277021765708923e-02 7.264482975006103516e-01
6.106843352317810059e-01 4.314277768135070801e-01
7.885692715644836426e-01 9.889575093984603882e-02
7.192427515983581543e-01 6.859138607978820801e-02
1.296110004186630249e-01 6.139654517173767090e-01
8.089445233345031738e-01 6.505774259567260742e-01
4.565454423427581787e-01 3.625260293483734131e-01
4.292643070220947266e-01 1.232327222824096680e-01
8.840982913970947266e-01 5.074136853218078613e-01
3.519578312989324331e-04 7.439444065093994141e-01
1.482112705707550049e-01 6.655147671699523926e-01
9.024609327316284180e-01 6.961222290992736816e-01
8.171837329864501953e-01 4.736783504486083984e-01
7.711176276206970215e-01 8.227372765541076660e-01
9.359771609306335449e-01 2.302198410034179688e-01
3.919884264469146729e-01 9.736991524696350098e-01
8.197754621505737305e-01 5.233059450984001160e-02
7.054147124290466309e-01 8.983693122863769531e-01
4.157138466835021973e-01 5.793153047561645508e-01
7.106070518493652344e-01 6.360917538404464722e-02
2.047393769025802612e-01 8.887448310852050781e-01
7.241645455360412598e-01 4.280447959899902344e-01
3.538450598716735840e-01 4.600589871406555176e-01
2.367164343595504761e-01 1.736054569482803345e-01
6.706926226615905762e-02 8.536099195480346680e-01
1.722374111413955688e-01 7.515931129455566406e-01
7.957767248153686523e-01 2.903434634208679199e-01
5.673952773213386536e-02 7.502881288528442383e-01
9.241758584976196289e-01 2.902583777904510498e-01
4.374510347843170166e-01 6.852691769599914551e-01
9.285895228385925293e-01 1.249667722731828690e-02
6.516059637069702148e-01 1.196849569678306580e-01
5.288174152374267578e-01 7.780608534812927246e-01
4.314457476139068604e-01 2.787653505802154541e-01
2.506782710552215576e-01 3.206177651882171631e-01
7.382004857063293457e-01 1.508261263370513916e-01
5.095977783203125000e-01 8.351917862892150879e-01
7.008724659681320190e-02 6.315105408430099487e-02
1.818065345287322998e-01 5.085743963718414307e-03
1.036113053560256958e-01 7.177715897560119629e-01
8.966936147771775723e-04 8.009054511785507202e-02
9.913901090621948242e-01 2.130137979984283447e-01
1.824719905853271484e-01 8.735956549644470215e-01
6.525444984436035156e-01 1.908905245363712311e-02
7.019951343536376953e-01 7.810022830963134766e-01
1.725753545761108398e-01 8.543916344642639160e-01
4.535852670669555664e-01 6.525464057922363281e-01
4.202345907688140869e-01 7.174947261810302734e-01
5.815330147743225098e-01 5.624617338180541992e-01
4.904953017830848694e-02 9.584723114967346191e-01
2.283982634544372559e-01 4.572391808032989502e-01
1.494273990392684937e-01 2.589831650257110596e-01
9.868833422660827637e-01 4.275205433368682861e-01
6.814431548118591309e-01 2.602107822895050049e-01
1.130447313189506531e-01 2.595382332801818848e-01
6.352414190769195557e-02 9.995298981666564941e-01
8.067977428436279297e-01 3.943158388137817383e-01
5.766008496284484863e-01 6.173578649759292603e-02
4.522820413112640381e-01 6.864700466394424438e-02
2.174577116966247559e-01 9.775031208992004395e-01
8.419412970542907715e-01 7.954854369163513184e-01
2.951976358890533447e-01 8.606531620025634766e-01
8.447650671005249023e-01 9.547213092446327209e-03
8.696509599685668945e-01 5.427117273211479187e-02
3.318738639354705811e-01 5.278003811836242676e-01
9.343970417976379395e-01 7.214869856834411621e-01
7.061250805854797363e-01 3.874321579933166504e-01
2.032708525657653809e-01 4.453293085098266602e-01
1.887949556112289429e-01 1.197269186377525330e-01
9.509912133216857910e-01 1.801245808601379395e-01
9.557279944419860840e-01 7.342650890350341797e-01
1.384027302265167236e-01 8.913805484771728516e-01
4.961061775684356689e-01 2.388454042375087738e-02
9.994864463806152344e-02 8.984952569007873535e-01
3.639096319675445557e-01 7.449873536825180054e-02
3.726378083229064941e-01 3.162670135498046875e-01
6.498081684112548828e-01 8.631264567375183105e-01
3.480392992496490479e-01 5.698938965797424316e-01
7.985749840736389160e-01 9.738891720771789551e-01
7.911780476570129395e-01 4.161807000637054443e-01
2.081096917390823364e-01 9.365567564964294434e-01
9.804801940917968750e-01 8.304827809333801270e-01
5.261361002922058105e-01 5.381735563278198242e-01
1.099027991294860840e-01 7.909693121910095215e-01
4.235735237598419189e-01 4.548142254352569580e-01
8.622621893882751465e-01 8.544227480888366699e-01
9.954129457473754883e-01 6.904283165931701660e-01
8.957765102386474609e-01 9.268984794616699219e-01
1.478648930788040161e-01 7.199543118476867676e-01
3.824042081832885742e-01 3.221736550331115723e-01
9.853368997573852539e-01 8.674430847167968750e-01
1.572671830654144287e-01 9.050380587577819824e-01
2.486520707607269287e-01 9.371910095214843750e-01
6.029440164566040039e-01 3.507185578346252441e-01
3.465789556503295898e-01 4.268165826797485352e-01
1.081346571445465088e-01 5.520936846733093262e-02
6.512730121612548828e-01 6.452398374676704407e-03
4.747582972049713135e-01 4.843349009752273560e-02
6.332315206527709961e-01 4.386878907680511475e-01
3.030496835708618164e-01 6.780483126640319824e-01
3.129807710647583008e-01 4.290379285812377930e-01
6.252928376197814941e-01 5.929142832756042480e-01
5.626203417778015137e-01 4.875466227531433105e-01
7.662542164325714111e-02 8.591161966323852539e-01
6.608785986900329590e-01 8.465384244918823242e-01
4.647195339202880859e-01 4.495258033275604248e-01
3.889651894569396973e-01 7.224253416061401367e-01
8.959434032440185547e-01 6.138113737106323242e-01
6.916335821151733398e-01 2.800233662128448486e-01
4.189731478691101074e-01 1.464951932430267334e-01
3.840165734291076660e-01 3.874278962612152100e-01
1.189482659101486206e-01 5.265158414840698242e-01
2.130745649337768555e-01 4.841074049472808838e-01
3.328887522220611572e-01 3.367126584053039551e-01
6.276049017906188965e-01 7.175159454345703125e-01
9.321459531784057617e-01 2.611230015754699707e-01
4.330783486366271973e-01 5.994218587875366211e-01
3.116928935050964355e-01 7.766926884651184082e-01
4.680837690830230713e-01 7.110741138458251953e-01
8.315835595130920410e-01 4.252022504806518555e-02
6.758612990379333496e-01 3.815623819828033447e-01
3.154889643192291260e-01 5.257812738418579102e-01
4.146247804164886475e-01 9.449536800384521484e-01
4.065136611461639404e-01 5.085343495011329651e-02
5.132259726524353027e-01 4.265513122081756592e-01
8.799639344215393066e-01 1.886423081159591675e-01
1.256167739629745483e-01 2.853027582168579102e-01
9.083306789398193359e-01 1.445563584566116333e-01
5.025963783264160156e-01 7.716203927993774414e-01
3.638660311698913574e-01 3.633383214473724365e-01
4.363564848899841309e-01 7.305088639259338379e-01
4.059831202030181885e-01 1.061738729476928711e-01
8.292200565338134766e-01 8.157137036323547363e-01
6.138035655021667480e-01 5.635805726051330566e-01
7.679913043975830078e-01 3.117842972278594971e-01
6.567559838294982910e-01 8.470995426177978516e-01
2.260356396436691284e-01 6.081171035766601562e-01
2.444977015256881714e-01 9.037358164787292480e-01
2.392347007989883423e-01 6.799581646919250488e-01
1.074041500687599182e-01 6.252181529998779297e-01
2.857415080070495605e-01 4.182498753070831299e-01
4.837327599525451660e-01 6.191169023513793945e-01
1.030348837375640869e-01 5.963749885559082031e-01
3.401036560535430908e-01 2.561302781105041504e-01
7.107412219047546387e-01 2.586109042167663574e-01
1.590253263711929321e-01 2.325106114149093628e-01
1.394277624785900116e-02 8.801482915878295898e-01
3.104420006275177002e-01 5.914248228073120117e-01
4.665374755859375000e-01 5.383237004280090332e-01
5.483376383781433105e-01 7.798930406570434570e-01
4.554464817047119141e-01 8.011353015899658203e-01
1.260751634836196899e-01 3.742650523781776428e-02
5.883943438529968262e-01 8.689724206924438477e-01
4.181712269783020020e-01 8.705211430788040161e-02
1.501280218362808228e-01 7.828423976898193359e-01
7.208084464073181152e-01 3.025471866130828857e-01
4.108558967709541321e-02 9.489717483520507812e-01
2.253954261541366577e-01 6.624670028686523438e-01
2.513054907321929932e-01 8.050786256790161133e-01
8.288471698760986328e-01 6.942912340164184570e-01
5.980069637298583984e-01 2.271213382482528687e-01
6.530550718307495117e-01 6.890246868133544922e-01
6.466955691576004028e-02 6.445024609565734863e-01
9.662247896194458008e-01 9.630569815635681152e-01
3.292007446289062500e-01 2.984808981418609619e-01
2.344931960105895996e-01 2.329264432191848755e-01
9.723367691040039062e-01 4.944328963756561279e-01
9.880594611167907715e-01 8.831843137741088867e-01
3.395282328128814697e-01 9.787788242101669312e-02
3.340710401535034180e-01 4.791206717491149902e-01
9.370484352111816406e-01 8.539138436317443848e-01
3.102520704269409180e-01 3.339085876941680908e-01
4.706695675849914551e-01 4.374984800815582275e-01
4.605773687362670898e-01 5.584066510200500488e-01
7.653450965881347656e-01 2.584243118762969971e-01
5.555472373962402344e-01 4.653818439692258835e-03
6.627393364906311035e-01 3.105475604534149170e-01
6.895879507064819336e-01 7.023164629936218262e-01
6.261370778083801270e-01 4.232018440961837769e-02
7.992842793464660645e-01 9.891411662101745605e-01
4.056116044521331787e-01 7.978924512863159180e-01
3.523961901664733887e-01 7.581099271774291992e-01
3.803935050964355469e-01 8.831955194473266602e-01
3.941827118396759033e-01 2.788672149181365967e-01
8.958812355995178223e-01 4.738573729991912842e-01
5.997957587242126465e-01 1.496351063251495361e-01
2.818305790424346924e-01 7.457061409950256348e-01
8.129537701606750488e-01 2.169815748929977417e-01
1.297743767499923706e-01 5.592047572135925293e-01
3.765397965908050537e-01 3.692744672298431396e-01
5.621562004089355469e-01 9.480893015861511230e-01
2.416865676641464233e-01 7.454110383987426758e-01
2.085729390382766724e-01 4.441699087619781494e-01
1.211990118026733398e-01 8.720790743827819824e-01
9.677333235740661621e-01 4.136527478694915771e-01
2.642396986484527588e-01 1.974044144153594971e-01
1.293269991874694824e-01 6.915057897567749023e-01
4.865049123764038086e-01 6.548584699630737305e-01
5.581733584403991699e-01 7.831553220748901367e-01
4.654898941516876221e-01 7.817258834838867188e-01
2.129971832036972046e-01 4.823519289493560791e-02
4.366470575332641602e-01 2.496528476476669312e-01
4.406165182590484619e-01 7.251148223876953125e-01
8.743900656700134277e-01 3.883075416088104248e-01
1.465434730052947998e-01 3.102355599403381348e-01
5.906796455383300781e-01 3.871899545192718506e-01
3.985681831836700439e-01 9.528401494026184082e-01
5.541399121284484863e-01 2.279730737209320068e-01
9.056676626205444336e-01 3.985711932182312012e-02
1.591786369681358337e-02 9.602929353713989258e-01
1.916755177080631256e-02 8.578264713287353516e-01
1.434060335159301758e-01 4.220797717571258545e-01
8.061416149139404297e-01 2.320768982172012329e-01
6.791874170303344727e-01 4.834648966789245605e-01
4.660850167274475098e-01 8.811843395233154297e-01
1.047941371798515320e-01 9.206342101097106934e-01
3.853716552257537842e-01 6.113947033882141113e-01
1.514772623777389526e-01 6.118499040603637695e-01
3.240863382816314697e-01 5.634878277778625488e-01
3.360247910022735596e-01 5.969722867012023926e-01
2.520541548728942871e-01 9.359709620475769043e-01
3.367808163166046143e-01 8.547374010086059570e-01
3.503794074058532715e-01 3.107561171054840088e-01
1.599481999874114990e-01 4.645533561706542969e-01
7.583667039871215820e-01 1.183563694357872009e-01
1.815445534884929657e-02 5.931715965270996094e-01
9.240875244140625000e-01 3.552976548671722412e-01
3.384233415126800537e-01 3.295603990554809570e-01
8.825383186340332031e-01 2.999635762535035610e-04
1.152390986680984497e-01 6.804643273353576660e-01
5.012594461441040039e-01 7.145239114761352539e-01
8.780511021614074707e-01 2.173964381217956543e-01
2.642625570297241211e-01 7.201834917068481445e-01
2.937495708465576172e-01 5.953684449195861816e-01
4.649579226970672607e-01 2.238213419914245605e-01
2.336191087961196899e-01 6.727312803268432617e-01
7.628168463706970215e-01 7.217393517494201660e-01
4.747654199600219727e-01 4.890412986278533936e-01
1.234717592597007751e-01 4.355873167514801025e-02
8.508330583572387695e-01 3.066456913948059082e-01
3.757843375205993652e-01 1.159156486392021179e-01
3.472942113876342773e-01 9.388938546180725098e-01
3.013618290424346924e-01 7.375507354736328125e-01
8.120433092117309570e-01 1.977664232254028320e-01
6.429217457771301270e-01 7.720689475536346436e-02
4.633201956748962402e-01 8.965675234794616699e-01
1.790174096822738647e-01 6.791329383850097656e-02
3.805997669696807861e-01 9.412153363227844238e-01
8.557394742965698242e-01 6.926586627960205078e-01
6.411825418472290039e-01 9.051001071929931641e-01
2.574442327022552490e-01 5.834887027740478516e-01
3.233840763568878174e-01 9.264743924140930176e-01
4.334004223346710205e-01 4.410662651062011719e-01
9.086454510688781738e-01 5.178264975547790527e-01
2.973238825798034668e-01 5.719913244247436523e-01
9.330850839614868164e-01 4.962466061115264893e-01
2.057832665741443634e-03 8.323884010314941406e-01
3.867640793323516846e-01 3.527752459049224854e-01
4.187998473644256592e-01 7.887375950813293457e-01
6.024815440177917480e-01 7.096238136291503906e-01
5.662480592727661133e-01 5.595142245292663574e-01
8.079817295074462891e-01 8.272547125816345215e-01
5.161100625991821289e-01 9.617218375205993652e-01
5.263392925262451172e-01 6.909559965133666992e-01
8.102552294731140137e-01 6.216827630996704102e-01
2.871542870998382568e-01 9.955874681472778320e-01
7.369923591613769531e-01 2.155205756425857544e-01
5.818458199501037598e-01 7.858224958181381226e-02
4.581556320190429688e-01 4.584333002567291260e-01
3.244806528091430664e-01 5.193211436271667480e-01
4.546031951904296875e-01 1.413810998201370239e-02
5.586202256381511688e-03 5.620735883712768555e-01
9.783825874328613281e-01 5.201714038848876953e-01
8.518427610397338867e-01 6.742463707923889160e-01
1.003300547599792480e-01 6.582357287406921387e-01
3.127968683838844299e-02 7.614773511886596680e-01
5.729337930679321289e-01 7.426542639732360840e-01
1.811907738447189331e-01 7.708382010459899902e-01
6.794391870498657227e-01 5.685072541236877441e-01
4.549498260021209717e-01 6.090477108955383301e-01
3.528730571269989014e-01 6.216704249382019043e-01
4.193417131900787354e-01 4.920521974563598633e-01
6.923317164182662964e-02 7.906213402748107910e-01
1.202828586101531982e-01 8.124278783798217773e-01
3.368113040924072266e-01 4.951686263084411621e-01
9.038789272308349609e-01 1.827089190483093262e-01
2.538694739341735840e-01 3.726332485675811768e-01
4.267993867397308350e-01 6.533794403076171875e-01
8.363016843795776367e-01 6.672512292861938477e-01
4.201176166534423828e-01 9.293371438980102539e-02
1.394661515951156616e-01 2.728713750839233398e-01
9.369785785675048828e-01 4.823206365108489990e-01
2.246767282485961914e-02 6.044931411743164062e-01
3.887562751770019531e-01 8.576441407203674316e-01
1.856631636619567871e-01 2.942782938480377197e-01
1.532126311212778091e-02 8.659908771514892578e-01
6.316281557083129883e-01 3.595043122768402100e-01
5.000999569892883301e-01 2.894071042537689209e-01
4.592851400375366211e-01 2.866906225681304932e-01
5.340819358825683594e-01 5.164605379104614258e-01
4.674609601497650146e-01 2.294615507125854492e-01
6.195527315139770508e-02 5.236614942550659180e-01
1.410103887319564819e-01 4.836997985839843750e-01
5.509917140007019043e-01 9.450004696846008301e-01
2.321948409080505371e-01 8.019279688596725464e-02
3.240809962153434753e-02 6.310504674911499023e-01
7.884290814399719238e-01 4.854739010334014893e-01
2.170777171850204468e-01 4.774693846702575684e-01
1.404431909322738647e-01 6.350987553596496582e-01
9.946522116661071777e-01 5.890585780143737793e-01
1.979052573442459106e-01 7.743621468544006348e-01
9.241588711738586426e-01 8.878408670425415039e-01
4.653451740741729736e-01 3.245239853858947754e-01
7.262346744537353516e-01 9.797022491693496704e-02
7.168704867362976074e-01 2.881155349314212799e-02
1.472161114215850830e-01 6.446912884712219238e-02
9.458118677139282227e-01 4.593564197421073914e-02
8.389737010002136230e-01 3.739476203918457031e-01
3.160472512245178223e-01 4.019337296485900879e-01
6.022761110216379166e-03 5.595528483390808105e-01
4.578850567340850830e-01 4.920255839824676514e-01
3.788536190986633301e-01 2.334079295396804810e-01
6.572704911231994629e-01 4.981691017746925354e-02
