7.759773135185241699e-01 7.259270548820495605e-02
6.563365459442138672e-02 8.452190160751342773e-01
8.864178061485290527e-01 4.125705063343048096e-01
8.053637146949768066e-01 2.637228667736053467e-01
6.764456629753112793e-01 6.212518215179443359e-01
2.057167589664459229e-01 9.084566235542297363e-01
6.418308615684509277e-02 4.117378219962120056e-02
4.932173341512680054e-02 2.551318109035491943e-01
5.235592722892761230e-01 9.254311323165893555e-01
1.503916084766387939e-01 3.382070362567901611e-01
4.743946194648742676e-01 8.084152936935424805e-01
2.322747409343719482e-01 7.880948781967163086e-01
7.460950016975402832e-01 8.151929974555969238e-01
8.261538743972778320e-01 3.654068708419799805e-01
1.628199666738510132e-01 3.116235733032226562e-01
7.993511557579040527e-01 3.889082372188568115e-01
8.450458645820617676e-01 2.076404355466365814e-02
5.928660631179809570e-01 6.605889797210693359e-01
3.407137989997863770e-01 1.236491426825523376e-01
1.947644539177417755e-02 1.758327037096023560e-01
6.061697006225585938e-01 1.659548431634902954e-01
6.460272520780563354e-02 2.647282481193542480e-01
9.297180771827697754e-01 1.199463829398155212e-01
6.764383316040039062e-01 1.288850307464599609e-01
7.579457759857177734e-01 1.031587868928909302e-01
6.862456351518630981e-02 2.003619670867919922e-01
6.404848098754882812e-01 8.318638801574707031e-01
8.772683143615722656e-01 7.971162796020507812e-01
1.881714761257171631e-01 2.550823688507080078e-01
9.746956825256347656e-02 6.705408692359924316e-01
2.970706224441528320e-01 5.741171240806579590e-01
6.660985350608825684e-01 3.842724859714508057e-01
2.567997202277183533e-03 6.213867068290710449e-01
7.991685867309570312e-01 1.705948114395141602e-01
6.787698268890380859e-01 5.133253931999206543e-01
7.864729762077331543e-01 3.979468941688537598e-01
5.627389624714851379e-02 8.069419264793395996e-01
9.439235329627990723e-01 7.877378463745117188e-01
9.934532642364501953e-01 1.803199946880340576e-01
7.645155787467956543e-01 8.688862919807434082e-01
7.478892207145690918e-01 6.987576484680175781e-01
7.985378503799438477e-01 2.484217137098312378e-01
1.849457472562789917e-01 7.122480273246765137e-01
8.019560575485229492e-01 3.803725838661193848e-01
4.134811460971832275e-01 1.376243531703948975e-01
3.846619427204132080e-01 3.534124493598937988e-01
4.680340737104415894e-02 8.033282756805419922e-01
1.729172170162200928e-01 7.044241428375244141e-01
8.359566330909729004e-01 8.174992799758911133e-01
7.752634286880493164e-01 6.371713280677795410e-01
9.694723784923553467e-02 4.417212307453155518e-01
1.195991039276123047e-02 9.521095156669616699e-01
4.731040596961975098e-01 6.061121821403503418e-01
8.121313452720642090e-01 2.358737736940383911e-01
2.404531985521316528e-01 4.023050367832183838e-01
4.522170424461364746e-01 5.151619911193847656e-01
4.039030075073242188e-01 7.857313156127929688e-01
4.031072556972503662e-01 7.959263324737548828e-01
5.437823012471199036e-03 6.260485947132110596e-02
5.200519561767578125e-01 9.604087471961975098e-01
1.088552996516227722e-01 1.118464320898056030e-01
5.574533343315124512e-01 2.979038655757904053e-01
9.775309562683105469e-01 1.968178302049636841e-01
7.309547066688537598e-01 9.017021656036376953e-01
8.638770580291748047e-01 4.931657314300537109e-01
9.261814355850219727e-01 8.722971081733703613e-01
7.819646596908569336e-01 9.740199446678161621e-01
3.987833857536315918e-01 7.103704810142517090e-01
6.656211614608764648e-02 9.878862500190734863e-01
3.758291900157928467e-01 4.784566760063171387e-01
2.225441671907901764e-02 4.330948889255523682e-01
4.224129915237426758e-01 5.960388183593750000e-01
6.585606932640075684e-01 2.568559646606445312e-01
5.784491077065467834e-02 6.916639208793640137e-01
1.623369753360748291e-01 9.599745869636535645e-01
3.469402790069580078e-01 7.291322350502014160e-01
4.660338461399078369e-01 9.293659776449203491e-02
5.310532450675964355e-01 4.135081768035888672e-01
3.832204937934875488e-01 7.302582859992980957e-01
6.483652591705322266e-01 9.968094825744628906e-01
2.771669626235961914e-01 9.790848493576049805e-01
5.925045013427734375e-01 4.864614605903625488e-01
5.654301047325134277e-01 7.490300573408603668e-03
7.425501346588134766e-01 2.727413475513458252e-01
4.944012165069580078e-01 6.926040165126323700e-03
3.867127001285552979e-01 1.021963059902191162e-01
8.975323438644409180e-01 6.845310330390930176e-02
1.162895113229751587e-01 2.186654210090637207e-01
3.002928495407104492e-01 5.490523576736450195e-01
6.641904115676879883e-01 2.929230630397796631e-01
2.513092383742332458e-02 8.436459898948669434e-01
1.814339756965637207e-01 2.571692168712615967e-01
1.458115875720977783e-01 4.339848756790161133e-01
6.911245640367269516e-03 3.621605336666107178e-01
5.230698585510253906e-01 7.215618491172790527e-01
1.513322591781616211e-01 3.827516436576843262e-01
5.812706351280212402e-01 4.929263889789581299e-02
2.532067000865936279e-01 4.739058613777160645e-01
3.661534935235977173e-02 3.636143207550048828e-01
7.340934872627258301e-01 5.725330486893653870e-02
9.560028910636901855e-01 4.567389190196990967e-01
3.604003787040710449e-01 4.941093623638153076e-01
8.567611575126647949e-01 8.490673899650573730e-01
4.330360293388366699e-01 6.397064924240112305e-01
1.244374513626098633e-01 8.935030698776245117e-01
4.673432111740112305e-01 3.449730873107910156e-01
5.144249200820922852e-01 6.070283055305480957e-01
1.235786080360412598e-01 2.294246256351470947e-01
7.089516520500183105e-01 3.643526136875152588e-01
1.979102790355682373e-01 6.771693229675292969e-01
1.939042657613754272e-01 3.697007428854703903e-03
7.195270061492919922e-02 6.173766255378723145e-01
8.901352286338806152e-01 8.867761492729187012e-02
4.430663585662841797e-01 3.831343650817871094e-01
9.842867255210876465e-01 2.613166570663452148e-01
4.232456684112548828e-01 9.212529063224792480e-01
6.435719728469848633e-01 2.804960310459136963e-01
1.330027729272842407e-01 1.645932048559188843e-01
2.279068082571029663e-01 9.067157283425331116e-03
4.367654323577880859e-01 2.256772667169570923e-01
3.100547790527343750e-01 1.174569427967071533e-01
8.729750514030456543e-01 3.517175316810607910e-01
1.966995894908905029e-01 3.408561348915100098e-01
3.610762059688568115e-01 1.845997273921966553e-01
8.771219849586486816e-01 1.264923363924026489e-01
6.888983249664306641e-01 8.132671713829040527e-01
8.587130904197692871e-01 6.833363771438598633e-01
1.207949370145797729e-01 6.432844996452331543e-01
3.420639932155609131e-01 5.565917491912841797e-01
9.321694970130920410e-01 8.309307694435119629e-01
5.137783288955688477e-01 5.778394937515258789e-01
7.434223294258117676e-01 1.757624894380569458e-01
7.243859767913818359e-01 8.922021985054016113e-01
5.898061394691467285e-01 7.713651657104492188e-01
3.615435361862182617e-01 3.398738205432891846e-01
7.759661530144512653e-04 2.967824414372444153e-02
9.397714138031005859e-01 1.955783516168594360e-01
6.648257374763488770e-01 4.406186342239379883e-01
1.648353040218353271e-01 7.760877609252929688e-01
5.491657853126525879e-01 1.992405503988265991e-01
4.298706352710723877e-01 7.832969427108764648e-01
4.701189994812011719e-01 8.128799796104431152e-01
3.215426504611968994e-01 9.195781350135803223e-01
8.915517330169677734e-01 3.764186501502990723e-01
7.731756567955017090e-01 2.594862878322601318e-01
5.684552788734436035e-01 6.351184844970703125e-01
8.187079429626464844e-01 8.191822767257690430e-01
8.203651905059814453e-01 2.288295924663543701e-01
8.605857938528060913e-02 3.444810807704925537e-01
9.667674303054809570e-01 2.795952558517456055e-01
9.710747003555297852e-01 3.144258260726928711e-02
6.053686141967773438e-01 8.894713521003723145e-01
9.368414282798767090e-01 8.057948350906372070e-01
4.666013419628143311e-01 9.183512628078460693e-02
3.662982583045959473e-01 3.444604948163032532e-02
9.377516508102416992e-01 6.750236749649047852e-01
9.174624085426330566e-02 4.521405398845672607e-01
4.894671142101287842e-01 5.093573331832885742e-01
2.090929448604583740e-01 4.712393879890441895e-01
4.027763381600379944e-02 7.964734435081481934e-01
5.232833623886108398e-01 5.455126166343688965e-01
9.968592524528503418e-01 4.071468114852905273e-01
1.830374151468276978e-01 4.143880307674407959e-01
1.034112498164176941e-01 1.067222431302070618e-01
3.747147619724273682e-01 7.022107243537902832e-01
7.757443189620971680e-01 1.862415820360183716e-01
8.363987207412719727e-01 3.969344198703765869e-01
7.953048944473266602e-01 6.365289688110351562e-01
7.904503941535949707e-01 8.988847136497497559e-01
8.538144826889038086e-01 4.052981734275817871e-01
9.511513710021972656e-01 1.227312311530113220e-01
2.242673635482788086e-01 3.425599038600921631e-01
9.097362756729125977e-01 1.928797364234924316e-01
8.603253364562988281e-01 2.059222757816314697e-01
8.824836611747741699e-01 9.965422749519348145e-01
3.456904590129852295e-01 1.736099869012832642e-01
9.063429236412048340e-01 7.127378582954406738e-01
4.010712206363677979e-01 5.081165432929992676e-01
9.189251661300659180e-01 4.695749282836914062e-01
4.169906079769134521e-01 1.312722265720367432e-01
4.793819785118103027e-01 3.177671134471893311e-01
4.291019737720489502e-01 7.161437869071960449e-01
5.067903399467468262e-01 8.705217838287353516e-01
2.618981897830963135e-01 3.989088535308837891e-01
8.567232638597488403e-02 2.573941349983215332e-01
5.991055965423583984e-01 6.493060588836669922e-01
6.262516975402832031e-01 6.326725482940673828e-01
1.513881701976060867e-02 2.040794938802719116e-01
5.579909086227416992e-01 2.665446400642395020e-01
7.375123500823974609e-01 6.317334771156311035e-01
5.161225795745849609e-01 9.854639768600463867e-01
8.106302022933959961e-01 6.878674030303955078e-01
6.398597955703735352e-01 5.993750095367431641e-01
7.254943251609802246e-01 7.617588639259338379e-01
7.402788847684860229e-02 3.682788610458374023e-01
5.116671323776245117e-01 2.268945872783660889e-01
8.853279352188110352e-01 7.012587189674377441e-01
8.307266235351562500e-01 6.067085266113281250e-01
4.150725007057189941e-01 7.219052314758300781e-01
1.893642991781234741e-01 3.329266607761383057e-01
3.718093931674957275e-01 3.913190364837646484e-01
7.540841698646545410e-01 4.642007350921630859e-01
4.189058542251586914e-01 8.696985840797424316e-01
6.320966482162475586e-01 4.179318547248840332e-01
6.887896656990051270e-01 2.595730423927307129e-01
8.865336179733276367e-01 9.679983258247375488e-01
8.558398485183715820e-01 2.578678429126739502e-01
5.199420452117919922e-01 9.139510989189147949e-01
2.282102853059768677e-01 4.928456246852874756e-01
2.533624768257141113e-01 6.876593083143234253e-02
1.133309453725814819e-01 3.322253227233886719e-01
4.946939945220947266e-01 6.891772150993347168e-01
9.538914561271667480e-01 9.896969795227050781e-01
5.289300158619880676e-02 7.095003128051757812e-01
1.471522599458694458e-01 8.077270388603210449e-01
8.204140663146972656e-01 6.586736440658569336e-01
1.852775551378726959e-02 6.577423214912414551e-01
1.706446260213851929e-01 3.744372129440307617e-01
2.755908668041229248e-01 2.181715816259384155e-01
4.641163647174835205e-01 7.246234416961669922e-01
6.833143234252929688e-01 5.310314297676086426e-01
4.940796494483947754e-01 4.415102899074554443e-01
4.450049102306365967e-01 7.227150201797485352e-01
6.776316165924072266e-01 2.114474400877952576e-02
6.334759593009948730e-01 3.553444445133209229e-01
7.330421358346939087e-02 8.314884901046752930e-01
8.690497875213623047e-01 3.905278146266937256e-01
3.948075771331787109e-01 8.642157316207885742e-01
7.626961171627044678e-02 9.417373538017272949e-01
7.874269783496856689e-02 2.907055318355560303e-01
6.510652303695678711e-01 6.828028559684753418e-01
7.794152498245239258e-01 6.149155497550964355e-01
5.568398833274841309e-01 7.829324007034301758e-01
9.500355720520019531e-01 4.620018005371093750e-01
8.892459273338317871e-01 9.683210849761962891e-01
6.505515575408935547e-01 2.480605691671371460e-01
6.474264264106750488e-01 8.779298663139343262e-01
9.790646433830261230e-01 1.598404347896575928e-01
4.181006550788879395e-01 1.097917482256889343e-01
1.101280450820922852e-01 4.205838441848754883e-01
9.703410267829895020e-01 9.903922677040100098e-01
7.262920141220092773e-01 1.978184133768081665e-01
1.081392988562583923e-01 5.942487716674804688e-01
6.232541203498840332e-01 8.628756999969482422e-01
5.949525237083435059e-01 7.671121954917907715e-01
8.912028670310974121e-01 9.121602177619934082e-01
4.220988228917121887e-02 3.981209397315979004e-01
9.473934769630432129e-02 3.150154277682304382e-02
4.641230404376983643e-01 2.652598619461059570e-01
1.405415832996368408e-01 6.392800807952880859e-01
8.246297836303710938e-01 8.478733897209167480e-01
9.375633597373962402e-01 9.473954439163208008e-01
1.453334242105484009e-01 1.442698836326599121e-01
2.187304049730300903e-01 2.264989912509918213e-01
5.870057344436645508e-01 3.446368277072906494e-01
8.465143442153930664e-01 2.921713143587112427e-02
5.152348875999450684e-01 2.626481652259826660e-01
5.965403318405151367e-01 5.677819848060607910e-01
8.038915991783142090e-01 7.659532129764556885e-02
6.470775604248046875e-01 8.801441788673400879e-01
4.379880428314208984e-01 5.022189021110534668e-01
4.336612224578857422e-01 5.541478991508483887e-01
5.806407928466796875e-01 2.054570801556110382e-02
2.241351306438446045e-01 4.455668628215789795e-01
7.378510832786560059e-01 9.348528385162353516e-01
9.995439648628234863e-01 4.773823320865631104e-01
7.935708016157150269e-02 9.340637326240539551e-01
9.942486286163330078e-01 4.297683537006378174e-01
3.025625646114349365e-01 6.882942467927932739e-02
9.786890149116516113e-01 2.334134727716445923e-01
9.272587895393371582e-01 3.459924161434173584e-01
7.070055603981018066e-01 9.691633582115173340e-01
6.498399972915649414e-01 6.265783905982971191e-01
3.677905797958374023e-01 4.187967479228973389e-01
9.123502969741821289e-01 4.640194177627563477e-01
4.424584805965423584e-01 5.780563354492187500e-01
3.798655867576599121e-01 6.194576025009155273e-01
8.490871191024780273e-01 8.674928545951843262e-01
6.956022381782531738e-01 7.727058231830596924e-02
7.641056180000305176e-02 4.496442079544067383e-01
6.015230417251586914e-01 5.421849489212036133e-01
3.137199282646179199e-01 2.695621252059936523e-01
4.229452013969421387e-01 3.917532265186309814e-01
6.624375581741333008e-01 6.328085660934448242e-01
8.695557117462158203e-01 6.095040589570999146e-02
6.879597157239913940e-02 1.672866791486740112e-01
5.002606511116027832e-01 5.052859783172607422e-01
4.139513075351715088e-01 8.721660375595092773e-01
4.037291109561920166e-01 9.320718050003051758e-01
8.537309244275093079e-03 3.953308165073394775e-01
9.180653691291809082e-01 7.238896489143371582e-01
6.920004487037658691e-01 5.499698221683502197e-02
2.927768230438232422e-01 7.367936372756958008e-01
7.235999703407287598e-01 4.561990872025489807e-02
1.077437847852706909e-01 3.128534182906150818e-02
7.312078475952148438e-01 1.453181505203247070e-01
6.737174987792968750e-01 5.607444047927856445e-01
6.377353072166442871e-01 2.640157043933868408e-01
3.599632382392883301e-01 2.966710329055786133e-01
1.490332931280136108e-01 4.583685398101806641e-01
1.501799970865249634e-01 5.967801809310913086e-01
3.957332372665405273e-01 8.516234755516052246e-01
4.217078685760498047e-01 2.425948381423950195e-01
7.143912315368652344e-01 8.468620777130126953e-01
2.361620068550109863e-01 2.683697044849395752e-01
2.902444824576377869e-02 3.141317367553710938e-01
3.768272101879119873e-01 5.224545001983642578e-01
4.764933139085769653e-02 3.994984328746795654e-01
4.021148979663848877e-01 5.853002071380615234e-01
6.719452738761901855e-01 1.924664974212646484e-01
8.085988759994506836e-01 3.828072249889373779e-01
5.533970594406127930e-01 9.935390353202819824e-01
6.696223616600036621e-01 2.228756397962570190e-01
5.026513934135437012e-01 4.136709496378898621e-02
4.115659371018409729e-02 8.138436675071716309e-01
3.638038337230682373e-01 7.740821242332458496e-01
5.832965373992919922e-01 3.206758797168731689e-01
9.435225129127502441e-01 1.660682857036590576e-01
2.402643412351608276e-01 3.646588027477264404e-01
7.866486310958862305e-01 5.119653344154357910e-01
3.553439080715179443e-01 4.688828885555267334e-01
3.997530639171600342e-01 2.263665944337844849e-01
5.956937670707702637e-01 5.317683219909667969e-01
3.943494334816932678e-02 2.909970581531524658e-01
7.731764912605285645e-01 9.220502376556396484e-01
7.885012030601501465e-01 4.937615394592285156e-01
8.437338471412658691e-01 6.645733118057250977e-01
2.323246151208877563e-01 4.162411391735076904e-01
8.313888311386108398e-01 9.720567464828491211e-01
8.319377899169921875e-01 5.211477279663085938e-01
9.549525976181030273e-01 6.959490776062011719e-01
1.874544918537139893e-01 1.851908117532730103e-01
5.274036526679992676e-01 7.352936267852783203e-01
3.424579203128814697e-01 3.806254267692565918e-01
6.422839760780334473e-01 1.387941241264343262e-01
3.713705539703369141e-01 2.075997292995452881e-01
4.389438629150390625e-01 5.024615526199340820e-01
4.328238964080810547e-01 8.172404766082763672e-01
6.730004549026489258e-01 8.629827499389648438e-01
5.543919205665588379e-01 7.258217334747314453e-01
9.272071123123168945e-01 7.913796603679656982e-02
6.553825736045837402e-01 4.627524316310882568e-01
2.341936528682708740e-01 3.449930846691131592e-01
1.632453650236129761e-01 9.621428251266479492e-01
8.837767243385314941e-01 3.419643044471740723e-01
2.079920321702957153e-01 1.260849821846932173e-04
5.206247568130493164e-01 4.492606222629547119e-01
8.216662406921386719e-01 3.490481972694396973e-01
6.129219532012939453e-01 8.866093754768371582e-01
3.650805056095123291e-01 7.249650359153747559e-01
6.896625161170959473e-01 1.243124306201934814e-01
6.746965646743774414e-01 4.595395326614379883e-01
1.026516184210777283e-01 6.373987793922424316e-01
4.886830747127532959e-01 9.322020411491394043e-01
4.367604851722717285e-01 3.184176087379455566e-01
6.779315471649169922e-01 3.434473276138305664e-01
5.712093710899353027e-01 1.033629179000854492e-01
8.589817583560943604e-02 4.074159562587738037e-01
8.803508877754211426e-01 6.512184441089630127e-02
9.237155318260192871e-01 8.083267807960510254e-01
4.474038258194923401e-02 8.492920398712158203e-01
6.041703224182128906e-01 4.160463511943817139e-01
4.166218340396881104e-01 3.187356591224670410e-01
6.638883948326110840e-01 8.379016518592834473e-01
3.168230354785919189e-01 2.270049154758453369e-01
9.513860940933227539e-01 9.006704390048980713e-02
9.407877922058105469e-01 8.849968910217285156e-01
5.586003065109252930e-01 3.955056369304656982e-01
8.116940259933471680e-01 9.616824388504028320e-01
2.863630056381225586e-01 6.723087430000305176e-01
3.963472843170166016e-01 8.636551499366760254e-01
5.223816633224487305e-01 3.130054175853729248e-01
7.415954470634460449e-01 1.952382624149322510e-01
7.485059499740600586e-01 1.549576520919799805e-01
2.379501461982727051e-01 9.025896787643432617e-01
3.898279508575797081e-03 1.525671184062957764e-01
8.455429673194885254e-01 2.709935903549194336e-01
5.477810744196176529e-03 6.634928286075592041e-02
4.222851619124412537e-02 6.917663812637329102e-01
1.788007766008377075e-01 9.642719030380249023e-01
7.937308549880981445e-01 9.894847869873046875e-01
5.792559981346130371e-01 9.221700429916381836e-01
6.392954587936401367e-01 2.597045600414276123e-01
4.176240563392639160e-01 9.269136786460876465e-01
5.100497007369995117e-01 9.071520566940307617e-01
5.129423141479492188e-01 7.083485126495361328e-01
1.103309020400047302e-01 7.274292111396789551e-01
4.501878321170806885e-01 7.468296885490417480e-01
6.357958316802978516e-01 8.396503925323486328e-01
6.531162261962890625e-01 9.857050776481628418e-01
2.822333276271820068e-01 7.763772606849670410e-01
1.921661198139190674e-01 3.139267861843109131e-01
8.803630471229553223e-01 8.342951536178588867e-01
4.870665967464447021e-01 2.543619573116302490e-01
4.205707013607025146e-01 3.230592608451843262e-01
4.295106530189514160e-01 6.443044543266296387e-01
3.529982268810272217e-01 6.296445727348327637e-01
5.949998497962951660e-01 5.113200545310974121e-01
7.159053683280944824e-01 6.841747760772705078e-01
9.010732173919677734e-01 2.152067422866821289e-01
2.622364163398742676e-01 2.284314036369323730e-01
1.001680865883827209e-01 8.926244974136352539e-01
7.954456806182861328e-01 4.296826422214508057e-01
6.828068196773529053e-02 1.555405557155609131e-01
2.398358732461929321e-01 7.539317607879638672e-01
3.418421447277069092e-01 8.302341401576995850e-02
2.406958192586898804e-01 4.072551131248474121e-01
7.542502284049987793e-01 2.629876732826232910e-01
9.320587515830993652e-01 7.518141865730285645e-01
3.163068592548370361e-01 5.502767562866210938e-01
2.767480015754699707e-01 7.597698271274566650e-02
7.363264262676239014e-02 4.480344653129577637e-01
9.693492650985717773e-01 6.676301360130310059e-01
5.067255496978759766e-01 1.926861554384231567e-01
3.274243772029876709e-01 1.047878488898277283e-01
5.638522282242774963e-02 1.558004617691040039e-01
1.369824856519699097e-01 5.336840152740478516e-01
8.981857895851135254e-01 3.159006237983703613e-01
3.884909674525260925e-03 4.916458725929260254e-01
9.364123344421386719e-01 7.554781436920166016e-01
4.804653525352478027e-01 9.299392700195312500e-01
5.452367663383483887e-01 7.423740625381469727e-01
8.933118581771850586e-01 4.862733185291290283e-01
7.820204831659793854e-03 9.748005867004394531e-02
7.811036109924316406e-01 2.525928020477294922e-01
8.967245817184448242e-01 7.535495162010192871e-01
5.489839315414428711e-01 1.942057460546493530e-01
1.450025439262390137e-01 9.096598029136657715e-01
4.240369796752929688e-01 5.318664908409118652e-01
3.378866314888000488e-01 3.816446959972381592e-01
1.768371164798736572e-01 8.802502155303955078e-01
7.610322535037994385e-02 2.585296928882598877e-01
9.241086244583129883e-01 2.974945902824401855e-01
3.427573442459106445e-01 1.518052518367767334e-01
4.016157612204551697e-02 6.838835477828979492e-01
7.815580964088439941e-01 1.374400109052658081e-01
6.302834749221801758e-01 6.569656729698181152e-02
2.653458714485168457e-01 9.141755700111389160e-01
2.416562288999557495e-01 5.185258984565734863e-01
3.241097927093505859e-01 3.641496598720550537e-01
1.478873938322067261e-01 5.671225488185882568e-02
7.559219002723693848e-01 2.760293781757354736e-01
4.417741894721984863e-01 2.786175012588500977e-01
2.281985729932785034e-01 2.885479032993316650e-01
8.634074926376342773e-01 3.143196702003479004e-01
3.402338624000549316e-01 5.346220135688781738e-01
6.404923647642135620e-02 2.151850610971450806e-01
9.306546300649642944e-02 3.766312599182128906e-01
4.255325198173522949e-01 6.064527034759521484e-01
8.838797211647033691e-01 9.529642462730407715e-01
2.705423235893249512e-01 1.844640225172042847e-01
3.244636952877044678e-01 2.949917018413543701e-01
1.720234751701354980e-02 7.477280497550964355e-02
5.403910875320434570e-01 7.622656226158142090e-02
9.060814976692199707e-01 6.816951036453247070e-01
9.838414788246154785e-01 3.162134885787963867e-01
7.019712924957275391e-01 4.269467592239379883e-01
7.515631914138793945e-01 4.480136036872863770e-01
7.389678359031677246e-01 2.412657439708709717e-01
4.606270492076873779e-01 3.423527479171752930e-01
6.011822223663330078e-01 2.024011164903640747e-01
8.771547675132751465e-01 2.110024988651275635e-01
6.389997601509094238e-01 2.163921147584915161e-01
3.421174883842468262e-01 6.098166704177856445e-01
4.725051522254943848e-01 2.105450928211212158e-01
8.019781708717346191e-01 9.751526266336441040e-02
2.241863608360290527e-01 4.544450640678405762e-01
6.593016386032104492e-01 2.561613321304321289e-01
6.105300188064575195e-01 4.029238522052764893e-01
9.456235766410827637e-01 7.872264385223388672e-01
2.001221328973770142e-01 9.029102325439453125e-01
8.544865846633911133e-01 7.330033183097839355e-01
2.541990280151367188e-01 1.052743010222911835e-02
1.316610574722290039e-01 1.762265115976333618e-01
9.590473175048828125e-01 8.696256205439567566e-03
7.255789041519165039e-01 5.124858617782592773e-01
4.760250151157379150e-01 4.276336431503295898e-01
2.256038933992385864e-01 1.740045659244060516e-02
5.544282793998718262e-01 5.335413813591003418e-01
3.587197065353393555e-01 7.904376089572906494e-02
8.011630177497863770e-01 4.043847024440765381e-01
6.908374428749084473e-01 4.272977411746978760e-01
9.163455963134765625e-01 1.530063897371292114e-01
1.260973960161209106e-01 9.858126640319824219e-01
1.566225588321685791e-01 2.541854679584503174e-01
6.516820937395095825e-02 4.952445998787879944e-02
8.023787736892700195e-01 3.512394726276397705e-01
6.291687488555908203e-01 6.283690929412841797e-01
1.095401048660278320e-01 2.805142700672149658e-01
3.178943693637847900e-01 1.548806279897689819e-01
9.125856757164001465e-01 5.486021041870117188e-01
8.225398659706115723e-01 5.968728661537170410e-01
2.025929391384124756e-01 2.888202071189880371e-01
9.863455891609191895e-01 7.757430672645568848e-01
5.854381918907165527e-01 5.866730213165283203e-01
3.481575250625610352e-01 4.864980876445770264e-01
4.650339484214782715e-02 9.110072255134582520e-01
8.664866089820861816e-01 7.189594507217407227e-01
4.061483144760131836e-01 4.364036917686462402e-01
2.720159292221069336e-01 4.959110319614410400e-01
3.027510046958923340e-01 3.438667654991149902e-01
2.188901752233505249e-01 7.396569252014160156e-01
7.891228795051574707e-01 8.391139507293701172e-01
2.407971173524856567e-01 8.292706608772277832e-01
6.076793074607849121e-01 3.294105529785156250e-01
6.486000418663024902e-01 9.371823668479919434e-01
8.371309638023376465e-01 6.667068600654602051e-01
3.720001876354217529e-01 3.740239143371582031e-01
7.330245971679687500e-01 8.919105529785156250e-01
4.479336142539978027e-01 1.158740743994712830e-01
5.371555685997009277e-01 6.037692427635192871e-01
9.149807691574096680e-01 6.896989047527313232e-02
4.355669617652893066e-01 7.619989514350891113e-01
7.837877273559570312e-01 3.664157986640930176e-01
5.474066734313964844e-01 8.121799230575561523e-01
2.359312027692794800e-03 7.725732773542404175e-02
5.087119936943054199e-01 2.159420847892761230e-01
5.785682052373886108e-02 6.415731310844421387e-01
7.478711009025573730e-01 4.432592391967773438e-01
9.640993475914001465e-01 1.667572259902954102e-01
8.749188780784606934e-01 6.967300772666931152e-01
2.723100781440734863e-01 2.582149952650070190e-02
2.238491326570510864e-01 3.636305630207061768e-01
9.981882572174072266e-01 7.380914688110351562e-01
1.719481199979782104e-01 3.707031905651092529e-01
3.527269363403320312e-01 5.788613557815551758e-01
6.785069704055786133e-01 8.499409556388854980e-01
6.476110816001892090e-01 2.545271515846252441e-01
4.293543398380279541e-01 1.520830243825912476e-01
8.497906923294067383e-01 4.987732693552970886e-02
8.530526161193847656e-01 4.217935502529144287e-01
4.600771665573120117e-01 8.214882612228393555e-01
8.763628453016281128e-02 7.389900684356689453e-01
2.362429946660995483e-01 6.408112645149230957e-01
2.372547984123229980e-02 5.658034682273864746e-01
5.538962483406066895e-01 2.550416626036167145e-02
6.086664199829101562e-01 2.689574360847473145e-01
1.916842460632324219e-01 3.849663436412811279e-01
9.991246461868286133e-01 5.891477465629577637e-01
9.967160224914550781e-01 7.727196812629699707e-01
7.169753313064575195e-02 1.202683057636022568e-02
5.944527983665466309e-01 1.399621069431304932e-01
3.677923381328582764e-01 2.296705543994903564e-01
2.539177238941192627e-01 3.486553132534027100e-01
5.295822620391845703e-01 1.666323393583297729e-01
7.845919728279113770e-01 6.437749266624450684e-01
3.111311793327331543e-01 2.255640476942062378e-01
6.516969949007034302e-02 8.439463973045349121e-01
6.094847917556762695e-01 2.131153596565127373e-03
9.097853302955627441e-01 6.828094273805618286e-02
7.316088676452636719e-01 2.111031264066696167e-01
8.691787123680114746e-01 7.912433147430419922e-01
6.779527068138122559e-01 1.625642627477645874e-01
2.822977006435394287e-01 1.334899663925170898e-01
6.504473090171813965e-01 8.349636197090148926e-01
7.198225706815719604e-02 1.895320713520050049e-01
1.254148036241531372e-01 2.664004452526569366e-02
1.417895853519439697e-01 6.153902411460876465e-01
9.129680991172790527e-01 4.879076965153217316e-03
6.743146181106567383e-01 5.997428894042968750e-01
1.632301211357116699e-01 5.040131807327270508e-01
2.341197133064270020e-01 6.886034607887268066e-01
8.560861647129058838e-02 1.687678098678588867e-01
8.269667625427246094e-01 9.297566413879394531e-01
8.996366858482360840e-01 1.438660640269517899e-02
3.978758156299591064e-01 2.082840949296951294e-01
5.795807242393493652e-01 1.817082911729812622e-01
3.592012226581573486e-01 2.733347713947296143e-01
7.546967267990112305e-01 1.134642362594604492e-01
3.097642362117767334e-01 1.819989383220672607e-01
4.250069335103034973e-02 3.470573127269744873e-01
7.575100064277648926e-01 2.952858209609985352e-01
8.549972176551818848e-01 4.435038268566131592e-01
3.371411561965942383e-01 3.028146922588348389e-01
2.152049988508224487e-01 8.729090690612792969e-01
4.477106928825378418e-01 7.960972785949707031e-01
5.245789885520935059e-01 5.456737801432609558e-02
8.411418199539184570e-01 2.255661040544509888e-02
8.760467171669006348e-01 8.264718651771545410e-01
8.277102112770080566e-01 5.495499372482299805e-01
4.057383537292480469e-01 8.737016916275024414e-01
3.500645458698272705e-01 6.626573801040649414e-01
1.821105182170867920e-01 4.018331468105316162e-01
4.694844484329223633e-01 9.743043184280395508e-01
9.716499447822570801e-01 5.043442249298095703e-01
1.218087151646614075e-01 6.323211193084716797e-01
5.122591257095336914e-01 6.179175972938537598e-01
6.862030625343322754e-01 1.486470252275466919e-01
5.443209409713745117e-01 4.974357187747955322e-01
9.024324417114257812e-01 1.016420796513557434e-01
5.159738659858703613e-01 7.611772418022155762e-02
7.857930660247802734e-02 4.298996627330780029e-01
4.231706634163856506e-02 1.667481213808059692e-01
4.216012060642242432e-01 5.474471449851989746e-01
9.126653075218200684e-01 3.168185353279113770e-01
1.457035094499588013e-01 4.445778131484985352e-01
1.393578201532363892e-01 2.960921525955200195e-01
5.854542255401611328e-01 9.679214358329772949e-01
7.623222470283508301e-01 7.801421880722045898e-01
3.888000547885894775e-01 3.547965288162231445e-01
6.517051160335540771e-02 5.553811788558959961e-01
7.145718932151794434e-01 4.291005134582519531e-01
8.430604338645935059e-01 9.657137989997863770e-01
5.051828026771545410e-01 9.913738965988159180e-01
1.807335019111633301e-01 1.747973263263702393e-01
6.780498027801513672e-01 9.560059406794607639e-04
1.688901036977767944e-01 5.938993096351623535e-01
4.718159437179565430e-01 6.316762566566467285e-01
3.782997429370880127e-01 1.514151226729154587e-02
7.394028902053833008e-01 6.323348283767700195e-01
2.169684022665023804e-01 4.848712682723999023e-01
4.132798612117767334e-01 4.123847186565399170e-01
7.022327184677124023e-01 1.223397925496101379e-01
2.586272358894348145e-01 7.056629657745361328e-01
4.413669705390930176e-01 5.798009037971496582e-01
6.527020931243896484e-01 4.934770762920379639e-01
4.032141566276550293e-01 4.283166527748107910e-01
7.431245446205139160e-01 8.276888728141784668e-01
1.652081310749053955e-01 9.392104148864746094e-01
2.844132483005523682e-01 7.792336940765380859e-01
4.672447443008422852e-01 9.023710489273071289e-01
5.380129218101501465e-01 6.605635881423950195e-01
2.210241109132766724e-01 6.849699020385742188e-01
8.686628341674804688e-01 4.594307839870452881e-01
2.346507459878921509e-01 1.059635579586029053e-01
2.681593298912048340e-01 9.547023177146911621e-01
3.744320420082658529e-04 6.829404830932617188e-01
5.603413283824920654e-02 7.150040268898010254e-01
9.420022368431091309e-01 1.662444770336151123e-01
1.948527805507183075e-02 4.836066961288452148e-01
1.802961528301239014e-01 5.584135651588439941e-01
9.839970469474792480e-01 1.709614545106887817e-01
4.939196407794952393e-01 5.665808320045471191e-01
3.066003918647766113e-01 4.768212735652923584e-01
9.308227300643920898e-01 1.068002656102180481e-01
7.991725802421569824e-01 9.810962677001953125e-01
6.493191421031951904e-02 4.073891639709472656e-01
2.940521538257598877e-01 7.185894250869750977e-01
4.939105212688446045e-01 6.424340009689331055e-01
5.121908187866210938e-01 3.117113709449768066e-01
1.796977221965789795e-01 5.258631706237792969e-01
5.434024930000305176e-01 3.669346570968627930e-01
7.812245488166809082e-01 8.015917986631393433e-02
9.459590315818786621e-01 3.299791216850280762e-01
8.804866075515747070e-01 2.974884770810604095e-02
2.677369713783264160e-01 1.731655001640319824e-01
5.904349684715270996e-02 3.399524092674255371e-01
1.071162745356559753e-01 6.365178823471069336e-01
3.078831434249877930e-01 2.671574056148529053e-01
9.257367849349975586e-01 9.472044706344604492e-01
7.869921922683715820e-01 2.580325305461883545e-01
1.887497752904891968e-01 6.586399078369140625e-01
4.228159487247467041e-01 8.458913564682006836e-01
9.524317979812622070e-01 4.141823649406433105e-01
7.891563177108764648e-01 1.730563789606094360e-01
5.248966813087463379e-01 9.602085947990417480e-01
9.524267911911010742e-01 6.932991743087768555e-01
8.833827376365661621e-01 4.410697817802429199e-01
3.717262744903564453e-01 8.335318565368652344e-01
9.702618718147277832e-01 2.962726354598999023e-01
7.240434288978576660e-01 4.816235974431037903e-02
5.849860906600952148e-01 6.039918661117553711e-01
2.137383371591567993e-01 4.074639379978179932e-01
5.620183348655700684e-01 5.739353895187377930e-01
6.892640888690948486e-02 6.313107013702392578e-01
2.526044845581054688e-01 8.374885320663452148e-01
4.216804206371307373e-01 9.449797868728637695e-01
8.782775402069091797e-01 4.460701644420623779e-01
7.927111387252807617e-01 8.608475327491760254e-01
4.964797198772430420e-01 5.048598647117614746e-01
5.928288102149963379e-01 1.022810563445091248e-01
4.246393740177154541e-01 8.753890991210937500e-01
4.542819261550903320e-01 8.407136201858520508e-01
2.439233213663101196e-01 4.097070693969726562e-01
4.634802937507629395e-01 2.426807135343551636e-01
3.587301671504974365e-01 2.733612656593322754e-01
4.264782369136810303e-01 7.426025867462158203e-01
3.238298892974853516e-01 4.824133515357971191e-01
3.426218628883361816e-01 4.699931740760803223e-01
9.272952079772949219e-01 9.984930157661437988e-01
7.175328731536865234e-01 6.409361958503723145e-01
6.619567275047302246e-01 1.630073189735412598e-01
1.146538881585001945e-03 8.860349059104919434e-01
5.141066014766693115e-02 7.995617985725402832e-01
2.852956354618072510e-01 3.740426301956176758e-01
8.359295725822448730e-01 3.815266191959381104e-01
4.266014993190765381e-01 4.590618610382080078e-01
4.884817600250244141e-01 4.867022484540939331e-02
1.445443630218505859e-01 4.365291893482208252e-01
2.870869636535644531e-01 2.230325154960155487e-02
8.200466632843017578e-01 7.728320956230163574e-01
4.064228534698486328e-01 2.178669720888137817e-01
7.270888090133666992e-01 5.397449731826782227e-01
5.830430984497070312e-02 1.447346508502960205e-01
2.753190100193023682e-01 2.230442166328430176e-01
6.180514693260192871e-01 4.333861172199249268e-01
6.221744418144226074e-01 8.782957196235656738e-01
2.797358036041259766e-01 4.253748357295989990e-01
6.596181988716125488e-01 8.323900103569030762e-01
2.384835183620452881e-01 8.473082184791564941e-01
2.552133798599243164e-01 1.683434098958969116e-01
4.087014496326446533e-01 8.010085225105285645e-01
8.929833769798278809e-02 6.339799612760543823e-02
9.507157653570175171e-02 5.067788958549499512e-01
4.071025848388671875e-01 1.635835021734237671e-01
7.725445032119750977e-01 9.260193705558776855e-01
6.596574783325195312e-01 3.079711496829986572e-01
9.190073013305664062e-01 8.756422437727451324e-03
2.034740298986434937e-01 4.757097363471984863e-01
1.291144825518131256e-02 8.096797466278076172e-01
6.617612242698669434e-01 2.657012939453125000e-01
2.167214900255203247e-01 3.777346014976501465e-01
7.886275053024291992e-01 4.765222966670989990e-02
4.364572763442993164e-01 8.021495342254638672e-01
2.300178259611129761e-02 9.048886299133300781e-01
1.612462848424911499e-01 3.308177888393402100e-01
4.566372931003570557e-01 7.094647288322448730e-01
8.357223868370056152e-01 4.625870883464813232e-01
8.519040346145629883e-01 2.658834457397460938e-01
8.598674535751342773e-01 5.633476749062538147e-02
2.610025703907012939e-01 1.578608155250549316e-01
3.737373054027557373e-01 6.408733129501342773e-01
2.367212623357772827e-01 5.948807597160339355e-01
7.398269176483154297e-01 7.540732622146606445e-02
9.427815675735473633e-01 2.894311212003231049e-02
9.671224951744079590e-01 4.028979539871215820e-01
6.529217362403869629e-01 1.184242814779281616e-01
9.271362423896789551e-01 7.558521628379821777e-01
2.059094235301017761e-02 1.924338489770889282e-01
1.271958649158477783e-01 7.011873275041580200e-02
8.640136718750000000e-01 3.112788796424865723e-01
5.155178308486938477e-01 7.897851467132568359e-01
4.297294020652770996e-01 6.133571267127990723e-01
6.655538082122802734e-01 9.409881830215454102e-01
5.639036893844604492e-01 2.249475568532943726e-01
2.218141555786132812e-01 3.242871910333633423e-02
9.519507884979248047e-01 6.402339786291122437e-03
4.026504755020141602e-01 2.985270917415618896e-01
3.097276762127876282e-02 7.364069819450378418e-01
3.101543784141540527e-01 2.655672132968902588e-01
1.461359709501266479e-01 8.954630792140960693e-02
2.250937521457672119e-01 7.014937996864318848e-01
3.333452939987182617e-01 3.829687237739562988e-01
1.451805680990219116e-01 5.901870131492614746e-02
7.715759873390197754e-01 6.192412376403808594e-01
2.354741692543029785e-01 4.773220419883728027e-01
4.606859385967254639e-01 3.565372824668884277e-01
4.182105660438537598e-01 4.409012794494628906e-01
7.916727066040039062e-01 6.130661442875862122e-02
3.493441343307495117e-01 4.481812566518783569e-02
8.040272593498229980e-01 3.448292911052703857e-01
8.901898264884948730e-01 3.242560923099517822e-01
3.548142313957214355e-01 1.886165440082550049e-01
1.448091417551040649e-01 8.791143894195556641e-01
5.895603299140930176e-01 7.696117162704467773e-01
6.438813209533691406e-01 4.310004711151123047e-01
3.106308579444885254e-01 6.747222542762756348e-01
8.658018708229064941e-01 1.474716328084468842e-02
7.221598178148269653e-02 9.007807970046997070e-01
7.494983077049255371e-01 4.605170488357543945e-01
6.136137843132019043e-01 5.282744765281677246e-01
6.328496932983398438e-01 3.819347918033599854e-01
2.632745206356048584e-01 9.772295951843261719e-01
2.108691483736038208e-01 6.435550749301910400e-02
8.595857620239257812e-01 9.874069094657897949e-01
3.692499101161956787e-01 1.582280248403549194e-01
3.285739719867706299e-01 3.133891820907592773e-01
5.439869761466979980e-01 2.222874015569686890e-01
7.757380604743957520e-01 9.362032413482666016e-01
9.413114935159683228e-02 7.987490296363830566e-01
3.307754695415496826e-01 9.087603539228439331e-02
3.858709633350372314e-01 3.320670723915100098e-01
3.878616988658905029e-01 4.553756713867187500e-01
8.292626142501831055e-01 3.895473182201385498e-01
2.159491330385208130e-01 3.267337977886199951e-01
1.540054380893707275e-01 2.385305315256118774e-01
9.164881110191345215e-01 3.758036196231842041e-01
2.051343172788619995e-01 3.866726160049438477e-01
7.263045012950897217e-02 6.415221095085144043e-01
2.375589013099670410e-01 7.426609992980957031e-01
6.182227134704589844e-01 1.732267588376998901e-01
5.474779605865478516e-01 4.515529274940490723e-01
2.141730040311813354e-01 5.533903837203979492e-01
9.658697247505187988e-01 4.934518933296203613e-01
6.029276922345161438e-02 2.493905834853649139e-02
8.116984739899635315e-03 2.092738747596740723e-01
9.817506670951843262e-01 2.665323019027709961e-01
9.602803587913513184e-01 3.579028844833374023e-01
8.358451128005981445e-01 9.048024415969848633e-01
6.677550077438354492e-01 9.050855785608291626e-02
3.868263587355613708e-02 7.874583005905151367e-01
5.987222194671630859e-01 6.196436285972595215e-01
3.512471616268157959e-01 6.804876923561096191e-01
6.055186036974191666e-03 3.368608951568603516e-01
1.581930071115493774e-01 4.107003211975097656e-01
7.259617447853088379e-01 8.633256554603576660e-01
8.299046158790588379e-01 1.638363450765609741e-01
2.053269743919372559e-01 4.486605823040008545e-01
7.423689365386962891e-01 5.675205588340759277e-01
4.717974066734313965e-01 6.751309037208557129e-01
7.678868770599365234e-01 6.538148522377014160e-01
1.028862372040748596e-01 8.547675013542175293e-01
7.210851311683654785e-01 5.214858055114746094e-01
1.585460007190704346e-01 1.934669911861419678e-01
1.253839284181594849e-01 5.538567900657653809e-01
7.005784511566162109e-01 2.269291281700134277e-01
2.343387454748153687e-01 6.377537250518798828e-01
6.805600523948669434e-01 9.743779897689819336e-01
8.643481135368347168e-01 3.318811655044555664e-01
3.911130130290985107e-01 8.862625956535339355e-01
4.189747571945190430e-01 3.374457955360412598e-01
8.440275192260742188e-01 9.619570374488830566e-01
3.695096373558044434e-01 1.907269805669784546e-01
8.765737414360046387e-01 9.043425321578979492e-02
1.105972379446029663e-01 7.666003704071044922e-01
4.232999682426452637e-01 3.154358267784118652e-01
3.631789982318878174e-01 3.609515726566314697e-01
8.126209378242492676e-01 1.576296836137771606e-01
5.757532715797424316e-01 2.370672672986984253e-01
2.413199841976165771e-01 6.247171163558959961e-01
3.649384379386901855e-01 1.790439188480377197e-01
7.696153521537780762e-01 9.858073592185974121e-01
1.505665779113769531e-01 7.078023552894592285e-01
5.252074003219604492e-01 8.353821635246276855e-01
2.663516998291015625e-01 5.201869010925292969e-01
8.937320113182067871e-01 5.144305899739265442e-02
1.730389595031738281e-01 1.912001818418502808e-01
3.582488596439361572e-01 9.032378196716308594e-01
1.773799359798431396e-01 7.537207603454589844e-01
1.603085845708847046e-01 4.203291833400726318e-01
8.856272101402282715e-01 4.497341811656951904e-01
4.523253738880157471e-01 5.365738868713378906e-01
7.453141212463378906e-01 9.505369067192077637e-01
3.239696025848388672e-01 1.651719212532043457e-01
7.794005274772644043e-01 1.936258524656295776e-01
7.151020765304565430e-01 6.300472021102905273e-01
9.437647461891174316e-01 2.332480549812316895e-01
3.498954772949218750e-01 8.369669318199157715e-01
9.614831209182739258e-01 2.478365302085876465e-01
9.476376175880432129e-01 8.547083735466003418e-01
9.407111406326293945e-01 7.203668355941772461e-02
8.481260538101196289e-01 1.648223251104354858e-01
8.128826022148132324e-01 1.399105340242385864e-01
6.260176897048950195e-01 5.526192188262939453e-01
3.103128820657730103e-02 1.703781336545944214e-01
7.709745764732360840e-01 7.427732944488525391e-01
3.578267097473144531e-01 7.985530793666839600e-02
1.814848333597183228e-01 2.595803141593933105e-01
3.724037110805511475e-01 7.388837933540344238e-01
5.551638603210449219e-01 5.833839625120162964e-02
7.484334707260131836e-01 1.647695451974868774e-01
4.232752695679664612e-02 8.132735490798950195e-01
3.654648065567016602e-01 6.229875683784484863e-01
8.693632483482360840e-01 7.130051851272583008e-01
7.708425819873809814e-02 7.846987843513488770e-01
1.929040253162384033e-01 5.381436347961425781e-01
2.626142501831054688e-01 8.203144669532775879e-01
8.169793486595153809e-01 8.754069805145263672e-01
6.917823851108551025e-02 8.646978139877319336e-01
5.578950643539428711e-01 4.489907920360565186e-01
3.098703920841217041e-01 2.380229532718658447e-01
7.741166353225708008e-01 5.492752790451049805e-01
4.244590401649475098e-01 5.464431047439575195e-01
6.930280327796936035e-01 7.102305293083190918e-01
5.176400542259216309e-01 8.764594793319702148e-01
1.327830106019973755e-01 4.835637807846069336e-01
3.068644702434539795e-01 6.427791118621826172e-01
6.054522395133972168e-01 9.876077771186828613e-01
1.047082617878913879e-01 9.866046309471130371e-01
4.301104322075843811e-02 5.099823474884033203e-01
5.224235653877258301e-01 4.023506045341491699e-01
9.431927204132080078e-01 8.999512195587158203e-01
1.951185911893844604e-01 9.129135608673095703e-01
4.664197862148284912e-01 6.685714721679687500e-01
6.040017604827880859e-01 2.517135143280029297e-01
4.345077276229858398e-01 7.996859550476074219e-01
6.765613555908203125e-01 2.069738507270812988e-02
3.606419265270233154e-01 6.670619249343872070e-01
7.462833523750305176e-01 9.889082908630371094e-01
8.282528519630432129e-01 2.947230637073516846e-01
3.156122863292694092e-01 1.107311993837356567e-01
7.954642772674560547e-01 6.106225848197937012e-01
3.497173786163330078e-01 8.564462065696716309e-01
8.944574743509292603e-02 8.316974043846130371e-01
6.976214647293090820e-01 8.542773872613906860e-02
6.446391344070434570e-01 9.768344163894653320e-01
2.793270051479339600e-01 3.499117791652679443e-01
4.837661087512969971e-01 9.407400488853454590e-01
2.450698763132095337e-01 6.064050793647766113e-01
3.367358446121215820e-01 6.310046315193176270e-01
6.519216299057006836e-01 7.759566307067871094e-01
1.920754611492156982e-01 9.310037642717361450e-02
3.498839139938354492e-01 1.727519780397415161e-01
7.830325961112976074e-01 3.720856085419654846e-02
8.668982386589050293e-01 2.489723712205886841e-01
4.300772249698638916e-01 2.815531194210052490e-01
2.912445962429046631e-01 2.879620790481567383e-01
1.592512279748916626e-01 4.783867001533508301e-01
4.037599563598632812e-01 3.303512930870056152e-01
2.159743756055831909e-01 1.896652728319168091e-01
8.706094026565551758e-01 3.187428712844848633e-01
6.882138252258300781e-01 8.601398468017578125e-01
3.260207772254943848e-01 3.525936901569366455e-01
5.493220090866088867e-01 1.001279726624488831e-01
7.154397368431091309e-01 1.313061118125915527e-01
9.950622916221618652e-01 3.168831467628479004e-01
9.827622175216674805e-01 3.247903287410736084e-01
5.637765526771545410e-01 5.485348105430603027e-01
7.781373858451843262e-01 6.492620706558227539e-01
1.480329334735870361e-01 4.402170889079570770e-03
3.219234049320220947e-01 6.867558956146240234e-01
4.519103467464447021e-01 2.077304273843765259e-01
9.340519905090332031e-01 1.929089725017547607e-01
2.396949678659439087e-01 1.962629407644271851e-01
1.285152584314346313e-01 1.298068463802337646e-01
5.367043018341064453e-01 4.031417965888977051e-01
4.616192877292633057e-01 3.788626194000244141e-01
7.728634476661682129e-01 8.532220721244812012e-01
6.478483080863952637e-01 9.185770750045776367e-01
8.755629658699035645e-01 2.499351203441619873e-01
4.708857834339141846e-01 6.645972728729248047e-01
3.233044594526290894e-02 2.517339289188385010e-01
2.308434396982192993e-01 3.075029551982879639e-01
7.479245662689208984e-01 2.086788117885589600e-01
2.718778327107429504e-02 5.458676815032958984e-01
6.766877174377441406e-01 6.546788215637207031e-01
4.183832108974456787e-01 3.461129665374755859e-01
8.397342562675476074e-01 2.174224555492401123e-01
3.670221567153930664e-01 4.766684770584106445e-01
5.904989242553710938e-01 3.266122341156005859e-01
4.633557200431823730e-01 5.810790061950683594e-01
2.451347410678863525e-01 1.975064426660537720e-01
8.361696600914001465e-01 7.219969760626554489e-03
2.067808359861373901e-01 2.332320809364318848e-01
7.971201539039611816e-01 9.871042966842651367e-01
5.211291313171386719e-01 6.496933698654174805e-01
5.298659205436706543e-01 6.068640947341918945e-01
7.015026807785034180e-01 1.131207048892974854e-01
1.542112976312637329e-01 5.660086870193481445e-01
5.929208993911743164e-01 5.633514523506164551e-01
4.361107945442199707e-01 1.424482464790344238e-01
4.567593038082122803e-01 8.966235518455505371e-01
9.843038916587829590e-01 9.484247565269470215e-01
1.254828572273254395e-01 3.395574688911437988e-01
1.779547482728958130e-01 1.457648277282714844e-01
2.599812299013137817e-02 5.139520764350891113e-01
6.100631952285766602e-01 3.683380782604217529e-01
4.869692772626876831e-02 7.483462691307067871e-01
6.573832780122756958e-02 4.921378567814826965e-02
6.442472338676452637e-01 2.004833668470382690e-01
7.174327373504638672e-01 3.687838837504386902e-02
8.197935223579406738e-01 5.880697369575500488e-01
7.695210576057434082e-01 3.718059062957763672e-01
7.169317603111267090e-01 9.881773591041564941e-01
6.467217206954956055e-01 2.155769169330596924e-01
7.665227353572845459e-02 6.854565143585205078e-01
7.002941966056823730e-01 5.751339197158813477e-01
5.213523507118225098e-01 6.137932538986206055e-01
3.684968054294586182e-01 5.169492959976196289e-01
3.319914638996124268e-01 9.985684156417846680e-01
2.623023688793182373e-01 6.136794090270996094e-01
9.684891700744628906e-01 4.783147871494293213e-01
4.574634432792663574e-01 6.587830185890197754e-01
6.935458779335021973e-01 7.546439021825790405e-02
6.192563176155090332e-01 9.794758558273315430e-01
7.107561230659484863e-01 2.089972943067550659e-01
2.177013009786605835e-01 9.747065305709838867e-01
3.847891390323638916e-01 2.505675256252288818e-01
4.198316335678100586e-01 4.709018766880035400e-01
3.518449068069458008e-01 7.282043695449829102e-01
1.722333766520023346e-02 5.465781092643737793e-01
1.389676630496978760e-01 6.298396587371826172e-01
8.783012628555297852e-01 7.217423915863037109e-01
7.480854988098144531e-01 5.340628027915954590e-01
3.682121932506561279e-01 2.627067267894744873e-02
1.111244484782218933e-01 1.790359802544116974e-02
8.774853348731994629e-01 6.564158201217651367e-01
6.424936056137084961e-01 1.866955496370792389e-02
7.476474046707153320e-01 1.082441583275794983e-01
4.763427674770355225e-01 4.510220885276794434e-01
8.268262743949890137e-01 3.515610396862030029e-01
6.335515379905700684e-01 9.446958899497985840e-01
3.641040027141571045e-01 5.430144071578979492e-01
5.898976922035217285e-01 9.405225515365600586e-01
8.958101868629455566e-01 9.656323194503784180e-01
3.281229361891746521e-02 4.185845851898193359e-01
9.147430658340454102e-01 8.622251749038696289e-01
7.455309387296438217e-03 6.349684000015258789e-01
6.591246724128723145e-01 6.727059483528137207e-01
6.051243543624877930e-01 2.976796627044677734e-01
6.364567875862121582e-01 6.329503059387207031e-01
7.870319485664367676e-01 5.159167051315307617e-01
6.534990668296813965e-01 1.808690577745437622e-01
3.024815917015075684e-01 8.487425446510314941e-01
5.309870243072509766e-01 7.222175002098083496e-01
7.755935788154602051e-01 9.180855154991149902e-01
1.072971373796463013e-01 7.097647190093994141e-01
5.475181937217712402e-01 8.992208838462829590e-01
6.646594405174255371e-02 3.309773206710815430e-01
4.687823951244354248e-01 6.565986573696136475e-02
8.123621344566345215e-01 3.025172054767608643e-01
8.433281183242797852e-01 2.544507384300231934e-01
7.625129073858261108e-02 7.437880635261535645e-01
3.488954305648803711e-01 8.476279973983764648e-01
2.165444344282150269e-01 5.172054767608642578e-01
9.068113565444946289e-01 8.725115060806274414e-01
8.357084989547729492e-01 8.198699355125427246e-02
8.539838194847106934e-01 1.184162050485610962e-01
7.832416892051696777e-01 8.443904519081115723e-01
8.582313358783721924e-02 4.191323816776275635e-01
8.108662366867065430e-01 2.619977593421936035e-01
4.513528943061828613e-01 3.941562771797180176e-01
3.682130277156829834e-01 4.327382147312164307e-01
7.053806781768798828e-01 8.296552896499633789e-01
5.889958515763282776e-02 1.690722405910491943e-01
6.845813393592834473e-01 4.816951751708984375e-01
9.382052421569824219e-01 9.763291478157043457e-01
1.185569614171981812e-01 3.045630156993865967e-01
4.082776606082916260e-01 1.965122073888778687e-01
9.349105358123779297e-01 2.493269443511962891e-01
1.858290433883666992e-01 5.375896692276000977e-01
6.951904892921447754e-01 1.227256581187248230e-01
7.259360551834106445e-01 9.990438818931579590e-01
3.672620058059692383e-01 9.360319375991821289e-01
