1.622592806816101074e-01 9.683007001876831055e-01
4.128724709153175354e-02 8.889670968055725098e-01
2.152275890111923218e-01 5.258039236068725586e-01
9.329460859298706055e-01 6.726812720298767090e-01
3.382516801357269287e-01 6.140215992927551270e-01
1.678183488547801971e-02 9.915974140167236328e-01
4.537611305713653564e-01 7.893527299165725708e-02
2.081296443939208984e-01 1.708094626665115356e-01
5.288322567939758301e-01 5.832009911537170410e-01
4.930661320686340332e-01 9.130731821060180664e-01
9.982656240463256836e-01 7.348356246948242188e-01
5.515941977500915527e-01 4.622358381748199463e-01
8.702996373176574707e-01 4.406306892633438110e-02
6.658341884613037109e-01 3.155303746461868286e-02
1.346413493156433105e-01 9.492006152868270874e-02
1.153901964426040649e-01 6.986416578292846680e-01
7.298099398612976074e-01 4.389910399913787842e-02
6.934893131256103516e-01 8.838829398155212402e-01
1.907634437084197998e-01 2.648079693317413330e-01
3.523801863193511963e-01 7.518123388290405273e-01
5.771106481552124023e-01 8.639886975288391113e-01
7.710758447647094727e-01 8.636237978935241699e-01
8.042158484458923340e-01 8.078262954950332642e-02
8.428330421447753906e-01 9.714497327804565430e-01
4.486746191978454590e-01 2.568212449550628662e-01
5.752184987068176270e-01 3.730615377426147461e-01
2.547535002231597900e-01 4.046742245554924011e-02
6.289567947387695312e-01 4.505163729190826416e-01
4.210201501846313477e-01 9.009623527526855469e-01
5.395569801330566406e-01 7.754200696945190430e-01
7.194439768791198730e-01 5.396788120269775391e-01
3.616414070129394531e-01 1.883402615785598755e-01
8.971464037895202637e-01 2.874924242496490479e-01
4.612788558006286621e-01 1.700032800436019897e-01
7.385244965553283691e-01 1.816498041152954102e-01
9.119415283203125000e-01 1.128510572016239166e-02
6.697878241539001465e-01 3.638866543769836426e-01
5.539816021919250488e-01 7.424770593643188477e-01
7.977857589721679688e-01 6.918353438377380371e-01
3.582534613087773323e-03 4.407887458801269531e-01
3.910517096519470215e-01 1.941871494054794312e-01
6.523700952529907227e-01 5.194462537765502930e-01
9.378228783607482910e-01 9.706315994262695312e-01
6.319605708122253418e-01 1.821455359458923340e-01
6.461657285690307617e-01 6.845237016677856445e-01
5.741472244262695312e-01 5.578787922859191895e-01
8.583022952079772949e-01 2.645562402904033661e-02
4.275448918342590332e-01 2.199743092060089111e-01
8.761737942695617676e-01 6.591119766235351562e-01
4.492670893669128418e-01 2.704350650310516357e-01
4.510014653205871582e-01 1.827693581581115723e-01
5.190961360931396484e-01 7.618973851203918457e-01
2.972760498523712158e-01 5.806280374526977539e-01
1.034634485840797424e-01 7.858910560607910156e-01
8.888420462608337402e-02 7.425024509429931641e-01
2.311943322420120239e-01 2.455556094646453857e-01
9.404958486557006836e-01 7.060323953628540039e-01
2.459411025047302246e-01 5.582183003425598145e-01
3.444592654705047607e-01 2.059691846370697021e-01
2.072344422340393066e-01 1.023220643401145935e-01
8.501446247100830078e-01 7.805103659629821777e-01
7.036573886871337891e-01 8.447701334953308105e-01
3.636724650859832764e-01 5.829176902770996094e-01
9.205167293548583984e-01 7.705342769622802734e-02
4.230355918407440186e-01 5.571171045303344727e-01
7.707534432411193848e-01 7.636834979057312012e-01
9.207115322351455688e-02 9.393813014030456543e-01
4.244760274887084961e-01 5.333121418952941895e-01
6.392301321029663086e-01 1.120216548442840576e-01
9.527701884508132935e-02 9.684146642684936523e-01
8.693796992301940918e-01 8.259502053260803223e-02
3.251380622386932373e-01 5.108568072319030762e-01
5.200423598289489746e-01 3.961485028266906738e-01
3.321138322353363037e-01 8.199068903923034668e-01
6.019924879074096680e-01 2.405567914247512817e-01
5.851538777351379395e-01 5.331502556800842285e-01
5.671224594116210938e-01 7.094666361808776855e-01
6.225929856300354004e-01 8.575543761253356934e-02
5.274757146835327148e-01 6.775010228157043457e-01
6.839411854743957520e-01 5.669859051704406738e-01
6.987864971160888672e-01 4.130779802799224854e-01
5.422226190567016602e-01 9.119935035705566406e-01
9.811211377382278442e-02 6.954976320266723633e-01
7.209969162940979004e-01 8.675023317337036133e-01
5.235396623611450195e-01 2.866977453231811523e-01
7.374460101127624512e-01 7.735896110534667969e-01
1.662155389785766602e-01 4.332730472087860107e-01
3.553988635540008545e-01 3.569270074367523193e-01
3.131657466292381287e-02 7.069942951202392578e-01
4.924286603927612305e-01 5.508128404617309570e-01
8.912637829780578613e-01 3.134316504001617432e-01
4.489403218030929565e-02 7.766175866127014160e-01
5.512132644653320312e-01 6.788352131843566895e-01
7.208735346794128418e-01 9.969443678855895996e-01
5.017730593681335449e-01 8.047821521759033203e-01
2.142957746982574463e-01 3.071855939924716949e-02
4.930176734924316406e-01 6.141600608825683594e-01
2.109403312206268311e-01 5.211965441703796387e-01
3.183269798755645752e-01 5.100572109222412109e-01
2.215820997953414917e-01 4.734248220920562744e-01
1.670397520065307617e-01 3.501190245151519775e-01
7.017517089843750000e-01 2.674255967140197754e-01
3.145966529846191406e-01 2.887482047080993652e-01
2.993057668209075928e-01 7.164542078971862793e-01
6.230201125144958496e-01 9.546710252761840820e-01
8.879635483026504517e-02 7.145820260047912598e-01
1.768198609352111816e-01 7.970596551895141602e-01
3.984223604202270508e-01 6.161294579505920410e-01
2.577330470085144043e-01 6.602312326431274414e-01
7.332288026809692383e-01 5.120054483413696289e-01
2.176816016435623169e-01 5.606977343559265137e-01
3.417361676692962646e-01 3.377706110477447510e-01
9.161306619644165039e-01 2.360020279884338379e-01
4.283794260118156672e-04 8.733788132667541504e-01
1.304562087170779705e-03 7.271533608436584473e-01
7.157380580902099609e-01 9.326376914978027344e-01
3.996979296207427979e-01 5.786544829607009888e-02
1.968636214733123779e-01 4.630944430828094482e-01
8.554290533065795898e-01 3.879418596625328064e-02
4.774022698402404785e-01 8.747361302375793457e-01
8.715201914310455322e-02 6.772005558013916016e-01
9.296717643737792969e-01 2.301124483346939087e-01
1.545002609491348267e-01 1.255042850971221924e-01
8.570809364318847656e-01 4.748338460922241211e-01
3.565194783732295036e-03 2.226403206586837769e-01
8.112481981515884399e-02 6.517030596733093262e-01
8.167236447334289551e-01 7.279744148254394531e-01
1.045165807008743286e-01 6.339519619941711426e-01
6.585316658020019531e-01 4.721676707267761230e-01
3.227703571319580078e-01 1.963196843862533569e-01
5.492819547653198242e-01 6.876040697097778320e-01
2.592525482177734375e-01 6.347149610519409180e-01
1.200950890779495239e-01 1.153913065791130066e-01
8.559812307357788086e-01 2.441003546118736267e-02
3.197510838508605957e-01 8.546755313873291016e-01
4.892740547657012939e-01 1.976597122848033905e-02
9.885128736495971680e-01 9.645302891731262207e-01
7.258275747299194336e-01 8.242747187614440918e-01
6.668828129768371582e-01 1.872390359640121460e-01
3.949948251247406006e-01 2.310001850128173828e-01
6.695964336395263672e-01 3.154707849025726318e-01
9.865517616271972656e-01 2.963347136974334717e-01
9.976910352706909180e-01 7.111229896545410156e-01
4.702078402042388916e-01 6.386511921882629395e-01
7.497439980506896973e-01 2.034442275762557983e-01
8.273609876632690430e-01 6.359127759933471680e-01
6.522284150123596191e-01 4.655907154083251953e-01
5.949183106422424316e-01 5.491742491722106934e-01
4.865535497665405273e-01 5.304168462753295898e-01
7.132241129875183105e-01 9.275267124176025391e-01
8.511543273925781250e-01 7.315086722373962402e-01
7.635741233825683594e-01 2.707061767578125000e-01
3.877132758498191833e-02 1.581553369760513306e-02
4.501910805702209473e-01 5.435312390327453613e-01
3.979762494564056396e-01 5.370259284973144531e-01
7.451958060264587402e-01 6.313780546188354492e-01
5.821056365966796875e-01 3.370160460472106934e-01
2.708947360515594482e-01 5.658226609230041504e-01
2.815086543560028076e-01 1.005696430802345276e-01
2.574048936367034912e-01 3.486498594284057617e-01
2.471005022525787354e-01 5.882557630538940430e-01
6.510518193244934082e-01 6.715747117996215820e-01
9.733587503433227539e-01 6.149151325225830078e-01
2.247996330261230469e-01 2.244265526533126831e-01
8.046391010284423828e-01 1.226200908422470093e-01
6.974908113479614258e-01 4.559339880943298340e-01
7.055745124816894531e-01 8.260394334793090820e-01
4.400000274181365967e-01 8.050442337989807129e-01
5.505493879318237305e-01 5.573002099990844727e-01
1.571965813636779785e-01 9.057113528251647949e-02
8.054276108741760254e-01 7.413886785507202148e-01
4.453533794730901718e-03 1.773528754711151123e-01
1.555948797613382339e-02 4.899395704269409180e-01
7.557414174079895020e-01 9.265174865722656250e-01
7.529523372650146484e-01 3.065333962440490723e-01
7.887144684791564941e-01 4.545440077781677246e-01
9.844456911087036133e-01 6.333698034286499023e-01
8.460475206375122070e-01 8.549980521202087402e-01
4.865004494786262512e-02 5.331844091415405273e-01
2.492371946573257446e-01 6.783530116081237793e-01
9.333209991455078125e-01 1.267734318971633911e-01
2.967449426651000977e-01 9.920238852500915527e-01
9.271225929260253906e-01 1.899169385433197021e-02
7.059995830059051514e-02 8.738404512405395508e-01
7.310471534729003906e-01 6.632081866264343262e-01
1.530724484473466873e-02 3.377082049846649170e-01
7.892856597900390625e-01 4.718599021434783936e-01
3.312863409519195557e-01 4.054362475872039795e-01
4.849109053611755371e-01 4.458662867546081543e-01
6.186396628618240356e-02 5.052884668111801147e-02
9.758388996124267578e-02 7.452646493911743164e-01
9.801728129386901855e-01 8.261764049530029297e-01
4.086450040340423584e-01 1.137244421988725662e-02
1.755807101726531982e-01 4.247514605522155762e-01
6.935909390449523926e-01 2.275366187095642090e-01
8.303048610687255859e-01 3.377164900302886963e-01
3.638772666454315186e-01 6.751832365989685059e-01
9.391078948974609375e-01 9.346545487642288208e-02
4.735230803489685059e-01 2.147914022207260132e-01
1.558839678764343262e-01 9.330792427062988281e-01
4.231134057044982910e-01 5.532547831535339355e-02
1.045473888516426086e-01 4.756571352481842041e-01
9.833533763885498047e-01 1.487777978181838989e-01
1.808727830648422241e-01 1.589174866676330566e-01
5.829945802688598633e-01 3.827707469463348389e-01
5.956532955169677734e-01 8.867505788803100586e-01
2.064429670572280884e-01 2.536993920803070068e-01
3.454814851284027100e-01 3.939720690250396729e-01
6.318141222000122070e-01 3.341284394264221191e-01
6.997480392456054688e-01 7.287300229072570801e-01
5.042234063148498535e-01 5.921075344085693359e-01
3.580276370048522949e-01 1.889586150646209717e-01
1.247354447841644287e-01 7.650952339172363281e-01
8.350458741188049316e-01 4.450531005859375000e-01
3.252650201320648193e-01 2.351869642734527588e-02
9.043885469436645508e-01 4.407204091548919678e-01
7.664949446916580200e-02 6.393466144800186157e-02
2.179936915636062622e-01 2.840160131454467773e-01
6.966900825500488281e-01 7.175446152687072754e-01
7.782705426216125488e-01 4.831616580486297607e-01
3.235582411289215088e-01 6.931766867637634277e-03
5.607236027717590332e-01 6.378149390220642090e-01
6.216033697128295898e-01 7.758152484893798828e-02
3.298243582248687744e-01 2.782033085823059082e-01
9.400896430015563965e-01 2.979221045970916748e-01
2.542903125286102295e-01 1.198823526501655579e-01
7.660066485404968262e-01 6.717658042907714844e-01
3.373678028583526611e-01 9.930518865585327148e-01
8.404853940010070801e-01 6.829102039337158203e-01
7.553390860557556152e-01 9.421019554138183594e-01
3.958068788051605225e-01 6.659921407699584961e-01
3.726809918880462646e-01 8.938949108123779297e-01
9.215767383575439453e-01 4.770186841487884521e-01
3.802556395530700684e-01 8.353101611137390137e-01
3.345872089266777039e-02 5.886323451995849609e-01
3.450334072113037109e-01 6.327743530273437500e-01
7.969195842742919922e-01 4.959675669670104980e-01
3.822758793830871582e-01 7.226186394691467285e-01
4.938760697841644287e-01 6.940899789333343506e-02
6.777088046073913574e-01 4.095816314220428467e-01
8.671155571937561035e-01 9.080256819725036621e-01
4.384997766464948654e-03 2.995657920837402344e-01
4.342984855175018311e-01 9.230325818061828613e-01
8.167116045951843262e-01 3.051713705062866211e-01
6.866223812103271484e-01 7.720496058464050293e-01
4.741951450705528259e-02 9.105949997901916504e-01
7.569605112075805664e-02 4.046376645565032959e-01
8.715194463729858398e-01 8.522453904151916504e-01
8.685759305953979492e-01 8.471593856811523438e-01
5.880013108253479004e-01 8.292287588119506836e-01
5.655419826507568359e-01 5.282186269760131836e-01
7.362369298934936523e-01 5.976005792617797852e-01
8.474958539009094238e-01 6.195493936538696289e-01
5.581442117691040039e-01 4.342391788959503174e-01
7.309302687644958496e-01 1.327326297760009766e-01
5.908100605010986328e-01 9.654734134674072266e-01
9.795995354652404785e-01 2.707410454750061035e-01
9.124893546104431152e-01 7.426584511995315552e-02
5.327444672584533691e-01 5.099780559539794922e-01
6.711579561233520508e-01 3.469930887222290039e-01
7.676079869270324707e-01 7.872923016548156738e-01
4.034288823604583740e-01 9.036850929260253906e-01
4.704869985580444336e-01 1.809883564710617065e-01
5.627141594886779785e-01 5.937327742576599121e-01
5.266230106353759766e-01 5.332244634628295898e-01
7.218844890594482422e-01 5.216290354728698730e-01
3.858904838562011719e-01 7.710741162300109863e-01
4.924940168857574463e-01 9.750350117683410645e-01
8.612478971481323242e-01 9.045137763023376465e-01
5.714517831802368164e-01 5.100074689835309982e-03
7.890003919601440430e-01 4.447022974491119385e-01
6.230597496032714844e-01 7.281371355056762695e-01
9.470721483230590820e-01 7.376175522804260254e-01
6.728625893592834473e-01 9.297740459442138672e-01
2.589064538478851318e-01 8.477433323860168457e-01
4.790941476821899414e-01 5.173943638801574707e-01
5.194686055183410645e-01 4.853910803794860840e-01
5.506653785705566406e-01 9.008616954088211060e-02
2.716635763645172119e-01 8.643887042999267578e-01
2.113250344991683960e-01 5.742109417915344238e-01
5.159325003623962402e-01 9.489508867263793945e-01
2.920234501361846924e-01 8.174622058868408203e-01
9.364501833915710449e-01 1.731319129467010498e-01
5.523644685745239258e-01 8.154282569885253906e-01
1.884799748659133911e-01 6.476896405220031738e-01
1.828220486640930176e-01 2.594202756881713867e-01
8.290730118751525879e-01 8.959233164787292480e-01
9.806363377720117569e-04 1.804772615432739258e-01
3.389242887496948242e-01 5.618873834609985352e-01
7.955873012542724609e-02 3.776582702994346619e-02
2.396629303693771362e-01 3.495972752571105957e-01
9.499354660511016846e-02 2.755627036094665527e-01
7.074605822563171387e-01 4.921056032180786133e-01
2.547750473022460938e-01 7.987594604492187500e-01
4.360872507095336914e-01 3.974238932132720947e-01
2.915198504924774170e-01 7.584213465452194214e-02
5.328535437583923340e-01 9.075908660888671875e-01
9.481681585311889648e-01 1.365565806627273560e-01
3.051291406154632568e-01 9.587899595499038696e-02
2.378291785717010498e-01 2.696173787117004395e-01
4.054998159408569336e-01 6.942601799964904785e-01
1.912849694490432739e-01 2.484891414642333984e-01
8.168151229619979858e-02 3.476164042949676514e-01
2.768798768520355225e-01 3.304325342178344727e-01
2.807839512825012207e-01 7.793001532554626465e-01
1.912768930196762085e-01 5.877674091607332230e-03
9.377871155738830566e-01 3.199860826134681702e-02
6.161600351333618164e-01 1.075975149869918823e-01
2.497257143259048462e-01 8.341422080993652344e-01
9.024224281311035156e-01 6.236650347709655762e-01
8.045495152473449707e-01 1.625122129917144775e-01
7.276511192321777344e-01 5.806348919868469238e-01
9.972174167633056641e-01 3.667312860488891602e-02
9.892054796218872070e-01 3.325034081935882568e-01
5.969200283288955688e-02 9.019689559936523438e-01
1.165924593806266785e-01 3.520845174789428711e-01
2.276036441326141357e-01 5.094658732414245605e-01
3.544375002384185791e-01 5.780618786811828613e-01
9.581379890441894531e-01 2.782269120216369629e-01
6.345868110656738281e-01 4.489247202873229980e-01
9.417223334312438965e-01 1.393922865390777588e-01
2.861787378787994385e-01 5.724821686744689941e-01
8.891091942787170410e-01 3.629050552845001221e-01
6.757816076278686523e-01 4.351790547370910645e-01
1.771270334720611572e-01 6.809186935424804688e-01
4.038976430892944336e-01 4.557313621044158936e-01
2.706484198570251465e-01 4.464035034179687500e-01
4.233418107032775879e-01 5.050908327102661133e-01
9.583891034126281738e-01 2.453601807355880737e-01
7.216842174530029297e-01 6.621490120887756348e-01
4.703668951988220215e-01 2.262971252202987671e-01
5.999882817268371582e-01 4.241949319839477539e-01
3.463816046714782715e-01 4.437550008296966553e-01
1.833712756633758545e-01 5.271363258361816406e-01
1.041962504386901855e-01 5.051422715187072754e-01
1.117855533957481384e-01 9.341890811920166016e-01
4.280276000499725342e-01 7.745596766471862793e-01
8.468546867370605469e-01 4.710032343864440918e-01
5.846962928771972656e-01 3.498014807701110840e-01
1.863224059343338013e-01 6.675570607185363770e-01
2.397803068161010742e-01 6.683842837810516357e-02
8.281598687171936035e-01 6.825727820396423340e-01
8.745844960212707520e-01 2.058411240577697754e-01
5.989181995391845703e-02 7.105212807655334473e-01
7.736142873764038086e-01 9.885082840919494629e-01
4.938873052597045898e-01 2.136398851871490479e-01
4.148911535739898682e-01 7.317484170198440552e-02
1.572628915309906006e-01 9.489001333713531494e-02
6.345010548830032349e-02 7.458475828170776367e-01
7.769901156425476074e-01 4.650769531726837158e-01
5.697447657585144043e-01 8.815116882324218750e-01
1.805854439735412598e-01 6.993286609649658203e-01
6.784013509750366211e-01 9.684038758277893066e-01
6.894481778144836426e-01 6.752744913101196289e-01
8.098856806755065918e-01 8.768031597137451172e-01
6.960800886154174805e-01 9.421718716621398926e-01
6.527029275894165039e-01 9.655222296714782715e-01
5.300660729408264160e-01 8.266596794128417969e-01
4.097551107406616211e-01 6.648861765861511230e-01
9.799441099166870117e-01 6.603820919990539551e-01
7.846192717552185059e-01 5.369059443473815918e-01
6.272745728492736816e-01 6.323308348655700684e-01
8.469702005386352539e-01 3.826575279235839844e-01
4.422749876976013184e-01 3.146862387657165527e-01
5.388327836990356445e-01 6.130893826484680176e-01
4.945321753621101379e-02 8.270047307014465332e-01
9.485477209091186523e-01 1.371500175446271896e-02
6.232120394706726074e-01 4.363270699977874756e-01
4.703245460987091064e-01 9.356585144996643066e-01
9.724862575531005859e-01 6.698021888732910156e-01
3.153511583805084229e-01 6.904233694076538086e-01
2.592048645019531250e-01 9.452603459358215332e-01
8.752156496047973633e-01 7.665441632270812988e-01
9.939941018819808960e-02 4.826548993587493896e-01
3.367221057415008545e-01 4.886903762817382812e-01
5.140000581741333008e-01 1.147098019719123840e-01
6.594303250312805176e-01 4.063649773597717285e-01
9.784073829650878906e-01 6.942392587661743164e-01
6.506726145744323730e-01 9.229368567466735840e-01
4.677465856075286865e-01 6.572741866111755371e-01
5.352736711502075195e-01 6.394907236099243164e-01
6.630854606628417969e-01 8.547703027725219727e-01
4.722893536090850830e-01 8.860673308372497559e-01
1.436804980039596558e-01 7.789239287376403809e-01
6.384080741554498672e-03 1.502774208784103394e-01
4.198249578475952148e-01 7.381315231323242188e-01
6.110877990722656250e-01 5.194296240806579590e-01
1.462433785200119019e-01 1.256139576435089111e-01
1.580653190612792969e-01 6.777708530426025391e-01
2.062931507825851440e-01 4.054870307445526123e-01
3.950133025646209717e-01 6.425037384033203125e-01
5.303894877433776855e-01 6.613809466361999512e-01
4.952333569526672363e-01 3.878634274005889893e-01
9.100626707077026367e-01 7.655203342437744141e-01
3.710459470748901367e-01 7.637653499841690063e-02
5.256083607673645020e-01 6.106394529342651367e-01
5.200086236000061035e-01 1.637660115957260132e-01
2.635903060436248779e-01 5.617160797119140625e-01
5.607011914253234863e-01 2.461398392915725708e-01
6.293784976005554199e-01 4.361042678356170654e-01
7.438520789146423340e-01 2.836050987243652344e-01
1.789083480834960938e-01 1.677335798740386963e-01
1.079214215278625488e-01 1.652455329895019531e-01
2.905957698822021484e-01 7.548035979270935059e-01
8.343017101287841797e-01 8.083255887031555176e-01
1.235429868102073669e-01 5.921013355255126953e-01
1.942071765661239624e-01 8.033415675163269043e-01
7.542248815298080444e-02 9.926211833953857422e-01
2.554169297218322754e-01 8.716548681259155273e-01
6.496312022209167480e-01 3.166207373142242432e-01
9.672626107931137085e-02 6.587530672550201416e-02
3.098198473453521729e-01 3.939809501171112061e-01
2.610129117965698242e-01 6.345624923706054688e-01
7.255384325981140137e-01 9.994439780712127686e-02
4.873517751693725586e-01 7.250761389732360840e-01
6.085070371627807617e-01 1.972085237503051758e-01
6.079704165458679199e-01 9.280714392662048340e-01
1.834526658058166504e-01 2.346110343933105469e-01
2.978234589099884033e-01 7.047420144081115723e-01
8.513420820236206055e-01 6.837727427482604980e-01
1.449354439973831177e-01 2.732468247413635254e-01
8.050087690353393555e-01 8.137257695198059082e-01
2.304315418004989624e-01 6.907654404640197754e-01
8.959096670150756836e-01 8.368710875511169434e-01
9.464882016181945801e-01 4.428169727325439453e-01
9.212123155593872070e-01 3.827576935291290283e-01
2.568308413028717041e-01 8.179479241371154785e-01
1.844483911991119385e-01 8.278165459632873535e-01
4.742802977561950684e-01 9.147608280181884766e-01
6.086606383323669434e-01 3.764933943748474121e-01
7.923685312271118164e-01 2.103751599788665771e-01
3.625329434871673584e-01 5.135222673416137695e-01
2.376871109008789062e-01 6.875448822975158691e-01
8.616130948066711426e-01 4.602947533130645752e-01
3.901063650846481323e-02 4.598104953765869141e-01
7.511724233627319336e-01 4.716927707195281982e-01
4.810730814933776855e-01 1.843844652175903320e-01
3.606385290622711182e-01 9.551984071731567383e-01
9.529993534088134766e-01 1.148644015192985535e-01
5.240180492401123047e-01 2.748265862464904785e-01
9.399205446243286133e-01 6.591128706932067871e-01
1.875377893447875977e-01 3.126127719879150391e-01
1.002516299486160278e-01 7.486529350280761719e-01
4.729020893573760986e-01 4.109501242637634277e-01
2.647270560264587402e-01 6.060705184936523438e-01
9.500585198402404785e-01 7.860772609710693359e-01
6.578985452651977539e-01 4.160290658473968506e-01
9.980475306510925293e-01 6.245561838150024414e-01
3.626817762851715088e-01 8.241769671440124512e-01
3.754157423973083496e-01 2.452742010354995728e-01
9.962555170059204102e-01 8.990725278854370117e-01
6.081778928637504578e-02 6.081299185752868652e-01
9.216307401657104492e-01 4.665287137031555176e-01
4.235349595546722412e-02 4.517888128757476807e-01
5.298314616084098816e-02 4.232668876647949219e-01
1.716265231370925903e-01 5.982435941696166992e-01
1.011867895722389221e-01 3.845032155513763428e-01
9.115423560142517090e-01 3.996201753616333008e-01
5.630731582641601562e-01 5.217632651329040527e-01
7.985433340072631836e-01 6.592082977294921875e-01
3.840328156948089600e-01 1.351203471422195435e-01
5.637402534484863281e-01 1.991872340440750122e-01
4.489743113517761230e-01 4.022401869297027588e-01
2.998274937272071838e-02 1.329889986664056778e-02
5.640113949775695801e-01 2.325618267059326172e-01
2.561092376708984375e-01 5.508501529693603516e-01
8.019638061523437500e-01 4.695478677749633789e-01
4.449201747775077820e-02 7.519351243972778320e-01
7.072004079818725586e-01 7.543796896934509277e-01
2.945076227188110352e-01 4.227706789970397949e-01
6.345528364181518555e-01 1.261819154024124146e-01
5.828862190246582031e-01 7.551530599594116211e-01
2.956811189651489258e-01 9.482595324516296387e-01
4.846850335597991943e-01 8.257251381874084473e-01
4.620437026023864746e-01 4.912761151790618896e-01
5.596714615821838379e-01 5.464311242103576660e-01
3.472662717103958130e-02 3.078308142721652985e-02
2.768128514289855957e-01 4.814563989639282227e-01
5.250700116157531738e-01 9.614700675010681152e-01
3.894100785255432129e-01 3.357985019683837891e-01
9.656013250350952148e-01 9.476315379142761230e-01
7.833810448646545410e-01 4.874769598245620728e-02
9.781996011734008789e-01 7.771756052970886230e-01
2.414443045854568481e-01 1.208690032362937927e-01
7.935497164726257324e-01 7.552720308303833008e-01
7.945496439933776855e-01 2.355529367923736572e-02
7.954540252685546875e-01 9.999631047248840332e-01
1.416995376348495483e-01 5.759039521217346191e-01
7.318744659423828125e-01 8.921591043472290039e-01
2.187194535508751869e-03 8.327454328536987305e-01
4.506316184997558594e-01 2.916063368320465088e-01
1.190879344940185547e-01 6.945888400077819824e-01
5.094860792160034180e-01 7.407512664794921875e-01
6.258205771446228027e-01 4.873540997505187988e-01
8.025835752487182617e-01 3.356857001781463623e-01
6.055474281311035156e-01 5.551822781562805176e-01
8.165704607963562012e-01 1.711621731519699097e-01
2.311059087514877319e-01 5.098016262054443359e-01
3.324272856116294861e-02 8.002935647964477539e-01
9.178974628448486328e-01 6.756461262702941895e-01
6.010713577270507812e-01 4.769223630428314209e-01
8.105645179748535156e-01 1.014974862337112427e-01
7.403912544250488281e-01 6.030777096748352051e-01
3.464258313179016113e-01 7.099117636680603027e-01
1.862103044986724854e-01 3.413145244121551514e-01
5.322568416595458984e-01 1.009319815784692764e-02
7.363043427467346191e-01 8.269875645637512207e-01
3.423110246658325195e-01 7.899703979492187500e-01
2.000746428966522217e-01 9.714376926422119141e-01
5.728695392608642578e-01 7.815795540809631348e-01
7.273980975151062012e-01 8.001471161842346191e-01
5.101026892662048340e-01 1.984521597623825073e-01
4.053011834621429443e-01 4.578327238559722900e-01
4.133639037609100342e-01 6.835615038871765137e-01
5.891791582107543945e-01 6.008124947547912598e-01
2.850123047828674316e-01 8.119394183158874512e-01
9.919926524162292480e-01 9.752203226089477539e-01
3.666757941246032715e-01 5.075839161872863770e-01
8.426495790481567383e-01 8.582133054733276367e-01
7.276161313056945801e-01 7.032962888479232788e-02
6.367326714098453522e-03 3.747134804725646973e-01
9.011316299438476562e-01 8.169300556182861328e-01
9.792093187570571899e-02 4.356937408447265625e-01
5.362406373023986816e-01 3.537593185901641846e-01
8.051493167877197266e-01 3.710197210311889648e-01
3.057473599910736084e-01 2.357895821332931519e-01
2.880460023880004883e-01 4.827063530683517456e-03
5.749675631523132324e-01 2.014382332563400269e-01
6.625465750694274902e-01 7.376962900161743164e-01
3.424551188945770264e-01 6.967653036117553711e-01
8.341890573501586914e-01 2.770739495754241943e-01
1.928802877664566040e-01 6.132365465164184570e-01
1.895989030599594116e-01 4.925721883773803711e-01
6.783296465873718262e-01 2.918061912059783936e-01
8.687336444854736328e-01 5.043491348624229431e-02
3.676021695137023926e-01 6.163495182991027832e-01
9.431580305099487305e-01 7.276712059974670410e-01
9.760129451751708984e-01 6.323529481887817383e-01
3.042764961719512939e-01 9.210581779479980469e-01
1.989308446645736694e-01 5.046750307083129883e-01
4.410393908619880676e-02 8.596205115318298340e-01
7.656947970390319824e-01 2.762003242969512939e-01
5.587193965911865234e-01 7.436452507972717285e-01
2.817189693450927734e-01 5.930709838867187500e-01
3.535513877868652344e-01 2.753441929817199707e-01
2.215446978807449341e-01 7.172459363937377930e-01
3.118900954723358154e-01 1.526898443698883057e-01
1.079199463129043579e-01 2.750562727451324463e-01
1.131783053278923035e-01 6.935940980911254883e-01
8.045550435781478882e-02 9.960374832153320312e-01
5.869241058826446533e-02 4.414284601807594299e-02
7.979558706283569336e-01 3.335951864719390869e-01
1.331360936164855957e-01 3.308358788490295410e-01
5.238304734230041504e-01 1.344317803159356117e-03
4.957285225391387939e-01 1.133816763758659363e-01
2.866071164608001709e-01 4.984129667282104492e-01
4.290429130196571350e-02 3.576323390007019043e-01
7.390229105949401855e-01 2.776558101177215576e-01
7.030478119850158691e-01 5.857616662979125977e-01
7.362589240074157715e-01 7.209913730621337891e-01
7.966948151588439941e-01 3.039342164993286133e-01
3.538669943809509277e-01 7.214061021804809570e-01
6.722204685211181641e-01 6.633399724960327148e-01
9.396325945854187012e-01 5.150375366210937500e-01
6.758474707603454590e-01 7.990303039550781250e-01
7.342851758003234863e-01 1.973429322242736816e-01
7.097119837999343872e-02 3.681499361991882324e-01
6.670516133308410645e-01 3.474380970001220703e-01
4.605752229690551758e-01 7.047065496444702148e-01
9.654797911643981934e-01 1.718174368143081665e-01
5.726009607315063477e-01 3.528118431568145752e-01
1.909817010164260864e-01 5.742847919464111328e-01
8.199847936630249023e-01 7.564879953861236572e-02
7.117624282836914062e-01 6.808652281761169434e-01
8.054790496826171875e-01 3.727670609951019287e-01
3.466325104236602783e-01 4.958503544330596924e-01
8.206554651260375977e-01 8.550550341606140137e-01
8.158665895462036133e-01 2.358441054821014404e-01
9.844102859497070312e-01 3.051670193672180176e-01
7.278123497962951660e-02 9.120096564292907715e-01
4.277506470680236816e-01 5.529456734657287598e-01
9.212910532951354980e-01 3.878239169716835022e-02
2.106975167989730835e-01 3.853076696395874023e-01
6.684535145759582520e-01 4.618730545043945312e-01
1.753152813762426376e-03 2.635467052459716797e-02
3.562240600585937500e-01 7.940251231193542480e-01
3.592428267002105713e-01 2.017943859100341797e-01
8.124958276748657227e-01 1.082055941224098206e-01
8.043934106826782227e-01 6.282807588577270508e-01
5.456624180078506470e-02 1.864304766058921814e-02
5.560305714607238770e-01 5.805097222328186035e-01
2.165897488594055176e-01 7.133644223213195801e-01
8.657587170600891113e-01 4.625932872295379639e-01
1.680857390165328979e-01 9.469588994979858398e-01
6.184220910072326660e-01 3.240740299224853516e-01
7.227626442909240723e-01 4.948585927486419678e-01
5.284373760223388672e-01 3.096260428428649902e-01
6.177458763122558594e-01 8.208314180374145508e-01
1.523892134428024292e-01 9.647282958030700684e-01
5.937552452087402344e-01 8.078872561454772949e-01
5.015623569488525391e-01 2.571417391300201416e-01
8.746286630630493164e-01 7.600041627883911133e-01
6.088390350341796875e-01 4.642164707183837891e-01
2.967152893543243408e-01 8.876913189888000488e-01
2.309228926897048950e-01 1.674629598855972290e-01
3.153063654899597168e-01 6.165962219238281250e-01
2.228338271379470825e-01 1.734444648027420044e-01
2.790182270109653473e-02 8.636873960494995117e-01
3.823651373386383057e-01 1.203463897109031677e-01
7.350383400917053223e-01 7.520248889923095703e-01
9.236010909080505371e-01 7.249631453305482864e-03
2.628053426742553711e-01 6.224299669265747070e-01
5.951102375984191895e-01 2.817119061946868896e-01
1.639794260263442993e-01 4.257227778434753418e-01
5.761718153953552246e-01 2.918847799301147461e-01
7.323887348175048828e-01 4.442715346813201904e-01
1.274986267089843750e-01 9.061750769615173340e-01
3.842392265796661377e-01 4.379759728908538818e-01
2.645803987979888916e-01 2.706568539142608643e-01
8.172486424446105957e-01 8.806203007698059082e-01
5.039781928062438965e-01 3.771937787532806396e-01
9.667072892189025879e-01 2.669307589530944824e-01
8.599289059638977051e-01 7.150248289108276367e-01
4.460619091987609863e-01 6.512165069580078125e-01
5.697159767150878906e-01 2.497039288282394409e-01
6.524406671524047852e-01 3.375695645809173584e-01
5.086839795112609863e-01 4.341520667076110840e-01
8.964452147483825684e-01 6.413220763206481934e-01
5.935109257698059082e-01 3.955553770065307617e-01
7.333493828773498535e-01 7.302466630935668945e-01
7.222551107406616211e-01 2.247897721827030182e-02
6.078455448150634766e-01 7.058898806571960449e-01
5.927054882049560547e-01 5.410575866699218750e-01
1.103110983967781067e-01 8.976432085037231445e-01
2.230629920959472656e-01 7.000483274459838867e-01
4.871229827404022217e-01 1.881452649831771851e-01
5.823386907577514648e-01 1.859900057315826416e-01
1.606684029102325439e-01 1.330688744783401489e-01
8.813187479972839355e-01 6.884995698928833008e-01
9.816427230834960938e-01 2.395524084568023682e-01
2.556822299957275391e-01 6.924259662628173828e-01
8.650106191635131836e-01 2.444695383310317993e-01
2.428524941205978394e-01 9.084723591804504395e-01
3.898244202136993408e-01 2.633908390998840332e-01
6.632398366928100586e-01 6.967800259590148926e-01
8.766150474548339844e-02 5.703003406524658203e-01
2.067998498678207397e-01 9.124850034713745117e-01
3.500323276966810226e-03 4.811964333057403564e-01
9.600300788879394531e-01 1.929186135530471802e-01
8.378382921218872070e-01 7.726997882127761841e-02
5.863900184631347656e-01 4.574630558490753174e-01
9.427423477172851562e-01 8.647614717483520508e-01
9.091176986694335938e-01 3.554636240005493164e-01
3.156585693359375000e-01 7.257742881774902344e-01
9.663451910018920898e-01 4.453013539314270020e-01
5.436172485351562500e-01 6.401247382164001465e-01
6.821011304855346680e-01 2.843059003353118896e-01
4.017029702663421631e-01 2.866335511207580566e-01
5.431865453720092773e-01 2.880126535892486572e-01
5.394067168235778809e-01 7.812436819076538086e-01
5.623362660408020020e-01 3.183358907699584961e-01
8.293641805648803711e-01 3.029336966574192047e-02
6.405358761548995972e-02 3.594250679016113281e-01
6.824413537979125977e-01 9.962993264198303223e-01
3.678247928619384766e-01 3.941642940044403076e-01
8.800451755523681641e-01 5.013155937194824219e-01
1.213786229491233826e-01 3.848329484462738037e-01
3.551440834999084473e-01 7.091646194458007812e-01
3.363361358642578125e-01 1.231136173009872437e-01
7.448102235794067383e-01 5.241060256958007812e-01
7.489932328462600708e-02 7.178727388381958008e-01
4.303246140480041504e-01 9.277945756912231445e-01
4.387546181678771973e-01 7.858185768127441406e-01
3.014704883098602295e-01 7.733178734779357910e-01
1.507053375244140625e-01 3.552013635635375977e-01
8.952916264533996582e-01 5.787097215652465820e-01
5.710476636886596680e-01 3.065549731254577637e-01
9.485915899276733398e-01 6.862947940826416016e-01
5.463113635778427124e-02 6.457923054695129395e-01
9.558865427970886230e-01 1.099120229482650757e-01
8.909350633621215820e-01 3.059437870979309082e-01
3.356878161430358887e-01 6.905696988105773926e-01
4.175772368907928467e-01 4.781948626041412354e-01
1.165752410888671875e-01 7.139497399330139160e-01
5.736812949180603027e-01 9.314050674438476562e-01
9.585477709770202637e-01 9.089787006378173828e-01
1.414148211479187012e-01 9.322774410247802734e-02
7.360355257987976074e-01 2.576275467872619629e-01
5.918354392051696777e-01 4.110826253890991211e-01
1.837400346994400024e-01 3.179672360420227051e-01
1.542296856641769409e-01 7.169234156608581543e-01
1.324621886014938354e-01 7.470726370811462402e-01
7.771863341331481934e-01 3.433424532413482666e-01
7.973152995109558105e-01 8.705424666404724121e-01
7.442775964736938477e-01 5.263703465461730957e-01
8.488694429397583008e-01 9.296766668558120728e-02
1.280359476804733276e-01 8.876862525939941406e-01
4.226841032505035400e-01 4.516610205173492432e-01
6.834681630134582520e-01 9.223543405532836914e-01
3.127743303775787354e-01 7.929973006248474121e-01
6.063067317008972168e-01 6.356747746467590332e-01
3.043661415576934814e-01 1.062017902731895447e-01
7.785570621490478516e-01 5.644533634185791016e-01
6.469509005546569824e-01 7.664814591407775879e-01
2.271135151386260986e-01 1.237957030534744263e-01
9.871544837951660156e-01 1.843735389411449432e-02
4.512505829334259033e-01 4.914229810237884521e-01
2.178874164819717407e-01 5.813149213790893555e-01
3.458285629749298096e-01 1.826016455888748169e-01
6.282759904861450195e-01 7.100222706794738770e-01
4.881818890571594238e-01 6.544305682182312012e-01
9.074335098266601562e-01 8.892280459403991699e-01
4.372509121894836426e-01 9.025258570909500122e-02
8.913611173629760742e-01 7.147534489631652832e-01
3.189485073089599609e-01 3.196230530738830566e-01
9.268327802419662476e-02 9.183035045862197876e-02
3.581208288669586182e-01 7.327216267585754395e-01
6.140353083610534668e-01 3.374870121479034424e-01
2.031335085630416870e-01 7.077283859252929688e-01
8.205986022949218750e-01 5.600873827934265137e-01
5.672119259834289551e-01 6.730965971946716309e-01
1.173679009079933167e-01 2.665762603282928467e-02
7.802506536245346069e-02 5.407547950744628906e-02
2.699870169162750244e-01 8.362363576889038086e-01
7.583782821893692017e-02 9.289814829826354980e-01
6.433721184730529785e-01 6.066443920135498047e-01
1.555447280406951904e-01 9.205802083015441895e-01
3.464218676090240479e-01 5.037628412246704102e-01
3.158975541591644287e-01 3.434230983257293701e-01
3.995382487773895264e-01 4.427100121974945068e-01
2.872638106346130371e-01 7.264514565467834473e-01
6.510756015777587891e-01 5.727239698171615601e-02
3.446352779865264893e-01 7.245368957519531250e-01
7.395489811897277832e-01 9.020753949880599976e-02
5.659689903259277344e-01 4.873690605163574219e-01
6.436424851417541504e-01 9.453856348991394043e-01
8.121838420629501343e-02 4.636825323104858398e-01
9.949113130569458008e-01 4.885454773902893066e-01
4.681651592254638672e-01 7.146284580230712891e-01
4.981257021427154541e-01 6.425548195838928223e-01
7.526549100875854492e-01 2.934278845787048340e-01
7.318539023399353027e-01 3.387935161590576172e-01
2.624529302120208740e-01 8.241617083549499512e-01
6.067032217979431152e-01 7.412402629852294922e-01
7.527217268943786621e-01 9.574437141418457031e-01
6.341896951198577881e-02 3.144419789314270020e-01
2.046057283878326416e-01 2.524469494819641113e-01
2.766872383654117584e-02 5.054793357849121094e-01
5.123994350433349609e-01 7.063844799995422363e-01
1.964281201362609863e-01 5.979714170098304749e-02
3.550352454185485840e-01 4.049343466758728027e-01
1.515378654003143311e-01 8.889447450637817383e-01
1.765931248664855957e-01 2.220382988452911377e-01
7.308275699615478516e-01 5.006909966468811035e-01
2.831930220127105713e-01 6.701917648315429688e-01
7.177032828330993652e-01 4.059357047080993652e-01
2.253812402486801147e-01 4.928898811340332031e-02
1.678746789693832397e-01 5.186840295791625977e-01
5.560647845268249512e-01 1.586063206195831299e-01
3.578831553459167480e-01 7.301202416419982910e-01
8.161624670028686523e-01 6.182646751403808594e-01
3.518227934837341309e-01 4.379556775093078613e-01
5.727335810661315918e-01 9.029151499271392822e-02
2.453351169824600220e-01 4.306178689002990723e-01
9.336501359939575195e-01 5.972787141799926758e-01
3.507999479770660400e-01 6.687405705451965332e-01
7.835459709167480469e-02 3.215533494949340820e-01
5.271053314208984375e-01 9.181057810783386230e-01
2.738576531410217285e-01 3.284608125686645508e-01
6.562623381614685059e-01 3.068710267543792725e-01
9.118179678916931152e-01 7.267800569534301758e-01
5.203990936279296875e-01 3.020124435424804688e-01
6.449933648109436035e-01 6.798608899116516113e-01
2.332623749971389771e-01 1.532759368419647217e-01
1.544763147830963135e-01 3.088387846946716309e-01
7.403747737407684326e-02 1.132818758487701416e-01
9.786220788955688477e-01 9.804998040199279785e-01
7.740882039070129395e-01 3.093774914741516113e-01
5.767779946327209473e-01 4.162650704383850098e-01
1.863100528717041016e-01 6.353613138198852539e-01
3.390868008136749268e-01 6.849209070205688477e-01
1.493754051625728607e-02 4.993047416210174561e-01
8.478183150291442871e-01 9.944035410881042480e-01
5.580273866653442383e-01 8.126874566078186035e-01
8.881711363792419434e-01 4.886658191680908203e-01
1.458623632788658142e-02 6.497635692358016968e-02
8.232546448707580566e-01 9.235882759094238281e-01
1.238792762160301208e-01 3.829365074634552002e-01
3.933587297797203064e-02 5.619864463806152344e-01
8.672816157341003418e-01 3.553413152694702148e-01
1.115360185503959656e-01 9.099044799804687500e-01
4.453016221523284912e-01 6.616637706756591797e-01
9.248847365379333496e-01 3.430687189102172852e-01
5.497066974639892578e-01 3.056713044643402100e-01
8.613683581352233887e-01 6.348679959774017334e-02
8.433045744895935059e-01 3.147870898246765137e-01
9.032640457153320312e-01 7.564934492111206055e-01
5.075666904449462891e-01 9.844261407852172852e-01
4.447657465934753418e-01 4.080498516559600830e-01
9.557178616523742676e-01 9.109981060028076172e-01
3.055328875780105591e-02 2.298470884561538696e-01
8.172691613435745239e-02 7.929260283708572388e-02
1.530257612466812134e-01 5.861725211143493652e-01
6.776857972145080566e-01 9.260808825492858887e-01
3.932760655879974365e-01 9.633274078369140625e-01
6.985198855400085449e-01 5.980887413024902344e-01
7.885814309120178223e-01 1.517581660300493240e-02
5.423959493637084961e-01 7.631635665893554688e-01
4.585149586200714111e-01 3.199554383754730225e-01
6.307317018508911133e-01 5.355388522148132324e-01
1.047962680459022522e-01 5.455288887023925781e-01
6.948977708816528320e-01 1.666820794343948364e-01
3.614985048770904541e-01 5.545070767402648926e-01
5.151017308235168457e-01 7.141702771186828613e-01
2.637787461280822754e-01 3.938864171504974365e-01
6.362385153770446777e-01 3.536623716354370117e-01
3.518784046173095703e-01 4.223974943161010742e-01
1.146950200200080872e-01 6.443607807159423828e-01
9.530403614044189453e-01 4.139026105403900146e-01
8.089427351951599121e-01 9.454744458198547363e-01
3.751226365566253662e-01 5.541913509368896484e-01
9.252696633338928223e-01 2.079551964998245239e-01
4.844380021095275879e-01 4.626385867595672607e-01
6.259869337081909180e-01 3.957138061523437500e-01
4.148004651069641113e-01 4.455685019493103027e-01
6.078939884901046753e-03 4.799486696720123291e-01
5.349465012550354004e-01 6.862064599990844727e-01
5.026863515377044678e-02 8.738909363746643066e-01
4.784195423126220703e-01 9.223276376724243164e-01
4.493325650691986084e-01 7.399656772613525391e-01
5.715206861495971680e-01 4.886078834533691406e-01
6.090465188026428223e-01 5.497089624404907227e-01
4.109487533569335938e-01 8.696283698081970215e-01
4.040212333202362061e-01 2.641528844833374023e-01
1.737323999404907227e-01 8.869694471359252930e-01
2.574725449085235596e-01 2.209337502717971802e-01
4.753641188144683838e-01 2.030671685934066772e-01
4.019019901752471924e-01 5.008032321929931641e-01
2.269417792558670044e-01 4.977189600467681885e-01
7.135779261589050293e-01 9.660856127738952637e-01
3.523880243301391602e-01 9.303743839263916016e-01
2.642008960247039795e-01 4.456146359443664551e-01
7.518022060394287109e-01 2.039523124694824219e-01
5.330949425697326660e-01 7.141710519790649414e-01
5.414056181907653809e-01 7.034429311752319336e-01
8.622084856033325195e-01 3.867915570735931396e-01
2.885810732841491699e-01 1.791758686304092407e-01
7.300708889961242676e-01 7.726677060127258301e-01
1.642478704452514648e-01 4.160194396972656250e-01
7.023976445198059082e-01 5.284033417701721191e-01
3.146931231021881104e-01 8.864919543266296387e-01
3.917416557669639587e-02 3.735583126544952393e-01
8.688353300094604492e-01 6.326252222061157227e-01
7.608249187469482422e-01 2.036487460136413574e-01
4.115287363529205322e-01 3.164278864860534668e-01
7.339847683906555176e-01 6.083255410194396973e-01
6.523729562759399414e-01 5.973628163337707520e-01
9.981369972229003906e-01 7.029548287391662598e-01
9.305700659751892090e-01 7.713241875171661377e-02
5.381931066513061523e-01 6.393566727638244629e-01
7.074901461601257324e-01 1.806337200105190277e-02
5.884587168693542480e-01 8.694009184837341309e-01
9.426481127738952637e-01 6.774706244468688965e-01
9.988831281661987305e-01 2.436522096395492554e-01
4.273637533187866211e-01 1.816632598638534546e-01
1.565476506948471069e-01 6.042520999908447266e-01
4.148936271667480469e-01 8.187952637672424316e-01
9.977024197578430176e-01 9.868068993091583252e-02
4.955038130283355713e-01 7.211348414421081543e-01
9.217016100883483887e-01 9.614238739013671875e-01
3.999647498130798340e-01 8.208954334259033203e-01
6.682882308959960938e-01 7.594072222709655762e-01
7.683523297309875488e-01 9.434078633785247803e-02
5.096369981765747070e-02 4.566903710365295410e-01
2.938030064105987549e-01 7.712484598159790039e-01
5.139762163162231445e-01 3.236064612865447998e-01
1.637732237577438354e-01 3.469040393829345703e-01
3.548583388328552246e-01 2.474778741598129272e-01
3.554877340793609619e-01 9.026776254177093506e-02
4.651124179363250732e-01 1.753579676151275635e-01
2.985970377922058105e-01 3.399301767349243164e-01
8.205561041831970215e-01 1.900990456342697144e-01
6.157284602522850037e-02 8.076525330543518066e-01
4.584107398986816406e-01 6.260901093482971191e-01
2.797876251861453056e-03 2.651041448116302490e-01
2.059981673955917358e-01 3.973085880279541016e-01
6.957769393920898438e-01 6.151375174522399902e-01
1.691756993532180786e-01 1.067596897482872009e-01
1.695639044046401978e-01 3.766660094261169434e-01
8.104115128517150879e-01 4.881962835788726807e-01
4.520604312419891357e-01 6.046444177627563477e-02
9.855598211288452148e-01 8.753715753555297852e-01
1.806810349225997925e-01 9.677639007568359375e-01
7.214747071266174316e-01 3.010339736938476562e-01
3.416664302349090576e-01 4.225710034370422363e-01
5.722150206565856934e-01 3.879376128315925598e-02
8.546025156974792480e-01 7.737479358911514282e-02
9.196894764900207520e-01 1.185157075524330139e-01
1.601225733757019043e-01 4.864009022712707520e-01
3.468231260776519775e-01 5.969357490539550781e-01
8.984683156013488770e-01 1.824087277054786682e-02
2.474244832992553711e-01 5.025389194488525391e-01
5.849856138229370117e-01 4.588341712951660156e-01
2.339991927146911621e-02 2.000588029623031616e-01
4.819138944149017334e-01 4.635684192180633545e-01
7.466733455657958984e-01 4.467793703079223633e-01
5.238435268402099609e-01 2.829338610172271729e-01
3.189714550971984863e-01 7.501338124275207520e-01
8.075407743453979492e-01 5.807836651802062988e-01
2.776900827884674072e-01 6.701239943504333496e-01
3.317254781723022461e-01 4.224629402160644531e-01
1.702919006347656250e-01 8.804318308830261230e-01
2.335693538188934326e-01 9.600329399108886719e-01
6.295118331909179688e-01 5.215336680412292480e-01
6.754244565963745117e-01 7.959362864494323730e-01
5.150470137596130371e-01 5.876464843750000000e-01
2.451807707548141479e-01 5.741571784019470215e-01
5.290161371231079102e-01 3.794466257095336914e-01
7.084628939628601074e-01 4.191161394119262695e-01
4.381725490093231201e-01 9.009941816329956055e-01
5.092069506645202637e-01 3.045702576637268066e-01
7.287413477897644043e-01 9.438391327857971191e-01
3.786061108112335205e-01 2.891175746917724609e-01
9.583839774131774902e-01 8.733479380607604980e-01
1.136224046349525452e-01 3.182207420468330383e-02
9.229898452758789062e-02 1.123500708490610123e-02
2.355832755565643311e-01 9.159877896308898926e-01
4.018558859825134277e-01 4.585475623607635498e-01
3.960659503936767578e-01 8.320565819740295410e-01
8.914002776145935059e-01 3.096302747726440430e-01
4.950305223464965820e-01 4.881120324134826660e-01
8.532243371009826660e-01 6.075323224067687988e-01
7.801585197448730469e-01 3.232734203338623047e-01
2.134881168603897095e-02 3.908576071262359619e-01
9.175302982330322266e-01 1.986794918775558472e-01
6.316105127334594727e-01 1.115064769983291626e-01
2.669777274131774902e-01 6.245574951171875000e-01
6.345999836921691895e-01 5.654710531234741211e-01
6.189337745308876038e-02 2.750479578971862793e-01
9.592163562774658203e-01 5.437334775924682617e-01
3.738583624362945557e-01 4.323472976684570312e-01
2.820777297019958496e-01 9.102066755294799805e-01
7.346682548522949219e-01 9.392905235290527344e-01
7.243348956108093262e-01 2.264472469687461853e-02
1.435042470693588257e-01 5.461075901985168457e-02
6.413584947586059570e-01 5.913901329040527344e-01
9.562646746635437012e-01 2.498993724584579468e-01
3.253303468227386475e-01 8.360362648963928223e-01
9.407638013362884521e-02 8.590337634086608887e-02
6.783580183982849121e-01 4.794552922248840332e-01
9.216752648353576660e-01 5.991817116737365723e-01
2.020629197359085083e-01 9.943082332611083984e-01
8.771172761917114258e-01 5.786521732807159424e-02
8.032078146934509277e-01 3.594944477081298828e-01
9.862952828407287598e-01 4.570854306221008301e-01
1.365028768777847290e-01 6.031857728958129883e-01
6.714153289794921875e-01 3.916945159435272217e-01
1.482702493667602539e-01 3.651964366436004639e-01
8.705279231071472168e-01 2.939821183681488037e-01
3.236152976751327515e-02 9.849696159362792969e-01
4.044835269451141357e-01 7.291829586029052734e-01
3.763096034526824951e-01 6.978349685668945312e-01
6.673679351806640625e-01 7.319645285606384277e-01
3.747354149818420410e-01 4.367179572582244873e-01
5.904564857482910156e-01 7.163759469985961914e-01
3.781923949718475342e-01 7.259246706962585449e-02
6.907830834388732910e-01 4.212203323841094971e-01
8.918748497962951660e-01 6.105448007583618164e-01
6.422348618507385254e-01 3.573269844055175781e-01
3.454092144966125488e-01 2.651552557945251465e-01
7.209607958793640137e-01 5.079583730548620224e-03
7.626452296972274780e-02 4.072425961494445801e-01
5.000269412994384766e-01 8.870397806167602539e-01
1.245611608028411865e-01 1.560156643390655518e-01
1.284348666667938232e-01 3.426848351955413818e-01
3.262348473072052002e-01 5.981508493423461914e-01
6.144645214080810547e-01 3.466595411300659180e-01
7.100859284400939941e-01 4.616517573595046997e-02
5.767331123352050781e-01 9.171881675720214844e-01
9.469943046569824219e-01 3.181698322296142578e-01
7.036467790603637695e-01 7.269529104232788086e-01
8.121880888938903809e-01 4.276878014206886292e-02
6.669291257858276367e-01 7.932981252670288086e-01
6.980925798416137695e-02 4.939138293266296387e-01
3.441666066646575928e-01 3.731580078601837158e-01
5.440170168876647949e-01 5.741102099418640137e-01
8.500816226005554199e-01 4.667194187641143799e-01
2.642895877361297607e-01 5.102801918983459473e-01
8.276628255844116211e-01 6.806051135063171387e-01
7.812699079513549805e-01 5.905167460441589355e-01
9.916688799858093262e-01 7.664102911949157715e-01
8.081353902816772461e-01 1.644737273454666138e-01
9.225985407829284668e-01 5.379538610577583313e-02
3.784731328487396240e-01 8.324046432971954346e-02
7.861307859420776367e-01 4.167857170104980469e-01
6.541123390197753906e-01 2.101741582155227661e-01
3.751037418842315674e-01 6.169371604919433594e-01
1.820169389247894287e-02 9.815142154693603516e-01
5.537812709808349609e-01 5.857723951339721680e-01
2.387363016605377197e-01 2.722390294075012207e-01
9.385722875595092773e-01 7.808522582054138184e-01
2.936853468418121338e-01 2.877695262432098389e-01
9.391866922378540039e-01 1.832549721002578735e-01
4.622465670108795166e-01 3.884874582290649414e-01
7.652448862791061401e-02 5.775415301322937012e-01
2.780908346176147461e-01 4.081386029720306396e-01
3.407648801803588867e-01 6.772966384887695312e-01
7.109787464141845703e-01 5.703933238983154297e-01
9.219717383384704590e-01 7.950565963983535767e-02
5.872166901826858521e-02 6.163117885589599609e-01
4.966246336698532104e-02 7.367274910211563110e-02
4.361287653446197510e-01 5.258980393409729004e-01
3.653643131256103516e-01 4.957220256328582764e-01
4.232626855373382568e-01 8.300035595893859863e-01
3.519403338432312012e-01 5.765609145164489746e-01
5.695953220129013062e-02 7.770538926124572754e-01
9.948406815528869629e-01 3.077158331871032715e-02
1.464733928442001343e-01 7.862208485603332520e-01
5.879369974136352539e-01 4.172490239143371582e-01
6.391625404357910156e-01 5.202389955520629883e-01
8.474481701850891113e-01 8.965157866477966309e-01
9.746862649917602539e-01 3.296384215354919434e-01
5.261775255203247070e-01 7.060047388076782227e-01
6.050694584846496582e-01 5.423265695571899414e-01
