9.486222863197326660e-01 1.409905701875686646e-01
3.114291727542877197e-01 2.248534560203552246e-01
3.087369203567504883e-01 2.270942926406860352e-01
1.591757833957672119e-01 9.020717442035675049e-02
9.164262562990188599e-02 1.267891079187393188e-01
4.947138428688049316e-01 7.066596299409866333e-02
4.200130999088287354e-01 8.270659446716308594e-01
1.405243277549743652e-01 7.319707274436950684e-01
5.577315688133239746e-01 3.505509495735168457e-01
1.188735589385032654e-01 5.423813462257385254e-01
6.458136439323425293e-01 5.770856738090515137e-01
3.875930309295654297e-01 4.575734026730060577e-03
2.836446166038513184e-01 7.889413237571716309e-01
5.282939076423645020e-01 9.288751482963562012e-01
6.759957075119018555e-01 9.505619406700134277e-01
9.400559663772583008e-01 7.895381450653076172e-01
5.653408169746398926e-01 6.819074153900146484e-01
8.096325993537902832e-01 7.729250192642211914e-01
8.165199756622314453e-01 5.011112987995147705e-02
5.726021528244018555e-01 4.522217214107513428e-01
4.937663674354553223e-01 2.224268019199371338e-01
3.053954541683197021e-01 1.678837984800338745e-01
8.468447923660278320e-01 9.670756459236145020e-01
8.887723088264465332e-01 8.690941333770751953e-01
1.330397427082061768e-01 5.981757044792175293e-01
7.008320689201354980e-01 9.936898946762084961e-01
7.064067125320434570e-01 1.702096313238143921e-01
4.753502011299133301e-01 8.581741452217102051e-01
3.970281481742858887e-01 5.233002826571464539e-02
3.545907437801361084e-01 6.827501207590103149e-02
7.997294664382934570e-01 9.290732145309448242e-01
4.854932427406311035e-01 9.783583879470825195e-01
6.065039634704589844e-01 3.303513824939727783e-01
8.581758737564086914e-01 3.843026757240295410e-01
6.247904896736145020e-01 7.250019907951354980e-01
5.589944124221801758e-01 6.599053144454956055e-01
1.322509497404098511e-01 9.562813639640808105e-01
8.910552859306335449e-01 9.843035042285919189e-02
7.001945376396179199e-01 1.895461231470108032e-01
7.042061686515808105e-01 7.870874404907226562e-01
6.404777765274047852e-01 9.331367611885070801e-01
4.357599318027496338e-01 4.048018530011177063e-02
7.495663166046142578e-01 5.386203527450561523e-01
9.104104042053222656e-01 9.160860776901245117e-01
5.536139607429504395e-01 6.623791456222534180e-01
9.564262628555297852e-01 6.571905612945556641e-01
5.994637608528137207e-01 3.914712369441986084e-01
7.736538052558898926e-01 3.727956712245941162e-01
1.858697235584259033e-01 2.635470330715179443e-01
2.452713847160339355e-01 9.313638210296630859e-01
9.517326354980468750e-01 1.914169490337371826e-01
4.766778349876403809e-01 8.339571356773376465e-01
3.174167871475219727e-01 7.458789348602294922e-01
2.770009040832519531e-01 2.306000441312789917e-01
4.889818653464317322e-02 1.888343244791030884e-01
1.662702858448028564e-01 1.972569674253463745e-01
6.072747707366943359e-01 6.244824528694152832e-01
6.739754676818847656e-01 3.670482635498046875e-01
4.180330932140350342e-01 4.532429873943328857e-01
3.684603869915008545e-01 8.394728302955627441e-01
3.278603032231330872e-02 9.771471023559570312e-01
1.116560697555541992e-01 3.687998279929161072e-02
2.317227572202682495e-01 1.926009953022003174e-01
6.510724425315856934e-01 1.597492396831512451e-01
7.911698222160339355e-01 2.371213138103485107e-01
4.426818788051605225e-01 4.227779805660247803e-01
9.237985014915466309e-01 8.330910466611385345e-03
1.862949430942535400e-01 3.233633041381835938e-01
6.438183784484863281e-01 2.625215053558349609e-01
5.051268935203552246e-01 9.765502810478210449e-01
9.429209828376770020e-01 5.555690526962280273e-01
8.498173356056213379e-01 8.184574246406555176e-01
5.080760717391967773e-01 1.502720713615417480e-01
7.480235099792480469e-01 5.399339795112609863e-01
7.960388064384460449e-01 3.904765844345092773e-01
8.853570371866226196e-02 1.465795040130615234e-01
4.044751226902008057e-01 7.050979733467102051e-01
6.735889911651611328e-01 9.241296052932739258e-01
4.328840374946594238e-01 9.555413126945495605e-01
6.412953138351440430e-01 3.291611969470977783e-01
7.995577454566955566e-01 9.608615636825561523e-01
4.178822040557861328e-01 8.840637803077697754e-01
1.873717308044433594e-01 9.006850123405456543e-01
2.401796281337738037e-01 7.234476208686828613e-01
7.508407235145568848e-01 1.878830939531326294e-01
4.190155267715454102e-01 5.515792965888977051e-01
4.958317875862121582e-01 2.641049623489379883e-01
5.507453083992004395e-01 7.189676165580749512e-01
8.970342874526977539e-01 2.457734569907188416e-02
4.237468838691711426e-01 3.794386684894561768e-01
2.894072532653808594e-01 2.500831782817840576e-01
6.710516214370727539e-01 3.838807046413421631e-01
7.882004976272583008e-01 6.610964238643646240e-02
2.290888316929340363e-02 2.314714491367340088e-01
1.122127026319503784e-01 9.799093008041381836e-01
3.685227334499359131e-01 1.404472347348928452e-02
9.741768836975097656e-01 5.599116086959838867e-01
3.373744487762451172e-01 6.427070498466491699e-01
4.151566624641418457e-01 2.849493324756622314e-01
5.758076906204223633e-01 7.506262660026550293e-01
9.433263540267944336e-01 8.309146761894226074e-02
8.142929673194885254e-01 9.193850755691528320e-01
4.003536999225616455e-01 6.203481554985046387e-01
4.870023429393768311e-01 8.243548274040222168e-01
6.268730759620666504e-01 8.664604425430297852e-01
6.398971080780029297e-01 3.236958682537078857e-01
9.900193214416503906e-01 8.489956259727478027e-01
5.126150250434875488e-01 2.529765963554382324e-01
8.897561430931091309e-01 5.106604099273681641e-02
4.452907145023345947e-01 2.500243484973907471e-01
7.477244138717651367e-01 7.016102671623229980e-01
6.106488704681396484e-01 2.941043376922607422e-01
6.989465951919555664e-01 8.863518238067626953e-01
7.508141994476318359e-01 2.292937189340591431e-01
3.653204143047332764e-01 9.976029992103576660e-01
7.142311334609985352e-01 6.561570167541503906e-01
2.970131337642669678e-01 9.130340218544006348e-01
3.474029898643493652e-02 7.286578416824340820e-01
7.850403189659118652e-01 5.829268097877502441e-01
2.009880244731903076e-01 2.891638576984405518e-01
2.862312793731689453e-01 6.767125725746154785e-01
9.845103025436401367e-01 4.594648778438568115e-01
8.771678805351257324e-01 8.240377902984619141e-01
7.828999161720275879e-01 3.477604687213897705e-01
2.567118108272552490e-01 2.718379795551300049e-01
7.852746248245239258e-01 4.773250222206115723e-01
6.608124971389770508e-01 6.209810376167297363e-01
8.589168787002563477e-01 2.045788466930389404e-01
5.387033522129058838e-02 3.190107047557830811e-01
6.403341889381408691e-01 4.612685739994049072e-01
8.166741728782653809e-01 7.949748635292053223e-01
8.098860979080200195e-01 1.462370008230209351e-01
3.659723699092864990e-01 7.014898955821990967e-02
7.881296873092651367e-01 6.066998243331909180e-01
1.100458428263664246e-01 9.619596004486083984e-01
7.583715915679931641e-01 3.220580220222473145e-01
3.988717198371887207e-01 3.865284919738769531e-01
4.832434356212615967e-01 2.127464264631271362e-01
5.883463621139526367e-01 7.313524484634399414e-01
8.872134685516357422e-01 8.109730482101440430e-02
9.329161047935485840e-01 5.952267646789550781e-01
5.080773830413818359e-01 8.544912338256835938e-01
2.393429130315780640e-01 8.352218866348266602e-01
7.405800223350524902e-01 9.622338414192199707e-01
8.035878539085388184e-01 1.365396082401275635e-01
1.699165254831314087e-01 5.796351432800292969e-01
3.476665019989013672e-01 9.469867944717407227e-01
3.790237009525299072e-01 8.616989254951477051e-01
7.637723684310913086e-01 9.969393610954284668e-01
6.961991786956787109e-01 2.260956913232803345e-01
5.791933536529541016e-01 7.666689157485961914e-02
9.229120612144470215e-01 6.723770499229431152e-02
4.189581871032714844e-01 1.665185838937759399e-01
4.330520927906036377e-01 2.231624275445938110e-01
5.539892986416816711e-02 1.428185105323791504e-01
4.954226613044738770e-01 3.617520034313201904e-01
8.588944077491760254e-01 8.730526566505432129e-01
7.796723246574401855e-01 5.148331448435783386e-02
8.724414706230163574e-01 7.180365324020385742e-01
1.755340993404388428e-01 2.833496332168579102e-01
5.049421191215515137e-01 6.535057425498962402e-01
9.793819785118103027e-01 4.295790195465087891e-01
3.136488422751426697e-02 9.597812592983245850e-02
2.546677365899085999e-03 9.500773549079895020e-01
8.577030897140502930e-01 8.742750287055969238e-01
7.232421040534973145e-01 7.708710432052612305e-01
9.533227682113647461e-01 1.253397315740585327e-01
7.495515942573547363e-01 1.660026907920837402e-01
6.512296795845031738e-01 4.890150427818298340e-01
7.157197594642639160e-01 2.082335948944091797e-02
8.955355286598205566e-01 4.605454504489898682e-01
6.467257142066955566e-01 4.220146238803863525e-01
5.646831393241882324e-01 6.314017176628112793e-01
6.637293100357055664e-01 5.525122880935668945e-01
6.411248445510864258e-01 9.643964171409606934e-01
3.271588087081909180e-01 9.078820347785949707e-01
6.307509541511535645e-01 5.703958272933959961e-01
7.537919878959655762e-01 9.883721172809600830e-02
5.557434558868408203e-01 9.553010016679763794e-02
6.027871966361999512e-01 8.692131042480468750e-01
7.613948732614517212e-02 6.477330327033996582e-01
3.013043105602264404e-01 1.017889007925987244e-03
6.027864813804626465e-01 5.498304367065429688e-01
4.081003069877624512e-01 1.696660369634628296e-01
1.318697333335876465e-01 3.551879897713661194e-02
6.872357726097106934e-01 2.471986711025238037e-01
9.181854724884033203e-01 9.244527816772460938e-01
4.790269434452056885e-01 5.787577033042907715e-01
5.997597426176071167e-02 2.047543227672576904e-02
9.441925585269927979e-02 5.372877717018127441e-01
5.707253217697143555e-01 9.629020094871520996e-01
1.137050688266754150e-01 3.912047147750854492e-01
9.841157793998718262e-01 6.636333465576171875e-01
1.681169122457504272e-01 6.587440520524978638e-02
6.459008455276489258e-01 2.886954545974731445e-01
8.697943389415740967e-02 3.776832520961761475e-01
1.678117066621780396e-01 6.940911412239074707e-01
1.131938099861145020e-01 9.681898355484008789e-01
5.336297154426574707e-01 7.801228165626525879e-01
6.957821846008300781e-01 4.371052384376525879e-01
7.598276734352111816e-01 2.840371131896972656e-01
9.295843839645385742e-01 1.981068253517150879e-01
7.613115012645721436e-02 7.097768187522888184e-01
9.450784884393215179e-03 4.633505642414093018e-01
7.171842455863952637e-01 8.733854889869689941e-01
7.425832748413085938e-01 9.822149276733398438e-01
1.685726046562194824e-01 9.292283058166503906e-01
6.348925828933715820e-01 7.069001793861389160e-01
4.557945132255554199e-01 6.543576717376708984e-01
1.624928601086139679e-02 5.326414108276367188e-01
8.960498571395874023e-01 9.560509324073791504e-01
7.230120897293090820e-01 3.441245257854461670e-01
4.952727854251861572e-01 8.927497267723083496e-01
4.020509719848632812e-01 4.315480887889862061e-01
8.403674513101577759e-02 9.880819916725158691e-01
9.882860183715820312e-01 4.043386578559875488e-01
8.357946276664733887e-01 1.795241087675094604e-01
1.021782755851745605e-01 8.286725282669067383e-01
5.302041172981262207e-01 8.512535095214843750e-01
7.116760611534118652e-01 9.626142978668212891e-01
8.095967769622802734e-01 7.410323023796081543e-01
1.686009168624877930e-01 2.329443544149398804e-01
7.090719342231750488e-01 7.968801259994506836e-01
5.138595104217529297e-01 9.288914799690246582e-01
6.654185652732849121e-01 8.503467440605163574e-01
1.561191529035568237e-01 5.073652267456054688e-01
4.821544587612152100e-01 8.158020973205566406e-01
9.745133519172668457e-01 7.703375220298767090e-01
5.402201414108276367e-01 8.637770414352416992e-01
6.039416193962097168e-01 1.823878884315490723e-01
8.522399663925170898e-01 1.635058820247650146e-01
3.478974848985671997e-02 6.710349917411804199e-01
8.975268602371215820e-01 6.116606593132019043e-01
6.523582339286804199e-01 2.936275899410247803e-01
5.156121850013732910e-01 7.138985991477966309e-01
6.373634934425354004e-01 2.442744821310043335e-01
2.223917990922927856e-01 1.662615686655044556e-01
5.092614144086837769e-02 6.663148850202560425e-02
7.413734197616577148e-01 3.282338082790374756e-01
6.359995603561401367e-01 2.628397569060325623e-02
4.932388067245483398e-01 6.238259673118591309e-01
3.913195803761482239e-02 5.107016563415527344e-01
8.766948580741882324e-01 1.474061757326126099e-01
4.147687852382659912e-01 7.490249723196029663e-02
6.535418629646301270e-01 3.363599777221679688e-01
9.753719717264175415e-02 6.374598145484924316e-01
7.653443813323974609e-01 4.920685887336730957e-01
5.148892402648925781e-01 9.732671380043029785e-01
2.856884300708770752e-01 4.074851274490356445e-01
5.861872434616088867e-01 3.183424174785614014e-01
2.665590941905975342e-01 1.492493748664855957e-01
5.683751702308654785e-01 4.793678820133209229e-01
9.098044037818908691e-01 9.904940128326416016e-01
7.987673282623291016e-01 3.786740005016326904e-01
2.418245077133178711e-01 5.642310976982116699e-01
7.475856542587280273e-01 8.127017617225646973e-01
4.771972596645355225e-01 1.430592834949493408e-01
7.913314700126647949e-01 8.985055685043334961e-01
5.901333689689636230e-01 2.528774738311767578e-01
4.738255143165588379e-01 2.746120691299438477e-01
4.197385013103485107e-01 7.852159738540649414e-01
1.004652902483940125e-01 1.477993726730346680e-01
2.254689782857894897e-01 5.112655460834503174e-02
5.499132275581359863e-01 5.305476784706115723e-01
4.689456149935722351e-02 4.931774362921714783e-02
9.827901124954223633e-01 8.820605874061584473e-01
5.693076848983764648e-01 8.097193837165832520e-01
3.102731108665466309e-01 9.751402735710144043e-01
6.681383848190307617e-01 8.929496407508850098e-01
1.847053617238998413e-01 1.098507940769195557e-01
5.333146452903747559e-01 3.462134003639221191e-01
7.412367463111877441e-01 5.853202939033508301e-01
2.998887747526168823e-02 6.999435424804687500e-01
1.544048488140106201e-01 2.151878317818045616e-03
8.114175796508789062e-01 8.822627663612365723e-01
8.517488837242126465e-02 6.261764764785766602e-01
6.719393730163574219e-01 3.242198610678315163e-03
9.485158324241638184e-01 1.522228568792343140e-01
1.807819157838821411e-01 2.598429918289184570e-01
8.122343420982360840e-01 1.147380657494068146e-02
7.974166274070739746e-01 7.253152132034301758e-02
4.678790271282196045e-01 1.873554289340972900e-01
6.672642827033996582e-01 4.182859063148498535e-01
1.237768121063709259e-02 8.536559939384460449e-01
3.643996715545654297e-01 9.925434589385986328e-01
1.457338631153106689e-01 2.634577453136444092e-01
8.225067257881164551e-01 5.886706113815307617e-01
6.152058243751525879e-01 6.949182152748107910e-01
8.581225275993347168e-01 1.422883123159408569e-01
8.928240537643432617e-01 4.669446349143981934e-01
8.795750141143798828e-01 4.818487465381622314e-01
4.604720175266265869e-01 9.286428689956665039e-01
3.047169446945190430e-01 8.908162713050842285e-01
1.258273869752883911e-01 6.765314936637878418e-01
2.945197820663452148e-01 2.671072185039520264e-01
7.058401703834533691e-01 6.481896638870239258e-01
3.503316640853881836e-01 8.674535900354385376e-02
5.657040476799011230e-01 4.906723201274871826e-01
8.103882670402526855e-01 3.388771116733551025e-01
7.087142467498779297e-01 6.988784670829772949e-01
7.386843562126159668e-01 1.057844460010528564e-01
6.888772845268249512e-01 5.679797530174255371e-01
7.575755715370178223e-01 6.710689514875411987e-02
2.089909017086029053e-01 2.056635022163391113e-01
9.005299806594848633e-01 8.209209442138671875e-01
2.292795181274414062e-01 8.134848475456237793e-01
8.958287835121154785e-01 3.830796778202056885e-01
1.944078803062438965e-01 1.096489876508712769e-01
7.220147848129272461e-01 7.250636070966720581e-02
9.240727871656417847e-02 1.422465145587921143e-01
1.917501688003540039e-01 4.797413051128387451e-01
7.813258469104766846e-02 1.056846678256988525e-01
5.575077608227729797e-02 8.801562190055847168e-01
1.614284813404083252e-01 4.706546068191528320e-01
5.783153176307678223e-01 1.412583440542221069e-01
6.950996518135070801e-01 5.700312182307243347e-02
9.596105813980102539e-01 9.722460508346557617e-01
3.036746941506862640e-02 9.404919147491455078e-01
7.957308292388916016e-01 7.069025039672851562e-01
3.606775403022766113e-02 7.037154436111450195e-01
7.357721328735351562e-01 7.085243463516235352e-01
9.363159537315368652e-01 5.826782584190368652e-01
9.778460264205932617e-01 8.475372791290283203e-01
6.657730937004089355e-01 2.717524170875549316e-01
5.677658319473266602e-01 9.869599938392639160e-01
1.830569356679916382e-01 8.245211839675903320e-01
8.328372240066528320e-02 9.537853300571441650e-02
6.289260387420654297e-01 7.689400017261505127e-02
8.072091937065124512e-01 9.373010993003845215e-01
7.134764194488525391e-01 9.058073759078979492e-01
6.131883859634399414e-01 2.380514889955520630e-01
5.060079693794250488e-01 3.886606097221374512e-01
3.611949086189270020e-01 5.885891318321228027e-01
1.616201400756835938e-01 5.279251933097839355e-01
3.805859386920928955e-01 6.456295251846313477e-01
1.548557877540588379e-01 7.693684697151184082e-01
6.487902998924255371e-01 1.205664724111557007e-01
8.283254504203796387e-01 8.375217318534851074e-01
1.604303531348705292e-02 8.711993694305419922e-01
2.360507249832153320e-01 2.052339613437652588e-01
6.681210994720458984e-01 2.937045991420745850e-01
4.203510284423828125e-01 3.827175796031951904e-01
8.465434312820434570e-01 5.386895537376403809e-01
4.672687649726867676e-01 3.694080710411071777e-01
2.560980916023254395e-01 9.161395430564880371e-01
7.477857470512390137e-01 6.916178017854690552e-02
3.689379692077636719e-01 4.889679551124572754e-01
3.307344019412994385e-01 5.214406251907348633e-01
6.705319285392761230e-01 4.673959314823150635e-02
1.004841625690460205e-01 3.337663412094116211e-02
8.425641655921936035e-01 9.837797284126281738e-01
9.417543411254882812e-01 6.696237623691558838e-02
1.488940119743347168e-01 7.565021514892578125e-01
3.295887708663940430e-01 1.526139974594116211e-01
4.037741720676422119e-01 5.722442269325256348e-01
9.632039070129394531e-01 6.962324380874633789e-01
5.824831128120422363e-01 4.816543757915496826e-01
1.478067040443420410e-01 1.170291304588317871e-01
9.254327416419982910e-01 7.086338400840759277e-01
7.747244834899902344e-01 1.707796752452850342e-01
4.931953251361846924e-01 8.098046183586120605e-01
7.473946213722229004e-01 3.654041513800621033e-02
8.712012171745300293e-01 8.823473751544952393e-02
1.854408830404281616e-01 3.732172846794128418e-01
6.553022861480712891e-01 8.290306329727172852e-01
8.446449637413024902e-01 6.880738586187362671e-02
1.573687493801116943e-01 1.936853826045989990e-01
9.898465871810913086e-01 7.511005401611328125e-01
4.840505421161651611e-01 5.527572631835937500e-01
6.528464555740356445e-01 9.039232134819030762e-01
1.025866717100143433e-03 2.039765715599060059e-01
9.718592762947082520e-01 2.716746367514133453e-02
2.775263786315917969e-01 9.838277101516723633e-01
8.167777061462402344e-01 2.636468410491943359e-02
6.133606433868408203e-01 6.054156422615051270e-01
4.072185233235359192e-02 4.049422442913055420e-01
7.396354079246520996e-01 9.439282417297363281e-01
1.793625652790069580e-01 2.874686121940612793e-01
5.643303990364074707e-01 1.468167640268802643e-02
2.124570496380329132e-02 2.835302054882049561e-01
9.763731360435485840e-01 3.088207542896270752e-01
5.655421018600463867e-01 4.519044756889343262e-01
4.987371265888214111e-01 1.431477665901184082e-01
9.818002581596374512e-01 1.819344609975814819e-01
6.242249011993408203e-01 7.151855230331420898e-01
7.176191210746765137e-01 4.389097690582275391e-01
7.120221853256225586e-01 7.527918219566345215e-01
4.494532048702239990e-01 7.432735562324523926e-01
1.686230003833770752e-01 1.760666519403457642e-01
9.093397855758666992e-02 5.167922377586364746e-01
9.246712327003479004e-01 6.567196846008300781e-01
5.854113958775997162e-03 8.938885331153869629e-01
4.178294539451599121e-01 3.308696672320365906e-02
7.801418304443359375e-01 1.776155382394790649e-01
4.757060408592224121e-01 4.076654613018035889e-01
4.338412880897521973e-01 2.762013673782348633e-02
6.023964285850524902e-01 7.065017223358154297e-01
5.054060816764831543e-01 7.217743992805480957e-01
4.828237891197204590e-01 9.184445738792419434e-01
4.426216483116149902e-01 6.692001223564147949e-01
9.273875951766967773e-01 2.451594471931457520e-01
5.330758094787597656e-01 8.234886527061462402e-01
9.525483250617980957e-01 6.097338795661926270e-01
9.300723075866699219e-01 1.546957790851593018e-01
1.089243069291114807e-01 7.572576999664306641e-01
7.190409302711486816e-01 4.588797092437744141e-01
7.767582535743713379e-01 1.772111207246780396e-01
2.479338347911834717e-01 8.696232438087463379e-01
6.534803509712219238e-01 9.227514266967773438e-01
2.297603935003280640e-01 1.666873246431350708e-01
9.273099303245544434e-01 4.439409077167510986e-01
9.294375777244567871e-01 9.591236114501953125e-01
5.629671812057495117e-01 4.530443549156188965e-01
7.301470041275024414e-01 2.026725560426712036e-01
6.927538514137268066e-01 2.158527821302413940e-01
6.985554099082946777e-01 4.499888718128204346e-01
3.444034755229949951e-01 8.035842776298522949e-01
8.506701588630676270e-01 4.853868484497070312e-01
7.135275006294250488e-01 6.195147037506103516e-01
4.540961086750030518e-01 9.090667366981506348e-01
5.814668536186218262e-01 8.237256109714508057e-02
2.680557370185852051e-01 9.221782088279724121e-01
5.350033938884735107e-02 8.273270726203918457e-01
8.860381841659545898e-01 9.950662255287170410e-01
5.176023244857788086e-01 9.954655766487121582e-01
1.741707175970077515e-01 8.461551070213317871e-01
6.562086343765258789e-01 7.085208892822265625e-01
5.801858305931091309e-01 1.696128100156784058e-01
4.514765143394470215e-01 2.978086471557617188e-01
8.840327262878417969e-01 2.121208161115646362e-01
6.877272129058837891e-01 4.392527043819427490e-02
7.148209214210510254e-01 2.762065231800079346e-01
4.905096590518951416e-01 3.850795626640319824e-01
3.188097476959228516e-01 8.478000164031982422e-01
3.343868851661682129e-01 1.637509614229202271e-01
3.101335167884826660e-01 5.734108686447143555e-01
4.675807654857635498e-01 2.127880007028579712e-01
3.981310129165649414e-01 1.438749283552169800e-01
8.972756266593933105e-01 2.078581005334854126e-01
5.256180763244628906e-01 2.107356786727905273e-01
5.056083798408508301e-01 2.994688451290130615e-01
9.904075264930725098e-01 3.710538148880004883e-02
1.628215312957763672e-01 3.979429602622985840e-01
5.631207227706909180e-01 2.511758506298065186e-01
4.185080826282501221e-01 5.861350893974304199e-02
5.292729139328002930e-01 6.300389021635055542e-02
6.185482144355773926e-01 7.771270275115966797e-01
3.800832629203796387e-01 2.273194938898086548e-01
5.211272239685058594e-01 3.193867802619934082e-01
1.112599372863769531e-01 4.126551151275634766e-01
5.062032341957092285e-01 7.193499803543090820e-01
6.553044915199279785e-01 7.585898637771606445e-01
3.141297399997711182e-01 2.273423224687576294e-01
7.148749232292175293e-01 2.842954993247985840e-01
4.852714836597442627e-01 1.466266661882400513e-01
8.667551875114440918e-01 8.996430039405822754e-01
3.448969721794128418e-01 1.654259264469146729e-01
3.141614496707916260e-01 3.512592613697052002e-01
9.959564357995986938e-02 2.913055121898651123e-01
4.760516881942749023e-01 8.484565019607543945e-01
8.657455444335937500e-01 2.291862107813358307e-02
8.524805903434753418e-01 9.989742934703826904e-02
7.103378176689147949e-01 5.513290166854858398e-01
7.750494480133056641e-01 5.639435648918151855e-01
1.610058732330799103e-02 7.868265509605407715e-01
8.336497545242309570e-01 3.198717832565307617e-01
7.488673329353332520e-01 9.887007474899291992e-01
4.760357439517974854e-01 6.730478405952453613e-01
6.505114724859595299e-04 8.359636664390563965e-01
2.802038490772247314e-01 1.580249220132827759e-01
3.196118175983428955e-01 8.231018185615539551e-01
6.249265670776367188e-01 9.000363945960998535e-01
9.147623181343078613e-01 4.777677655220031738e-01
5.438869595527648926e-01 6.106777191162109375e-01
8.458770513534545898e-01 6.365919113159179688e-01
9.037733078002929688e-01 8.064817190170288086e-01
3.593932688236236572e-01 6.765808463096618652e-01
2.299163676798343658e-02 1.365139186382293701e-01
3.070324957370758057e-01 5.822513103485107422e-01
1.839301139116287231e-01 8.781742453575134277e-01
5.635290145874023438e-01 5.727367848157882690e-02
4.169368445873260498e-01 8.114203810691833496e-02
9.061080813407897949e-01 7.260862737894058228e-02
3.684948384761810303e-01 1.011098846793174744e-01
9.151562452316284180e-01 2.853666543960571289e-01
3.065663874149322510e-01 4.330681264400482178e-01
6.508114337921142578e-01 9.882248640060424805e-01
4.624480307102203369e-01 4.086892306804656982e-01
2.343978881835937500e-01 8.828285932540893555e-01
9.257803559303283691e-01 6.318091154098510742e-01
8.056437969207763672e-02 9.992435574531555176e-01
7.947899103164672852e-01 1.369410604238510132e-01
1.906253211200237274e-02 1.368198096752166748e-01
3.205559551715850830e-01 8.850718736648559570e-01
2.610733807086944580e-01 3.516241014003753662e-01
9.223068356513977051e-01 7.562848925590515137e-01
3.125944137573242188e-01 7.503339052200317383e-01
3.628405034542083740e-01 8.193094134330749512e-01
5.652708411216735840e-01 1.818448901176452637e-01
7.324936389923095703e-01 6.605301797389984131e-02
2.869677357375621796e-02 7.207572460174560547e-01
6.934465169906616211e-01 8.558031320571899414e-01
4.468944370746612549e-01 1.398794446140527725e-02
8.454760313034057617e-01 3.101249337196350098e-01
1.723513454198837280e-01 7.218019962310791016e-01
6.948131322860717773e-01 8.364342451095581055e-01
6.519300341606140137e-01 1.810656040906906128e-01
4.341831505298614502e-01 7.315701246261596680e-01
9.576300978660583496e-01 6.770578026771545410e-01
4.964864850044250488e-01 7.904970645904541016e-01
9.295558929443359375e-01 7.826561331748962402e-01
7.027434706687927246e-01 4.619718194007873535e-01
8.446632623672485352e-01 9.694889187812805176e-01
8.688498139381408691e-01 5.942028760910034180e-01
5.948725342750549316e-01 4.628777205944061279e-01
2.328129857778549194e-01 7.203406095504760742e-01
6.237149834632873535e-01 9.003555774688720703e-01
1.681033074855804443e-01 9.070180058479309082e-01
7.974763512611389160e-01 2.284513860940933228e-01
5.457912087440490723e-01 2.899388596415519714e-02
2.619034051895141602e-01 9.459505081176757812e-01
4.733367562294006348e-01 1.760981082916259766e-01
9.483703970909118652e-01 6.960290670394897461e-01
4.279621541500091553e-01 8.203131705522537231e-02
7.918067574501037598e-01 4.149773716926574707e-02
7.823453545570373535e-01 9.157117009162902832e-01
5.597031712532043457e-01 2.751377224922180176e-02
5.577426552772521973e-01 8.106048703193664551e-01
7.653174996376037598e-01 3.823143839836120605e-01
6.114490032196044922e-01 8.898277282714843750e-01
6.595567464828491211e-01 2.158870100975036621e-01
2.565025985240936279e-01 2.855207026004791260e-01
5.911157727241516113e-01 3.003428578376770020e-01
2.125531136989593506e-01 8.110768795013427734e-01
1.513948738574981689e-01 2.256869673728942871e-01
4.051373898983001709e-02 8.677750229835510254e-01
7.974520325660705566e-01 1.725578308105468750e-01
3.618828058242797852e-01 2.324085980653762817e-01
2.388321608304977417e-01 5.949987769126892090e-01
7.601824402809143066e-01 5.957601666450500488e-01
7.231381535530090332e-01 1.995398700237274170e-01
8.190626502037048340e-01 6.810069084167480469e-01
5.378677845001220703e-01 1.260802615433931351e-02
1.441677212715148926e-01 2.414061278104782104e-01
4.599732756614685059e-01 2.716929279267787933e-02
1.978970365598797798e-03 3.968322575092315674e-01
6.650419831275939941e-01 6.106961145997047424e-02
5.969609618186950684e-01 7.146597504615783691e-01
4.853625297546386719e-01 7.150350809097290039e-01
8.724919557571411133e-01 7.578309178352355957e-01
5.411937236785888672e-01 1.158295944333076477e-01
4.338372871279716492e-02 2.619930803775787354e-01
1.875887811183929443e-01 9.558995366096496582e-01
9.559088349342346191e-01 9.241462349891662598e-01
2.806721329689025879e-01 7.467877864837646484e-02
2.594136893749237061e-01 1.135801449418067932e-01
8.467878699302673340e-01 8.547926545143127441e-01
8.293607234954833984e-01 8.085738420486450195e-01
9.137691855430603027e-01 8.157940506935119629e-01
3.834049403667449951e-01 5.837091803550720215e-01
1.521266996860504150e-01 6.222124397754669189e-02
1.598483324050903320e-01 1.662285327911376953e-01
9.538859128952026367e-02 1.637907177209854126e-01
7.100067138671875000e-01 4.355182647705078125e-01
5.099418759346008301e-01 8.456219434738159180e-01
1.334206312894821167e-01 7.413272857666015625e-01
4.922175109386444092e-01 6.894937753677368164e-01
4.023986458778381348e-01 8.590996265411376953e-01
3.188384473323822021e-01 8.584827780723571777e-01
2.933694124221801758e-01 4.565423354506492615e-02
6.757651567459106445e-01 1.514638215303421021e-01
3.849690258502960205e-01 1.361082792282104492e-01
3.293908201158046722e-03 5.904197692871093750e-01
6.702665090560913086e-01 5.103389024734497070e-01
9.033868908882141113e-01 2.861641347408294678e-01
4.199549555778503418e-01 7.564991116523742676e-01
7.528740167617797852e-01 7.734851241111755371e-01
2.121307104825973511e-01 7.916489839553833008e-01
6.586019881069660187e-03 5.295296311378479004e-01
7.441715002059936523e-01 8.551883697509765625e-01
3.353199064731597900e-01 6.523962616920471191e-01
5.048372149467468262e-01 2.033483684062957764e-01
9.676982760429382324e-01 6.502910852432250977e-01
3.790744841098785400e-01 8.802250027656555176e-02
7.617626786231994629e-01 8.682209253311157227e-01
6.800737380981445312e-01 4.810851216316223145e-01
9.071903675794601440e-02 8.173926472663879395e-01
1.901681721210479736e-01 9.522551298141479492e-01
3.342754840850830078e-01 4.566717520356178284e-02
7.132959961891174316e-01 8.052230477333068848e-01
2.331526763737201691e-02 6.808898448944091797e-01
7.230213880538940430e-01 8.448702096939086914e-01
4.425970613956451416e-01 1.554643809795379639e-01
6.649735569953918457e-01 3.358985781669616699e-01
7.970086336135864258e-01 9.179290533065795898e-01
5.353679060935974121e-01 8.068928718566894531e-01
7.395846247673034668e-01 8.478385806083679199e-01
1.424517035484313965e-01 1.962290853261947632e-01
2.486850619316101074e-01 2.486256062984466553e-01
7.203785181045532227e-01 1.177320033311843872e-01
1.204251050949096680e-01 4.594908356666564941e-01
1.623755544424057007e-01 5.160593986511230469e-01
2.281551957130432129e-01 2.496933639049530029e-01
4.216292500495910645e-01 5.658845305442810059e-01
4.185041189193725586e-01 7.392920851707458496e-01
1.414016336202621460e-01 9.318082332611083984e-01
5.060092210769653320e-01 7.843668460845947266e-01
6.312817335128784180e-01 7.705574631690979004e-01
3.073669970035552979e-01 7.594051957130432129e-01
3.355378210544586182e-01 7.633638978004455566e-01
7.001893520355224609e-01 6.713495254516601562e-01
2.703311741352081299e-01 8.876355290412902832e-01
8.024437427520751953e-01 7.314878702163696289e-01
2.983711063861846924e-01 6.653088927268981934e-01
4.961929023265838623e-01 9.400218129158020020e-01
4.514717757701873779e-01 1.229447424411773682e-01
3.911914229393005371e-01 1.835730224847793579e-01
3.499398827552795410e-01 2.108794599771499634e-01
2.816642224788665771e-01 6.402409076690673828e-01
2.889900505542755127e-01 1.934257745742797852e-01
2.631013393402099609e-01 8.566778302192687988e-01
4.032306373119354248e-01 9.890550971031188965e-01
6.593392491340637207e-01 5.893143415451049805e-01
6.977656483650207520e-01 6.011880636215209961e-01
7.253628969192504883e-02 2.637398242950439453e-01
6.032250355929136276e-03 4.886807501316070557e-01
3.064100397750735283e-03 3.579600751399993896e-01
7.166301608085632324e-01 6.187088489532470703e-01
7.316015958786010742e-01 1.981826722621917725e-01
5.325256586074829102e-01 2.804194018244743347e-02
9.564775042235851288e-03 3.464260399341583252e-01
6.620649248361587524e-02 2.533942759037017822e-01
2.302530705928802490e-01 3.261870145797729492e-02
5.057634711265563965e-01 7.981010079383850098e-01
2.001842707395553589e-01 8.401799798011779785e-01
1.321100890636444092e-01 9.342454671859741211e-01
2.422339022159576416e-01 9.349018335342407227e-01
7.829409837722778320e-01 8.305210471153259277e-01
4.454273879528045654e-01 8.304492235183715820e-01
7.693956494331359863e-01 9.547208994626998901e-02
3.984778225421905518e-01 7.557515501976013184e-01
7.368748188018798828e-01 2.255253642797470093e-01
2.057668864727020264e-01 4.058592915534973145e-01
3.615127205848693848e-01 9.129254817962646484e-01
4.526047706604003906e-01 3.393319547176361084e-01
6.820706129074096680e-01 6.337643265724182129e-01
8.440656065940856934e-01 8.432267233729362488e-03
9.951746463775634766e-01 6.741319894790649414e-01
6.651327013969421387e-01 5.548705458641052246e-01
2.316775619983673096e-01 4.707281887531280518e-01
9.281398653984069824e-01 3.510828018188476562e-01
9.715183377265930176e-01 3.974311351776123047e-01
1.142873093485832214e-01 3.023235797882080078e-01
6.407629251480102539e-01 6.876990795135498047e-01
8.167802691459655762e-01 6.172518730163574219e-01
9.203203320503234863e-01 3.205118477344512939e-01
8.280131816864013672e-01 7.935530543327331543e-01
4.937500059604644775e-01 8.190360665321350098e-01
9.797936677932739258e-01 6.314071416854858398e-01
5.118438601493835449e-01 1.286224424839019775e-01
5.030254721641540527e-01 7.866851687431335449e-01
6.081938147544860840e-01 2.444261908531188965e-01
5.533502697944641113e-01 2.255706489086151123e-02
6.987273097038269043e-01 9.792907238006591797e-01
5.282549858093261719e-01 4.339779019355773926e-01
6.573347449302673340e-01 7.253639698028564453e-01
5.536673665046691895e-01 8.572862744331359863e-01
9.700909256935119629e-01 1.028347238898277283e-01
2.409505993127822876e-01 3.498043715953826904e-01
4.194073677062988281e-01 5.292147397994995117e-02
9.693474769592285156e-01 6.169934868812561035e-01
2.443696558475494385e-01 2.811594009399414062e-01
7.464072704315185547e-01 4.301740527153015137e-01
7.614664435386657715e-01 2.587908506393432617e-01
1.042767912149429321e-01 7.893159389495849609e-01
8.212416768074035645e-01 1.456068605184555054e-01
2.317811548709869385e-01 8.260281682014465332e-01
4.776733219623565674e-01 3.646915256977081299e-01
9.444274306297302246e-01 3.467524349689483643e-01
9.259497523307800293e-01 8.697762489318847656e-01
5.927122831344604492e-01 3.089791536331176758e-01
2.927829921245574951e-01 7.007126808166503906e-01
6.598871201276779175e-02 6.883271932601928711e-01
5.224593877792358398e-01 7.726972699165344238e-01
6.116532683372497559e-01 9.842982292175292969e-01
8.101955056190490723e-01 4.075219333171844482e-01
7.872318625450134277e-01 2.192807644605636597e-01
4.375261366367340088e-01 1.438644677400588989e-01
8.400853872299194336e-01 2.806155383586883545e-01
7.146011590957641602e-01 6.414301395416259766e-01
3.849387466907501221e-01 7.731738686561584473e-01
7.468388676643371582e-01 7.431185841560363770e-01
3.474476039409637451e-01 3.054245188832283020e-02
7.374756932258605957e-01 7.765560746192932129e-01
4.080682396888732910e-01 8.962507247924804688e-01
4.409430027008056641e-01 7.509145736694335938e-01
4.868481755256652832e-01 3.421156704425811768e-01
5.515627861022949219e-01 9.951670169830322266e-01
4.339209198951721191e-01 4.726655781269073486e-01
6.914388388395309448e-02 8.493480682373046875e-01
4.419235587120056152e-01 4.829664826393127441e-01
4.821625649929046631e-01 5.658768415451049805e-01
8.540357947349548340e-01 9.232191741466522217e-02
5.327442288398742676e-01 2.036353647708892822e-01
1.873905509710311890e-01 2.412017285823822021e-01
6.407892107963562012e-01 8.154650330543518066e-01
3.684940636157989502e-01 3.760266005992889404e-01
7.418769598007202148e-01 1.793262362480163574e-01
7.884173393249511719e-01 8.497752994298934937e-02
3.005257844924926758e-01 2.096392214298248291e-01
1.562675647437572479e-02 1.683416068553924561e-01
6.602248549461364746e-01 8.579885363578796387e-01
1.164785251021385193e-01 1.345469709485769272e-02
9.164626002311706543e-01 5.832419395446777344e-01
5.926338955760002136e-02 9.807635843753814697e-02
4.548834562301635742e-01 2.714756727218627930e-01
9.686135500669479370e-02 9.558864831924438477e-01
9.268886409699916840e-03 8.951068520545959473e-01
9.894890785217285156e-01 7.995321154594421387e-01
5.427055358886718750e-01 4.593398422002792358e-02
4.753713961690664291e-03 9.819648861885070801e-01
6.288161873817443848e-01 1.616059690713882446e-01
7.617293596267700195e-01 2.201850414276123047e-01
5.147485733032226562e-01 5.188737511634826660e-01
5.087121129035949707e-01 9.310763329267501831e-02
8.636341094970703125e-01 6.159603595733642578e-01
9.449611306190490723e-01 7.699117064476013184e-01
7.624056339263916016e-01 3.527967035770416260e-01
5.141479372978210449e-01 1.213126182556152344e-01
2.719116508960723877e-01 6.542932987213134766e-01
4.763508737087249756e-01 2.971078753471374512e-01
9.754338860511779785e-01 9.056207537651062012e-01
8.625263571739196777e-01 3.757133185863494873e-01
2.650960683822631836e-01 2.281450331211090088e-01
9.594898223876953125e-01 1.749685704708099365e-01
6.060571074485778809e-01 4.518861174583435059e-01
6.565387248992919922e-01 4.995454251766204834e-01
9.376392364501953125e-01 3.769297897815704346e-01
3.651648163795471191e-01 1.265022438019514084e-02
9.935072064399719238e-01 7.674916088581085205e-02
1.936777234077453613e-01 8.349721431732177734e-01
4.789822697639465332e-01 1.472964435815811157e-01
7.118935585021972656e-01 5.117169767618179321e-02
6.170275211334228516e-01 2.703331410884857178e-01
3.416802287101745605e-01 8.597747087478637695e-01
2.285465598106384277e-01 9.067386984825134277e-01
7.561771869659423828e-01 1.057525724172592163e-01
8.516991734504699707e-01 3.397518694400787354e-01
9.321858882904052734e-01 3.923030495643615723e-01
3.377933502197265625e-01 9.266836643218994141e-01
2.753764949738979340e-02 5.512429475784301758e-01
9.345710277557373047e-02 4.957828521728515625e-01
8.767802119255065918e-01 7.342342287302017212e-02
5.491941571235656738e-01 6.122985482215881348e-01
1.467190533876419067e-01 8.146728873252868652e-01
6.034083962440490723e-01 6.443235874176025391e-01
6.748081445693969727e-01 3.580440282821655273e-01
4.139413591474294662e-03 8.196945190429687500e-01
8.930501341819763184e-01 8.744282126426696777e-01
8.325422406196594238e-01 7.542836070060729980e-01
6.534275412559509277e-01 4.161283373832702637e-01
8.336781263351440430e-01 6.483874320983886719e-01
2.791470289230346680e-01 3.879267871379852295e-01
3.483135700225830078e-01 9.475286304950714111e-02
1.604539901018142700e-01 7.058788537979125977e-01
3.240409791469573975e-01 4.708901345729827881e-01
4.918616414070129395e-01 1.646918356418609619e-01
5.767917633056640625e-01 8.235536217689514160e-01
2.264955639839172363e-01 2.919741570949554443e-01
2.744884192943572998e-01 3.592220246791839600e-01
9.652701020240783691e-01 7.267070412635803223e-01
2.524662613868713379e-01 1.067532822489738464e-01
1.882290244102478027e-01 3.591721057891845703e-01
6.227745413780212402e-01 8.895131945610046387e-01
6.257243752479553223e-01 4.647454023361206055e-01
5.851866006851196289e-01 7.741935849189758301e-01
2.581622004508972168e-01 8.641183376312255859e-01
4.913328588008880615e-01 8.994497060775756836e-01
7.691629528999328613e-01 6.430670022964477539e-01
1.755975484848022461e-01 9.261055588722229004e-01
7.043091654777526855e-01 9.571531414985656738e-01
6.384199261665344238e-01 4.937108606100082397e-02
1.957976520061492920e-01 8.172959685325622559e-01
2.983243763446807861e-01 7.881476879119873047e-01
5.736574530601501465e-01 4.447845220565795898e-01
1.055400446057319641e-01 6.247854232788085938e-01
4.882123172283172607e-01 6.993445158004760742e-01
5.199911594390869141e-01 3.632106781005859375e-01
7.146262526512145996e-01 8.585975170135498047e-01
9.435085654258728027e-01 7.853414416313171387e-01
3.597083985805511475e-01 6.337900161743164062e-01
8.115283846855163574e-01 2.781683802604675293e-01
7.066459059715270996e-01 9.888939857482910156e-01
1.388578861951828003e-01 4.523257017135620117e-01
4.604743421077728271e-02 1.026412025094032288e-01
7.608633637428283691e-01 4.834852516651153564e-01
2.092833966016769409e-01 1.437502801418304443e-01
6.145752668380737305e-01 8.806807994842529297e-01
4.315240308642387390e-02 5.415737628936767578e-01
8.902823328971862793e-01 6.955255568027496338e-02
7.817071080207824707e-01 5.727034807205200195e-01
3.298749029636383057e-01 6.817437410354614258e-01
2.768037915229797363e-01 6.052193641662597656e-01
8.549001216888427734e-01 2.255944758653640747e-01
3.726385235786437988e-01 2.839751243591308594e-01
3.768462538719177246e-01 1.357830478809773922e-03
4.521125555038452148e-01 9.195716381072998047e-01
6.348990201950073242e-01 8.655263781547546387e-01
2.815690636634826660e-01 3.862890601158142090e-01
8.339428901672363281e-01 7.691782116889953613e-01
8.641615509986877441e-01 9.393003582954406738e-01
1.685933917760848999e-01 4.018459320068359375e-01
6.668966412544250488e-01 7.761665582656860352e-01
7.374067306518554688e-01 5.492357015609741211e-01
1.371115744113922119e-01 7.895283102989196777e-01
7.383589148521423340e-01 4.653795659542083740e-01
5.771797299385070801e-01 7.010282278060913086e-01
7.796990871429443359e-01 7.135666608810424805e-01
5.681640505790710449e-01 6.075974106788635254e-01
7.292804718017578125e-01 7.233223319053649902e-01
2.237352132797241211e-01 5.381147265434265137e-01
2.917271554470062256e-01 8.604899644851684570e-01
7.313904762268066406e-01 2.915509045124053955e-01
4.048837721347808838e-01 8.374843001365661621e-01
7.041394710540771484e-01 1.627240478992462158e-01
5.300271511077880859e-01 9.775448441505432129e-01
2.760047614574432373e-01 3.500621020793914795e-01
9.738134145736694336e-01 2.948481142520904541e-01
6.327542066574096680e-01 1.063994392752647400e-01
7.624774575233459473e-01 2.472108751535415649e-01
6.268484592437744141e-01 9.367376565933227539e-01
4.013697504997253418e-01 8.687434792518615723e-01
4.677937030792236328e-01 4.120533466339111328e-01
4.398740530014038086e-01 6.716611981391906738e-01
6.334086656570434570e-01 2.482604533433914185e-01
8.572955131530761719e-01 3.172254562377929688e-02
1.077655609697103500e-02 1.163264289498329163e-01
4.117676317691802979e-01 5.877667069435119629e-01
7.310999631881713867e-01 7.734256982803344727e-02
6.765126585960388184e-01 7.752761244773864746e-01
7.980287075042724609e-01 1.888671815395355225e-01
6.370536684989929199e-01 3.398553431034088135e-01
6.871680617332458496e-01 2.555536925792694092e-01
5.903578996658325195e-01 3.298543095588684082e-01
2.801033556461334229e-01 5.447503924369812012e-01
7.792084813117980957e-01 8.877691030502319336e-01
4.724537730216979980e-01 7.114008069038391113e-03
3.192106634378433228e-02 2.956161499023437500e-01
3.964341282844543457e-01 1.460781693458557129e-01
4.363178908824920654e-01 6.165649890899658203e-01
1.149225980043411255e-01 2.694937586784362793e-02
7.740773558616638184e-01 8.530946373939514160e-01
6.043556928634643555e-01 8.019542098045349121e-01
7.185903191566467285e-01 8.390272855758666992e-01
9.424121975898742676e-01 1.020683441311120987e-02
2.447407096624374390e-01 6.232591271400451660e-01
5.719707608222961426e-01 3.365998864173889160e-01
8.301432132720947266e-01 8.346870541572570801e-01
2.299890369176864624e-01 9.996616840362548828e-01
7.696033120155334473e-01 5.269057750701904297e-01
7.204788327217102051e-01 4.250875115394592285e-01
8.635905981063842773e-01 6.984646916389465332e-01
2.034403234720230103e-01 1.143717840313911438e-01
9.994812607765197754e-01 4.476229250431060791e-01
8.252712488174438477e-01 2.763536572456359863e-01
2.982537448406219482e-01 9.791211485862731934e-01
6.218145489692687988e-01 7.276688218116760254e-01
3.365321755409240723e-01 9.692614674568176270e-01
9.362537860870361328e-01 1.406662911176681519e-01
8.909437060356140137e-01 8.754271268844604492e-01
3.728465139865875244e-01 8.996327221393585205e-02
7.622650265693664551e-01 2.491342872381210327e-01
6.673910021781921387e-01 5.893671512603759766e-01
5.918246507644653320e-01 2.122282981872558594e-01
4.531297981739044189e-01 9.668292999267578125e-01
5.985825061798095703e-01 8.652619719505310059e-01
8.075847625732421875e-01 7.240570783615112305e-01
2.198423594236373901e-01 9.789696931838989258e-01
8.686187863349914551e-01 2.151006460189819336e-01
4.274345934391021729e-01 3.740402162075042725e-01
9.428598284721374512e-01 5.917411446571350098e-01
5.524736046791076660e-01 5.946813225746154785e-01
8.916975855827331543e-01 8.564370274543762207e-01
8.124204277992248535e-01 5.238859057426452637e-01
1.458997428417205811e-01 4.802941679954528809e-01
4.311745762825012207e-01 8.382557034492492676e-01
1.567874550819396973e-01 3.464077413082122803e-01
5.688818097114562988e-01 3.048364520072937012e-01
4.882748723030090332e-01 3.233380243182182312e-02
1.016126200556755066e-01 2.907130718231201172e-01
5.188788771629333496e-01 8.990582823753356934e-01
6.171006560325622559e-01 6.785113811492919922e-01
1.569883376359939575e-01 6.516547799110412598e-01
5.956928133964538574e-01 7.142214179039001465e-01
7.635692358016967773e-01 3.330599069595336914e-01
3.268499672412872314e-01 4.457572996616363525e-01
6.642600297927856445e-01 9.827044606208801270e-01
1.100612133741378784e-01 9.622097611427307129e-01
9.956723451614379883e-01 5.568670034408569336e-01
9.267572760581970215e-01 6.395494341850280762e-01
8.715714812278747559e-01 1.672770082950592041e-01
6.279187798500061035e-01 3.372479677200317383e-01
1.258085519075393677e-01 9.597120881080627441e-01
3.566168621182441711e-02 9.377337694168090820e-01
8.757953047752380371e-01 7.733918428421020508e-01
5.884032845497131348e-01 4.231769740581512451e-01
4.807427823543548584e-01 8.232187032699584961e-01
3.152741789817810059e-01 2.973333299160003662e-01
2.789724171161651611e-01 4.345524609088897705e-01
8.306099772453308105e-01 8.431753516197204590e-01
9.487337470054626465e-01 3.963980078697204590e-01
2.391215711832046509e-01 9.767144322395324707e-01
3.050552010536193848e-01 8.637064099311828613e-01
4.373296350240707397e-02 1.211867406964302063e-01
9.296399950981140137e-01 1.106007099151611328e-01
3.958485722541809082e-01 6.814413666725158691e-01
7.462981343269348145e-01 4.217822849750518799e-01
7.401909828186035156e-01 2.398627400398254395e-01
7.570099830627441406e-01 6.920413374900817871e-01
7.992840409278869629e-01 1.421142071485519409e-01
7.962146997451782227e-01 7.183136940002441406e-01
5.751893520355224609e-01 7.946554571390151978e-02
6.414550542831420898e-01 2.137180268764495850e-01
3.799547255039215088e-01 3.762382641434669495e-02
8.365015983581542969e-01 5.291697382926940918e-01
4.815209805965423584e-01 5.357733964920043945e-01
6.614151000976562500e-01 6.491036415100097656e-01
5.244740247726440430e-01 3.542855381965637207e-01
4.921548664569854736e-01 6.950904130935668945e-01
8.909038305282592773e-01 7.538334131240844727e-01
4.879424571990966797e-01 2.403890639543533325e-01
7.030757665634155273e-01 3.312416374683380127e-01
3.775669634342193604e-01 8.753612041473388672e-01
6.357375979423522949e-01 6.983531713485717773e-01
6.311667561531066895e-01 1.733616590499877930e-01
2.060435712337493896e-03 7.811249699443578720e-03
2.045791000127792358e-01 8.025654554367065430e-01
2.203225623816251755e-03 1.350190192461013794e-01
4.853250980377197266e-01 7.130529880523681641e-01
8.967570662498474121e-01 5.924744009971618652e-01
8.668861985206604004e-01 9.588294029235839844e-01
8.574836850166320801e-01 9.138785600662231445e-01
3.434481322765350342e-01 5.109168887138366699e-01
5.694513916969299316e-01 5.416214093565940857e-02
3.678555786609649658e-01 7.063007354736328125e-01
5.193083882331848145e-01 1.790987998247146606e-01
3.256090283393859863e-01 5.072084665298461914e-01
5.622550845146179199e-01 1.029368024319410324e-02
1.829433292150497437e-01 2.130847424268722534e-01
3.977286219596862793e-01 3.986538648605346680e-01
6.389968395233154297e-01 6.291270256042480469e-02
4.442398250102996826e-01 1.069252118468284607e-01
6.381654739379882812e-01 7.757356762886047363e-01
9.632827043533325195e-01 4.047481715679168701e-01
4.611082971096038818e-01 2.933901846408843994e-01
6.200762987136840820e-01 3.901916742324829102e-01
3.506567180156707764e-01 1.550948768854141235e-01
7.005838751792907715e-01 9.902802705764770508e-01
6.202420592308044434e-01 9.174448996782302856e-02
2.777030766010284424e-01 1.515180319547653198e-01
6.975715756416320801e-01 4.299133718013763428e-01
1.838606894016265869e-01 1.533634364604949951e-01
3.501505553722381592e-01 4.563500583171844482e-01
7.424530982971191406e-01 7.969896197319030762e-01
7.203969359397888184e-01 9.623857140541076660e-01
2.044444531202316284e-01 9.711578488349914551e-01
6.582828760147094727e-01 5.519337058067321777e-01
6.739836335182189941e-01 8.509688377380371094e-01
8.161731362342834473e-01 7.357661724090576172e-01
7.295628190040588379e-01 5.938936471939086914e-01
2.304638624191284180e-01 1.771955788135528564e-01
2.137365043163299561e-01 5.014568567276000977e-01
7.492198944091796875e-01 3.645143806934356689e-01
4.701855480670928955e-01 9.158450365066528320e-01
5.244866609573364258e-01 6.815509796142578125e-01
7.803716659545898438e-01 1.168677881360054016e-01
1.907394081354141235e-01 1.743346452713012695e-01
9.995431303977966309e-01 3.019567430019378662e-01
9.750525951385498047e-01 3.609040975570678711e-01
9.550883769989013672e-01 6.559752859175205231e-03
7.325338721275329590e-01 3.801072835922241211e-01
3.194530904293060303e-01 1.653757393360137939e-01
4.772597923874855042e-02 6.766563653945922852e-01
8.745192289352416992e-01 1.960974484682083130e-01
9.205378890037536621e-01 1.988602578639984131e-01
8.120617270469665527e-01 2.534538507461547852e-01
3.717633187770843506e-01 5.239395499229431152e-01
9.568016976118087769e-02 3.648032248020172119e-01
8.508291840553283691e-01 2.501515150070190430e-01
5.443621873855590820e-01 6.766296923160552979e-02
2.908209860324859619e-01 8.331862092018127441e-01
7.023506164550781250e-01 4.357897937297821045e-01
3.730530142784118652e-01 1.345036327838897705e-01
4.983842074871063232e-01 4.764947593212127686e-01
1.898527145385742188e-01 3.144785463809967041e-01
6.039714813232421875e-01 9.886679649353027344e-01
7.921367287635803223e-01 9.434415102005004883e-01
6.397696733474731445e-01 4.624058306217193604e-01
9.503654241561889648e-01 6.141534447669982910e-01
7.075757384300231934e-01 5.555390939116477966e-02
3.091532588005065918e-01 3.579079508781433105e-01
3.270421624183654785e-01 2.154543101787567139e-01
5.896930098533630371e-01 1.153971776366233826e-01
9.757628440856933594e-01 6.105930209159851074e-01
7.855002880096435547e-01 2.381526380777359009e-01
6.446922421455383301e-01 6.033293604850769043e-01
1.756036281585693359e-01 8.994238972663879395e-01
7.320034503936767578e-01 8.687041401863098145e-01
7.011296153068542480e-01 2.102529704570770264e-01
4.167630672454833984e-01 8.907117843627929688e-01
7.596693634986877441e-01 2.192308157682418823e-01
8.764221072196960449e-01 9.764302521944046021e-02
5.360860228538513184e-01 5.820027589797973633e-01
4.141778945922851562e-01 2.724317014217376709e-01
6.319786310195922852e-01 9.419650584459304810e-02
5.612429976463317871e-01 5.919880867004394531e-01
7.483254671096801758e-01 3.393480777740478516e-01
3.453927636146545410e-01 8.511667698621749878e-02
2.561866939067840576e-01 7.050467133522033691e-01
4.362741410732269287e-01 5.911718606948852539e-01
6.259578466415405273e-01 7.323487401008605957e-01
5.045624971389770508e-01 8.051225543022155762e-01
5.903603434562683105e-01 5.955821871757507324e-01
7.188706994056701660e-01 1.735517978668212891e-01
