7.866485118865966797e-01 2.714737653732299805e-01
2.319059893488883972e-02 2.620900869369506836e-01
5.154426097869873047e-01 8.070087432861328125e-01
7.828429341316223145e-02 8.616130352020263672e-01
1.507381349802017212e-01 9.528428316116333008e-01
9.114801287651062012e-01 3.796340525150299072e-01
3.983373939990997314e-01 6.520082056522369385e-02
4.436707794666290283e-01 7.774572968482971191e-01
4.625433087348937988e-01 8.290297389030456543e-01
9.553089141845703125e-01 9.364215135574340820e-01
2.533567249774932861e-01 4.947823286056518555e-01
4.428598880767822266e-01 1.554350554943084717e-01
8.702714443206787109e-01 4.349137842655181885e-01
3.407593965530395508e-01 8.284663558006286621e-01
4.363909959793090820e-01 5.887861922383308411e-02
5.369851589202880859e-01 1.380916777998209000e-02
5.313025712966918945e-01 5.342352390289306641e-01
5.816037654876708984e-01 7.769756913185119629e-01
8.862204551696777344e-01 5.276927351951599121e-02
1.670925319194793701e-01 9.748834967613220215e-01
1.703264117240905762e-01 3.350744768977165222e-02
9.239609241485595703e-01 5.358986854553222656e-01
4.580529034137725830e-02 8.874441981315612793e-01
4.414896667003631592e-01 9.173133969306945801e-01
9.589946269989013672e-01 2.785708606243133545e-01
7.296087741851806641e-01 3.853155067190527916e-03
4.665519595146179199e-01 6.276170611381530762e-01
6.473809480667114258e-01 7.270695567131042480e-01
3.868918418884277344e-01 7.053326368331909180e-01
1.315383464097976685e-01 4.055695533752441406e-01
7.897129654884338379e-01 5.951699614524841309e-01
9.949717521667480469e-01 5.357758402824401855e-01
7.920351028442382812e-01 7.998272776603698730e-01
4.129408299922943115e-01 8.742532134056091309e-02
6.635667085647583008e-01 3.487246632575988770e-01
5.072457194328308105e-01 3.725137710571289062e-01
4.812116920948028564e-02 8.950703144073486328e-01
3.790714740753173828e-01 8.178364038467407227e-01
6.524124145507812500e-01 7.205229997634887695e-01
4.010677337646484375e-01 5.832054615020751953e-01
6.357231736183166504e-01 2.809495627880096436e-01
6.129529476165771484e-01 9.574750065803527832e-02
7.197291851043701172e-01 9.128623008728027344e-01
2.763448655605316162e-01 9.270677566528320312e-01
6.302809119224548340e-01 4.364838302135467529e-01
5.858260020613670349e-02 5.816346406936645508e-01
3.853145539760589600e-01 9.901723265647888184e-01
2.060246318578720093e-01 3.249576091766357422e-01
5.405488014221191406e-01 5.049404501914978027e-01
6.408433318138122559e-01 1.680982857942581177e-01
4.068697988986968994e-01 3.660843968391418457e-01
6.670259833335876465e-01 7.446420192718505859e-01
3.771454989910125732e-01 9.653316140174865723e-01
5.974417328834533691e-01 1.734661906957626343e-01
3.209577798843383789e-01 2.497359514236450195e-01
3.041118681430816650e-01 8.215050697326660156e-01
8.790158629417419434e-01 7.114708423614501953e-01
1.271682530641555786e-01 6.631995737552642822e-02
7.325662970542907715e-01 9.141117334365844727e-01
5.424828529357910156e-01 4.134047031402587891e-01
9.529947489500045776e-02 4.029630422592163086e-01
4.081315398216247559e-01 9.529550075531005859e-01
6.722325086593627930e-02 3.742831051349639893e-01
6.640303134918212891e-01 6.878358721733093262e-01
6.573589444160461426e-01 7.120796442031860352e-01
5.524549484252929688e-01 6.199158430099487305e-01
4.262205362319946289e-01 7.896490693092346191e-01
2.577141225337982178e-01 7.089102864265441895e-01
6.111435592174530029e-02 7.007724046707153320e-01
1.600491404533386230e-01 2.431922107934951782e-01
9.373762011528015137e-01 8.823267221450805664e-01
1.568386703729629517e-01 6.764717102050781250e-01
5.723953843116760254e-01 8.167327642440795898e-01
9.021742343902587891e-01 8.347586393356323242e-01
8.042614161968231201e-02 3.097906708717346191e-01
7.989201545715332031e-01 7.751592397689819336e-01
1.869366317987442017e-01 1.685094982385635376e-01
3.859546482563018799e-01 8.859448432922363281e-01
4.898406267166137695e-01 9.695276618003845215e-03
5.994417667388916016e-01 1.728837341070175171e-01
6.159300804138183594e-01 8.247633576393127441e-01
3.707593977451324463e-01 5.180491209030151367e-01
4.725950658321380615e-01 2.376401126384735107e-01
4.898231029510498047e-01 7.805104255676269531e-01
4.961665570735931396e-01 9.033064246177673340e-01
1.752169281244277954e-01 3.515797257423400879e-01
4.356566667556762695e-01 6.602785587310791016e-01
9.339038282632827759e-03 7.026990056037902832e-01
4.277057051658630371e-01 9.164223074913024902e-01
1.177336350083351135e-01 7.046169787645339966e-02
6.653360128402709961e-01 5.347127467393875122e-02
4.412370026111602783e-01 1.388628184795379639e-01
5.451384782791137695e-01 4.890340864658355713e-01
1.156022921204566956e-01 1.381660848855972290e-01
5.707736015319824219e-01 8.376566767692565918e-01
5.004220008850097656e-01 5.901951789855957031e-01
5.209432840347290039e-01 2.724673151969909668e-01
6.121666431427001953e-01 8.246692419052124023e-01
6.112904548645019531e-01 1.621107906103134155e-01
7.434051632881164551e-01 2.042838782072067261e-01
5.769518017768859863e-01 5.316243767738342285e-01
2.665654718875885010e-01 5.837349221110343933e-02
2.379787415266036987e-01 7.799323201179504395e-01
5.793355703353881836e-01 5.391610264778137207e-01
7.467191815376281738e-01 3.447650074958801270e-01
8.399716019630432129e-01 8.003760874271392822e-02
4.389001131057739258e-01 5.888879299163818359e-01
3.471379280090332031e-01 6.922169923782348633e-01
3.734271526336669922e-01 3.761523589491844177e-02
2.158999294042587280e-01 9.404067397117614746e-01
6.262072175741195679e-02 7.391548752784729004e-01
6.327517032623291016e-01 4.838784635066986084e-01
5.009258985519409180e-01 4.679202437400817871e-01
3.375619947910308838e-01 5.741567611694335938e-01
6.869967579841613770e-01 7.136765122413635254e-01
9.600893259048461914e-01 6.427031755447387695e-01
9.372105598449707031e-01 7.301788330078125000e-01
4.180358052253723145e-01 7.254879474639892578e-01
5.640243887901306152e-01 5.103340148925781250e-01
1.117870062589645386e-01 1.578689962625503540e-01
7.962758094072341919e-02 9.915727972984313965e-01
3.211758732795715332e-01 3.385274112224578857e-01
8.297337293624877930e-01 6.038793325424194336e-01
4.466712176799774170e-01 2.377513237297534943e-02
4.623254835605621338e-01 2.054888904094696045e-01
5.303141474723815918e-01 9.464389085769653320e-02
6.532260179519653320e-01 2.177967727184295654e-01
5.070754885673522949e-01 8.518206477165222168e-01
7.606241106986999512e-01 6.482058167457580566e-01
5.384570956230163574e-01 6.422044038772583008e-01
1.830103062093257904e-02 7.662294507026672363e-01
1.900247633457183838e-01 9.461336731910705566e-01
5.133390426635742188e-01 4.937714636325836182e-01
9.418584108352661133e-01 3.154029250144958496e-01
7.421209812164306641e-01 3.391863405704498291e-01
5.501663088798522949e-01 1.361926198005676270e-01
6.242665648460388184e-01 8.402903079986572266e-01
9.248480796813964844e-01 1.515240669250488281e-01
5.543963909149169922e-01 6.828750371932983398e-01
2.237677276134490967e-01 7.936007529497146606e-02
8.136806488037109375e-01 1.533737182617187500e-01
8.071304559707641602e-01 7.636176943778991699e-01
9.692941904067993164e-01 1.731531322002410889e-02
3.136361539363861084e-01 1.125757694244384766e-01
3.419383615255355835e-02 9.396018385887145996e-01
1.002838462591171265e-01 5.369790792465209961e-01
2.548802196979522705e-01 5.287604033946990967e-02
7.584467530250549316e-01 4.999882280826568604e-01
5.100218653678894043e-01 9.156014919281005859e-01
1.650426238775253296e-01 3.207330703735351562e-01
6.901998519897460938e-01 6.757901906967163086e-01
2.345683574676513672e-01 1.877988278865814209e-01
6.707079242914915085e-03 8.922325968742370605e-01
6.092154383659362793e-01 4.075707495212554932e-01
2.355070970952510834e-02 7.880789637565612793e-01
3.226020932197570801e-01 6.196994781494140625e-01
4.714380502700805664e-01 4.738827943801879883e-01
3.328010737895965576e-01 1.511927992105484009e-01
8.119035959243774414e-01 5.880988240242004395e-01
7.768036723136901855e-01 5.874232649803161621e-01
2.992735803127288818e-01 4.723484218120574951e-01
8.484504222869873047e-01 9.863770008087158203e-01
5.085229277610778809e-01 4.940333068370819092e-01
2.377812117338180542e-01 6.345003247261047363e-01
6.600991487503051758e-01 5.822761654853820801e-01
9.027457237243652344e-01 9.653440117835998535e-01
2.721315622329711914e-01 8.744907975196838379e-01
7.472665905952453613e-01 7.850257158279418945e-01
6.538334488868713379e-01 5.667245388031005859e-01
4.745981693267822266e-01 1.665088832378387451e-01
2.311244457960128784e-01 4.727045297622680664e-01
2.771684527397155762e-01 1.515071541070938110e-01
8.574197292327880859e-01 4.958450496196746826e-01
6.711006164550781250e-01 7.259591817855834961e-01
2.326476275920867920e-01 4.176017343997955322e-01
1.789499968290328979e-01 9.817435145378112793e-01
1.592414677143096924e-01 8.075395822525024414e-01
8.805654048919677734e-01 8.780275285243988037e-02
6.338698863983154297e-01 4.231238961219787598e-01
3.233261704444885254e-01 1.910543590784072876e-01
2.465376108884811401e-01 5.465057492256164551e-01
1.200492084026336670e-01 6.909402012825012207e-01
6.671280413866043091e-02 6.784206628799438477e-01
3.673935532569885254e-01 5.005274415016174316e-01
4.541090130805969238e-01 1.331950575113296509e-01
6.345478445291519165e-02 7.495269179344177246e-01
9.071688055992126465e-01 6.319900751113891602e-01
6.159417033195495605e-01 1.884185671806335449e-01
8.179861903190612793e-01 2.744443118572235107e-01
4.706505239009857178e-01 5.940528512001037598e-01
6.868955492973327637e-01 8.487946987152099609e-01
6.875417232513427734e-01 3.040007650852203369e-01
1.228112354874610901e-01 3.353756070137023926e-01
1.058933660387992859e-01 7.347359657287597656e-01
7.302712798118591309e-01 7.097580432891845703e-01
9.674962759017944336e-01 5.743042230606079102e-01
7.337665557861328125e-02 1.219172552227973938e-01
5.376463532447814941e-01 1.738977991044521332e-02
2.281673997640609741e-01 1.634609997272491455e-01
3.211013674736022949e-01 1.037964075803756714e-01
5.057035088539123535e-01 6.718522310256958008e-01
2.778003811836242676e-01 6.446760296821594238e-01
1.794297844171524048e-01 7.585069537162780762e-01
6.626961827278137207e-01 5.673009157180786133e-01
6.585801839828491211e-01 4.736429452896118164e-01
6.629021763801574707e-01 9.346051514148712158e-02
6.706703305244445801e-01 9.639953374862670898e-01
6.102090477943420410e-01 6.150881052017211914e-01
1.139127016067504883e-01 4.945804476737976074e-01
8.860720396041870117e-01 7.827548980712890625e-01
4.054245054721832275e-01 1.402738392353057861e-01
5.373661518096923828e-01 3.683273196220397949e-01
9.544284082949161530e-03 6.536274552345275879e-01
8.946429491043090820e-01 3.496136888861656189e-02
1.831432878971099854e-01 2.478294074535369873e-01
3.422580957412719727e-01 8.159160614013671875e-01
3.799052536487579346e-01 5.904741287231445312e-01
5.095203518867492676e-01 2.554122209548950195e-01
4.831769764423370361e-01 5.100356936454772949e-01
1.566262990236282349e-01 4.491306245326995850e-01
4.744161367416381836e-01 1.743666976690292358e-01
9.130800962448120117e-01 7.938390970230102539e-01
6.975786089897155762e-01 9.206276535987854004e-01
2.906104326248168945e-01 2.056516110897064209e-01
2.696381211280822754e-01 2.978624403476715088e-01
8.622509837150573730e-01 6.307700872421264648e-01
8.432058244943618774e-02 8.346429467201232910e-01
9.398099780082702637e-01 6.519431471824645996e-01
1.179412752389907837e-02 4.969552457332611084e-01
6.771022081375122070e-01 5.647187232971191406e-01
2.168062478303909302e-01 8.011794090270996094e-01
2.949342876672744751e-02 1.476992219686508179e-01
9.699414968490600586e-01 1.061360761523246765e-01
6.285429596900939941e-01 8.240236043930053711e-01
2.775600366294384003e-02 6.169974207878112793e-01
1.117937415838241577e-01 9.204565882682800293e-01
9.492845535278320312e-01 8.524138927459716797e-01
5.731377601623535156e-01 6.611661314964294434e-01
9.710980057716369629e-01 3.539915382862091064e-02
6.233265399932861328e-01 5.449186265468597412e-02
5.335682034492492676e-01 3.115244209766387939e-01
6.347923725843429565e-02 8.875441551208496094e-01
8.754060864448547363e-01 3.948478996753692627e-01
7.470123171806335449e-01 8.322442770004272461e-01
8.528701663017272949e-01 8.424068093299865723e-01
2.417997568845748901e-01 8.941727876663208008e-01
3.320198953151702881e-01 6.361569464206695557e-02
3.614242672920227051e-01 4.840784966945648193e-01
5.357226729393005371e-01 7.425595521926879883e-01
5.762994289398193359e-01 1.209821626543998718e-01
7.643319964408874512e-01 1.379748582839965820e-01
3.704958856105804443e-01 7.333002090454101562e-01
5.635421872138977051e-01 9.036480784416198730e-01
5.454328060150146484e-01 4.711885154247283936e-01
3.082429766654968262e-01 5.253026485443115234e-01
1.775869429111480713e-01 8.018913865089416504e-01
7.591508030891418457e-01 3.459268063306808472e-02
1.112546771764755249e-01 7.945410609245300293e-01
4.559640884399414062e-01 8.334319591522216797e-01
8.013533949851989746e-01 8.626276254653930664e-01
5.850594043731689453e-01 2.711425721645355225e-01
8.431803584098815918e-01 5.088170170783996582e-01
9.357770681381225586e-01 8.765723109245300293e-01
3.048797547817230225e-01 8.865867853164672852e-01
2.859497629106044769e-02 7.235248088836669922e-01
9.968639016151428223e-01 2.680347263813018799e-01
1.674783825874328613e-01 7.427514195442199707e-01
5.152776837348937988e-01 2.912327945232391357e-01
2.719422876834869385e-01 3.054490983486175537e-01
8.605691790580749512e-01 6.309872269630432129e-01
9.488655924797058105e-01 3.606860637664794922e-01
7.639527320861816406e-01 7.988273501396179199e-01
9.870566725730895996e-01 8.223701119422912598e-01
4.896543174982070923e-02 3.902743458747863770e-01
6.347120404243469238e-01 8.054391145706176758e-01
2.731715440750122070e-01 1.190184578299522400e-01
9.702634215354919434e-01 9.482594728469848633e-01
8.175463676452636719e-01 8.447802662849426270e-01
3.960755765438079834e-01 6.912316679954528809e-01
1.176181882619857788e-01 6.326553821563720703e-01
3.621606826782226562e-01 5.068779587745666504e-01
3.766813278198242188e-01 5.738162398338317871e-01
3.578595221042633057e-01 4.564324617385864258e-01
3.577545285224914551e-01 4.200023114681243896e-01
1.469330638647079468e-01 1.906730383634567261e-01
9.924891591072082520e-01 7.871406674385070801e-01
6.636513471603393555e-01 4.259633123874664307e-01
6.206996440887451172e-01 7.193489670753479004e-01
3.024366497993469238e-01 7.201029062271118164e-01
5.752226710319519043e-01 3.916557729244232178e-01
3.029501065611839294e-02 7.926280498504638672e-01
5.734666585922241211e-01 8.496412634849548340e-01
5.522692203521728516e-01 1.918811351060867310e-01
5.919460654258728027e-01 6.488078236579895020e-01
1.956595778465270996e-01 1.373447626829147339e-01
8.040770292282104492e-01 5.553068518638610840e-01
4.223978221416473389e-01 9.749423265457153320e-01
5.323963984847068787e-02 6.301622390747070312e-01
1.907937228679656982e-01 7.778105884790420532e-02
6.009411215782165527e-01 5.286737084388732910e-01
3.233366608619689941e-01 2.213240116834640503e-01
7.551927566528320312e-01 8.223781585693359375e-01
6.729730367660522461e-01 2.692266106605529785e-01
8.592122793197631836e-01 6.528263688087463379e-01
2.819945812225341797e-01 8.692874908447265625e-01
1.376516819000244141e-01 6.723685264587402344e-01
3.413131833076477051e-01 7.969326376914978027e-01
1.004312485456466675e-01 8.822997808456420898e-01
7.038494348526000977e-01 7.994380593299865723e-01
7.058938145637512207e-01 6.844959855079650879e-01
7.344622015953063965e-01 6.869211047887802124e-02
2.576624751091003418e-01 3.621518909931182861e-01
7.017422914505004883e-01 9.456494450569152832e-01
1.734916493296623230e-02 5.605847239494323730e-01
1.884875893592834473e-01 2.666795551776885986e-01
7.345727682113647461e-01 3.803113847970962524e-02
1.848909854888916016e-01 8.039891719818115234e-01
8.580538034439086914e-01 3.959574103355407715e-01
1.781049557030200958e-02 4.788540303707122803e-01
8.832376599311828613e-01 4.368391036987304688e-01
5.279631614685058594e-01 9.779527187347412109e-01
6.693455576896667480e-01 6.583960652351379395e-01
6.783708930015563965e-01 5.628411173820495605e-01
9.710586667060852051e-01 4.809201657772064209e-01
1.213352568447589874e-02 8.852508664131164551e-01
7.164435982704162598e-01 7.853398323059082031e-01
1.916747391223907471e-01 9.803034663200378418e-01
3.945174217224121094e-01 5.972850322723388672e-01
8.891063332557678223e-01 5.247306227684020996e-01
3.503962978720664978e-02 8.519793152809143066e-01
8.442268967628479004e-01 9.174411892890930176e-01
2.047965377569198608e-01 3.938297629356384277e-01
6.783995032310485840e-01 7.234185338020324707e-01
9.109927713871002197e-02 7.214251160621643066e-01
2.276445180177688599e-02 8.499386310577392578e-01
9.995441138744354248e-02 3.363432288169860840e-01
9.510329365730285645e-01 5.963490605354309082e-01
5.046293735504150391e-01 8.026075363159179688e-01
2.049191296100616455e-02 2.687877416610717773e-01
6.121948361396789551e-01 1.137573271989822388e-01
1.856531053781509399e-01 6.970204114913940430e-01
9.213163852691650391e-01 6.045916676521301270e-01
1.778204888105392456e-01 4.617682397365570068e-01
9.239109605550765991e-02 1.462773233652114868e-01
3.825157284736633301e-01 8.308719843626022339e-02
6.178218126296997070e-01 3.615707159042358398e-01
7.752800583839416504e-01 2.093063145875930786e-01
8.478873968124389648e-01 4.813967347145080566e-01
7.898994684219360352e-01 2.225971370935440063e-01
9.057728052139282227e-01 6.547375321388244629e-01
4.019225239753723145e-01 2.993946671485900879e-01
6.993597745895385742e-01 8.251214623451232910e-01
1.782414764165878296e-01 1.232888624072074890e-01
2.994704246520996094e-02 2.040292173624038696e-01
4.277168214321136475e-01 3.391216099262237549e-01
7.998885512351989746e-01 9.370339512825012207e-01
7.740587592124938965e-01 1.966915577650070190e-01
5.105855464935302734e-01 8.503268957138061523e-01
7.433429360389709473e-01 7.498618364334106445e-01
8.262562751770019531e-01 6.693472862243652344e-01
6.508477330207824707e-01 9.407982826232910156e-01
5.053372383117675781e-01 2.880264632403850555e-02
8.390827178955078125e-01 8.120171427726745605e-01
7.828128337860107422e-01 8.682859539985656738e-01
8.963993787765502930e-01 3.128659129142761230e-01
6.609876751899719238e-01 3.112830817699432373e-01
2.997125089168548584e-01 6.863330602645874023e-01
5.546535849571228027e-01 3.116391003131866455e-01
8.739571571350097656e-01 6.671412587165832520e-01
2.832244038581848145e-01 1.754099279642105103e-01
3.547564744949340820e-01 2.887499630451202393e-01
6.331987977027893066e-01 7.085704803466796875e-01
9.923325479030609131e-02 3.739676773548126221e-01
8.679309487342834473e-01 9.981709718704223633e-01
4.549371898174285889e-01 6.279166340827941895e-01
9.268036484718322754e-01 7.846206426620483398e-01
9.768601059913635254e-01 4.032534360885620117e-02
9.340159893035888672e-01 6.781223416328430176e-01
1.295476108789443970e-01 2.355834655463695526e-02
2.730147540569305420e-01 1.116917654871940613e-02
8.187308311462402344e-01 3.458646312355995178e-02
3.752544522285461426e-01 5.292235016822814941e-01
3.560857474803924561e-01 1.229264661669731140e-01
6.517817825078964233e-02 8.808278292417526245e-02
7.391610145568847656e-01 9.742862582206726074e-01
8.668336272239685059e-01 4.172026813030242920e-01
2.844036221504211426e-01 9.714820384979248047e-01
9.423052072525024414e-01 9.032722711563110352e-01
9.072960615158081055e-01 8.008078932762145996e-01
1.649494022130966187e-01 7.467835545539855957e-01
6.041454672813415527e-01 9.119170308113098145e-01
8.739265203475952148e-01 9.774768352508544922e-01
6.725797057151794434e-01 8.958128690719604492e-01
1.934370547533035278e-01 2.789095342159271240e-01
2.521311938762664795e-01 7.014360427856445312e-01
3.600797057151794434e-01 8.998455107212066650e-02
7.604861855506896973e-01 5.633275210857391357e-02
5.544011592864990234e-01 8.854174613952636719e-01
2.309442460536956787e-01 1.564947068691253662e-01
7.678606510162353516e-01 3.978698253631591797e-01
8.265393972396850586e-01 6.649143695831298828e-01
3.325415551662445068e-01 9.612147808074951172e-01
9.558667540550231934e-01 9.774348139762878418e-01
5.038170889019966125e-02 4.252441227436065674e-01
4.915167987346649170e-01 5.060289502143859863e-01
7.731302976608276367e-01 8.718330264091491699e-01
4.051249325275421143e-01 2.275463491678237915e-01
7.946615815162658691e-01 9.792606830596923828e-01
8.850823044776916504e-01 8.971118927001953125e-01
3.211156725883483887e-01 8.109408020973205566e-01
1.582589559257030487e-02 9.236677289009094238e-01
9.148635268211364746e-01 6.978244185447692871e-01
9.757110476493835449e-02 1.215802505612373352e-01
1.078820452094078064e-01 2.273643612861633301e-01
7.243071198463439941e-01 2.455824464559555054e-01
7.248954176902770996e-01 2.523532807826995850e-01
7.287331223487854004e-01 1.504041403532028198e-01
5.732447504997253418e-01 7.973147034645080566e-01
4.117039591073989868e-02 6.768403649330139160e-01
8.499820232391357422e-01 1.701984107494354248e-01
7.429134845733642578e-01 3.458279371261596680e-01
6.253493428230285645e-01 4.357573390007019043e-01
4.178032875061035156e-01 8.373565077781677246e-01
2.995376586914062500e-01 9.605872631072998047e-01
2.971464097499847412e-01 9.012879729270935059e-01
3.855397105216979980e-01 8.792191147804260254e-01
4.667661190032958984e-01 8.405367136001586914e-01
7.887813448905944824e-01 4.208470284938812256e-01
8.306000828742980957e-01 4.571202024817466736e-02
7.049155831336975098e-01 3.737432062625885010e-01
7.771422863006591797e-01 6.845517084002494812e-03
3.642199039459228516e-01 9.107723832130432129e-01
9.628512859344482422e-01 6.047995090484619141e-01
8.906973600387573242e-01 7.699767351150512695e-01
5.751762539148330688e-02 5.757575109601020813e-02
3.156397640705108643e-01 8.358862996101379395e-01
5.544110536575317383e-01 2.051929235458374023e-01
8.105291128158569336e-01 3.944293558597564697e-01
5.006273984909057617e-01 7.504372596740722656e-01
3.290265202522277832e-01 8.555034995079040527e-01
6.850869655609130859e-01 5.645638704299926758e-02
5.935987234115600586e-01 9.684638977050781250e-01
3.909438252449035645e-01 7.643892765045166016e-01
3.294546306133270264e-01 1.580764651298522949e-01
4.930881559848785400e-01 8.895748853683471680e-01
1.358770877122879028e-01 1.553494334220886230e-01
7.341600060462951660e-01 5.487453341484069824e-01
5.326376557350158691e-01 3.744972348213195801e-01
2.617092132568359375e-01 5.275753736495971680e-01
7.383232116699218750e-01 1.462012082338333130e-01
6.064009666442871094e-01 2.160774730145931244e-02
7.319383621215820312e-01 3.948204219341278076e-01
8.630251884460449219e-01 9.556778669357299805e-01
1.802765130996704102e-01 8.553963899612426758e-01
6.782245039939880371e-01 2.662987112998962402e-01
9.055263400077819824e-01 6.040221452713012695e-02
6.409772038459777832e-01 7.438347935676574707e-01
9.416528344154357910e-01 8.944679498672485352e-01
1.300037559121847153e-02 3.797261789441108704e-02
8.976325988769531250e-01 8.826061338186264038e-02
9.459002614021301270e-01 7.113544940948486328e-01
3.519268929958343506e-01 5.379768610000610352e-01
4.450856745243072510e-01 7.276661396026611328e-01
2.245799452066421509e-01 2.753761708736419678e-01
5.872048139572143555e-01 8.476691246032714844e-01
9.935757517814636230e-01 5.948380231857299805e-01
8.040434718132019043e-01 3.785342276096343994e-01
3.687023709062486887e-04 3.546144813299179077e-02
6.929375231266021729e-02 2.905432581901550293e-01
7.194766402244567871e-01 3.741135299205780029e-01
4.484523534774780273e-01 3.952941894531250000e-01
1.395472884178161621e-01 9.724153876304626465e-01
8.797630071640014648e-01 9.030128717422485352e-01
2.729368209838867188e-02 8.308085799217224121e-01
8.092303574085235596e-02 3.272388577461242676e-01
1.424476653337478638e-01 5.594677925109863281e-01
8.944528698921203613e-01 3.730568885803222656e-01
4.021816253662109375e-01 4.152432680130004883e-01
1.288935542106628418e-01 2.996670305728912354e-01
7.233971357345581055e-01 7.570334076881408691e-01
6.403509974479675293e-01 8.073921203613281250e-01
6.854808926582336426e-01 2.538528442382812500e-01
1.840999536216259003e-02 2.747144103050231934e-01
3.573472499847412109e-01 2.682287096977233887e-01
7.668900489807128906e-01 4.378495812416076660e-01
6.588719487190246582e-01 8.263303041458129883e-01
1.162762269377708435e-01 1.233521327376365662e-01
9.660708159208297729e-02 4.804064035415649414e-01
4.899369180202484131e-01 1.604730635881423950e-01
2.008990198373794556e-01 4.388746619224548340e-01
9.524243474006652832e-01 1.052973195910453796e-01
4.544297456741333008e-01 3.449399173259735107e-01
1.848286837339401245e-01 8.804346323013305664e-01
7.885627746582031250e-01 4.735611677169799805e-01
7.151765376329421997e-02 2.588577270507812500e-01
3.473273515701293945e-01 8.991847634315490723e-01
5.286278724670410156e-01 2.231715470552444458e-01
4.855963885784149170e-01 6.693045049905776978e-02
6.322832703590393066e-01 7.202340960502624512e-01
6.191402673721313477e-01 1.322621852159500122e-01
6.900182962417602539e-01 3.377104178071022034e-02
6.263117194175720215e-01 7.156837582588195801e-01
3.294307887554168701e-01 4.155136644840240479e-01
2.852772176265716553e-01 2.460699528455734253e-01
2.790426015853881836e-01 7.942482829093933105e-01
5.583364367485046387e-01 7.518275380134582520e-01
2.773763835430145264e-01 1.225773543119430542e-01
3.394032418727874756e-01 6.764324307441711426e-01
1.097304895520210266e-01 4.665599763393402100e-01
9.695188403129577637e-01 7.139964401721954346e-02
1.855719685554504395e-01 2.292838543653488159e-01
7.409415245056152344e-01 8.028350472450256348e-01
4.863998293876647949e-01 3.442483842372894287e-01
3.698736429214477539e-01 1.979039311408996582e-01
4.285536333918571472e-02 7.077257633209228516e-01
7.638505697250366211e-01 3.664591908454895020e-01
4.594077169895172119e-01 8.441697955131530762e-01
5.722079277038574219e-01 3.689588606357574463e-01
2.401629388332366943e-01 3.939453959465026855e-01
7.084593772888183594e-01 3.707860708236694336e-01
4.837783277034759521e-01 8.825879096984863281e-01
7.759289741516113281e-01 2.340324670076370239e-01
4.449339807033538818e-01 1.331389546394348145e-01
9.087439775466918945e-01 7.029016613960266113e-01
1.436495929956436157e-01 9.325925111770629883e-01
9.312919974327087402e-01 1.657613664865493774e-01
1.265204995870590210e-01 8.355401754379272461e-01
6.057097315788269043e-01 7.975864410400390625e-01
4.646993875503540039e-01 1.964778751134872437e-01
5.141283869743347168e-01 4.477515518665313721e-01
1.578737795352935791e-01 4.373903945088386536e-02
8.360820412635803223e-01 6.486549377441406250e-01
5.190663971006870270e-03 5.554667115211486816e-01
5.330697894096374512e-01 9.975208044052124023e-01
2.190236449241638184e-01 7.593030929565429688e-01
1.874177753925323486e-01 1.395380795001983643e-01
2.396641969680786133e-01 4.678095579147338867e-01
1.385652571916580200e-01 1.012718677520751953e-01
6.098312139511108398e-01 9.441072940826416016e-01
9.039326310157775879e-01 6.806601881980895996e-01
4.046553969383239746e-01 1.739883869886398315e-01
2.037539780139923096e-01 8.774896264076232910e-01
5.958490967750549316e-01 9.169276952743530273e-01
9.145401716232299805e-01 5.273546576499938965e-01
8.023911714553833008e-01 5.423881411552429199e-01
9.638122916221618652e-01 5.756853818893432617e-01
5.067256093025207520e-01 1.738978782668709755e-03
8.808131814002990723e-01 5.363895297050476074e-01
7.956677079200744629e-01 2.521372437477111816e-01
1.050494983792304993e-01 2.417078316211700439e-01
5.922594070434570312e-01 4.932407736778259277e-01
4.578364789485931396e-01 6.477000713348388672e-01
9.190271496772766113e-01 4.731609225273132324e-01
7.424103021621704102e-01 3.493067622184753418e-01
9.131328463554382324e-01 3.346967399120330811e-01
6.546941995620727539e-01 7.563176751136779785e-01
6.510152816772460938e-01 7.512626647949218750e-01
7.174701690673828125e-01 5.204403400421142578e-01
7.697502970695495605e-01 2.935316264629364014e-01
7.214234024286270142e-02 2.350456118583679199e-01
8.797211050987243652e-01 3.942535221576690674e-01
9.117014408111572266e-01 6.976765394210815430e-02
9.025339484214782715e-01 3.228933811187744141e-01
4.281743168830871582e-01 9.770624637603759766e-01
6.622959375381469727e-01 2.284577494719997048e-04
3.028183281421661377e-01 1.008797511458396912e-01
8.933140039443969727e-01 2.258854731917381287e-02
7.315393537282943726e-02 4.592651426792144775e-01
2.385516464710235596e-01 8.245727419853210449e-01
5.359107851982116699e-01 3.960475325584411621e-01
7.776530385017395020e-01 6.795966029167175293e-01
4.563703238964080811e-01 2.968256771564483643e-01
8.601829409599304199e-01 4.580676853656768799e-01
8.474176526069641113e-01 2.137601375579833984e-01
7.354715466499328613e-01 7.948029637336730957e-01
3.714481890201568604e-01 7.875936031341552734e-01
3.409625291824340820e-01 9.723365902900695801e-01
7.687560319900512695e-01 7.601846456527709961e-01
1.828448027372360229e-01 7.712266594171524048e-02
8.778242468833923340e-01 8.393210172653198242e-01
7.078096866607666016e-01 8.566132783889770508e-01
3.043421208858489990e-01 9.801750183105468750e-01
1.160733401775360107e-01 9.655725359916687012e-01
6.664275377988815308e-02 7.387221455574035645e-01
8.496034741401672363e-01 5.344113111495971680e-01
1.838719123043119907e-03 4.610009789466857910e-01
6.082417964935302734e-01 1.508308947086334229e-01
6.331850886344909668e-01 6.232985258102416992e-01
6.087000370025634766e-01 9.162070155143737793e-01
4.527178108692169189e-01 9.745501279830932617e-01
9.903377890586853027e-01 7.358910441398620605e-01
1.115986406803131104e-01 2.177655547857284546e-01
7.570357918739318848e-01 2.009000480175018311e-01
1.076927706599235535e-01 2.049068659543991089e-01
2.986687421798706055e-01 6.018106639385223389e-02
6.442543864250183105e-01 8.105254173278808594e-01
6.809351444244384766e-01 3.632356822490692139e-01
7.404381036758422852e-01 6.478501558303833008e-01
1.537971347570419312e-01 5.271416902542114258e-01
2.218088209629058838e-01 4.313977062702178955e-01
8.498325943946838379e-01 1.193871349096298218e-01
5.461916327476501465e-02 7.853325605392456055e-01
2.876577079296112061e-01 4.236756563186645508e-01
7.414000034332275391e-01 7.135323286056518555e-01
2.918829321861267090e-01 5.525010228157043457e-01
4.310306012630462646e-01 2.087446115911006927e-02
7.502928376197814941e-01 9.672254323959350586e-01
3.583544492721557617e-01 5.132655426859855652e-02
4.837987720966339111e-01 9.725727438926696777e-01
9.046089053153991699e-01 8.283069729804992676e-01
7.793550491333007812e-01 1.087468713521957397e-01
3.156345188617706299e-01 3.462639078497886658e-02
4.009687900543212891e-01 1.880331337451934814e-01
8.506495356559753418e-01 9.235985279083251953e-01
4.162660613656044006e-02 8.009579032659530640e-02
3.916184306144714355e-01 4.903730154037475586e-01
2.226291000843048096e-01 4.618843793869018555e-01
4.983216822147369385e-01 5.175755172967910767e-02
4.261370599269866943e-01 9.323996305465698242e-01
4.021435230970382690e-02 1.538927108049392700e-01
7.869585156440734863e-01 9.545100331306457520e-01
1.594215333461761475e-01 5.668467655777931213e-02
5.921140313148498535e-01 8.859804868698120117e-01
6.719180345535278320e-01 8.276677131652832031e-01
8.963197469711303711e-01 5.207364633679389954e-02
7.810419797897338867e-01 8.127208948135375977e-01
2.471416145563125610e-01 7.925303578376770020e-01
6.489982604980468750e-01 6.755446791648864746e-01
2.474681288003921509e-01 8.785864710807800293e-02
9.365550279617309570e-01 4.255674779415130615e-01
3.965626358985900879e-01 2.501878440380096436e-01
5.558063387870788574e-01 5.705310106277465820e-01
3.113655447959899902e-01 4.862452298402786255e-02
5.720608234405517578e-01 8.861173987388610840e-01
2.266108244657516479e-01 4.624710083007812500e-01
7.633837461471557617e-01 9.164027571678161621e-01
7.207870483398437500e-01 2.106139808893203735e-01
5.947468280792236328e-01 2.206277698278427124e-01
9.581765532493591309e-01 5.441229939460754395e-01
9.260146021842956543e-01 3.302855789661407471e-01
3.383138179779052734e-01 6.074850559234619141e-01
6.050798892974853516e-01 2.604717016220092773e-01
6.630452275276184082e-01 8.150558471679687500e-01
4.567567408084869385e-01 5.293568372726440430e-01
5.516548156738281250e-01 8.697617650032043457e-01
9.355154037475585938e-01 5.283580422401428223e-01
7.258406877517700195e-01 8.398510515689849854e-03
4.236873984336853027e-01 7.236205041408538818e-02
3.836805820465087891e-01 1.740370094776153564e-01
1.766524165868759155e-01 2.655413746833801270e-01
2.751151621341705322e-01 2.354721724987030029e-02
4.678015708923339844e-01 1.018069908022880554e-01
9.322608113288879395e-01 6.939705926924943924e-03
6.981884241104125977e-01 9.920750260353088379e-01
3.765014410018920898e-01 2.445031702518463135e-01
2.113369703292846680e-01 7.118177413940429688e-02
9.141324162483215332e-01 7.263626456260681152e-01
7.340898513793945312e-01 1.322298943996429443e-01
3.927957415580749512e-01 3.572859168052673340e-01
9.577688574790954590e-01 1.649993211030960083e-01
8.001706600189208984e-01 7.987290024757385254e-01
8.633683323860168457e-01 6.152682006359100342e-03
4.465311169624328613e-01 1.530352979898452759e-01
6.902426481246948242e-01 2.345634400844573975e-01
7.627579569816589355e-01 3.618818819522857666e-01
7.055866718292236328e-02 7.003457546234130859e-01
4.196143448352813721e-01 8.755267262458801270e-01
2.986092269420623779e-01 9.039499759674072266e-01
7.939053773880004883e-01 5.192540287971496582e-01
6.468264460563659668e-01 9.011983871459960938e-01
6.874685883522033691e-01 4.708018600940704346e-01
8.725292086601257324e-01 9.115674495697021484e-01
9.575317502021789551e-01 8.814759254455566406e-01
4.550140500068664551e-01 4.406659305095672607e-01
2.215317338705062866e-01 4.596653208136558533e-02
8.262707591056823730e-01 5.097498893737792969e-01
5.812922716140747070e-01 2.809136807918548584e-01
5.617449283599853516e-01 1.780959069728851318e-01
1.999096199870109558e-02 9.842291474342346191e-01
5.897055864334106445e-01 6.562712788581848145e-01
8.217254281044006348e-01 7.881793975830078125e-01
9.810856580734252930e-01 2.866555154323577881e-01
5.266537666320800781e-01 2.380924075841903687e-01
5.261077284812927246e-01 4.454359710216522217e-01
4.576570689678192139e-01 6.996933221817016602e-01
6.872577667236328125e-01 8.026543855667114258e-01
2.281086295843124390e-01 9.855303764343261719e-01
3.355344384908676147e-02 1.136161237955093384e-01
6.079838871955871582e-01 1.402603983879089355e-01
7.999936342239379883e-01 5.914401412010192871e-01
6.739514470100402832e-01 2.251588702201843262e-01
6.760972738265991211e-01 6.100252866744995117e-01
6.772540807723999023e-01 2.310728877782821655e-01
5.584531426429748535e-01 2.926488220691680908e-01
6.789227128028869629e-01 3.723467588424682617e-01
5.705009102821350098e-01 9.704374670982360840e-01
5.414727702736854553e-02 1.115009654313325882e-02
8.730877041816711426e-01 6.497459411621093750e-01
9.383082985877990723e-01 6.674031615257263184e-01
4.744776487350463867e-01 1.246135681867599487e-02
4.850294589996337891e-01 8.138074874877929688e-01
6.120452880859375000e-01 6.741989254951477051e-01
7.329823374748229980e-01 5.892344117164611816e-01
1.167587786912918091e-01 1.914168894290924072e-01
8.041481971740722656e-01 5.680185183882713318e-02
9.778673648834228516e-01 8.484937548637390137e-01
5.164299011230468750e-01 5.106776952743530273e-01
6.194272637367248535e-01 7.896874547004699707e-01
6.859150528907775879e-01 9.289596080780029297e-01
5.983334183692932129e-01 4.888609647750854492e-01
2.441931366920471191e-01 3.418850526213645935e-02
3.288128972053527832e-01 4.564822614192962646e-01
9.463749527931213379e-01 4.893274009227752686e-01
3.525407239794731140e-02 3.093595802783966064e-01
4.793220758438110352e-01 9.916920214891433716e-02
8.233409523963928223e-01 7.654564976692199707e-01
2.483537942171096802e-01 4.182734191417694092e-01
8.192524313926696777e-01 5.076417922973632812e-01
8.574734926223754883e-01 5.744943022727966309e-01
6.980319619178771973e-01 8.787373304367065430e-01
3.793663904070854187e-02 3.206591010093688965e-01
7.187133431434631348e-01 1.708569377660751343e-01
6.659895181655883789e-01 7.820245027542114258e-01
9.505992382764816284e-02 3.562524914741516113e-02
6.068042516708374023e-01 5.578063726425170898e-01
6.551753282546997070e-01 2.649589180946350098e-01
1.577876210212707520e-01 8.608929514884948730e-01
1.057948023080825806e-01 9.500341862440109253e-02
1.949889957904815674e-01 6.945844888687133789e-01
9.264447689056396484e-01 7.962859272956848145e-01
1.413049548864364624e-01 1.133262291550636292e-01
4.644275307655334473e-01 5.362361669540405273e-01
9.726419448852539062e-01 1.307287067174911499e-01
8.049803227186203003e-02 3.713682591915130615e-01
7.667720317840576172e-01 8.632361888885498047e-01
5.451574921607971191e-01 7.457576394081115723e-01
2.089952379465103149e-01 3.120382428169250488e-01
5.941368937492370605e-01 4.802741408348083496e-01
4.065738320350646973e-01 3.502416908740997314e-01
1.500035673379898071e-01 5.327614545822143555e-01
6.186442971229553223e-01 9.984166622161865234e-01
2.204522639513015747e-01 5.186109989881515503e-02
2.600172460079193115e-01 1.472731679677963257e-01
3.566852509975433350e-01 3.031508624553680420e-01
6.474776864051818848e-01 3.329462409019470215e-01
6.900252103805541992e-01 2.325000427663326263e-02
7.054505497217178345e-02 5.266186315566301346e-03
5.959827899932861328e-01 6.383506059646606445e-01
5.772542953491210938e-01 2.968285977840423584e-01
4.351232349872589111e-01 1.768928021192550659e-01
4.841837286949157715e-01 8.427655100822448730e-01
4.189388155937194824e-01 4.058922231197357178e-01
3.764004707336425781e-01 5.324567481875419617e-02
6.146039366722106934e-01 4.266405403614044189e-01
8.261613845825195312e-01 5.121826380491256714e-02
9.931889176368713379e-01 8.585590124130249023e-01
9.185380339622497559e-01 2.586286365985870361e-01
8.444950580596923828e-01 6.145175099372863770e-01
5.315702557563781738e-01 1.738641709089279175e-01
7.650645375251770020e-01 8.817600011825561523e-01
7.683181166648864746e-01 1.682074666023254395e-01
2.730863690376281738e-01 8.416481614112854004e-01
4.582723081111907959e-01 1.998814493417739868e-01
2.729590833187103271e-01 9.237177371978759766e-01
2.131340801715850830e-01 6.002200245857238770e-01
9.344957470893859863e-01 7.612872719764709473e-01
3.365125656127929688e-01 4.595423638820648193e-01
3.287777900695800781e-01 8.128224611282348633e-01
3.570844978094100952e-02 8.858931660652160645e-01
5.210512876510620117e-01 2.395772784948348999e-01
4.676314890384674072e-01 6.894763708114624023e-01
1.163500696420669556e-01 9.557126164436340332e-01
7.435146570205688477e-01 1.713312566280364990e-01
5.500805377960205078e-01 8.370038270950317383e-01
7.322085499763488770e-01 7.799336910247802734e-01
6.110579967498779297e-01 7.224160432815551758e-01
5.843966603279113770e-01 6.610155701637268066e-01
6.087695956230163574e-01 8.774747848510742188e-01
2.321188151836395264e-02 8.954323828220367432e-02
2.290268689393997192e-01 5.988439917564392090e-01
1.650537103414535522e-01 9.609442204236984253e-02
7.402608990669250488e-01 1.181458458304405212e-01
9.408404231071472168e-01 7.436799407005310059e-01
9.330464005470275879e-01 5.826941132545471191e-01
3.070825524628162384e-02 7.026969790458679199e-01
9.365969896316528320e-01 7.265095710754394531e-01
7.400755584239959717e-02 3.624883294105529785e-01
3.995632231235504150e-01 4.103400707244873047e-01
7.508937120437622070e-01 9.776901006698608398e-01
6.661834716796875000e-01 6.211645603179931641e-01
9.174299240112304688e-01 8.316566795110702515e-02
4.903346598148345947e-01 8.827806711196899414e-01
9.277369379997253418e-01 6.625451892614364624e-02
7.298142313957214355e-01 3.996175527572631836e-01
3.718996047973632812e-01 2.368181496858596802e-01
1.136065475293435156e-04 1.517826169729232788e-01
5.753202438354492188e-01 7.381770014762878418e-01
6.015504524111747742e-02 7.344388961791992188e-02
8.684738278388977051e-01 4.454154372215270996e-01
3.692354559898376465e-01 5.978058576583862305e-01
6.554417014122009277e-01 3.211606144905090332e-01
3.369766175746917725e-01 3.493007421493530273e-01
4.376000463962554932e-01 2.548801898956298828e-01
6.251670122146606445e-01 5.087370872497558594e-01
8.667438030242919922e-01 5.240082368254661560e-02
7.706658840179443359e-01 2.014446705579757690e-01
8.776266872882843018e-02 3.016737401485443115e-01
9.380918741226196289e-01 5.641081929206848145e-01
9.341297745704650879e-01 3.584330081939697266e-01
5.474795699119567871e-01 8.262418210506439209e-02
2.862199842929840088e-01 5.317099690437316895e-01
5.703219175338745117e-01 9.098215699195861816e-01
1.954105943441390991e-01 4.234333932399749756e-01
4.836105704307556152e-01 9.829783812165260315e-03
8.056005239486694336e-01 2.569496631622314453e-01
3.186173141002655029e-01 1.404782533645629883e-01
1.583575010299682617e-01 6.628125905990600586e-01
9.029623270034790039e-01 8.273134231567382812e-01
4.254303574562072754e-01 9.371852278709411621e-01
3.809244558215141296e-02 5.864878296852111816e-01
5.740934014320373535e-01 4.582670331001281738e-01
1.753165125846862793e-01 9.985786862671375275e-03
7.234508395195007324e-01 7.615256309509277344e-01
3.828835487365722656e-01 7.914869189262390137e-01
6.558812260627746582e-01 8.522915840148925781e-01
1.287475228309631348e-01 7.724025249481201172e-01
9.490904957056045532e-02 6.385759711265563965e-01
6.143401265144348145e-01 3.981342315673828125e-01
7.688875794410705566e-01 7.425575256347656250e-01
4.029369354248046875e-01 5.583119988441467285e-01
7.925286293029785156e-01 4.813069701194763184e-01
7.292963862419128418e-01 1.871003955602645874e-01
2.930880188941955566e-01 4.536170065402984619e-01
7.231099605560302734e-01 9.577904939651489258e-01
5.664123892784118652e-01 7.549533247947692871e-01
9.139209985733032227e-01 9.967162609100341797e-01
1.588590629398822784e-02 5.284048318862915039e-01
6.429079771041870117e-01 2.654573917388916016e-01
1.503730099648237228e-02 8.763626962900161743e-02
7.197461724281311035e-01 6.097457408905029297e-01
5.215839743614196777e-01 7.522261142730712891e-01
8.832591772079467773e-01 3.490715324878692627e-01
7.334529757499694824e-01 7.168835997581481934e-01
7.019288539886474609e-01 9.366728067398071289e-01
1.949691474437713623e-01 6.674946844577789307e-02
8.807650804519653320e-01 3.522576987743377686e-01
7.524850964546203613e-01 7.391303777694702148e-02
8.743335008621215820e-01 9.570261240005493164e-01
6.460478305816650391e-01 9.107322096824645996e-01
5.000269412994384766e-01 9.656085819005966187e-02
6.547449827194213867e-01 2.483031600713729858e-01
2.935768663883209229e-01 2.250353544950485229e-01
9.732710123062133789e-01 9.898698329925537109e-02
5.884597897529602051e-01 6.295304894447326660e-01
9.235193729400634766e-01 7.465071678161621094e-01
7.765767574310302734e-01 8.777161836624145508e-01
2.440006881952285767e-01 8.040055632591247559e-01
5.935720801353454590e-01 4.110218286514282227e-01
5.484969615936279297e-01 8.212364315986633301e-01
1.925728023052215576e-01 2.051100879907608032e-01
2.395222783088684082e-01 2.018512189388275146e-01
9.321654438972473145e-01 3.718147575855255127e-01
6.920685172080993652e-01 8.772624135017395020e-01
2.931497432291507721e-02 1.534766852855682373e-01
5.625436902046203613e-01 9.328429698944091797e-01
2.916685044765472412e-01 7.990341782569885254e-01
6.209827661514282227e-01 8.236606717109680176e-01
2.039788067340850830e-01 2.000969052314758301e-01
1.698893755674362183e-01 5.536082759499549866e-02
2.651098966598510742e-01 5.047317147254943848e-01
8.276861906051635742e-02 7.930829524993896484e-01
2.587336897850036621e-01 8.935499787330627441e-01
8.399803936481475830e-02 5.927134677767753601e-02
3.623569309711456299e-01 7.542740553617477417e-02
1.596423089504241943e-01 2.481348812580108643e-01
9.141250252723693848e-01 9.467391371726989746e-01
1.677781045436859131e-01 9.315288662910461426e-01
8.851317167282104492e-01 5.422970280051231384e-02
7.402197718620300293e-01 4.499925076961517334e-01
4.748796820640563965e-01 4.935068190097808838e-01
7.853226065635681152e-01 2.998120784759521484e-01
7.637189701199531555e-03 9.222074151039123535e-01
3.058361448347568512e-02 9.757904410362243652e-01
6.355298757553100586e-01 2.144993543624877930e-01
1.927215605974197388e-01 9.400861859321594238e-01
6.429002881050109863e-01 5.257317051291465759e-02
7.437254190444946289e-01 6.324712038040161133e-01
7.745478749275207520e-01 1.143790185451507568e-01
2.726044356822967529e-01 8.721117973327636719e-01
6.843221187591552734e-01 6.816386580467224121e-01
7.682709097862243652e-01 1.271702945232391357e-01
7.397595047950744629e-01 9.314127564430236816e-01
4.943353533744812012e-01 6.034539937973022461e-01
6.281244158744812012e-01 7.299547791481018066e-01
4.386063814163208008e-01 2.436716109514236450e-01
2.681048810482025146e-01 5.795311331748962402e-01
9.186228513717651367e-01 2.312457710504531860e-01
8.177779912948608398e-01 8.081503510475158691e-01
6.067202091217041016e-01 4.242356121540069580e-01
6.334749460220336914e-01 8.361342549324035645e-01
8.031621575355529785e-01 7.742347717285156250e-01
9.040333628654479980e-01 4.657260477542877197e-01
9.001263380050659180e-01 9.940996766090393066e-02
5.800898075103759766e-01 9.310759305953979492e-01
4.829138815402984619e-01 3.012841641902923584e-01
8.139132708311080933e-02 6.977270245552062988e-01
8.796955347061157227e-01 2.038056552410125732e-01
1.333114951848983765e-01 1.703330427408218384e-01
8.943046331405639648e-01 4.400256574153900146e-01
6.227642297744750977e-01 2.894258797168731689e-01
1.758349686861038208e-01 1.834931820631027222e-01
5.773550271987915039e-01 8.210663795471191406e-01
8.484943509101867676e-01 3.289949595928192139e-01
4.567141234874725342e-01 4.714665412902832031e-01
3.317515254020690918e-01 1.518373936414718628e-01
5.393999814987182617e-01 6.990102529525756836e-01
3.507880270481109619e-01 2.326004505157470703e-01
1.010061614215373993e-02 4.087547063827514648e-01
7.711942791938781738e-01 9.294537305831909180e-01
6.749328970909118652e-01 4.741878509521484375e-01
8.306446671485900879e-01 7.046783566474914551e-01
7.332405447959899902e-01 9.711742401123046875e-01
2.816896140575408936e-02 3.649949282407760620e-02
9.220724105834960938e-01 2.576212584972381592e-01
1.589522659778594971e-01 4.052042067050933838e-01
9.749437570571899414e-01 4.392896294593811035e-01
6.997439861297607422e-01 6.322631239891052246e-01
7.600153684616088867e-01 4.932122528553009033e-01
7.612154483795166016e-01 6.636850833892822266e-01
8.103315830230712891e-01 8.797407150268554688e-01
9.167927503585815430e-02 5.350432991981506348e-01
2.603824734687805176e-01 1.806398779153823853e-01
8.084000945091247559e-01 9.466918706893920898e-01
2.601146101951599121e-01 1.138058751821517944e-01
8.871322274208068848e-01 7.052766084671020508e-01
6.147528886795043945e-01 5.146241784095764160e-01
8.383102416992187500e-01 1.987435817718505859e-01
2.166937589645385742e-01 1.527934223413467407e-01
5.071743130683898926e-01 6.693202853202819824e-01
4.191232025623321533e-01 2.578216195106506348e-01
6.132311820983886719e-01 2.393957972526550293e-01
2.441621273756027222e-01 5.370341539382934570e-01
3.887653350830078125e-01 7.699310779571533203e-01
6.017885804176330566e-01 4.705333709716796875e-01
4.727732837200164795e-01 6.051611304283142090e-01
8.369807004928588867e-01 8.452659249305725098e-01
7.479398846626281738e-01 5.532090663909912109e-01
3.831715285778045654e-01 5.648086667060852051e-01
8.198621869087219238e-01 5.376660227775573730e-01
5.016717314720153809e-01 7.013963535428047180e-03
4.732636809349060059e-01 9.259994840249419212e-04
2.062861919403076172e-01 2.320772968232631683e-02
3.291054964065551758e-01 8.325048089027404785e-01
1.930174231529235840e-01 1.484222710132598877e-02
7.418066263198852539e-01 7.532842755317687988e-01
9.948241114616394043e-01 6.907161474227905273e-01
8.067297339439392090e-01 7.489719390869140625e-01
5.196731686592102051e-01 8.405594825744628906e-01
7.560342550277709961e-01 7.539269328117370605e-01
4.636201858520507812e-01 1.468327268958091736e-02
2.286163121461868286e-01 2.872235774993896484e-01
2.989541888236999512e-01 2.649669647216796875e-01
2.728817425668239594e-02 2.169037759304046631e-01
7.114817500114440918e-01 8.337593078613281250e-01
4.725311994552612305e-01 2.216125279664993286e-01
1.519583910703659058e-01 5.007139444351196289e-01
2.038741260766983032e-01 3.740111291408538818e-01
6.067816913127899170e-02 6.570693254470825195e-01
8.873636722564697266e-01 4.800086021423339844e-01
7.232812643051147461e-01 5.135836601257324219e-01
6.374992132186889648e-01 5.092316865921020508e-01
5.479120612144470215e-01 4.654294550418853760e-01
1.104686316102743149e-02 9.527400135993957520e-02
4.024437442421913147e-02 1.470849066972732544e-01
2.028254419565200806e-01 4.802564382553100586e-01
7.722978591918945312e-01 8.048683404922485352e-01
5.638045072555541992e-02 1.235424354672431946e-01
9.872608780860900879e-01 8.779734969139099121e-01
6.766859292984008789e-01 1.354267150163650513e-01
4.096272885799407959e-01 4.220977425575256348e-01
9.511484503746032715e-01 7.759629487991333008e-01
5.890625119209289551e-01 5.534966588020324707e-01
8.880643844604492188e-01 9.099831581115722656e-01
2.416320592164993286e-01 3.182691931724548340e-01
3.438855409622192383e-01 3.592592179775238037e-01
5.659387111663818359e-01 2.032055109739303589e-01
3.097324967384338379e-01 8.222267776727676392e-02
3.447837755084037781e-02 4.541548490524291992e-01
8.958569169044494629e-01 8.540196418762207031e-01
8.567458987236022949e-01 7.910163402557373047e-01
7.139312028884887695e-01 2.629022300243377686e-02
8.688107132911682129e-01 7.617623209953308105e-01
5.949490070343017578e-01 4.359009861946105957e-01
5.756281018257141113e-01 1.181150004267692566e-01
2.220515161752700806e-01 8.947048783302307129e-01
5.489650368690490723e-01 4.384132921695709229e-01
4.329685866832733154e-01 1.850470751523971558e-01
6.698682904243469238e-01 7.133067846298217773e-01
8.167942762374877930e-01 7.194925546646118164e-01
6.765916198492050171e-02 9.154041409492492676e-01
1.407587379217147827e-01 8.577399253845214844e-01
6.685306429862976074e-01 9.627111256122589111e-02
3.772167861461639404e-01 9.134100675582885742e-01
9.237866401672363281e-01 9.266770482063293457e-01
6.392289996147155762e-01 2.318542897701263428e-01
5.767474770545959473e-01 9.725036621093750000e-01
8.724572062492370605e-01 6.797211170196533203e-01
4.902252256870269775e-01 4.288639724254608154e-01
8.909912407398223877e-02 6.847596764564514160e-01
8.729261755943298340e-01 6.673280000686645508e-01
6.395155191421508789e-02 6.715313792228698730e-01
6.544728875160217285e-01 8.758010864257812500e-01
7.691152095794677734e-01 7.217506766319274902e-01
8.678426146507263184e-01 2.016613632440567017e-02
9.356681257486343384e-02 8.264477252960205078e-01
8.449472188949584961e-01 2.585081160068511963e-01
4.305984079837799072e-01 9.163533449172973633e-01
4.266741871833801270e-01 4.693748354911804199e-01
2.756591141223907471e-01 5.895239710807800293e-01
7.934740781784057617e-01 8.865118622779846191e-01
3.750260174274444580e-02 8.886697292327880859e-01
5.437613725662231445e-01 3.461347520351409912e-01
2.504585087299346924e-01 5.289261341094970703e-01
5.011600255966186523e-01 7.655734419822692871e-01
