8.326624035835266113e-01 3.271346390247344971e-01
1.400171518325805664e-01 3.059085011482238770e-01
8.184050768613815308e-02 9.409880042076110840e-01
6.350462436676025391e-01 3.712605237960815430e-01
8.039247393608093262e-01 4.582278728485107422e-01
2.084680199623107910e-01 3.466450870037078857e-01
8.626188635826110840e-01 1.413141340017318726e-01
7.767430543899536133e-01 8.052546381950378418e-01
5.740126371383666992e-01 1.679528951644897461e-01
3.786830306053161621e-01 6.249188184738159180e-01
7.703943252563476562e-01 9.772073477506637573e-02
6.501111984252929688e-01 6.836680173873901367e-01
1.660725623369216919e-01 1.142067238688468933e-01
4.761967957019805908e-01 2.652277350425720215e-01
7.828925251960754395e-01 5.980334281921386719e-01
3.155556321144104004e-02 1.525353342294692993e-01
2.123207151889801025e-01 5.310883522033691406e-01
9.695348888635635376e-02 6.530246734619140625e-01
6.941729187965393066e-01 4.431639239192008972e-02
3.864793479442596436e-01 9.448325634002685547e-01
6.880891323089599609e-01 1.288703233003616333e-01
8.084318637847900391e-01 8.744471073150634766e-01
9.330191016197204590e-01 5.522037148475646973e-01
5.962937474250793457e-01 6.355420947074890137e-01
8.663426637649536133e-01 4.856679141521453857e-01
7.260947227478027344e-01 5.397069454193115234e-01
9.896515868604183197e-03 4.504944682121276855e-01
7.552358508110046387e-01 2.218096144497394562e-02
5.912333130836486816e-01 6.103687882423400879e-01
6.760116815567016602e-01 8.469270467758178711e-01
6.088537573814392090e-01 9.292957782745361328e-01
1.873218268156051636e-01 3.700611889362335205e-01
4.302294552326202393e-01 5.063888430595397949e-01
7.108867168426513672e-01 5.835684537887573242e-01
7.292336821556091309e-01 8.292064070701599121e-01
4.603982269763946533e-01 2.166412323713302612e-01
6.317942142486572266e-01 9.002749323844909668e-01
9.878994822502136230e-01 7.343286871910095215e-01
5.804524421691894531e-01 5.531749725341796875e-01
5.091292262077331543e-01 5.823449492454528809e-01
9.708247184753417969e-01 1.606772541999816895e-01
1.790461838245391846e-01 2.069628685712814331e-01
8.170623183250427246e-01 2.179511189460754395e-01
4.027071595191955566e-01 5.911130309104919434e-01
2.186583578586578369e-01 9.459466338157653809e-01
5.953642129898071289e-01 9.958539605140686035e-01
6.946661472320556641e-01 5.499511361122131348e-01
5.118831992149353027e-01 3.449710309505462646e-01
9.603178501129150391e-01 2.633572369813919067e-02
4.340313076972961426e-01 2.759742140769958496e-01
1.580970287322998047e-01 6.711219251155853271e-02
4.408160448074340820e-01 7.871493697166442871e-01
3.508145511150360107e-01 5.965694189071655273e-01
6.594576239585876465e-01 4.908635094761848450e-02
5.710084438323974609e-01 5.111504197120666504e-01
8.630613684654235840e-01 8.584640622138977051e-01
6.993352174758911133e-01 4.095163047313690186e-01
3.235916793346405029e-01 9.448323249816894531e-01
1.064227074384689331e-01 6.543047428131103516e-01
1.687994413077831268e-02 4.632619321346282959e-01
1.281195282936096191e-01 2.982460558414459229e-01
4.241165220737457275e-01 6.168313622474670410e-01
1.828775256872177124e-01 6.709887981414794922e-01
7.252922654151916504e-01 3.568319976329803467e-01
3.198855221271514893e-01 2.980593144893646240e-01
2.231229394674301147e-01 4.423067867755889893e-01
6.050135493278503418e-01 5.805360674858093262e-01
2.291489988565444946e-01 4.496563971042633057e-01
8.291290402412414551e-01 2.257660329341888428e-01
3.790892362594604492e-01 4.925624132156372070e-01
1.305333077907562256e-01 1.237119063735008240e-01
6.818538308143615723e-01 1.742659956216812134e-01
6.404688358306884766e-01 8.776311278343200684e-01
7.426438480615615845e-02 1.342948079109191895e-01
5.607961416244506836e-01 6.643646359443664551e-01
5.161025524139404297e-01 1.422652304172515869e-01
6.644786000251770020e-01 3.711533844470977783e-01
1.611150950193405151e-01 7.471810281276702881e-02
9.664108157157897949e-01 2.955362796783447266e-01
4.017022848129272461e-01 4.214457273483276367e-01
7.850339263677597046e-02 5.743501782417297363e-01
9.900634884834289551e-01 5.318076610565185547e-01
6.453084945678710938e-01 3.198119997978210449e-01
5.348972082138061523e-01 3.890250325202941895e-01
9.862037897109985352e-01 7.724968791007995605e-01
6.053025126457214355e-01 3.457396328449249268e-01
5.354259014129638672e-01 5.918698310852050781e-01
5.289919972419738770e-01 3.032715916633605957e-01
1.320143342018127441e-01 6.281487643718719482e-02
6.033480167388916016e-01 7.235404849052429199e-02
9.040687084197998047e-01 3.751198649406433105e-01
5.250564217567443848e-01 3.049337491393089294e-02
3.225543200969696045e-01 2.635564208030700684e-01
4.247920513153076172e-01 6.325595974922180176e-01
3.873941600322723389e-01 9.265877604484558105e-01
6.992084980010986328e-01 6.055690348148345947e-02
3.338165283203125000e-01 8.843873143196105957e-01
8.697721362113952637e-01 3.835610151290893555e-01
5.114115476608276367e-01 7.033476829528808594e-01
4.224154353141784668e-01 6.580525040626525879e-01
1.705540269613265991e-01 8.904926180839538574e-01
7.875192165374755859e-01 9.346017986536026001e-02
5.924933552742004395e-01 4.079760611057281494e-01
7.372392416000366211e-01 3.361006081104278564e-01
2.587497234344482422e-01 3.875120878219604492e-01
4.626198709011077881e-01 4.400742948055267334e-01
7.779484391212463379e-01 2.743892073631286621e-01
8.299409151077270508e-01 8.717657923698425293e-01
5.186039581894874573e-02 6.007360816001892090e-01
2.899016141891479492e-01 1.833549737930297852e-01
6.502519249916076660e-01 9.947028160095214844e-01
4.098501205444335938e-01 4.107740223407745361e-01
4.856676757335662842e-01 8.756347298622131348e-01
1.634026132524013519e-02 2.049176394939422607e-01
3.519705832004547119e-01 2.633834481239318848e-01
3.921192288398742676e-01 6.119273304939270020e-01
1.052097603678703308e-02 4.286078810691833496e-01
9.657858610153198242e-01 4.716520011425018311e-02
2.113332003355026245e-01 5.851129069924354553e-03
6.496379971504211426e-01 3.359333425760269165e-02
9.847915172576904297e-01 5.375012159347534180e-01
8.124347329139709473e-01 6.972507238388061523e-01
8.807408809661865234e-01 1.878052949905395508e-02
7.948921918869018555e-01 3.278923034667968750e-01
7.960706353187561035e-01 5.171421170234680176e-01
2.425578683614730835e-01 9.039577841758728027e-01
4.449087977409362793e-01 5.321488976478576660e-01
7.880353927612304688e-01 6.931987404823303223e-01
1.524540632963180542e-01 3.031937479972839355e-01
2.360462695360183716e-01 4.218833148479461670e-01
2.513166964054107666e-01 3.650241792201995850e-01
2.901828885078430176e-01 9.803958535194396973e-01
1.960657984018325806e-01 5.518864989280700684e-01
6.735883355140686035e-01 6.506981700658798218e-02
4.759946167469024658e-01 8.900405764579772949e-01
1.808594763278961182e-01 6.345877647399902344e-01
6.495155096054077148e-01 8.236563801765441895e-01
9.134790301322937012e-01 7.790561765432357788e-02
5.120716094970703125e-01 2.823974490165710449e-01
4.716238677501678467e-01 2.668904373422265053e-03
4.854544699192047119e-01 3.605106472969055176e-01
7.892177104949951172e-01 2.381078004837036133e-01
2.398659437894821167e-01 1.939464062452316284e-01
2.863719761371612549e-01 4.334006309509277344e-01
9.706742167472839355e-01 1.597695425152778625e-02
5.189422965049743652e-01 8.814578652381896973e-01
3.091079182922840118e-02 6.527029871940612793e-01
9.855570793151855469e-01 6.927201747894287109e-01
5.765497088432312012e-01 5.073210597038269043e-01
7.482289671897888184e-01 1.330911517143249512e-01
4.959608018398284912e-01 5.260230898857116699e-01
3.788846135139465332e-01 7.140082120895385742e-01
5.938296318054199219e-01 1.848775744438171387e-01
8.653406053781509399e-02 6.137624979019165039e-01
1.367629319429397583e-01 9.215037226676940918e-01
1.758984178304672241e-01 3.568548560142517090e-01
5.311751365661621094e-01 6.927461624145507812e-01
7.199574112892150879e-01 7.439946532249450684e-01
5.917391180992126465e-01 8.184293508529663086e-01
7.095830440521240234e-01 5.848657339811325073e-02
6.148402094841003418e-01 6.665998697280883789e-01
5.841071903705596924e-02 4.764834344387054443e-01
2.749475836753845215e-01 2.387029826641082764e-01
5.435281395912170410e-01 6.435425877571105957e-01
2.642690241336822510e-01 6.478677392005920410e-01
3.914653956890106201e-01 1.959056258201599121e-01
8.695821762084960938e-01 5.913485884666442871e-01
2.691519074141979218e-02 8.110504746437072754e-01
6.529222130775451660e-01 2.582410871982574463e-01
4.935362339019775391e-01 8.481258153915405273e-01
6.270370483398437500e-01 6.413546800613403320e-01
2.497360557317733765e-01 4.455712437629699707e-02
6.167532205581665039e-01 5.362432003021240234e-01
1.225084438920021057e-01 7.610765695571899414e-01
6.130158901214599609e-01 6.094039082527160645e-01
9.617586731910705566e-01 9.460792541503906250e-01
7.632285952568054199e-01 9.128322005271911621e-01
1.567551642656326294e-01 2.672953903675079346e-01
5.915324687957763672e-01 5.734661221504211426e-01
4.807772934436798096e-01 4.286510869860649109e-02
5.341052412986755371e-01 8.968709036707878113e-03
2.343158125877380371e-01 7.677158117294311523e-01
1.876753866672515869e-01 5.356496572494506836e-01
8.667647242546081543e-01 2.853150665760040283e-02
5.284624695777893066e-01 6.105011701583862305e-01
7.741499543190002441e-01 4.365831315517425537e-01
6.935024261474609375e-01 3.445517271757125854e-02
7.842961549758911133e-01 8.495210409164428711e-01
9.934905171394348145e-02 4.179778993129730225e-01
9.140655994415283203e-01 8.870295286178588867e-01
8.014540672302246094e-01 5.966749191284179688e-01
6.113137006759643555e-01 4.087743461132049561e-01
4.373424351215362549e-01 4.854402244091033936e-01
9.865460395812988281e-01 7.100132107734680176e-02
6.859399378299713135e-03 3.010719120502471924e-01
2.276029437780380249e-01 8.920313715934753418e-01
7.589893341064453125e-01 7.108490467071533203e-01
7.594395875930786133e-01 6.596177816390991211e-01
4.031964838504791260e-01 1.658654063940048218e-01
2.632113099098205566e-01 6.316929459571838379e-01
1.666771322488784790e-01 6.333864331245422363e-01
6.758415699005126953e-01 1.078323572874069214e-01
9.433854222297668457e-01 4.082084596157073975e-01
1.023268103599548340e-01 2.756861150264739990e-01
1.881659775972366333e-01 9.082211852073669434e-01
6.502110362052917480e-01 8.585980534553527832e-02
3.175814449787139893e-01 9.254527688026428223e-01
6.194032430648803711e-01 7.498582601547241211e-01
9.087639451026916504e-01 7.140771150588989258e-01
9.805873632431030273e-01 5.996881127357482910e-01
9.796198606491088867e-01 9.826633334159851074e-01
6.668542027473449707e-01 6.052102446556091309e-01
6.141864657402038574e-01 6.186248660087585449e-01
2.341755181550979614e-01 6.626609563827514648e-01
7.329235672950744629e-01 8.542311787605285645e-01
9.686548709869384766e-01 1.962113380432128906e-01
7.369539737701416016e-01 5.246947333216667175e-02
5.901947021484375000e-01 8.785881996154785156e-01
4.429444074630737305e-01 5.345774292945861816e-01
5.602935552597045898e-01 4.870554208755493164e-01
3.101531863212585449e-01 5.012980103492736816e-01
4.542681872844696045e-01 6.003583073616027832e-01
6.273205876350402832e-01 9.628811478614807129e-01
7.722015380859375000e-01 6.418018937110900879e-01
8.826295137405395508e-01 2.798770070075988770e-01
7.456400990486145020e-01 2.718913853168487549e-01
8.882133364677429199e-01 2.181321233510971069e-01
4.048687815666198730e-01 9.493754506111145020e-01
4.306852519512176514e-01 4.800406098365783691e-01
9.808292984962463379e-01 9.644965529441833496e-01
6.233537197113037109e-01 5.746480226516723633e-01
2.694839239120483398e-01 4.601753950119018555e-01
1.815332472324371338e-01 6.143518090248107910e-01
1.573563665151596069e-01 6.345599889755249023e-02
7.705017328262329102e-01 1.244760304689407349e-01
2.789483405649662018e-02 6.499175429344177246e-01
6.345294713973999023e-01 8.399844765663146973e-01
4.876516163349151611e-01 6.677360534667968750e-01
6.153241395950317383e-01 9.374462962150573730e-01
2.785497903823852539e-01 6.592667698860168457e-01
1.482129395008087158e-01 8.015450835227966309e-01
7.445355653762817383e-01 7.905463576316833496e-01
1.302231699228286743e-01 6.144717931747436523e-01
2.962183356285095215e-01 8.216046094894409180e-01
9.727109074592590332e-01 3.063808381557464600e-01
8.069070577621459961e-01 9.595050215721130371e-01
3.503791391849517822e-01 9.880477786064147949e-01
6.209672689437866211e-01 5.316118001937866211e-01
5.470592379570007324e-01 4.668406248092651367e-01
7.620120048522949219e-01 3.169513940811157227e-01
6.506679654121398926e-01 5.292092561721801758e-01
3.146584033966064453e-01 2.351685911417007446e-01
2.803339362144470215e-01 9.300931692123413086e-01
9.378758668899536133e-01 5.933562517166137695e-01
2.943017780780792236e-01 9.930439591407775879e-01
6.128466725349426270e-01 6.660293340682983398e-01
7.801070809364318848e-01 2.972566485404968262e-01
7.185558974742889404e-02 6.915377974510192871e-01
7.532324790954589844e-01 1.461563408374786377e-01
6.320563554763793945e-01 8.562857508659362793e-01
7.366935610771179199e-01 5.103322863578796387e-01
8.297654390335083008e-01 3.028642833232879639e-01
9.792438149452209473e-01 3.313452303409576416e-01
9.324721097946166992e-01 8.674038648605346680e-01
4.265448451042175293e-01 7.138740420341491699e-01
9.532079100608825684e-01 1.965857110917568207e-02
6.892998814582824707e-01 8.051517605781555176e-01
3.992762565612792969e-01 5.861304402351379395e-01
2.594738006591796875e-01 8.508653044700622559e-01
7.713480591773986816e-01 5.238386392593383789e-01
6.871469616889953613e-01 6.927815079689025879e-01
1.101669594645500183e-01 6.554697155952453613e-01
6.974605917930603027e-01 6.509956121444702148e-01
6.211314797401428223e-01 6.788930296897888184e-02
7.806108593940734863e-01 6.510833501815795898e-01
9.721477627754211426e-01 7.713343501091003418e-01
6.083819866180419922e-01 7.665948271751403809e-01
1.095310412347316742e-02 4.889699816703796387e-01
6.186645627021789551e-01 1.329833269119262695e-01
5.126510858535766602e-01 7.415081858634948730e-01
7.872549891471862793e-01 6.977956295013427734e-01
2.962374687194824219e-01 3.485562279820442200e-02
7.371622920036315918e-01 7.326814532279968262e-01
4.299981296062469482e-01 1.872198097407817841e-02
7.248685359954833984e-01 4.559171795845031738e-01
4.682822823524475098e-01 8.825283646583557129e-01
6.420693993568420410e-01 8.136613965034484863e-01
6.331590414047241211e-01 9.477015137672424316e-01
1.107980087399482727e-01 7.054496407508850098e-01
5.573475956916809082e-01 4.303969442844390869e-01
4.631400108337402344e-01 9.951750636100769043e-01
2.250262349843978882e-01 9.459510445594787598e-01
1.441023945808410645e-01 5.822852253913879395e-01
5.944646000862121582e-01 4.266211986541748047e-01
8.532611727714538574e-01 1.283039897680282593e-01
8.748974800109863281e-01 4.242579936981201172e-01
7.052400112152099609e-01 8.030981421470642090e-01
4.465277194976806641e-01 3.562967777252197266e-01
6.365408301353454590e-01 4.184439182281494141e-01
1.586134582757949829e-01 9.371667169034481049e-03
1.373591721057891846e-01 3.696260452270507812e-01
7.006005942821502686e-02 9.399247169494628906e-01
9.654638171195983887e-01 7.067909240722656250e-01
6.264523267745971680e-01 2.586377263069152832e-01
3.520085215568542480e-01 3.586586713790893555e-01
7.281107902526855469e-01 2.441097795963287354e-01
7.879182100296020508e-01 2.131363004446029663e-01
4.876783490180969238e-01 4.845960438251495361e-01
9.119283556938171387e-01 6.022045612335205078e-01
7.564348578453063965e-01 4.863120019435882568e-01
6.034446954727172852e-01 7.847819328308105469e-01
4.789544343948364258e-01 4.451206028461456299e-01
6.304599046707153320e-01 7.176786661148071289e-01
7.400062084197998047e-01 5.883778929710388184e-01
9.153087735176086426e-01 5.602816939353942871e-01
4.912309348583221436e-01 4.904452264308929443e-01
5.573864579200744629e-01 8.996061086654663086e-01
1.334362328052520752e-01 5.757700204849243164e-01
3.064257204532623291e-01 5.183635950088500977e-01
5.389603376388549805e-01 2.712632343173027039e-02
4.158285260200500488e-01 7.111666798591613770e-01
9.922257065773010254e-01 3.515324294567108154e-01
4.939581751823425293e-01 2.339584380388259888e-01
2.585136890411376953e-01 6.220137476921081543e-01
2.700313329696655273e-01 3.899569511413574219e-01
9.244663119316101074e-01 5.279514193534851074e-01
4.505724012851715088e-01 3.181528151035308838e-01
6.864436268806457520e-01 1.127623543143272400e-01
7.395294904708862305e-01 8.152935504913330078e-01
8.156006336212158203e-01 8.537276834249496460e-02
8.072099685668945312e-01 3.761562705039978027e-01
5.655333399772644043e-01 5.997482538223266602e-01
7.123677134513854980e-01 7.653905749320983887e-01
9.434078335762023926e-01 1.608842015266418457e-01
7.162382006645202637e-01 4.608550071716308594e-01
4.335646033287048340e-01 2.989915609359741211e-01
1.339681595563888550e-01 9.351222515106201172e-01
7.590638995170593262e-01 6.262869238853454590e-01
6.146057248115539551e-01 5.829635262489318848e-01
4.381460249423980713e-01 5.060517191886901855e-01
2.905551493167877197e-01 6.439250707626342773e-01
6.662689447402954102e-01 5.768410563468933105e-01
2.647310793399810791e-01 6.102535724639892578e-01
2.013327330350875854e-01 4.420372843742370605e-01
8.858485817909240723e-01 3.248914610594511032e-03
4.531567990779876709e-01 9.940127730369567871e-01
4.112853407859802246e-01 3.242903649806976318e-01
7.176969051361083984e-01 9.053821563720703125e-01
6.585751771926879883e-01 5.524166226387023926e-01
4.101791977882385254e-01 4.999653398990631104e-01
3.599019050598144531e-01 4.281223714351654053e-01
4.841163158416748047e-01 4.598066806793212891e-01
5.704396963119506836e-01 7.177433967590332031e-01
5.225782394409179688e-01 4.167070388793945312e-01
9.131190776824951172e-01 7.066454887390136719e-01
6.998590230941772461e-01 4.709203243255615234e-01
5.375122427940368652e-01 5.020933151245117188e-01
3.937120139598846436e-01 7.333553433418273926e-01
5.781173706054687500e-01 1.692017018795013428e-01
5.509544610977172852e-01 1.849378794431686401e-01
4.056552946567535400e-01 5.784771442413330078e-01
7.468278408050537109e-01 1.706956923007965088e-01
4.335289001464843750e-01 6.129318475723266602e-02
9.356797933578491211e-01 7.658117413520812988e-01
5.795202851295471191e-01 8.059255480766296387e-01
2.552932500839233398e-01 6.972261667251586914e-01
3.047015368938446045e-01 3.354470133781433105e-01
4.371019005775451660e-01 6.777607202529907227e-01
2.137102335691452026e-01 3.815910518169403076e-01
9.169245362281799316e-01 6.962940692901611328e-01
8.418893814086914062e-02 8.570182323455810547e-01
5.616430640220642090e-01 2.883831560611724854e-01
3.098492324352264404e-01 9.943556189537048340e-01
2.044082134962081909e-01 8.751212954521179199e-01
1.539611723273992538e-02 1.555848270654678345e-01
3.946176469326019287e-01 8.405174612998962402e-01
3.143407106399536133e-01 6.316124200820922852e-01
5.059306025505065918e-01 4.688928127288818359e-01
1.521614640951156616e-01 2.975994050502777100e-01
3.788602352142333984e-01 2.361063808202743530e-01
6.406165957450866699e-01 3.454706668853759766e-01
2.031527757644653320e-01 4.532746672630310059e-01
2.635614871978759766e-01 5.435204505920410156e-01
4.209260344505310059e-01 9.148856401443481445e-01
5.488655343651771545e-02 4.579275250434875488e-01
6.082948446273803711e-01 1.400685161352157593e-01
8.415063023567199707e-01 8.415864109992980957e-01
6.562577486038208008e-01 7.126939296722412109e-01
5.485554337501525879e-01 9.553125500679016113e-01
6.411774754524230957e-01 5.195312500000000000e-01
5.967082381248474121e-01 8.817641139030456543e-01
4.879083931446075439e-01 9.554969072341918945e-01
4.379372000694274902e-01 1.704624444246292114e-01
1.144758239388465881e-01 3.952929079532623291e-01
3.710455596446990967e-01 7.772122621536254883e-01
7.119070291519165039e-01 3.161598443984985352e-01
1.159332618117332458e-01 8.888860940933227539e-01
5.332401394844055176e-01 1.495547443628311157e-01
4.688527286052703857e-01 3.358101844787597656e-01
9.175761938095092773e-01 5.855165123939514160e-01
5.698821544647216797e-01 6.012927889823913574e-01
5.280160307884216309e-01 2.732868790626525879e-01
6.570298075675964355e-01 3.634411990642547607e-01
8.591995239257812500e-01 2.767591476440429688e-01
1.079552918672561646e-01 8.876944184303283691e-01
1.779693067073822021e-01 3.770810365676879883e-01
6.252839565277099609e-01 8.547104001045227051e-01
9.279280900955200195e-01 9.008705615997314453e-01
8.965387344360351562e-01 4.359239339828491211e-01
4.971295595169067383e-01 9.315795898437500000e-01
1.966212987899780273e-01 7.355642318725585938e-01
2.152491956949234009e-01 6.414394378662109375e-01
3.896046280860900879e-01 4.309602379798889160e-01
8.748701810836791992e-01 9.097331166267395020e-01
5.566191673278808594e-01 6.989690065383911133e-01
5.034049153327941895e-01 2.289128154516220093e-01
3.914490342140197754e-01 5.460145473480224609e-01
6.118144392967224121e-01 2.569439709186553955e-01
1.497610956430435181e-01 2.458019405603408813e-01
7.144503593444824219e-01 2.134258449077606201e-01
7.453123927116394043e-01 6.721082925796508789e-01
4.156349301338195801e-01 4.912036955356597900e-01
1.896124333143234253e-02 4.724527597427368164e-01
9.322115182876586914e-01 2.522098422050476074e-01
7.278703451156616211e-01 2.233161590993404388e-02
5.435280203819274902e-01 4.792839586734771729e-01
6.580481529235839844e-01 9.834560751914978027e-01
1.367494761943817139e-01 2.858659029006958008e-01
6.987187862396240234e-01 7.613933682441711426e-01
1.190947741270065308e-01 9.727702736854553223e-01
8.049399256706237793e-01 2.255464345216751099e-01
4.592669606208801270e-01 8.546237349510192871e-01
9.815014153718948364e-02 1.021670550107955933e-01
3.277354240417480469e-01 1.639935970306396484e-01
2.938935346901416779e-02 9.773245453834533691e-01
6.487367153167724609e-01 6.360162496566772461e-01
8.148440718650817871e-01 5.952221155166625977e-01
5.084084868431091309e-01 9.553073644638061523e-01
1.030243262648582458e-01 7.264138460159301758e-01
1.296323239803314209e-01 8.954046368598937988e-01
1.056163832545280457e-01 2.041590362787246704e-01
7.617520689964294434e-01 1.528457105159759521e-01
2.946687042713165283e-01 5.569284558296203613e-01
7.061979770660400391e-01 8.277280330657958984e-01
4.881092011928558350e-01 9.458737969398498535e-01
4.999563694000244141e-01 9.941517114639282227e-01
5.605275034904479980e-01 7.233475446701049805e-01
5.221232175827026367e-01 8.865699172019958496e-01
2.736832201480865479e-01 5.206388235092163086e-02
5.181203484535217285e-01 1.477792859077453613e-01
8.120883107185363770e-01 1.072225645184516907e-01
7.948693037033081055e-01 8.161715865135192871e-01
7.281296253204345703e-01 4.651702046394348145e-01
4.705419242382049561e-01 1.593113988637924194e-01
8.048936724662780762e-01 3.283542990684509277e-01
4.183017909526824951e-01 6.784073710441589355e-01
5.415052175521850586e-01 5.747539997100830078e-01
2.487550526857376099e-01 6.381132006645202637e-01
6.786426305770874023e-01 3.861643373966217041e-01
5.237970948219299316e-01 3.177490830421447754e-01
6.022575497627258301e-01 1.840389072895050049e-01
3.071280419826507568e-01 5.442842841148376465e-01
6.180356740951538086e-01 2.872482538223266602e-01
1.807365715503692627e-01 6.544590592384338379e-01
2.555498778820037842e-01 1.952342391014099121e-01
3.952266573905944824e-01 6.207385063171386719e-01
8.887421488761901855e-01 1.103774681687355042e-01
8.469232916831970215e-01 6.612859964370727539e-01
3.474641740322113037e-01 8.868998289108276367e-01
8.681135773658752441e-01 1.026540622115135193e-01
1.135089695453643799e-01 6.198101043701171875e-01
7.347733974456787109e-01 9.837052822113037109e-01
7.595465183258056641e-01 6.661536097526550293e-01
4.139897823333740234e-01 6.338818464428186417e-03
7.683703899383544922e-01 3.661230504512786865e-01
2.554431557655334473e-01 5.218346714973449707e-01
3.978154361248016357e-01 8.780469894409179688e-01
7.805330753326416016e-01 1.102224290370941162e-01
4.663258194923400879e-01 3.303137421607971191e-01
8.489437401294708252e-02 9.720057845115661621e-01
5.340460538864135742e-01 7.308554053306579590e-01
6.862856745719909668e-01 2.745961770415306091e-02
5.549351572990417480e-01 5.876799821853637695e-01
5.829415917396545410e-01 3.024911582469940186e-01
1.441170275211334229e-01 3.039960861206054688e-01
5.667235851287841797e-01 6.223411560058593750e-01
8.355010747909545898e-01 5.045535415410995483e-02
4.742024540901184082e-01 2.302402853965759277e-01
7.754033803939819336e-01 3.505803644657135010e-01
6.274026036262512207e-01 9.466672539710998535e-01
5.933781862258911133e-01 6.062791347503662109e-01
7.219722867012023926e-02 8.127018213272094727e-01
6.884515285491943359e-01 7.880917191505432129e-01
4.978334307670593262e-01 1.036266833543777466e-01
1.972098201513290405e-01 2.290219068527221680e-01
7.870411276817321777e-01 6.831355392932891846e-02
9.112392067909240723e-01 2.073641568422317505e-01
5.768387913703918457e-01 9.387761354446411133e-01
5.808448195457458496e-01 6.107137799263000488e-01
6.161143779754638672e-01 6.617109179496765137e-01
8.967516422271728516e-01 8.905638009309768677e-02
4.043969511985778809e-01 1.064178496599197388e-01
5.103834718465805054e-02 5.526717901229858398e-01
5.516923069953918457e-01 8.102224469184875488e-01
9.894641041755676270e-01 8.670018315315246582e-01
4.398813247680664062e-01 8.821984529495239258e-01
9.065625071525573730e-01 2.525693476200103760e-01
3.365027308464050293e-01 2.387864589691162109e-01
8.969466686248779297e-01 6.269975900650024414e-01
7.459924817085266113e-01 7.848402857780456543e-01
7.709943056106567383e-01 4.611367881298065186e-01
5.695477724075317383e-01 2.664190232753753662e-01
1.341307163238525391e-02 8.649798631668090820e-01
1.926858658407581970e-06 9.756567478179931641e-01
2.460590600967407227e-01 2.619993686676025391e-01
4.930453002452850342e-01 7.624721527099609375e-01
4.839217364788055420e-01 6.473019123077392578e-01
7.253857851028442383e-01 2.298819571733474731e-01
9.204570055007934570e-01 9.583678841590881348e-02
3.554491996765136719e-01 1.553047299385070801e-01
6.268260478973388672e-01 7.634345889091491699e-01
7.656897306442260742e-01 9.466825723648071289e-01
3.509837687015533447e-01 7.894268631935119629e-01
4.743127822875976562e-01 8.282593488693237305e-01
6.270640492439270020e-01 8.267430663108825684e-01
9.148949384689331055e-01 1.404128372669219971e-01
4.782316982746124268e-01 8.808766603469848633e-01
6.649480015039443970e-02 4.245478510856628418e-01
7.629906535148620605e-01 5.836620330810546875e-01
5.573726892471313477e-01 1.018301323056221008e-01
7.185117006301879883e-01 3.233687579631805420e-01
5.047873258590698242e-01 6.638472676277160645e-01
1.941074132919311523e-01 6.497653722763061523e-01
4.771244823932647705e-01 6.865692138671875000e-01
7.314786314964294434e-01 1.864490360021591187e-01
5.579368472099304199e-01 2.678813636302947998e-01
9.224848151206970215e-01 3.010803163051605225e-01
1.187049821019172668e-01 5.362735986709594727e-01
3.891158699989318848e-01 2.596669197082519531e-01
8.471431136131286621e-01 5.970199704170227051e-01
9.830715507268905640e-02 9.669085741043090820e-01
3.854211866855621338e-01 3.007896617054939270e-02
5.806937068700790405e-02 6.824954152107238770e-01
2.118438929319381714e-01 7.984732985496520996e-01
6.208965182304382324e-01 5.259034633636474609e-01
9.757621884346008301e-01 6.772849708795547485e-02
9.697106480598449707e-01 2.017095834016799927e-01
5.952630043029785156e-01 3.506124913692474365e-01
4.191370308399200439e-01 4.275303483009338379e-01
2.577477991580963135e-01 9.554699659347534180e-01
1.452670693397521973e-01 7.300695031881332397e-02
6.758199930191040039e-01 6.797954440116882324e-01
4.744043648242950439e-01 7.230828404426574707e-01
5.212698578834533691e-01 1.874736845493316650e-01
5.673149228096008301e-01 5.723209381103515625e-01
6.607734560966491699e-01 6.483634114265441895e-01
6.395038366317749023e-01 8.222420215606689453e-01
7.603610754013061523e-01 1.947829872369766235e-01
1.718244105577468872e-01 1.272091269493103027e-01
3.614065349102020264e-01 7.707510590553283691e-01
7.340757846832275391e-01 2.118245512247085571e-01
5.616474151611328125e-01 7.051276564598083496e-01
5.115154385566711426e-01 5.823016762733459473e-01
4.067160785198211670e-01 1.189829930663108826e-01
6.057441234588623047e-01 2.099235802888870239e-01
5.996878743171691895e-01 8.415941596031188965e-01
7.422590255737304688e-01 1.508698612451553345e-01
1.949111744761466980e-02 5.296537876129150391e-01
7.025724649429321289e-01 7.288367152214050293e-01
4.433995783329010010e-01 6.580203175544738770e-01
3.773090839385986328e-01 5.229729413986206055e-01
5.938179492950439453e-01 8.563331961631774902e-01
4.125305116176605225e-01 7.685220837593078613e-01
3.896177113056182861e-01 1.532772332429885864e-01
3.284705281257629395e-01 4.391918778419494629e-01
8.199458718299865723e-01 8.182623386383056641e-01
1.552896667271852493e-02 5.670610666275024414e-01
8.486548066139221191e-01 3.889440000057220459e-01
2.278150469064712524e-01 6.132314205169677734e-01
3.240435719490051270e-01 4.881981611251831055e-01
8.688207268714904785e-01 3.221236765384674072e-01
3.364335000514984131e-01 8.665223121643066406e-01
3.979778885841369629e-01 4.850150346755981445e-01
1.621307581663131714e-01 9.792129993438720703e-01
9.101861119270324707e-01 4.636362567543983459e-02
2.367467135190963745e-01 5.262679420411586761e-03
4.005373120307922363e-01 8.956231474876403809e-01
6.767470240592956543e-01 7.024289667606353760e-02
2.825418114662170410e-01 9.505307078361511230e-01
5.545095205307006836e-01 3.765881955623626709e-01
7.795785367488861084e-02 5.425743460655212402e-01
7.590843439102172852e-01 5.783682465553283691e-01
9.341452270746231079e-02 4.531180262565612793e-01
5.155746936798095703e-01 4.243291318416595459e-01
8.909431099891662598e-01 8.945178389549255371e-01
4.908641427755355835e-02 4.424601495265960693e-01
4.276009202003479004e-01 5.978826284408569336e-01
6.634156703948974609e-01 1.600291877985000610e-01
3.413833081722259521e-01 2.725917696952819824e-01
6.538777947425842285e-01 4.046623706817626953e-01
2.251113355159759521e-01 4.040099680423736572e-01
7.983896732330322266e-01 4.353020489215850830e-01
8.553443551063537598e-01 4.550721049308776855e-01
8.117496967315673828e-01 2.364639043807983398e-01
3.451963067054748535e-01 6.204780340194702148e-01
4.293125271797180176e-01 9.052994847297668457e-01
5.100567936897277832e-01 6.059750914573669434e-01
2.341895550489425659e-01 8.174698352813720703e-01
2.632948160171508789e-01 2.674761712551116943e-01
2.202338576316833496e-01 9.607982635498046875e-01
8.272032141685485840e-01 3.276287615299224854e-01
2.154367119073867798e-01 3.171573281288146973e-01
9.989836215972900391e-01 1.091510131955146790e-01
3.008308112621307373e-01 4.910856783390045166e-01
6.478988099843263626e-03 3.837775290012359619e-01
2.679536640644073486e-01 5.453124046325683594e-01
3.769312202930450439e-01 8.036913871765136719e-01
5.351697206497192383e-01 6.038025617599487305e-01
4.239379167556762695e-01 9.446631669998168945e-01
6.763635277748107910e-01 6.003630161285400391e-01
1.413393765687942505e-01 5.144777297973632812e-01
1.849979460239410400e-01 5.672149062156677246e-01
5.305425524711608887e-01 2.197764515876770020e-01
6.475242376327514648e-01 6.749831438064575195e-01
6.463062167167663574e-01 8.179184794425964355e-01
2.620232701301574707e-01 6.024672389030456543e-01
6.991486549377441406e-01 8.061854243278503418e-01
1.095129847526550293e-01 7.178234308958053589e-02
5.131170153617858887e-01 4.214048981666564941e-01
7.600343823432922363e-01 5.085609555244445801e-01
9.415719509124755859e-01 2.113730274140834808e-02
3.893344402313232422e-01 3.948746621608734131e-01
3.580337762832641602e-01 2.368609756231307983e-01
2.805965766310691833e-02 7.178367972373962402e-01
5.173093676567077637e-01 7.154644131660461426e-01
3.332583606243133545e-01 6.075478196144104004e-01
6.796091794967651367e-01 7.652921676635742188e-01
8.873501420021057129e-01 3.179892897605895996e-01
3.884681165218353271e-01 6.179580688476562500e-01
6.931875348091125488e-01 6.417045593261718750e-01
3.595021665096282959e-01 9.657554030418395996e-01
5.011349320411682129e-01 6.708860397338867188e-01
6.044259667396545410e-01 1.600621044635772705e-01
7.635209560394287109e-01 6.187628507614135742e-01
8.141146302223205566e-01 6.789418458938598633e-01
3.243354558944702148e-01 5.434617400169372559e-01
2.369259744882583618e-01 5.900027751922607422e-01
5.044298768043518066e-01 2.664413489401340485e-02
3.629412055015563965e-01 3.138878345489501953e-01
3.053620159626007080e-01 4.972999989986419678e-01
7.566184401512145996e-01 5.224063396453857422e-01
2.700873464345932007e-02 5.769484043121337891e-01
1.121662035584449768e-01 9.096873998641967773e-01
8.805753588676452637e-01 9.558339118957519531e-01
1.524117141962051392e-01 3.617454767227172852e-01
8.103973269462585449e-01 2.754721641540527344e-01
5.157713890075683594e-01 7.905744314193725586e-01
7.671866416931152344e-01 7.548490166664123535e-01
4.183005094528198242e-01 8.433115482330322266e-01
6.084555983543395996e-01 2.697782218456268311e-01
1.796598732471466064e-01 3.389461040496826172e-01
4.707589447498321533e-01 5.541199445724487305e-01
2.326817363500595093e-01 3.462772965431213379e-01
2.853540889918804169e-02 6.232270598411560059e-01
1.061960309743881226e-01 4.529416263103485107e-01
8.724634051322937012e-01 1.316025108098983765e-01
4.251683652400970459e-01 6.363189220428466797e-01
3.859867453575134277e-01 5.683000758290290833e-02
9.155738949775695801e-01 9.441035985946655273e-01
7.296740412712097168e-01 4.334195051342248917e-03
5.506973713636398315e-02 9.338688850402832031e-02
2.742787301540374756e-01 3.731569051742553711e-01
9.590245485305786133e-01 7.907341718673706055e-01
2.766272723674774170e-01 7.359520792961120605e-01
8.399990200996398926e-01 9.512766599655151367e-01
5.553971529006958008e-01 8.914655447006225586e-02
5.563130378723144531e-01 5.240698456764221191e-01
3.718171119689941406e-01 6.182126998901367188e-01
7.255609035491943359e-01 1.388210654258728027e-01
3.734196126461029053e-01 5.159604176878929138e-02
4.355104863643646240e-01 6.584847569465637207e-01
4.109694063663482666e-01 1.488352566957473755e-01
6.082825362682342529e-02 1.215911582112312317e-01
7.644754648208618164e-01 4.153077006340026855e-01
5.208979249000549316e-01 6.674878001213073730e-01
7.025231122970581055e-01 1.146994307637214661e-01
6.755785346031188965e-01 1.469333022832870483e-01
7.670344114303588867e-01 7.409676909446716309e-01
5.443729162216186523e-01 8.490265607833862305e-01
3.906008005142211914e-01 1.223338022828102112e-01
5.329132080078125000e-01 1.857439875602722168e-01
5.179262757301330566e-01 2.890244722366333008e-01
9.661779999732971191e-01 5.663458108901977539e-01
8.709394931793212891e-01 2.493579983711242676e-01
3.578689098358154297e-01 2.256345599889755249e-01
4.581449031829833984e-01 7.786272168159484863e-01
3.274461328983306885e-01 9.286230802536010742e-01
9.042549729347229004e-01 4.732467532157897949e-01
3.648463189601898193e-01 2.425490170717239380e-01
9.929013252258300781e-02 8.904877901077270508e-01
3.215046823024749756e-01 2.783431708812713623e-01
7.263041287660598755e-02 2.671633362770080566e-01
4.552458226680755615e-01 9.456840157508850098e-01
6.712633371353149414e-01 8.141888678073883057e-02
8.391987085342407227e-01 3.234386444091796875e-01
8.871217966079711914e-01 8.221012949943542480e-01
4.557528495788574219e-01 9.205614328384399414e-01
5.568439960479736328e-01 5.357613414525985718e-02
9.111717343330383301e-01 6.517386436462402344e-01
2.337182909250259399e-01 6.141093969345092773e-01
5.640546083450317383e-01 4.506514668464660645e-01
1.154982298612594604e-01 9.689342379570007324e-01
8.040363192558288574e-01 2.481670975685119629e-01
4.643270969390869141e-01 1.992834657430648804e-01
8.827017992734909058e-02 3.952570855617523193e-01
7.640045881271362305e-01 1.550159752368927002e-01
6.818335652351379395e-01 5.820351839065551758e-01
6.404139995574951172e-01 9.130005240440368652e-01
8.353601098060607910e-01 5.837967991828918457e-02
3.632242679595947266e-01 6.288141012191772461e-01
8.551518917083740234e-01 3.591719269752502441e-01
1.958527863025665283e-01 9.031723737716674805e-01
5.231019258499145508e-01 2.305724322795867920e-01
6.993974447250366211e-01 1.640796512365341187e-01
5.154045224189758301e-01 7.094982862472534180e-01
8.468070030212402344e-01 9.730438590049743652e-01
3.931857347488403320e-01 6.680619716644287109e-01
4.218194782733917236e-01 2.888613641262054443e-01
7.875564098358154297e-01 7.494198083877563477e-01
6.368025541305541992e-01 2.449787259101867676e-01
7.167685031890869141e-02 3.990449607372283936e-01
7.275240421295166016e-01 6.934105753898620605e-01
2.485570013523101807e-01 6.516343951225280762e-01
6.281420588493347168e-01 1.169177964329719543e-01
7.369495630264282227e-01 6.251605153083801270e-01
6.795316934585571289e-01 3.805192410945892334e-01
7.907704114913940430e-01 3.370731770992279053e-01
6.714038252830505371e-01 9.425401687622070312e-01
7.878911495208740234e-02 6.915587782859802246e-01
9.785441756248474121e-01 9.030143618583679199e-01
4.488907754421234131e-01 4.687898457050323486e-01
4.392404854297637939e-01 7.644509077072143555e-01
9.469315409660339355e-01 4.097803831100463867e-01
5.446894764900207520e-01 6.131858825683593750e-01
7.581661343574523926e-01 5.250554680824279785e-01
4.050967097282409668e-01 4.146223664283752441e-01
4.393715411424636841e-02 7.392403483390808105e-01
2.811088562011718750e-01 5.714059472084045410e-01
3.495078086853027344e-01 7.617580294609069824e-01
7.916200757026672363e-01 8.377050161361694336e-01
5.397133827209472656e-01 6.954727321863174438e-02
2.648346126079559326e-01 5.300266742706298828e-01
6.800761222839355469e-01 5.166974663734436035e-01
4.591400623321533203e-01 7.307398915290832520e-01
6.324350833892822266e-01 5.856350660324096680e-01
1.922903060913085938e-01 4.094828069210052490e-01
2.822254300117492676e-01 2.666268944740295410e-01
3.979369103908538818e-01 3.685357272624969482e-01
3.605115413665771484e-01 5.429373383522033691e-01
5.120493173599243164e-01 8.271874785423278809e-01
3.859543800354003906e-01 7.436249852180480957e-01
5.384419560432434082e-01 6.031699776649475098e-01
6.249048709869384766e-01 8.866311311721801758e-01
2.003234326839447021e-01 4.160087704658508301e-01
8.951376676559448242e-01 1.760955452919006348e-01
6.504618525505065918e-01 1.395253743976354599e-02
5.434387549757957458e-02 4.237643480300903320e-01
6.897527575492858887e-01 7.741496711969375610e-02
4.007792472839355469e-01 6.684933304786682129e-01
6.120535731315612793e-01 4.794378280639648438e-01
8.313910961151123047e-01 7.157844901084899902e-01
8.026024103164672852e-01 5.243681073188781738e-01
2.900616526603698730e-01 1.608450263738632202e-01
7.312863469123840332e-01 5.278766751289367676e-01
1.079766824841499329e-01 5.031985640525817871e-01
4.993401765823364258e-01 8.152041435241699219e-01
5.283693671226501465e-01 1.904355548322200775e-02
5.209444761276245117e-01 3.894798457622528076e-01
5.648453235626220703e-01 3.417249321937561035e-01
6.051682233810424805e-01 5.962392687797546387e-01
3.169517815113067627e-01 4.392521083354949951e-01
5.692694187164306641e-01 5.142953991889953613e-01
8.927385807037353516e-01 4.509179592132568359e-01
6.220545172691345215e-01 8.109846711158752441e-02
1.316792666912078857e-01 3.722390532493591309e-01
3.513059020042419434e-02 2.303464896976947784e-02
2.523887157440185547e-01 9.077726602554321289e-01
1.912696659564971924e-01 5.239656195044517517e-02
1.970508396625518799e-01 6.225445270538330078e-01
1.220087781548500061e-01 6.560412049293518066e-02
5.035057663917541504e-01 1.086981743574142456e-01
2.409282624721527100e-01 2.362772375345230103e-01
1.965496987104415894e-01 6.474890112876892090e-01
6.882094144821166992e-01 3.412163853645324707e-01
7.333623766899108887e-01 2.566379606723785400e-01
7.080016732215881348e-01 4.388565421104431152e-01
2.615760266780853271e-01 2.815285325050354004e-01
6.393516063690185547e-01 4.261993765830993652e-01
8.687421679496765137e-01 1.575732976198196411e-02
3.384209275245666504e-01 8.302446603775024414e-01
5.439001917839050293e-01 3.502469137310981750e-02
2.798767685890197754e-01 6.860252022743225098e-01
3.896378874778747559e-01 7.111982703208923340e-01
3.834618926048278809e-01 8.155013918876647949e-01
1.944406926631927490e-01 1.603823155164718628e-01
8.500973582267761230e-01 9.348468780517578125e-01
5.980380773544311523e-01 2.133475840091705322e-01
6.828504800796508789e-01 4.015049934387207031e-01
6.651072502136230469e-01 2.945729196071624756e-01
5.012097358703613281e-01 2.643937617540359497e-02
3.491604030132293701e-01 4.807386696338653564e-01
5.805129408836364746e-01 2.848857343196868896e-01
3.477825224399566650e-01 6.411874890327453613e-01
8.096928596496582031e-01 3.893365710973739624e-02
4.642129838466644287e-01 3.461316227912902832e-01
2.520432472229003906e-01 7.641783952713012695e-01
4.463766813278198242e-01 6.461556553840637207e-01
4.430995285511016846e-01 2.868246734142303467e-01
5.068311691284179688e-01 6.965399980545043945e-01
2.578064799308776855e-01 7.829129695892333984e-01
3.381920754909515381e-01 7.429578900337219238e-01
6.127709746360778809e-01 4.087069034576416016e-01
6.191729903221130371e-01 6.764752864837646484e-01
6.772370934486389160e-01 7.188706398010253906e-01
3.226585388183593750e-01 4.862009081989526749e-03
7.437282800674438477e-01 9.136714339256286621e-01
8.972679972648620605e-01 4.686495289206504822e-02
3.554025590419769287e-01 2.198739796876907349e-01
3.083051443099975586e-01 8.161638975143432617e-01
5.127143859863281250e-01 7.759006023406982422e-01
3.577621877193450928e-01 2.514430284500122070e-01
8.057847023010253906e-01 3.395659923553466797e-01
3.798370361328125000e-01 1.925293505191802979e-01
3.029306046664714813e-02 6.041575670242309570e-01
9.430043697357177734e-01 5.413986444473266602e-01
9.204497188329696655e-02 8.772504329681396484e-01
7.499729394912719727e-01 8.943986296653747559e-01
2.877954840660095215e-01 9.926120042800903320e-01
2.117771096527576447e-02 8.550663590431213379e-01
2.331244200468063354e-01 4.071453511714935303e-01
9.093478322029113770e-01 8.806853890419006348e-01
6.670192480087280273e-01 4.450441002845764160e-01
3.609565272927284241e-02 8.289244771003723145e-01
5.374547839164733887e-01 8.753154873847961426e-01
2.654447034001350403e-02 4.304084777832031250e-01
5.701030492782592773e-01 3.559711575508117676e-01
3.140761852264404297e-01 9.834832549095153809e-01
3.381574451923370361e-01 9.625791311264038086e-01
7.682263851165771484e-02 9.519013762474060059e-01
4.648778215050697327e-02 7.566673159599304199e-01
1.283345818519592285e-01 3.725445270538330078e-02
3.542361855506896973e-01 1.005014628171920776e-01
2.438409328460693359e-01 7.458009719848632812e-01
7.030578255653381348e-01 4.427118003368377686e-01
5.705173015594482422e-01 6.752305626869201660e-01
2.927481532096862793e-01 9.203501939773559570e-01
7.158382534980773926e-01 3.006953597068786621e-01
8.159496784210205078e-01 8.511069416999816895e-01
6.750920414924621582e-01 5.820385813713073730e-01
6.960442662239074707e-01 8.340255618095397949e-01
1.651027053594589233e-01 3.722222447395324707e-01
5.333738327026367188e-01 2.796119451522827148e-01
9.631164371967315674e-02 4.988397657871246338e-02
7.180786132812500000e-01 6.391808390617370605e-01
6.719628572463989258e-01 7.841420769691467285e-01
8.023095726966857910e-01 8.357442021369934082e-01
1.429740339517593384e-01 2.414459735155105591e-01
4.063374400138854980e-01 5.012458562850952148e-01
7.462004423141479492e-01 4.923985898494720459e-01
4.792011976242065430e-01 8.337901830673217773e-01
7.696138620376586914e-01 3.106969892978668213e-01
4.511871635913848877e-01 4.913065135478973389e-01
9.365833997726440430e-01 9.945125579833984375e-01
7.824752330780029297e-01 2.253701835870742798e-01
3.742937371134757996e-02 8.391429185867309570e-01
9.909521788358688354e-02 1.220513433218002319e-01
2.039101123809814453e-01 1.984631121158599854e-01
9.446714073419570923e-02 7.167656421661376953e-01
3.140503168106079102e-01 1.156124286353588104e-02
8.357755541801452637e-01 4.343558251857757568e-01
1.198779270052909851e-01 4.941496253013610840e-01
8.240599930286407471e-02 4.870246723294258118e-02
7.473918199539184570e-01 4.509475529193878174e-01
7.698859572410583496e-01 9.725992679595947266e-01
5.933111310005187988e-01 5.864146351814270020e-01
3.522379100322723389e-01 7.980443835258483887e-01
6.131821274757385254e-01 1.643429994583129883e-01
1.766252517700195312e-01 6.235262751579284668e-01
6.042687296867370605e-01 2.593466043472290039e-01
1.788400709629058838e-01 7.720328569412231445e-01
2.154675871133804321e-01 6.922298669815063477e-01
2.730208039283752441e-01 1.005473658442497253e-01
1.798115670680999756e-01 4.815411865711212158e-01
9.855303168296813965e-01 8.930554389953613281e-01
9.119981527328491211e-01 5.908985733985900879e-01
5.506322383880615234e-01 8.351028561592102051e-01
3.616860508918762207e-01 6.054852008819580078e-01
2.567618489265441895e-01 5.776861310005187988e-01
4.283826351165771484e-01 8.340144753456115723e-01
2.543566226959228516e-01 2.229621857404708862e-01
9.877554178237915039e-01 7.062944173812866211e-01
5.989611148834228516e-01 2.716494798660278320e-01
3.387818932533264160e-01 9.031488299369812012e-01
3.244775533676147461e-01 6.557328104972839355e-01
2.209956049919128418e-01 8.346237540245056152e-01
1.482035368680953979e-01 6.705877780914306641e-01
9.792081117630004883e-01 2.487582713365554810e-01
7.365962266921997070e-01 5.475499629974365234e-01
9.658612012863159180e-01 7.622700929641723633e-01
2.204928360879421234e-02 3.521577119827270508e-01
4.600046873092651367e-01 8.026208877563476562e-01
6.503117084503173828e-01 5.845637321472167969e-01
8.314928412437438965e-01 4.569120407104492188e-01
4.531709253787994385e-01 7.428965568542480469e-01
6.112810969352722168e-01 4.593798220157623291e-01
6.755391955375671387e-01 5.176071524620056152e-01
3.058767616748809814e-01 7.214300632476806641e-01
2.325302660465240479e-01 4.315906763076782227e-01
8.384183645248413086e-01 7.933219671249389648e-01
7.728148698806762695e-01 3.311863243579864502e-01
7.087564468383789062e-01 7.777693867683410645e-01
5.268137454986572266e-01 6.658323407173156738e-01
6.158617138862609863e-02 9.349998235702514648e-01
9.083434343338012695e-01 3.484928011894226074e-01
6.566861271858215332e-01 8.206092715263366699e-01
8.244521170854568481e-02 3.283936977386474609e-01
8.377950787544250488e-01 6.188754439353942871e-01
4.950650930404663086e-01 4.525521993637084961e-01
6.441059708595275879e-01 2.279186546802520752e-01
8.705164790153503418e-01 6.409420371055603027e-01
2.840741276741027832e-01 9.536660313606262207e-01
6.991275548934936523e-01 8.947789072990417480e-01
1.170386895537376404e-01 9.377387166023254395e-02
2.212813347578048706e-01 8.236619830131530762e-01
5.300544202327728271e-03 3.885096907615661621e-01
9.396694898605346680e-01 5.828788876533508301e-01
6.708256006240844727e-01 3.248001039028167725e-01
6.483583450317382812e-01 5.985562205314636230e-01
8.514821529388427734e-01 3.837493658065795898e-01
3.670636713504791260e-01 7.871767878532409668e-01
6.400547027587890625e-01 1.408077627420425415e-01
1.041016057133674622e-01 6.686179041862487793e-01
8.984645456075668335e-02 2.384305447340011597e-01
8.531676530838012695e-01 6.771054863929748535e-01
4.958337247371673584e-01 7.493022084236145020e-01
2.371367663145065308e-01 7.818012237548828125e-01
3.196204453706741333e-02 3.451440632343292236e-01
9.359830021858215332e-01 2.556018233299255371e-01
9.507373571395874023e-01 2.318770810961723328e-02
9.611098766326904297e-01 8.540502190589904785e-02
5.077912807464599609e-01 6.142233014106750488e-01
4.858694374561309814e-01 4.536233842372894287e-01
4.274688363075256348e-01 6.803211569786071777e-01
4.314268231391906738e-01 2.833154499530792236e-01
6.935140490531921387e-01 3.426573574542999268e-01
6.142402887344360352e-01 8.659121990203857422e-01
5.827050805091857910e-01 4.370716214179992676e-01
2.320932596921920776e-01 1.658509373664855957e-01
9.112017750740051270e-01 2.055779248476028442e-01
7.945648431777954102e-01 2.694274187088012695e-01
4.822492003440856934e-01 7.048059701919555664e-01
2.624903023242950439e-01 9.969793558120727539e-01
8.805886507034301758e-01 8.969967961311340332e-01
9.825893640518188477e-01 4.323444962501525879e-01
2.254590950906276703e-02 5.939171910285949707e-01
4.230386614799499512e-01 5.429885983467102051e-01
3.264112472534179688e-01 1.838125735521316528e-01
4.873487353324890137e-01 2.437961846590042114e-01
1.425381153821945190e-01 6.351774930953979492e-01
7.442046403884887695e-01 8.106592297554016113e-01
2.702847421169281006e-01 1.087674200534820557e-01
4.387352466583251953e-01 1.051913499832153320e-01
4.191036820411682129e-01 9.427013993263244629e-01
9.820646047592163086e-01 2.716021835803985596e-01
7.358956933021545410e-01 4.850437641143798828e-01
9.546157717704772949e-01 3.353758156299591064e-02
5.554113388061523438e-01 2.212683707475662231e-01
9.127066284418106079e-02 5.670400261878967285e-01
6.188941597938537598e-01 8.075891137123107910e-01
3.616711869835853577e-02 4.724665880203247070e-01
7.443712353706359863e-01 1.691068261861801147e-01
5.136092305183410645e-01 5.351790189743041992e-01
5.386040806770324707e-01 2.593019008636474609e-01
7.477551102638244629e-01 6.734107136726379395e-01
1.779700964689254761e-01 9.144719243049621582e-01
7.147835493087768555e-01 4.903197884559631348e-01
1.525097042322158813e-01 4.595594704151153564e-01
9.178755283355712891e-01 3.455454483628273010e-02
1.074913740158081055e-01 1.588066294789314270e-02
4.190915524959564209e-01 2.557591199874877930e-01
5.385527014732360840e-01 7.643339037895202637e-01
9.804434180259704590e-01 4.351149201393127441e-01
2.768621444702148438e-01 1.913800835609436035e-01
3.205122351646423340e-01 4.378701746463775635e-02
1.564267277717590332e-01 3.493562936782836914e-01
3.205149769783020020e-01 1.883687227964401245e-01
7.521698474884033203e-01 3.224214911460876465e-01
4.563617408275604248e-01 6.763083338737487793e-01
2.701327502727508545e-01 8.288468420505523682e-02
4.762781560420989990e-01 6.134305596351623535e-01
9.328127503395080566e-01 2.819557189941406250e-01
5.353649854660034180e-01 4.401620924472808838e-01
9.015115499496459961e-01 7.817097306251525879e-01
3.409191071987152100e-01 9.805365800857543945e-01
1.817590594291687012e-01 1.400205492973327637e-01
4.676149412989616394e-02 7.435087561607360840e-01
2.144848406314849854e-01 6.086522936820983887e-01
7.963944673538208008e-01 8.550274968147277832e-01
8.502347469329833984e-01 4.763415083289146423e-02
9.215631484985351562e-01 2.008346654474735260e-02
7.826261520385742188e-01 3.867476582527160645e-01
8.053268492221832275e-02 5.854652523994445801e-01
8.691164255142211914e-01 1.550807058811187744e-01
5.169050693511962891e-01 2.707630693912506104e-01
3.884014189243316650e-01 2.832246124744415283e-01
1.871995180845260620e-01 2.004362940788269043e-01
5.489751696586608887e-01 4.977007806301116943e-01
4.715776070952415466e-02 1.215367242693901062e-01
7.485137581825256348e-01 6.691228747367858887e-01
3.017639815807342529e-01 5.286929011344909668e-01
1.476800590753555298e-01 7.398507595062255859e-01
4.257869422435760498e-01 9.991112947463989258e-01
1.509154289960861206e-01 4.083272069692611694e-02
9.187787175178527832e-01 3.988624215126037598e-01
