7.235099077224731445e-01 5.320450663566589355e-01
8.014900684356689453e-01 8.402998745441436768e-02
9.187484383583068848e-01 9.973357319831848145e-01
2.158915251493453979e-01 2.268944084644317627e-01
9.199098497629165649e-02 4.075778275728225708e-02
1.910824626684188843e-01 2.302435487508773804e-01
4.067610949277877808e-02 7.884253263473510742e-01
5.348538160324096680e-01 5.251914262771606445e-01
4.477916955947875977e-01 5.504146218299865723e-01
5.464162230491638184e-01 3.331952691078186035e-01
8.761736750602722168e-01 5.872226953506469727e-01
9.801948666572570801e-01 9.836341142654418945e-01
5.181583762168884277e-01 9.249708652496337891e-01
4.760184288024902344e-01 7.245494127273559570e-01
2.735510468482971191e-01 7.986645698547363281e-01
2.233202010393142700e-01 2.383436113595962524e-01
3.275052607059478760e-01 2.998517453670501709e-01
2.009376510977745056e-02 2.364671416580677032e-02
4.688615798950195312e-01 7.433688044548034668e-01
7.771234512329101562e-01 1.532326191663742065e-01
1.447556465864181519e-01 4.838370680809020996e-01
3.583398461341857910e-01 1.723325997591018677e-02
1.451515499502420425e-02 6.460639238357543945e-01
4.275520741939544678e-01 9.638547897338867188e-01
3.274311078712344170e-03 6.624959707260131836e-01
4.074075222015380859e-01 2.928792536258697510e-01
4.679644480347633362e-02 8.471956253051757812e-01
7.781865596771240234e-01 4.323145449161529541e-01
1.725475639104843140e-01 3.378098011016845703e-01
2.579035460948944092e-01 1.499574184417724609e-01
2.081253677606582642e-01 5.948578715324401855e-01
5.321077704429626465e-01 2.694489359855651855e-01
6.046520471572875977e-01 3.965094685554504395e-01
8.087328076362609863e-01 9.513298869132995605e-01
9.673582911491394043e-01 1.136122420430183411e-01
5.326492190361022949e-01 5.217949301004409790e-02
7.301241159439086914e-01 6.893640160560607910e-01
1.880627721548080444e-01 2.857681214809417725e-01
4.641332626342773438e-01 2.173760384321212769e-01
8.795242011547088623e-02 8.822578191757202148e-01
9.084590077400207520e-01 2.032669782638549805e-01
9.656437635421752930e-01 7.027808427810668945e-01
5.344913005828857422e-01 5.223056674003601074e-01
5.677196979522705078e-01 1.170420423150062561e-01
4.858421385288238525e-01 1.272867470979690552e-01
5.946608781814575195e-01 3.619585335254669189e-01
2.910056114196777344e-01 1.531159877777099609e-01
5.189827084541320801e-01 1.869766265153884888e-01
5.102310776710510254e-01 7.300873994827270508e-01
1.397342383861541748e-01 5.543491244316101074e-01
3.272666931152343750e-01 9.331739544868469238e-01
9.073222875595092773e-01 8.259198069572448730e-01
7.016412615776062012e-01 2.841077446937561035e-01
4.699331521987915039e-01 9.692941904067993164e-01
9.200820326805114746e-01 7.880590856075286865e-02
5.464164614677429199e-01 2.449378222227096558e-01
9.349794387817382812e-01 9.240720868110656738e-01
9.030995368957519531e-01 9.830253720283508301e-01
4.676821082830429077e-02 2.642566263675689697e-01
3.557523488998413086e-01 1.306592021137475967e-02
6.480725109577178955e-02 5.878067016601562500e-01
5.743439197540283203e-01 8.393279910087585449e-01
1.150525063276290894e-01 5.567048788070678711e-01
6.083241105079650879e-01 8.588995039463043213e-02
4.920809864997863770e-01 3.086358122527599335e-02
9.651910066604614258e-01 3.902167379856109619e-01
8.143888115882873535e-01 5.175887346267700195e-01
4.644340574741363525e-01 4.625206589698791504e-01
1.260597631335258484e-02 2.867719233036041260e-01
5.345776081085205078e-01 5.185829848051071167e-02
1.930206827819347382e-02 5.544654726982116699e-01
3.709779679775238037e-01 5.154898166656494141e-01
3.215299546718597412e-01 5.133321285247802734e-01
2.908300757408142090e-01 4.788434803485870361e-01
8.054511547088623047e-01 2.013426572084426880e-01
8.272657990455627441e-01 9.203880429267883301e-01
4.372259676456451416e-01 2.746049463748931885e-01
6.291339993476867676e-01 2.665154077112674713e-02
2.696331441402435303e-01 3.589188754558563232e-01
4.272111952304840088e-01 3.271603584289550781e-01
6.307812333106994629e-01 6.535089612007141113e-01
9.260296821594238281e-01 8.145552873611450195e-02
2.081235647201538086e-01 7.941501736640930176e-01
8.515464067459106445e-01 6.685665249824523926e-01
4.874284267425537109e-01 7.432387471199035645e-01
2.991662025451660156e-01 1.655973345041275024e-01
8.733692169189453125e-01 3.129786252975463867e-01
7.620666027069091797e-01 2.774772942066192627e-01
9.149902462959289551e-01 9.112103581428527832e-01
6.641982197761535645e-01 7.615672349929809570e-01
4.889061748981475830e-01 5.223791599273681641e-01
4.623891413211822510e-01 5.909100770950317383e-01
8.007343411445617676e-01 2.893298864364624023e-01
7.215865254402160645e-01 6.615372300148010254e-01
4.907661080360412598e-01 5.257290601730346680e-01
3.395157158374786377e-01 4.179275035858154297e-01
6.030744314193725586e-01 7.273522019386291504e-01
1.600027233362197876e-01 5.502822995185852051e-01
8.244393467903137207e-01 8.490373194217681885e-02
3.048619925975799561e-01 2.975037693977355957e-02
9.976111650466918945e-01 9.535852074623107910e-01
7.484483718872070312e-01 3.942709267139434814e-01
2.755728662014007568e-01 4.635562002658843994e-01
4.937241375446319580e-01 4.642693102359771729e-01
3.863487839698791504e-01 4.532361328601837158e-01
2.812556049320846796e-04 7.264009118080139160e-01
5.362603068351745605e-01 6.605730652809143066e-01
7.789375782012939453e-01 4.879608154296875000e-01
8.060036301612854004e-01 2.317718863487243652e-01
3.153677880764007568e-01 8.639118075370788574e-01
4.283989667892456055e-01 7.690047621726989746e-01
6.163754463195800781e-01 2.207434922456741333e-01
4.857418835163116455e-01 4.228775203227996826e-01
5.489517375826835632e-02 6.039241552352905273e-01
8.176357150077819824e-01 6.764638423919677734e-01
9.527819156646728516e-01 4.918535649776458740e-01
5.741931796073913574e-01 4.284924566745758057e-01
1.238496080040931702e-01 8.729386329650878906e-01
2.598580121994018555e-01 6.917988061904907227e-01
5.655625462532043457e-01 4.894434213638305664e-01
5.525652766227722168e-01 1.778608858585357666e-01
9.097661972045898438e-01 7.031942605972290039e-01
3.929207921028137207e-01 1.959855556488037109e-01
8.599206805229187012e-01 8.666458725929260254e-02
8.456268906593322754e-01 8.657894134521484375e-01
5.310064554214477539e-01 8.127159476280212402e-01
9.494110345840454102e-01 2.450389713048934937e-01
4.355050623416900635e-01 8.532447814941406250e-01
4.992332160472869873e-01 4.632457792758941650e-01
4.185221493244171143e-01 8.576713800430297852e-01
3.970530256628990173e-02 2.620204985141754150e-01
9.487181901931762695e-02 2.085460871458053589e-01
1.878885030746459961e-01 9.335394203662872314e-02
2.663478255271911621e-01 1.731929481029510498e-01
9.259700775146484375e-01 2.552085518836975098e-01
8.519309759140014648e-01 8.177095055580139160e-01
7.379030585289001465e-01 6.046311259269714355e-01
7.856512442231178284e-03 3.584583997726440430e-01
5.235201120376586914e-01 3.444043099880218506e-01
2.290681749582290649e-01 9.412893652915954590e-01
9.330959320068359375e-01 8.808965682983398438e-01
1.778729110956192017e-01 7.259200215339660645e-01
4.706588685512542725e-01 1.071300655603408813e-01
1.414682529866695404e-02 3.174147009849548340e-01
3.050004243850708008e-01 7.443342804908752441e-01
6.395368576049804688e-01 2.059858292341232300e-01
5.236963629722595215e-01 4.813632667064666748e-01
4.062119126319885254e-02 6.759594082832336426e-01
9.466019272804260254e-01 1.232114359736442566e-01
5.928977131843566895e-01 1.562952548265457153e-01
5.336410999298095703e-01 4.754465818405151367e-02
7.233203053474426270e-01 1.218744218349456787e-01
7.275558710098266602e-01 3.336809873580932617e-01
1.531903147697448730e-01 3.241759240627288818e-01
5.461302399635314941e-01 3.837054073810577393e-01
5.518160462379455566e-01 4.044188559055328369e-02
7.517009228467941284e-02 4.642992913722991943e-01
4.350059032440185547e-01 5.983941373415291309e-04
5.298177599906921387e-01 8.057983517646789551e-01
7.038421630859375000e-01 5.507766604423522949e-01
9.141874909400939941e-01 1.539180725812911987e-01
7.755010724067687988e-01 5.810033082962036133e-01
3.527109622955322266e-01 6.550790071487426758e-01
7.836621403694152832e-01 8.475602865219116211e-01
4.548851251602172852e-01 1.332408934831619263e-01
3.829636275768280029e-01 1.686457693576812744e-01
5.954088568687438965e-01 6.415821313858032227e-01
9.952117800712585449e-01 5.392234325408935547e-01
1.925971359014511108e-01 1.334774047136306763e-01
7.325980067253112793e-01 8.573334217071533203e-01
2.508936524391174316e-01 1.133997365832328796e-01
8.621340394020080566e-01 2.502115666866302490e-01
7.781231999397277832e-01 8.716397881507873535e-01
6.619065403938293457e-01 6.709744334220886230e-01
2.426542490720748901e-01 1.615515165030956268e-02
3.645914793014526367e-02 9.111458808183670044e-02
3.362840712070465088e-01 1.354922205209732056e-01
6.762261986732482910e-01 5.005517601966857910e-01
1.144874170422554016e-01 8.492236733436584473e-01
5.414645671844482422e-01 1.600745916366577148e-01
7.153204679489135742e-01 7.112115025520324707e-01
3.574556410312652588e-01 7.091602683067321777e-01
9.684156775474548340e-01 5.134265124797821045e-02
4.302878081798553467e-01 8.956646919250488281e-01
5.321857705712318420e-02 2.094971090555191040e-01
4.340527057647705078e-01 5.610891580581665039e-01
4.294146224856376648e-02 6.299158334732055664e-01
7.224725186824798584e-02 4.201708436012268066e-01
9.866117238998413086e-01 4.112800359725952148e-01
6.070903539657592773e-01 7.506074756383895874e-02
8.670032620429992676e-01 9.543868303298950195e-01
9.278422594070434570e-01 9.473807215690612793e-01
5.948028564453125000e-01 1.801169291138648987e-02
8.013404011726379395e-01 9.317135214805603027e-01
6.842918395996093750e-01 1.175262406468391418e-01
5.703150033950805664e-01 1.691879890859127045e-02
9.303564429283142090e-01 2.485083043575286865e-01
1.107976287603378296e-01 8.832490444183349609e-01
5.055483579635620117e-01 4.735742509365081787e-02
8.038982748985290527e-01 8.616918325424194336e-01
5.014767646789550781e-01 9.999147802591323853e-02
8.191817402839660645e-01 2.705618441104888916e-01
5.243934392929077148e-01 4.362986683845520020e-01
8.538279533386230469e-01 4.918261170387268066e-01
8.885177373886108398e-01 5.399635434150695801e-01
1.263781785964965820e-01 1.597924977540969849e-01
7.803466320037841797e-01 7.733750939369201660e-01
1.197694540023803711e-01 5.717923045158386230e-01
5.033445358276367188e-01 4.361242651939392090e-01
1.314610056579113007e-02 4.087128937244415283e-01
6.194882988929748535e-01 8.526853919029235840e-01
7.708420753479003906e-01 4.628272056579589844e-01
3.443477153778076172e-01 2.765364050865173340e-01
9.176233410835266113e-01 7.276875376701354980e-01
8.499161005020141602e-01 3.470875620841979980e-01
9.248797893524169922e-01 1.816500127315521240e-01
7.638060450553894043e-01 2.814899682998657227e-01
3.700195252895355225e-01 7.131320238113403320e-01
6.845383346080780029e-02 2.929408848285675049e-01
8.246116340160369873e-02 8.605472445487976074e-01
1.986499726772308350e-01 1.885921061038970947e-01
2.535381913185119629e-02 9.051004648208618164e-01
1.110291704535484314e-01 4.912798404693603516e-01
5.260511636734008789e-01 3.039345145225524902e-01
3.951717615127563477e-01 4.199560880661010742e-01
6.423283815383911133e-01 6.164218187332153320e-01
6.430275440216064453e-01 2.160254716873168945e-01
9.647362232208251953e-01 2.159142494201660156e-02
2.662749886512756348e-01 9.534919857978820801e-01
6.766903996467590332e-01 9.938371181488037109e-01
8.053061962127685547e-01 8.337645530700683594e-01
6.579715013504028320e-01 9.852010756731033325e-02
7.300416938960552216e-03 7.623234391212463379e-01
5.848554968833923340e-01 7.814286351203918457e-01
1.699707359075546265e-01 6.257686614990234375e-01
7.300749421119689941e-01 7.972339391708374023e-01
5.927766561508178711e-01 2.171219140291213989e-01
2.278395146131515503e-01 6.534982472658157349e-02
3.122232481837272644e-02 8.580487966537475586e-02
3.460312783718109131e-01 1.220868155360221863e-01
6.236439347267150879e-01 2.047525495290756226e-01
7.843304872512817383e-01 8.116253614425659180e-01
8.709592819213867188e-01 3.380414247512817383e-01
9.568475484848022461e-01 8.473836183547973633e-01
4.424206018447875977e-01 3.647052347660064697e-01
7.649943232536315918e-01 8.016706109046936035e-01
1.285206526517868042e-01 9.330008029937744141e-01
9.262652397155761719e-01 8.192453980445861816e-01
9.172977209091186523e-01 1.710840910673141479e-01
1.457203477621078491e-01 9.899202585220336914e-01
2.392535954713821411e-01 1.627286374568939209e-01
7.431128025054931641e-01 3.180244863033294678e-01
7.565910816192626953e-01 4.440110027790069580e-01
5.831937789916992188e-01 4.139306247234344482e-01
2.838520109653472900e-01 9.503976255655288696e-02
2.273766547441482544e-01 9.836479425430297852e-01
6.938276886940002441e-01 1.623173207044601440e-01
6.420988440513610840e-01 9.630221724510192871e-01
8.572631478309631348e-01 5.884018540382385254e-01
4.136022180318832397e-02 6.560783386230468750e-01
4.169293940067291260e-01 9.063754081726074219e-01
7.411618232727050781e-01 2.505301833152770996e-01
6.042358875274658203e-01 1.956331431865692139e-01
1.427133232355117798e-01 6.420631408691406250e-01
4.247789382934570312e-01 3.744733631610870361e-01
3.157704770565032959e-01 3.074979782104492188e-01
9.123854041099548340e-01 1.845851689577102661e-01
3.369592726230621338e-01 6.917458772659301758e-01
2.004115730524063110e-01 7.170129418373107910e-01
3.182864785194396973e-01 5.396477580070495605e-01
1.434530168771743774e-01 4.743137955665588379e-01
3.652734309434890747e-02 7.926684617996215820e-01
2.819167971611022949e-01 8.574111461639404297e-01
1.825041919946670532e-01 6.758342385292053223e-01
6.945062428712844849e-02 1.250772327184677124e-01
8.447832465171813965e-01 6.345285177230834961e-01
4.199744164943695068e-01 1.134321391582489014e-01
3.200838863849639893e-01 3.780097067356109619e-01
3.530636057257652283e-02 8.372484445571899414e-01
7.953932881355285645e-01 6.023152470588684082e-01
6.173758506774902344e-01 4.668725132942199707e-01
5.368047580122947693e-02 4.982520341873168945e-01
5.185542106628417969e-01 9.684028029441833496e-01
5.998560413718223572e-02 4.145594239234924316e-01
8.806376457214355469e-01 8.958399891853332520e-01
9.218254685401916504e-01 7.624521851539611816e-01
6.368947029113769531e-01 9.617435932159423828e-01
1.391277313232421875e-01 2.411196976900100708e-01
1.203688606619834900e-01 9.280652403831481934e-01
4.508337080478668213e-01 9.625105261802673340e-01
2.881980836391448975e-01 3.966133594512939453e-01
7.972893118858337402e-01 8.045638203620910645e-01
2.323502600193023682e-01 9.973177313804626465e-01
2.014182694256305695e-02 2.914091944694519043e-01
5.860373377799987793e-01 5.757382512092590332e-01
6.585806012153625488e-01 8.920065164566040039e-01
4.093290306627750397e-03 2.662730216979980469e-01
7.507119774818420410e-01 3.434787690639495850e-01
5.081462264060974121e-01 9.500368237495422363e-01
6.187376976013183594e-01 3.190140426158905029e-01
3.549804687500000000e-01 4.176658689975738525e-01
8.440378904342651367e-01 4.234820902347564697e-01
5.513120070099830627e-02 6.037007570266723633e-01
6.529012322425842285e-01 6.308594942092895508e-01
1.031905561685562134e-01 8.098109811544418335e-02
8.509028702974319458e-02 9.511404484510421753e-02
8.868399858474731445e-01 7.629292458295822144e-02
3.315934836864471436e-01 9.277437329292297363e-01
8.906002640724182129e-01 8.130960464477539062e-01
7.199047207832336426e-01 9.061074852943420410e-01
7.035863995552062988e-01 2.652964591979980469e-01
9.441861510276794434e-01 3.063250891864299774e-02
4.026795923709869385e-01 1.975067891180515289e-02
3.975452482700347900e-01 3.667619526386260986e-01
9.541208148002624512e-01 4.739880263805389404e-01
5.180850625038146973e-02 8.014184832572937012e-01
9.186657667160034180e-01 8.374452590942382812e-01
2.872004806995391846e-01 2.519465982913970947e-01
7.338021993637084961e-01 8.780429512262344360e-02
3.945194482803344727e-01 2.359977662563323975e-01
1.647944748401641846e-01 6.556922197341918945e-01
8.120829463005065918e-01 5.306522361934185028e-03
7.695485949516296387e-01 1.418031752109527588e-01
9.986317157745361328e-01 9.093856811523437500e-01
3.863071501255035400e-01 4.507991671562194824e-01
9.857963323593139648e-01 7.713283300399780273e-01
3.015098273754119873e-01 3.886553943157196045e-01
8.263016939163208008e-01 2.904029786586761475e-01
3.632459938526153564e-01 2.972832620143890381e-01
1.481639593839645386e-01 9.136538505554199219e-01
7.122161239385604858e-02 7.556586265563964844e-01
3.387520313262939453e-01 3.979920968413352966e-02
8.549083471298217773e-01 1.429791599512100220e-01
9.735842347145080566e-01 2.795226275920867920e-01
1.801650598645210266e-02 7.573457956314086914e-01
4.523981213569641113e-01 3.054505288600921631e-01
9.855844378471374512e-01 6.349468827247619629e-01
1.977895945310592651e-01 9.814224243164062500e-01
7.109394073486328125e-01 9.065522253513336182e-02
6.635640263557434082e-01 2.803976535797119141e-01
4.164531826972961426e-01 5.820448398590087891e-01
5.638425350189208984e-01 7.538922429084777832e-01
2.678506374359130859e-01 2.808825671672821045e-01
5.752402544021606445e-01 6.035822629928588867e-01
8.918619155883789062e-01 2.747415900230407715e-01
5.973011851310729980e-01 3.156534731388092041e-01
6.792497038841247559e-01 8.158527016639709473e-01
9.410557150840759277e-01 1.827522963285446167e-01
7.607822418212890625e-01 1.189693063497543335e-01
5.390259250998497009e-02 2.528027892112731934e-01
4.846618473529815674e-01 3.619372844696044922e-01
1.337758079171180725e-02 3.475592732429504395e-01
6.311717033386230469e-01 4.358562529087066650e-01
1.144884154200553894e-01 9.090853333473205566e-01
9.975503683090209961e-01 1.622076891362667084e-02
7.619706988334655762e-01 5.038023591041564941e-01
3.430945575237274170e-01 6.897602081298828125e-01
4.130047932267189026e-02 5.815519094467163086e-01
9.409894794225692749e-02 3.783681690692901611e-01
2.753785848617553711e-01 2.848261296749114990e-01
4.783684015274047852e-01 5.055125355720520020e-01
7.315357923507690430e-01 3.666590452194213867e-01
9.878414273262023926e-01 6.466366648674011230e-01
2.450577765703201294e-01 7.776258587837219238e-01
2.363026887178421021e-02 3.082037568092346191e-01
1.310563087463378906e-01 4.231533110141754150e-01
8.247127532958984375e-01 7.018594145774841309e-01
7.363057136535644531e-01 9.624859094619750977e-01
3.881962299346923828e-01 2.201627343893051147e-01
2.411198019981384277e-01 6.536908745765686035e-01
8.695478439331054688e-01 1.573823043145239353e-03
7.784964442253112793e-01 5.269994139671325684e-01
5.744919776916503906e-01 9.035308361053466797e-01
5.537427067756652832e-01 3.869291543960571289e-01
1.499212682247161865e-01 2.732004038989543915e-02
2.267449051141738892e-01 9.718474745750427246e-01
2.403277903795242310e-01 8.894259929656982422e-01
6.840459108352661133e-01 3.002394735813140869e-01
4.677420556545257568e-01 6.844077706336975098e-01
7.447647452354431152e-01 7.356769442558288574e-01
1.023827418684959412e-01 9.325384497642517090e-01
8.928653597831726074e-02 3.637202382087707520e-01
9.931008815765380859e-01 5.740003585815429688e-01
6.931359171867370605e-01 1.696199774742126465e-01
6.594895571470260620e-02 3.564272224903106689e-01
8.832708597183227539e-01 1.298311725258827209e-02
2.134729176759719849e-01 1.769542545080184937e-01
4.779815673828125000e-02 7.340160012245178223e-01
8.600283861160278320e-01 3.335393667221069336e-01
6.146925091743469238e-01 4.298724532127380371e-01
9.221268296241760254e-01 1.718200147151947021e-01
2.967686951160430908e-01 9.859965443611145020e-01
4.983687698841094971e-01 1.968359947204589844e-01
4.831728041172027588e-01 3.748511373996734619e-01
5.523394942283630371e-01 2.485008388757705688e-01
3.613746464252471924e-01 5.009813904762268066e-01
5.756750106811523438e-01 9.187209010124206543e-01
3.908041417598724365e-01 6.222143173217773438e-01
5.026571154594421387e-01 1.847065985202789307e-01
8.333900570869445801e-01 5.292693972587585449e-01
7.148312777280807495e-02 8.325772285461425781e-01
8.470081686973571777e-01 3.928782045841217041e-01
6.602390408515930176e-01 1.865370571613311768e-02
7.602536678314208984e-01 5.101066827774047852e-02
1.111080050468444824e-01 7.941798567771911621e-01
3.131917715072631836e-01 6.470792293548583984e-01
1.120044142007827759e-01 2.330321222543716431e-01
2.698400616645812988e-01 5.386055707931518555e-01
9.466065168380737305e-01 1.191342994570732117e-02
7.505592703819274902e-01 6.949363946914672852e-01
8.091540336608886719e-01 5.324220657348632812e-01
7.065641880035400391e-01 9.116625040769577026e-02
6.210455298423767090e-01 8.468762040138244629e-02
6.035041809082031250e-01 3.477535396814346313e-02
5.318846106529235840e-01 1.519297063350677490e-01
7.575817108154296875e-01 9.852594137191772461e-01
5.810592174530029297e-01 2.106256783008575439e-01
6.359217166900634766e-01 1.019966304302215576e-01
6.695963144302368164e-01 3.031766116619110107e-01
4.083578586578369141e-01 1.637597978115081787e-01
8.754168748855590820e-01 1.221254989504814148e-01
5.947005748748779297e-02 7.551100850105285645e-01
9.095466136932373047e-01 5.868182182312011719e-01
9.098549485206604004e-01 2.259317636489868164e-01
2.154318988323211670e-01 1.220166608691215515e-01
5.438172817230224609e-02 6.711490154266357422e-01
8.014087677001953125e-01 7.349392175674438477e-01
9.720196723937988281e-01 6.578460931777954102e-01
9.514871835708618164e-01 7.741224169731140137e-01
4.616344869136810303e-01 6.571670770645141602e-01
9.181187152862548828e-01 3.531883358955383301e-01
9.101296067237854004e-01 7.740310579538345337e-02
1.891435235738754272e-01 1.791973710060119629e-01
5.112729072570800781e-01 3.197568953037261963e-01
3.587758243083953857e-01 1.276280879974365234e-01
3.996548056602478027e-02 5.927904844284057617e-01
1.711323410272598267e-01 6.867931038141250610e-02
9.297276735305786133e-01 4.189050495624542236e-01
1.690039634704589844e-01 4.535081088542938232e-01
8.185574412345886230e-01 1.673067957162857056e-01
7.489578723907470703e-01 2.043479084968566895e-01
4.110862612724304199e-01 7.051048278808593750e-01
6.677849590778350830e-02 1.967705339193344116e-01
1.796776950359344482e-01 2.214766889810562134e-01
6.473494768142700195e-01 1.933382451534271240e-01
2.970914542675018311e-01 1.231666468083858490e-02
5.432226657867431641e-01 3.109194338321685791e-01
6.145894527435302734e-01 5.933696031570434570e-01
3.619024530053138733e-02 4.486886560916900635e-01
3.140980377793312073e-02 4.275834262371063232e-01
6.887831687927246094e-01 1.073971576988697052e-02
6.641181111335754395e-01 2.605505753308534622e-03
3.652861714363098145e-01 2.328120470046997070e-01
3.159614503383636475e-01 1.946329176425933838e-01
4.510711133480072021e-01 3.197382390499114990e-01
1.903319545090198517e-02 1.959952116012573242e-01
7.390159964561462402e-01 5.501546263694763184e-01
9.549912810325622559e-01 5.808998942375183105e-01
7.554101943969726562e-01 3.360673487186431885e-01
7.794398069381713867e-01 9.458193778991699219e-01
4.139016866683959961e-01 8.158101439476013184e-01
3.154878616333007812e-01 8.625117130577564240e-03
6.650436520576477051e-01 7.475383877754211426e-01
6.216785907745361328e-01 1.519187241792678833e-01
8.795555233955383301e-01 7.764660716056823730e-01
1.995240002870559692e-01 1.959384679794311523e-01
8.059667944908142090e-01 4.768549501895904541e-01
2.503134012222290039e-01 9.770366549491882324e-01
1.011342406272888184e-01 2.848857343196868896e-01
9.776411056518554688e-01 5.151240229606628418e-01
4.347784817218780518e-02 3.798826336860656738e-01
9.622405171394348145e-01 8.573282361030578613e-01
2.362831085920333862e-01 4.778926074504852295e-01
6.699722409248352051e-01 4.330083429813385010e-01
6.868644952774047852e-01 2.655613124370574951e-01
9.412524104118347168e-01 3.384730517864227295e-01
5.472776293754577637e-02 8.273646831512451172e-01
9.651358723640441895e-01 1.120120752602815628e-02
5.277457237243652344e-01 3.169139921665191650e-01
9.088006615638732910e-01 3.620509505271911621e-01
7.368004918098449707e-01 9.616245031356811523e-01
9.890188574790954590e-01 6.791363954544067383e-01
8.543646931648254395e-01 1.070811226963996887e-01
1.621912419795989990e-01 9.708769321441650391e-01
6.726293563842773438e-01 6.310937404632568359e-01
1.480881571769714355e-01 8.264995217323303223e-01
9.361328482627868652e-01 7.223942875862121582e-01
1.905112266540527344e-01 1.523513495922088623e-01
7.256631851196289062e-01 2.695902287960052490e-01
1.161898374557495117e-01 3.672819733619689941e-01
1.290331184864044189e-01 7.573884129524230957e-01
9.207364916801452637e-02 8.701097965240478516e-01
4.706536233425140381e-02 6.397257745265960693e-02
9.627203643321990967e-02 6.944719552993774414e-01
8.392549753189086914e-01 1.697855889797210693e-01
4.064677357673645020e-01 9.366311132907867432e-02
2.706387042999267578e-01 3.715658187866210938e-01
4.100405871868133545e-01 1.738853566348552704e-02
1.510240584611892700e-01 5.509873107075691223e-02
4.398331940174102783e-01 9.409211277961730957e-01
6.602437496185302734e-01 2.978142797946929932e-01
8.397383093833923340e-01 6.601614356040954590e-01
7.378065586090087891e-01 2.988992035388946533e-01
5.739685893058776855e-01 4.866239130496978760e-01
3.869864344596862793e-01 1.072288677096366882e-01
6.269056349992752075e-02 1.618011444807052612e-01
7.179786562919616699e-01 8.798770904541015625e-01
9.582412987947463989e-02 8.104954957962036133e-01
2.295462042093276978e-01 3.020035624504089355e-01
3.045453429222106934e-01 4.472532495856285095e-02
1.402823925018310547e-01 1.417516916990280151e-01
3.519617021083831787e-01 6.284468770027160645e-01
1.588630080223083496e-01 3.432431817054748535e-01
5.888337492942810059e-01 5.893589258193969727e-01
5.296474099159240723e-01 7.937266230583190918e-01
8.345549702644348145e-01 6.594161987304687500e-01
7.993468046188354492e-01 6.831471323966979980e-01
4.647483229637145996e-01 1.827176511287689209e-01
9.414969682693481445e-01 8.506413698196411133e-01
5.539477989077568054e-02 5.964747071266174316e-01
6.783974170684814453e-01 9.093768149614334106e-02
9.246632456779479980e-01 2.640486657619476318e-01
8.606833219528198242e-01 4.271383285522460938e-01
6.751020550727844238e-01 7.745967507362365723e-01
7.902898192405700684e-01 2.304751425981521606e-01
5.285619497299194336e-01 2.566969990730285645e-01
6.951357722282409668e-01 1.492455750703811646e-01
3.513426780700683594e-01 5.354222059249877930e-01
5.695188641548156738e-01 7.846621870994567871e-01
7.756265401840209961e-01 6.421329975128173828e-01
7.145043015480041504e-01 3.404396772384643555e-01
5.063703060150146484e-01 7.110861539840698242e-01
8.424118757247924805e-01 8.459005355834960938e-01
5.114998221397399902e-01 6.521347761154174805e-01
8.582486510276794434e-01 4.480828344821929932e-01
6.079900264739990234e-01 9.648047089576721191e-01
9.319781661033630371e-01 5.994134545326232910e-01
7.973251938819885254e-01 3.567623496055603027e-01
2.253674566745758057e-01 4.567022323608398438e-01
8.579978346824645996e-01 4.602184891700744629e-01
4.861870706081390381e-01 2.964782118797302246e-01
7.732864618301391602e-01 8.624970316886901855e-01
5.994454622268676758e-01 5.184919238090515137e-01
7.806564122438430786e-02 7.458252459764480591e-02
5.810799598693847656e-01 3.479742109775543213e-01
1.479092836380004883e-01 5.173899531364440918e-01
3.122810125350952148e-01 6.198552846908569336e-01
7.717823386192321777e-01 9.231561422348022461e-01
5.809893608093261719e-01 8.653500080108642578e-01
3.831423819065093994e-01 8.654970526695251465e-01
8.474366664886474609e-01 5.641493201255798340e-01
1.285751909017562866e-01 8.959479331970214844e-01
5.806717872619628906e-01 9.384216070175170898e-01
6.236679852008819580e-02 5.010252594947814941e-01
3.614963591098785400e-01 8.944860100746154785e-01
4.313964247703552246e-01 2.657468616962432861e-01
5.200414657592773438e-01 6.727142930030822754e-01
2.130731195211410522e-01 2.632740437984466553e-01
9.705404639244079590e-01 7.767359614372253418e-01
5.822352766990661621e-01 3.478536605834960938e-01
5.098926424980163574e-01 1.955263018608093262e-01
2.590620517730712891e-01 9.925971925258636475e-02
7.160530686378479004e-01 5.359289646148681641e-01
4.085471928119659424e-01 2.418741881847381592e-01
8.927087187767028809e-01 9.357767105102539062e-01
1.168494299054145813e-01 3.290744721889495850e-01
4.636549055576324463e-01 3.756746053695678711e-01
7.747296094894409180e-01 3.163688480854034424e-01
3.663304746150970459e-01 2.492637634277343750e-01
3.633640706539154053e-01 2.818684875965118408e-01
7.507011294364929199e-01 8.807553648948669434e-01
9.758839011192321777e-01 6.914078593254089355e-01
4.270045161247253418e-01 3.635343015193939209e-01
3.592283129692077637e-01 2.930870838463306427e-02
8.470492959022521973e-01 1.088194102048873901e-01
5.145679712295532227e-01 9.051324129104614258e-01
1.809525936841964722e-01 5.383211374282836914e-01
6.437525153160095215e-01 8.132506012916564941e-01
4.438262581825256348e-01 3.981469869613647461e-01
9.192604422569274902e-01 2.134421616792678833e-01
6.518622040748596191e-01 5.118191242218017578e-01
6.374971270561218262e-01 4.407736957073211670e-01
3.319465816020965576e-01 5.121489986777305603e-02
5.612553954124450684e-01 6.777464151382446289e-01
7.119250297546386719e-01 8.834822177886962891e-01
8.995047807693481445e-01 1.023437157273292542e-01
5.198891758918762207e-01 8.584293127059936523e-01
1.183045376092195511e-02 4.969787299633026123e-01
2.199946343898773193e-02 6.883506774902343750e-01
9.006136059761047363e-01 6.326515078544616699e-01
2.907159626483917236e-01 3.002316355705261230e-01
9.061383605003356934e-01 3.256569057703018188e-02
2.021817266941070557e-01 8.219590187072753906e-01
4.716840386390686035e-01 2.325573265552520752e-01
6.815297603607177734e-01 5.646432638168334961e-01
8.937066793441772461e-02 5.645698904991149902e-01
7.672836184501647949e-01 2.537251412868499756e-01
5.290402099490165710e-03 9.156557321548461914e-01
2.937611937522888184e-01 1.338410228490829468e-01
4.974541068077087402e-01 5.549056529998779297e-01
5.206860899925231934e-01 6.947671175003051758e-01
6.475841999053955078e-01 3.187963962554931641e-01
4.502792656421661377e-01 3.982009887695312500e-01
3.360974192619323730e-01 1.723688691854476929e-01
7.137407660484313965e-01 9.488915801048278809e-01
7.725031971931457520e-01 1.613398790359497070e-01
4.604753851890563965e-01 2.094317674636840820e-01
9.067832231521606445e-01 7.139735817909240723e-01
8.515557050704956055e-01 1.747990027070045471e-02
5.917451381683349609e-01 3.848497867584228516e-01
9.081668257713317871e-01 9.173232316970825195e-01
2.715823948383331299e-01 7.850489616394042969e-01
3.820248842239379883e-01 2.938007749617099762e-02
9.715228080749511719e-01 5.395821332931518555e-01
5.194551944732666016e-01 9.786441922187805176e-01
3.467347472906112671e-02 2.921386063098907471e-01
7.850639224052429199e-01 8.859525918960571289e-01
3.647117316722869873e-01 5.480823293328285217e-02
2.030812054872512817e-01 3.318421542644500732e-01
6.224808692932128906e-01 2.756954729557037354e-02
8.963987827301025391e-01 4.121452271938323975e-01
2.601456940174102783e-01 5.224657058715820312e-01
5.352046489715576172e-01 7.682941555976867676e-01
3.675178885459899902e-01 7.124858498573303223e-01
9.939845800399780273e-01 7.295954227447509766e-02
4.194585084915161133e-01 3.046353459358215332e-01
9.122578501701354980e-01 4.745092689990997314e-01
8.953893184661865234e-01 6.457449197769165039e-01
2.335407882928848267e-01 9.321561455726623535e-02
4.176692962646484375e-01 1.941544115543365479e-01
7.825585007667541504e-01 2.147868126630783081e-01
9.272127747535705566e-01 2.815905213356018066e-01
8.115844130516052246e-01 5.370591282844543457e-01
6.176384091377258301e-01 9.615159034729003906e-01
5.217115283012390137e-01 8.388568758964538574e-01
7.022054791450500488e-01 9.006412625312805176e-01
1.175018101930618286e-01 6.864674091339111328e-01
8.507463335990905762e-01 6.489159464836120605e-01
6.082087159156799316e-01 5.785515904426574707e-02
1.316485553979873657e-01 4.663315117359161377e-01
8.921443223953247070e-01 4.563777148723602295e-01
2.596735060214996338e-01 4.198488891124725342e-01
7.273935079574584961e-01 5.309920907020568848e-01
7.342215627431869507e-02 6.108111143112182617e-01
9.554990530014038086e-01 1.262626498937606812e-01
3.722798526287078857e-01 4.745557308197021484e-01
6.759671568870544434e-01 3.549501597881317139e-01
1.843983530998229980e-01 4.842889010906219482e-01
4.636342525482177734e-01 1.501040011644363403e-01
5.622493624687194824e-01 3.206618726253509521e-01
5.782986283302307129e-01 5.159751772880554199e-01
9.702953100204467773e-01 1.440633982419967651e-01
5.188767313957214355e-01 9.354611039161682129e-01
6.625860333442687988e-01 3.333827257156372070e-01
5.872089862823486328e-01 7.527118921279907227e-01
7.204564660787582397e-02 7.148302197456359863e-01
9.131087064743041992e-01 7.985801100730895996e-01
3.728513121604919434e-01 6.748204827308654785e-01
9.390257000923156738e-01 7.562422752380371094e-01
7.902355194091796875e-01 9.923905730247497559e-01
4.204203784465789795e-01 2.683752179145812988e-01
4.942539632320404053e-01 8.883597701787948608e-02
9.684427976608276367e-01 6.219099462032318115e-02
9.858981370925903320e-01 1.128968074917793274e-01
3.833939433097839355e-01 6.215545535087585449e-01
1.172747910022735596e-01 8.191037774085998535e-01
4.888878166675567627e-01 2.537266016006469727e-01
1.956903338432312012e-01 2.776622176170349121e-01
4.205755591392517090e-01 2.011532336473464966e-01
3.267749249935150146e-01 5.488506555557250977e-01
8.194262385368347168e-01 7.362001538276672363e-01
8.902593255043029785e-01 4.316317737102508545e-01
5.916709303855895996e-01 2.580931484699249268e-01
1.520423777401447296e-02 2.818932235240936279e-01
8.307918906211853027e-02 5.220445394515991211e-01
2.308097332715988159e-01 9.154965877532958984e-01
9.561342000961303711e-01 8.444604873657226562e-01
1.338922083377838135e-01 3.884685635566711426e-01
5.348332524299621582e-01 8.369814157485961914e-01
6.176556944847106934e-01 5.632207393646240234e-01
7.219191193580627441e-01 9.310507774353027344e-01
8.075341582298278809e-01 8.866713941097259521e-02
3.734675347805023193e-01 3.140968084335327148e-01
9.439917802810668945e-01 3.930382430553436279e-01
3.225540220737457275e-01 1.827418208122253418e-01
9.787528514862060547e-01 5.700639486312866211e-01
9.829205274581909180e-01 2.878342568874359131e-01
3.921111524105072021e-01 4.517816901206970215e-01
6.254818439483642578e-01 1.807574033737182617e-01
9.346884489059448242e-01 3.936241269111633301e-01
1.479896306991577148e-01 3.291760981082916260e-01
9.557606577873229980e-01 7.654576301574707031e-01
7.015692442655563354e-02 4.589598476886749268e-01
3.808839917182922363e-01 1.657852977514266968e-01
9.304688572883605957e-01 9.713673591613769531e-01
6.824386119842529297e-01 1.309446096420288086e-01
6.688695549964904785e-01 1.587870866060256958e-01
2.569033205509185791e-01 6.315921545028686523e-01
6.830197572708129883e-01 1.529344767332077026e-01
9.724868088960647583e-02 8.006200194358825684e-01
6.506333351135253906e-01 2.376866489648818970e-01
9.762466549873352051e-01 8.128761649131774902e-01
4.902391433715820312e-01 9.767504781484603882e-02
5.387923121452331543e-01 7.738731056451797485e-02
6.515460014343261719e-01 6.887068152427673340e-01
8.576029539108276367e-02 4.939119890332221985e-02
3.943912312388420105e-02 3.401621282100677490e-01
2.305662445724010468e-02 4.164950251579284668e-01
6.640228093601763248e-05 8.407258987426757812e-01
8.505703806877136230e-01 8.867046236991882324e-01
8.622408509254455566e-01 3.177758753299713135e-01
4.883524179458618164e-01 3.782896399497985840e-01
3.778995871543884277e-01 1.316051483154296875e-01
2.534913122653961182e-01 5.704138278961181641e-01
9.806997179985046387e-01 4.707646071910858154e-01
8.668031692504882812e-01 1.682399511337280273e-01
9.156618714332580566e-01 6.973354518413543701e-02
4.475993216037750244e-01 1.723680049180984497e-01
9.616442918777465820e-01 8.538753539323806763e-02
9.840752929449081421e-02 4.517771005630493164e-01
8.281391263008117676e-01 6.770403385162353516e-01
3.325754404067993164e-01 6.813664436340332031e-01
9.379730820655822754e-01 5.228688716888427734e-01
8.682771921157836914e-01 7.327912449836730957e-01
2.336821705102920532e-01 5.458945631980895996e-01
4.419561028480529785e-01 6.339966505765914917e-02
2.486794292926788330e-01 8.662784099578857422e-01
6.647170186042785645e-01 6.048133224248886108e-02
4.551868736743927002e-01 9.982197284698486328e-01
1.126683056354522705e-01 9.810532927513122559e-01
2.992470562458038330e-01 1.715542376041412354e-01
7.327050901949405670e-03 6.162899136543273926e-01
5.428604483604431152e-01 8.813799619674682617e-01
9.101251363754272461e-01 5.157262086868286133e-01
2.590066753327846527e-03 3.408474624156951904e-01
6.424381732940673828e-01 5.750803351402282715e-01
2.547081112861633301e-01 9.344255328178405762e-01
8.225832134485244751e-02 1.812428236007690430e-01
7.318474650382995605e-01 6.078425049781799316e-01
8.589317798614501953e-01 9.728482365608215332e-02
3.563846945762634277e-01 7.710441350936889648e-01
5.436107516288757324e-01 1.513910759240388870e-02
9.913233518600463867e-01 8.433429598808288574e-01
1.460319459438323975e-01 8.310998678207397461e-01
5.013611316680908203e-01 8.470523357391357422e-01
8.977223634719848633e-01 7.867281436920166016e-01
8.582419157028198242e-01 2.518075108528137207e-01
7.309644222259521484e-01 4.587290585041046143e-01
7.759181261062622070e-01 4.034748673439025879e-01
4.693382978439331055e-01 8.987094163894653320e-01
4.113613069057464600e-01 4.984257519245147705e-01
1.904656589031219482e-01 8.002793192863464355e-01
1.089670285582542419e-01 9.843925386667251587e-02
3.315027356147766113e-01 7.089547514915466309e-01
2.117994427680969238e-02 9.166750907897949219e-01
3.685755133628845215e-01 4.617961496114730835e-02
9.740930795669555664e-01 1.020448580384254456e-01
7.799996137619018555e-01 5.340830087661743164e-01
7.699331641197204590e-01 4.520705342292785645e-01
9.079026579856872559e-01 4.642425775527954102e-01
2.328972071409225464e-01 2.653669752180576324e-02
9.116790890693664551e-01 9.283682107925415039e-01
3.271378576755523682e-02 4.050642848014831543e-01
2.929700314998626709e-01 9.264544844627380371e-01
7.967910170555114746e-01 3.412593603134155273e-01
7.151300311088562012e-01 3.684597313404083252e-01
6.332029700279235840e-01 1.039990261197090149e-01
3.766320645809173584e-01 8.410829305648803711e-01
8.157472014427185059e-01 4.871402680873870850e-01
8.359574675559997559e-01 8.262354135513305664e-01
2.991801798343658447e-01 7.277547121047973633e-01
6.537911891937255859e-01 6.741137504577636719e-01
4.852271080017089844e-01 6.091853976249694824e-01
6.221911907196044922e-01 1.676315814256668091e-01
7.318516373634338379e-01 7.472924143075942993e-02
5.122229456901550293e-01 2.641291618347167969e-01
7.565319538116455078e-01 7.900882363319396973e-01
5.887086391448974609e-01 4.399910867214202881e-01
1.375722289085388184e-01 5.490031838417053223e-01
7.920955419540405273e-01 4.166944324970245361e-01
7.740036249160766602e-01 7.506625652313232422e-01
8.822402954101562500e-01 2.351467013359069824e-01
6.766849160194396973e-01 3.624061346054077148e-01
3.545360863208770752e-01 7.005818486213684082e-01
2.285894155502319336e-01 3.335697576403617859e-02
5.843437910079956055e-01 4.307625889778137207e-01
3.111501336097717285e-01 5.883038043975830078e-01
9.090545028448104858e-02 8.870930671691894531e-01
9.804799556732177734e-01 2.162769138813018799e-01
9.972235560417175293e-01 3.335022628307342529e-01
5.859813094139099121e-01 7.654105424880981445e-01
3.593011796474456787e-01 5.956053733825683594e-01
8.380855917930603027e-01 2.436466962099075317e-01
4.132574498653411865e-01 4.801694750785827637e-01
7.835689932107925415e-03 8.248872160911560059e-01
1.829182803630828857e-01 6.610308289527893066e-01
7.294195294380187988e-01 8.044226169586181641e-01
6.040847301483154297e-01 1.525301784276962280e-01
2.890433967113494873e-01 1.432463824748992920e-01
7.629473209381103516e-01 5.090502500534057617e-01
3.385412991046905518e-01 7.061816453933715820e-01
5.812510251998901367e-01 2.108962535858154297e-01
6.751148402690887451e-02 9.316400289535522461e-01
9.474360346794128418e-01 5.285259708762168884e-02
5.791406035423278809e-01 3.369955718517303467e-01
9.943633675575256348e-01 4.932512044906616211e-01
2.262365259230136871e-02 3.141565993428230286e-02
8.806111216545104980e-01 2.467079609632492065e-01
1.060699149966239929e-01 7.991229295730590820e-01
5.140349268913269043e-01 8.239867687225341797e-01
5.818409919738769531e-01 2.098934352397918701e-01
7.433295845985412598e-01 2.913877069950103760e-01
4.728007614612579346e-01 2.966035902500152588e-01
1.140313148498535156e-01 3.037846088409423828e-01
8.044001460075378418e-01 1.174479722976684570e-01
3.377834260463714600e-01 2.986500561237335205e-01
7.218740582466125488e-01 1.046254858374595642e-01
6.622418761253356934e-01 5.180347561836242676e-01
2.086967527866363525e-01 8.210640549659729004e-01
4.922356829047203064e-02 9.135513305664062500e-01
3.803017139434814453e-01 8.900765776634216309e-01
4.513360857963562012e-01 5.411245822906494141e-01
5.658308267593383789e-01 2.341267615556716919e-01
6.008983254432678223e-01 9.932924807071685791e-02
3.877788484096527100e-01 1.441161334514617920e-01
1.005539670586585999e-01 4.374293982982635498e-01
7.480166554450988770e-01 1.053165048360824585e-01
2.683368027210235596e-01 3.641843423247337341e-02
2.805266678333282471e-01 2.071468383073806763e-01
6.715521216392517090e-01 3.300755843520164490e-02
4.557400047779083252e-01 1.855043321847915649e-01
8.905400037765502930e-01 4.674888551235198975e-01
7.552286982536315918e-01 6.617386341094970703e-01
1.509114652872085571e-01 8.709470182657241821e-02
5.970654487609863281e-01 5.737446993589401245e-02
6.405183672904968262e-01 7.115070223808288574e-01
7.036927342414855957e-01 3.567223250865936279e-01
8.396003842353820801e-01 3.195035457611083984e-01
4.832908809185028076e-01 9.070321321487426758e-01
8.904969096183776855e-01 5.296790599822998047e-01
6.514782458543777466e-02 5.117342472076416016e-01
5.788348913192749023e-01 9.595674276351928711e-02
2.059120237827301025e-01 1.666391789913177490e-01
6.801260709762573242e-01 7.770541310310363770e-01
2.229181677103042603e-01 6.944450139999389648e-01
5.812309384346008301e-01 8.542761206626892090e-01
2.962706685066223145e-01 1.959442049264907837e-01
2.157379388809204102e-01 5.395833253860473633e-01
5.549064874649047852e-01 5.875195264816284180e-01
8.206959813833236694e-02 9.455967545509338379e-01
7.228758931159973145e-01 6.223842501640319824e-01
2.202116400003433228e-01 3.412637114524841309e-01
9.227834641933441162e-02 6.916201114654541016e-01
8.517176508903503418e-01 5.549126863479614258e-02
1.729154437780380249e-01 6.529295444488525391e-01
6.566819548606872559e-01 5.226684808731079102e-01
1.258910298347473145e-01 2.048713564872741699e-01
8.841313123703002930e-01 5.154939368367195129e-02
7.220621705055236816e-01 4.374858140945434570e-01
9.058701246976852417e-02 8.819402456283569336e-01
5.535992383956909180e-01 3.445947468280792236e-01
5.483369827270507812e-01 1.948555707931518555e-01
5.206746459007263184e-01 6.562751531600952148e-01
2.883961498737335205e-01 4.839549958705902100e-01
4.775067567825317383e-01 2.530231773853302002e-01
6.368629634380340576e-02 9.621489048004150391e-01
4.265006184577941895e-01 6.772760152816772461e-01
6.842505335807800293e-01 2.476100325584411621e-01
4.083471596240997314e-01 3.610750734806060791e-01
1.526084840297698975e-01 2.102959752082824707e-01
9.949483275413513184e-01 4.761839509010314941e-01
1.571332663297653198e-01 6.545566320419311523e-01
9.157202243804931641e-01 5.681381225585937500e-01
3.168595731258392334e-01 1.717444211244583130e-01
3.238340616226196289e-01 4.122824668884277344e-01
4.466011822223663330e-01 9.253890514373779297e-01
6.071659922599792480e-01 3.951099216938018799e-01
4.093222618103027344e-01 6.310369372367858887e-01
5.276656746864318848e-01 4.131438434123992920e-01
4.390386864542961121e-02 2.560430169105529785e-01
9.498413801193237305e-01 1.656075567007064819e-01
7.002437710762023926e-01 2.155380398035049438e-01
6.466648578643798828e-01 7.384033203125000000e-01
4.011217057704925537e-01 8.154395222663879395e-01
5.016297101974487305e-01 5.449396967887878418e-01
2.629389166831970215e-01 5.007918477058410645e-01
8.564119338989257812e-01 6.506358981132507324e-01
8.485491275787353516e-01 5.192012190818786621e-01
1.614099293947219849e-01 1.904109120368957520e-01
9.028218388557434082e-01 2.003565579652786255e-01
9.452443122863769531e-01 8.069791793823242188e-01
4.967536032199859619e-01 7.366875410079956055e-01
3.635896742343902588e-01 9.494331479072570801e-01
3.058325126767158508e-02 9.840278029441833496e-01
1.177025288343429565e-01 8.831197619438171387e-01
3.671871125698089600e-01 4.967966377735137939e-01
8.171939849853515625e-01 7.253724336624145508e-01
6.807051301002502441e-01 2.791146934032440186e-01
2.860003411769866943e-01 1.408597975969314575e-01
5.807860493659973145e-01 2.802133560180664062e-01
7.690970301628112793e-01 4.307191669940948486e-01
5.336560606956481934e-01 3.399074375629425049e-01
6.618090271949768066e-01 5.230074524879455566e-01
3.461822569370269775e-01 7.430034279823303223e-01
2.306035161018371582e-01 7.338367104530334473e-01
6.114017367362976074e-01 6.184194087982177734e-01
8.718213066458702087e-03 7.187024950981140137e-01
9.196884036064147949e-01 8.044701814651489258e-01
8.322470784187316895e-01 6.396821737289428711e-01
5.357490181922912598e-01 1.843025237321853638e-01
4.597035050392150879e-01 9.430493712425231934e-01
2.788232266902923584e-01 3.915311396121978760e-01
1.456591039896011353e-01 9.582698941230773926e-01
9.053200483322143555e-01 9.688230752944946289e-01
5.543978810310363770e-01 3.031944334506988525e-01
1.503612995147705078e-01 1.690611392259597778e-01
4.203370213508605957e-01 5.854230523109436035e-01
6.057160496711730957e-01 5.469280853867530823e-02
1.099118739366531372e-01 3.098740279674530029e-01
3.308179378509521484e-01 5.057582259178161621e-01
2.235003560781478882e-01 6.291155219078063965e-01
9.055305272340774536e-03 6.408838629722595215e-01
8.370025157928466797e-01 2.569818496704101562e-01
1.083425730466842651e-01 2.815265059471130371e-01
2.104396969079971313e-01 6.934940218925476074e-01
5.757009983062744141e-01 6.331861019134521484e-01
6.422914266586303711e-01 1.605361104011535645e-01
8.257309794425964355e-01 8.863308429718017578e-01
9.586017131805419922e-01 6.325778365135192871e-01
8.320167064666748047e-01 7.714591026306152344e-01
7.541697621345520020e-01 1.489910483360290527e-01
7.650887370109558105e-01 6.702852249145507812e-01
7.916870713233947754e-01 6.429691910743713379e-01
3.232467174530029297e-01 1.292826831340789795e-01
1.354904323816299438e-01 3.965898454189300537e-01
2.856652438640594482e-01 8.585652112960815430e-01
3.143042623996734619e-01 5.076519250869750977e-01
6.276140213012695312e-01 1.192685663700103760e-01
1.446625739336013794e-01 1.552283167839050293e-01
6.632471680641174316e-01 1.283285319805145264e-01
1.810622811317443848e-01 6.876720190048217773e-01
3.483255207538604736e-01 8.009420633316040039e-01
1.367162726819515228e-02 2.384034693241119385e-01
5.215456485748291016e-01 8.122482299804687500e-01
3.722742665559053421e-03 3.015879988670349121e-01
4.135755896568298340e-01 9.657257199287414551e-01
5.662757754325866699e-01 5.312688276171684265e-02
1.668028347194194794e-02 9.258911013603210449e-01
2.720281183719635010e-01 2.420661747455596924e-01
5.843107104301452637e-01 5.573890805244445801e-01
3.324918448925018311e-01 4.433254599571228027e-01
6.054739952087402344e-01 5.112952589988708496e-01
5.742083787918090820e-01 3.796244040131568909e-02
5.289213061332702637e-01 1.628440022468566895e-01
9.365539550781250000e-01 3.642085790634155273e-01
5.010696053504943848e-01 2.989059984683990479e-01
5.436877608299255371e-01 8.503628969192504883e-01
7.916710972785949707e-01 4.593238234519958496e-01
9.677207469940185547e-01 4.831483662128448486e-01
6.730016469955444336e-01 6.329610347747802734e-01
6.881569623947143555e-01 1.164298225194215775e-02
3.725450336933135986e-01 8.204079270362854004e-01
5.227339267730712891e-01 2.392038702964782715e-01
8.375172615051269531e-01 8.497581481933593750e-01
5.422561168670654297e-01 6.389668583869934082e-01
8.456578850746154785e-01 4.652200341224670410e-01
7.816289663314819336e-01 1.519349664449691772e-01
6.247962713241577148e-01 6.436276435852050781e-01
4.137851893901824951e-01 8.249787688255310059e-01
9.425013065338134766e-01 8.729273676872253418e-01
7.315798997879028320e-01 2.354136258363723755e-01
8.722121268510818481e-02 3.633912503719329834e-01
6.851372122764587402e-02 4.427002072334289551e-01
1.999523490667343140e-01 5.897294282913208008e-01
1.564370244741439819e-01 5.667315125465393066e-01
3.082727491855621338e-01 9.663680791854858398e-01
6.177387014031410217e-02 6.788806915283203125e-01
3.070563375949859619e-01 3.013271391391754150e-01
8.742796182632446289e-01 3.817189633846282959e-01
8.735157251358032227e-01 9.506607428193092346e-03
9.380430579185485840e-01 3.186139762401580811e-01
7.852576971054077148e-01 8.755481839179992676e-01
5.711339712142944336e-01 1.584708094596862793e-01
3.575570881366729736e-01 2.570384740829467773e-01
1.898652911186218262e-01 2.155291587114334106e-01
9.618647694587707520e-01 1.445095390081405640e-01
8.307287096977233887e-01 2.349846214056015015e-01
7.126799225807189941e-01 1.898057991638779640e-03
3.050285279750823975e-01 2.149673923850059509e-02
2.818310260772705078e-01 4.590854644775390625e-01
1.272186636924743652e-02 6.804441809654235840e-01
8.935116529464721680e-01 5.875437855720520020e-01
5.078707337379455566e-01 2.000408470630645752e-01
8.478675484657287598e-01 3.108125329017639160e-01
8.537800908088684082e-01 6.646913886070251465e-01
3.749271621927618980e-03 6.145437955856323242e-01
3.805734515190124512e-01 1.619790941476821899e-01
2.753429673612117767e-02 2.348070144653320312e-01
9.109652042388916016e-01 1.160282865166664124e-01
5.101176500320434570e-01 1.296788156032562256e-01
8.729225993156433105e-01 7.888438701629638672e-01
7.671815156936645508e-01 2.371666766703128815e-02
7.807600498199462891e-01 5.749204158782958984e-01
9.834381341934204102e-01 1.684624105691909790e-01
2.956081926822662354e-01 4.223085045814514160e-01
8.900137543678283691e-01 4.278142154216766357e-01
5.936360359191894531e-01 1.112801507115364075e-01
3.996224403381347656e-01 8.962135314941406250e-01
8.750661611557006836e-01 1.982414573431015015e-01
5.613793730735778809e-01 2.682071030139923096e-01
4.883010685443878174e-01 9.581899642944335938e-01
2.288002222776412964e-01 1.155785918235778809e-01
9.834616780281066895e-01 7.550879567861557007e-02
5.374599695205688477e-01 4.408670067787170410e-01
6.292558908462524414e-01 8.022136986255645752e-02
8.471683859825134277e-01 8.527608215808868408e-02
4.928679764270782471e-01 1.512258350849151611e-01
7.295360565185546875e-01 3.757718205451965332e-01
1.204311475157737732e-02 1.494980156421661377e-01
6.485075354576110840e-01 2.557301893830299377e-03
7.767827510833740234e-01 1.160540208220481873e-01
7.310474514961242676e-01 2.337834388017654419e-01
6.508066505193710327e-02 8.528372645378112793e-01
7.282579541206359863e-01 8.821498751640319824e-01
