2.909392714500427246e-01 6.666719913482666016e-01
8.340367078781127930e-01 6.432290673255920410e-01
8.929412961006164551e-01 7.517293691635131836e-01
9.669170379638671875e-01 9.088248014450073242e-01
2.830317616462707520e-01 5.358922481536865234e-01
5.936794281005859375e-01 5.259498953819274902e-02
5.232447981834411621e-01 6.971957087516784668e-01
8.866952657699584961e-01 4.361095428466796875e-01
9.128953218460083008e-01 1.572779417037963867e-01
5.247571468353271484e-01 1.163889318704605103e-01
6.862766742706298828e-01 3.636946156620979309e-02
2.965061962604522705e-01 6.660623550415039062e-01
3.453722000122070312e-01 1.707496345043182373e-01
7.742859888821840286e-03 1.404715180397033691e-01
3.062261939048767090e-01 3.171988129615783691e-01
4.044839739799499512e-01 8.067016005516052246e-01
8.905527591705322266e-01 7.362459897994995117e-01
6.435631513595581055e-01 7.521955966949462891e-01
9.208483099937438965e-01 7.564024925231933594e-01
5.604126453399658203e-01 2.935316562652587891e-01
6.425951123237609863e-01 7.069944143295288086e-01
4.573929309844970703e-01 5.972675085067749023e-01
7.390369772911071777e-01 9.792142510414123535e-01
1.546677500009536743e-01 3.114195168018341064e-02
9.564746022224426270e-01 9.812270998954772949e-01
6.176483035087585449e-01 2.604205906391143799e-01
9.029049873352050781e-01 6.897050142288208008e-02
2.034535408020019531e-01 2.935239076614379883e-01
7.140198945999145508e-01 5.454002022743225098e-01
5.161579251289367676e-01 5.973676443099975586e-01
5.899056792259216309e-01 9.026248455047607422e-01
4.004620015621185303e-01 7.292301654815673828e-01
7.635958492755889893e-02 7.693463563919067383e-01
4.111337363719940186e-01 3.102962672710418701e-01
2.488383352756500244e-01 3.813797235488891602e-01
7.595399022102355957e-01 1.618024557828903198e-01
3.022775053977966309e-01 8.102819919586181641e-01
5.516003966331481934e-01 3.566048294305801392e-02
9.300937652587890625e-01 6.739118695259094238e-02
6.089228987693786621e-01 3.004076182842254639e-01
8.849442005157470703e-01 7.036152482032775879e-01
6.238301992416381836e-01 7.995302081108093262e-01
1.571677923202514648e-01 4.657439142465591431e-02
3.967731297016143799e-01 2.906442880630493164e-01
9.356902837753295898e-01 4.000813066959381104e-01
8.283444046974182129e-01 1.564690619707107544e-01
4.618372023105621338e-01 5.611216425895690918e-01
7.763918638229370117e-01 6.934756040573120117e-02
4.697027504444122314e-01 5.667970776557922363e-01
5.442895889282226562e-01 8.750535845756530762e-01
4.390183985233306885e-01 8.888155221939086914e-01
6.763284206390380859e-01 3.985489159822463989e-02
7.314476966857910156e-01 6.680296063423156738e-01
8.279809951782226562e-01 8.070256710052490234e-01
9.200773835182189941e-01 4.006190001964569092e-01
8.944905400276184082e-01 7.664753198623657227e-01
1.005133241415023804e-01 9.642595052719116211e-01
6.668974161148071289e-01 2.495775371789932251e-01
8.519949913024902344e-01 7.345234155654907227e-01
2.424212843179702759e-01 8.396494984626770020e-01
8.747105598449707031e-01 7.053263187408447266e-01
1.516031771898269653e-01 1.636928319931030273e-01
4.842545390129089355e-01 9.866687059402465820e-01
4.448183476924896240e-01 7.083609104156494141e-01
9.182362258434295654e-02 4.042082428932189941e-01
8.419664502143859863e-01 2.525624930858612061e-01
4.620020687580108643e-01 7.845634222030639648e-01
5.436572059988975525e-02 6.332015991210937500e-01
1.233277991414070129e-01 7.581827230751514435e-03
1.286855489015579224e-01 4.657973647117614746e-01
8.988642096519470215e-01 8.981906771659851074e-01
6.152547597885131836e-01 1.030169501900672913e-01
3.564656674861907959e-01 3.358033895492553711e-01
8.356241583824157715e-01 9.418519735336303711e-01
1.305945813655853271e-01 9.806034564971923828e-01
7.225094437599182129e-01 8.055688142776489258e-01
4.832236170768737793e-01 6.575125269591808319e-03
2.833876013755798340e-01 2.359987795352935791e-01
7.630338668823242188e-01 4.348154664039611816e-01
5.033288598060607910e-01 9.836029410362243652e-01
2.849963605403900146e-01 1.524055004119873047e-01
8.517325520515441895e-01 8.539459705352783203e-01
4.891415238380432129e-01 7.625065445899963379e-01
2.474938631057739258e-01 8.503311127424240112e-02
8.538041114807128906e-01 8.781447410583496094e-01
5.372372865676879883e-01 6.515254080295562744e-02
1.644725352525711060e-01 3.331205546855926514e-01
3.112238086760044098e-02 2.060027718544006348e-01
6.765835285186767578e-01 3.735282123088836670e-01
3.934774696826934814e-01 7.706024684011936188e-03
9.730406999588012695e-01 1.837097555398941040e-01
1.485466957092285156e-01 5.163687467575073242e-01
2.108844071626663208e-01 3.065066337585449219e-01
8.407540321350097656e-01 2.025980651378631592e-01
2.546292543411254883e-01 8.658903241157531738e-01
7.734372466802597046e-02 6.293743252754211426e-01
2.678718268871307373e-01 8.280206322669982910e-01
3.305703103542327881e-01 6.123619079589843750e-01
5.776582956314086914e-01 6.197329163551330566e-01
1.056040078401565552e-01 5.986972451210021973e-01
8.157868385314941406e-01 8.132674694061279297e-01
1.157494261860847473e-01 5.144505500793457031e-01
6.595057845115661621e-01 8.235002160072326660e-01
9.364778399467468262e-01 9.285717606544494629e-01
8.521797060966491699e-01 9.593445062637329102e-01
4.038270711898803711e-01 7.250820398330688477e-01
7.242632508277893066e-01 9.347468614578247070e-01
9.479519724845886230e-02 2.141781300306320190e-01
8.796127438545227051e-01 5.298196673393249512e-01
1.735135763883590698e-01 3.263829275965690613e-02
1.160261482000350952e-01 6.101191639900207520e-01
3.468066155910491943e-01 8.657354116439819336e-01
1.952439248561859131e-01 3.184791207313537598e-01
7.542350888252258301e-01 1.478484421968460083e-01
7.095742225646972656e-01 9.216572344303131104e-02
1.205928027629852295e-01 6.859117746353149414e-01
8.054198622703552246e-01 8.582506179809570312e-01
8.998438715934753418e-01 9.203879833221435547e-01
2.146642655134201050e-01 4.483913183212280273e-01
3.175999522209167480e-01 4.928182959556579590e-01
6.985769867897033691e-01 6.736188530921936035e-01
3.759839832782745361e-01 8.237912654876708984e-01
8.209655880928039551e-01 2.344798296689987183e-01
9.873826503753662109e-01 3.091913461685180664e-01
9.345790147781372070e-01 2.554832994937896729e-01
6.623921394348144531e-01 5.187405943870544434e-01
4.701333940029144287e-01 4.170590937137603760e-01
4.440336823463439941e-01 9.340695738792419434e-01
4.903892576694488525e-01 6.863340735435485840e-01
3.386466205120086670e-01 5.341206789016723633e-01
7.663362026214599609e-01 8.378315567970275879e-01
8.874769806861877441e-01 4.654386639595031738e-01
7.718016505241394043e-01 2.910962104797363281e-01
3.742581307888031006e-01 5.646598935127258301e-01
9.835636019706726074e-01 8.134219050407409668e-01
2.349018901586532593e-01 3.403386771678924561e-01
4.499275237321853638e-02 1.339053958654403687e-01
2.227546721696853638e-01 9.021208882331848145e-01
1.400544792413711548e-01 5.845946073532104492e-01
5.802097320556640625e-01 3.584167570807039738e-04
3.829375505447387695e-01 5.025228857994079590e-01
3.277288079261779785e-01 9.639405608177185059e-01
9.811816811561584473e-01 8.597154617309570312e-01
7.978699803352355957e-01 9.009898304939270020e-01
4.791632592678070068e-01 4.240809082984924316e-01
2.372266501188278198e-01 5.116428732872009277e-01
6.535858511924743652e-01 1.261683404445648193e-01
5.296473503112792969e-01 8.569537997245788574e-01
8.932541012763977051e-01 4.658952057361602783e-01
8.258383274078369141e-01 4.451436996459960938e-01
6.938990950584411621e-01 6.227449774742126465e-01
3.286002874374389648e-01 7.365475893020629883e-01
9.107021093368530273e-01 2.155684232711791992e-01
4.634038805961608887e-01 7.434554100036621094e-01
6.114108562469482422e-01 9.801864027976989746e-01
6.972318142652511597e-02 6.810508966445922852e-01
6.369092464447021484e-01 3.237643539905548096e-01
5.350675582885742188e-01 5.668048858642578125e-01
3.123239278793334961e-01 7.073848247528076172e-01
1.104558482766151428e-01 6.527508497238159180e-01
5.850592255592346191e-01 4.220469295978546143e-01
7.972531318664550781e-01 2.732160389423370361e-01
8.519364595413208008e-01 6.119690537452697754e-01
8.161364197731018066e-01 2.053201943635940552e-01
3.251634240150451660e-01 6.351653933525085449e-01
2.494704872369766235e-01 6.745191216468811035e-01
5.721168592572212219e-02 9.821747988462448120e-02
3.181860446929931641e-01 1.755059957504272461e-01
8.572446703910827637e-01 9.453384280204772949e-01
1.495958715677261353e-01 1.736357361078262329e-01
5.252420306205749512e-01 6.360384225845336914e-01
9.419214725494384766e-02 8.459125161170959473e-01
6.968672275543212891e-01 6.085170060396194458e-02
5.727447271347045898e-01 7.298979163169860840e-02
5.468031764030456543e-01 8.903189897537231445e-01
9.010486602783203125e-01 2.516636550426483154e-01
5.700196623802185059e-01 6.006337404251098633e-01
3.864589929580688477e-01 6.259981393814086914e-01
7.876709699630737305e-01 8.445467948913574219e-01
6.824381351470947266e-01 8.588510751724243164e-01
1.460473835468292236e-01 1.910915821790695190e-01
6.164005398750305176e-01 8.299350738525390625e-01
2.501390278339385986e-01 8.639839887619018555e-01
4.412483870983123779e-01 4.010867178440093994e-01
5.140588283538818359e-01 9.938072413206100464e-02
1.274069249629974365e-01 5.360524058341979980e-01
8.578716516494750977e-01 8.431146740913391113e-01
4.346142709255218506e-01 6.600248217582702637e-01
8.896613121032714844e-01 3.412996232509613037e-01
5.281488299369812012e-01 6.465953588485717773e-01
8.699414730072021484e-01 8.076468706130981445e-01
4.011905491352081299e-01 9.132814407348632812e-01
9.214565157890319824e-01 6.228331327438354492e-01
4.320812970399856567e-02 5.961889624595642090e-01
3.691430091857910156e-01 5.245454311370849609e-01
8.904194831848144531e-02 5.746893882751464844e-01
3.384971022605895996e-01 9.969581365585327148e-01
5.797557234764099121e-01 3.006221652030944824e-01
8.776069283485412598e-01 8.567827343940734863e-01
7.157319784164428711e-02 2.816138267517089844e-01
7.755162715911865234e-01 6.243305206298828125e-01
2.288119643926620483e-01 8.888736367225646973e-01
3.842620253562927246e-01 2.956526540219783783e-02
5.500175952911376953e-01 1.198973655700683594e-01
5.437637567520141602e-01 1.160660460591316223e-01
2.623711824417114258e-01 6.838815808296203613e-01
5.513431429862976074e-01 9.890325069427490234e-01
2.798430323600769043e-01 8.238178491592407227e-01
4.812800586223602295e-01 9.841743111610412598e-01
3.061972856521606445e-01 5.560604929924011230e-01
6.824217438697814941e-01 5.363167524337768555e-01
3.212932348251342773e-01 6.960409283638000488e-01
4.445061683654785156e-01 9.196607470512390137e-01
6.740345358848571777e-01 3.030297160148620605e-01
7.565438747406005859e-01 1.532023400068283081e-01
8.528641611337661743e-02 1.430609673261642456e-01
1.011720895767211914e-01 6.964914798736572266e-01
6.333185825496912003e-03 1.451262980699539185e-01
1.841979771852493286e-01 7.342872023582458496e-01
1.779569387435913086e-01 6.813233494758605957e-01
8.438356965780258179e-02 9.908987879753112793e-01
1.057501360774040222e-01 2.396648079156875610e-01
4.218046665191650391e-01 3.797692060470581055e-01
2.598644495010375977e-01 9.069538116455078125e-01
2.831359803676605225e-01 6.115933060646057129e-01
8.873733282089233398e-01 3.864735662937164307e-01
1.051371693611145020e-01 6.926396489143371582e-01
7.205477356910705566e-01 2.947405874729156494e-01
1.366363316774368286e-01 5.505738034844398499e-02
3.521851599216461182e-01 6.971344351768493652e-01
3.114703893661499023e-01 1.968360543251037598e-01
4.159099757671356201e-01 3.549079298973083496e-01
8.841456174850463867e-01 5.555036664009094238e-01
1.499155759811401367e-01 6.654902100563049316e-01
6.217629089951515198e-02 1.778379529714584351e-01
3.604659438133239746e-01 1.793466955423355103e-01
5.778409838676452637e-01 8.142305612564086914e-01
6.415066123008728027e-01 1.254749298095703125e-01
8.808740377426147461e-01 7.319223880767822266e-02
3.538397699594497681e-02 9.971951246261596680e-01
5.694335103034973145e-01 6.429308652877807617e-01
2.680938690900802612e-02 2.497116625308990479e-01
5.414442345499992371e-02 1.625203043222427368e-01
9.704589098691940308e-02 9.203124642372131348e-01
8.038365244865417480e-01 5.634360015392303467e-02
7.981119304895401001e-02 8.843526840209960938e-01
1.539414823055267334e-01 5.062083005905151367e-01
1.645901501178741455e-01 6.459256410598754883e-01
8.254898786544799805e-01 1.341975480318069458e-01
2.383163198828697205e-03 8.831478953361511230e-01
5.369208455085754395e-01 5.417337417602539062e-01
6.069349646568298340e-01 5.396208763122558594e-01
1.554521322250366211e-01 6.614090204238891602e-01
8.967260718345642090e-01 6.009562015533447266e-01
4.197487831115722656e-01 6.295555830001831055e-01
5.706303119659423828e-01 9.128838181495666504e-01
3.679304122924804688e-01 8.502880334854125977e-01
3.434903025627136230e-01 4.123294949531555176e-01
4.331413656473159790e-02 8.552324175834655762e-01
4.636104106903076172e-01 2.636785507202148438e-01
8.346421718597412109e-01 5.694586634635925293e-01
3.109795749187469482e-01 1.378895193338394165e-01
8.461239933967590332e-01 6.964303255081176758e-01
2.872133255004882812e-01 5.362052917480468750e-01
1.936517208814620972e-01 3.839754164218902588e-01
2.683327198028564453e-01 3.027396649122238159e-02
6.610222458839416504e-01 9.256327748298645020e-01
8.354240059852600098e-01 6.223816275596618652e-01
6.661441922187805176e-01 5.592340826988220215e-01
6.105947494506835938e-01 8.173509240150451660e-01
2.872554659843444824e-01 8.078781962394714355e-01
9.327155947685241699e-01 6.683908104896545410e-01
6.232362240552902222e-02 3.001782000064849854e-01
1.129737049341201782e-01 7.428230047225952148e-01
4.193248748779296875e-01 2.670534551143646240e-01
2.686294317245483398e-01 5.608618855476379395e-01
8.457758426666259766e-01 3.675301074981689453e-01
7.680612802505493164e-02 4.585520625114440918e-01
5.487620234489440918e-01 2.934765629470348358e-02
4.352628290653228760e-01 9.383435249328613281e-01
4.587222337722778320e-01 6.470691561698913574e-01
9.687003493309020996e-01 9.252265691757202148e-01
2.850733995437622070e-01 7.569698095321655273e-01
2.232991456985473633e-01 9.302031248807907104e-02
2.710604071617126465e-01 4.236772060394287109e-01
1.231153160333633423e-01 5.785606503486633301e-01
1.584176570177078247e-01 8.713849186897277832e-01
7.237720489501953125e-01 6.231132149696350098e-01
6.197441220283508301e-01 9.684568047523498535e-01
3.929271101951599121e-01 9.048207402229309082e-01
3.972550481557846069e-02 2.472434192895889282e-01
6.829535961151123047e-01 4.562199115753173828e-01
2.470831871032714844e-01 6.004855036735534668e-01
1.309248358011245728e-01 1.819029748439788818e-01
8.604471087455749512e-01 4.223067685961723328e-02
5.332105159759521484e-01 2.950100786983966827e-02
1.193782966583967209e-02 2.586945295333862305e-01
5.210556387901306152e-01 2.838384807109832764e-01
3.082271516323089600e-01 4.586424529552459717e-01
9.371817708015441895e-01 2.499391287565231323e-01
9.415597915649414062e-01 7.610169053077697754e-01
4.732099771499633789e-01 2.604118883609771729e-01
6.945895552635192871e-01 3.017677962779998779e-01
3.387865424156188965e-01 5.059430003166198730e-01
9.316392540931701660e-01 6.829557418823242188e-01
3.243303894996643066e-01 5.507336258888244629e-01
8.737463951110839844e-01 5.952395796775817871e-01
8.957824707031250000e-01 6.393870711326599121e-01
3.237164914608001709e-01 2.953844666481018066e-01
4.967280104756355286e-02 9.165282249450683594e-01
5.294277071952819824e-01 8.604623675346374512e-01
1.100803017616271973e-01 4.625972211360931396e-01
1.916407644748687744e-01 6.186600327491760254e-01
6.419615745544433594e-01 3.800142705440521240e-01
1.384872496128082275e-01 8.532784581184387207e-01
7.364487648010253906e-01 3.653600513935089111e-01
9.682603478431701660e-01 5.147474408149719238e-01
8.750047683715820312e-01 6.842238903045654297e-01
1.643411070108413696e-01 6.133031845092773438e-01
3.943232595920562744e-01 9.203223586082458496e-01
4.219956099987030029e-01 3.733015358448028564e-01
3.123037219047546387e-01 9.491369724273681641e-01
8.809286952018737793e-01 5.049316287040710449e-01
9.254004955291748047e-01 8.374854922294616699e-02
8.672924041748046875e-01 1.328384727239608765e-01
4.089351892471313477e-01 9.216434508562088013e-02
2.886991500854492188e-01 4.880543649196624756e-01
8.990579247474670410e-01 1.573676317930221558e-01
7.490221858024597168e-01 5.959374308586120605e-01
6.356546878814697266e-01 6.877061128616333008e-01
4.443468153476715088e-01 7.354182004928588867e-01
5.035343170166015625e-01 8.725656569004058838e-02
1.715864390134811401e-01 4.288848042488098145e-01
9.785230159759521484e-01 8.917493224143981934e-01
5.486064553260803223e-01 9.671876430511474609e-01
3.847678899765014648e-01 3.593948781490325928e-01
9.668514132499694824e-02 5.004111528396606445e-01
1.931019686162471771e-02 6.274523138999938965e-01
4.171729385852813721e-01 5.361265540122985840e-01
9.105584621429443359e-01 3.595019578933715820e-01
4.156546592712402344e-01 5.009996294975280762e-01
3.614970147609710693e-01 1.006452366709709167e-01
1.909728534519672394e-02 8.059493899345397949e-01
6.970895528793334961e-01 3.561969995498657227e-01
2.671756744384765625e-01 9.765404462814331055e-01
4.822345376014709473e-01 3.980753719806671143e-01
8.010663986206054688e-01 5.664904601871967316e-03
3.088805824518203735e-03 6.334607005119323730e-01
5.298051834106445312e-01 8.617262244224548340e-01
9.079887866973876953e-01 7.919430136680603027e-01
5.921130776405334473e-01 6.203480362892150879e-01
3.489514291286468506e-01 9.854949116706848145e-01
2.280007898807525635e-01 7.355480790138244629e-01
9.518420696258544922e-01 4.696253538131713867e-01
5.215508341789245605e-01 7.353741526603698730e-01
3.560661971569061279e-01 2.995866350829601288e-02
3.780184090137481689e-01 3.752249479293823242e-01
1.961683481931686401e-01 6.862005591392517090e-01
4.951227903366088867e-01 8.179827928543090820e-01
3.086684942245483398e-01 7.973539829254150391e-01
1.663198322057723999e-01 8.073298335075378418e-01
9.679504036903381348e-01 6.722998023033142090e-01
5.684722661972045898e-01 8.828542232513427734e-01
1.098942384123802185e-01 9.295877218246459961e-01
9.182209968566894531e-01 4.301769733428955078e-01
9.957041144371032715e-01 4.484667181968688965e-01
1.729003340005874634e-01 1.145862266421318054e-01
3.741428554058074951e-01 4.696644544601440430e-01
2.570485174655914307e-01 6.603352427482604980e-01
1.485817283391952515e-01 2.766785919666290283e-01
1.026213392615318298e-01 8.201433718204498291e-02
8.445459604263305664e-01 6.583307385444641113e-01
7.480766177177429199e-01 1.369470208883285522e-01
3.774161636829376221e-01 9.854834675788879395e-01
7.370103001594543457e-01 4.523943364620208740e-01
2.379135228693485260e-02 3.034925460815429688e-02
4.442451894283294678e-01 3.217879533767700195e-01
3.141525089740753174e-01 8.709712624549865723e-01
9.110546708106994629e-01 7.624077200889587402e-01
8.313259482383728027e-01 4.219291508197784424e-01
1.660279184579849243e-01 9.835885167121887207e-01
8.703548908233642578e-01 6.828863620758056641e-01
1.429554671049118042e-01 8.475023508071899414e-01
7.341584563255310059e-01 4.956961050629615784e-02
5.744481086730957031e-02 2.082520872354507446e-01
8.912547826766967773e-01 5.125781297683715820e-01
2.181208431720733643e-01 6.655475497245788574e-01
5.392865538597106934e-01 6.923984736204147339e-02
2.916600704193115234e-01 9.395369887351989746e-01
4.068025350570678711e-01 5.374172702431678772e-02
5.110838413238525391e-01 7.146770954132080078e-01
3.468777537345886230e-01 2.548848688602447510e-01
1.508605182170867920e-01 6.226986050605773926e-01
9.204047322273254395e-01 4.731317758560180664e-01
6.759880781173706055e-01 1.844657659530639648e-01
9.802247881889343262e-01 9.467301964759826660e-01
6.347473263740539551e-01 2.990531623363494873e-01
2.330146282911300659e-01 5.680457949638366699e-01
2.376675307750701904e-01 4.538142681121826172e-01
1.039615869522094727e-01 5.689619183540344238e-01
2.743172049522399902e-01 5.218317508697509766e-01
5.843070149421691895e-01 6.721070408821105957e-01
5.000856518745422363e-01 4.237198233604431152e-01
7.593761682510375977e-01 5.009515285491943359e-01
8.770040273666381836e-01 9.098320007324218750e-01
1.613541692495346069e-01 4.337859749794006348e-01
1.665439754724502563e-01 6.490478515625000000e-01
1.075200214982032776e-01 5.094183683395385742e-01
6.513624638319015503e-02 4.684816002845764160e-01
9.715242981910705566e-01 2.453699856996536255e-01
3.995933234691619873e-01 4.201660156250000000e-01
9.823846220970153809e-01 8.061376810073852539e-01
8.607378005981445312e-01 3.490989506244659424e-01
6.995044946670532227e-01 8.625088930130004883e-01
2.347543984651565552e-01 2.355076521635055542e-01
8.015072345733642578e-01 8.994362950325012207e-01
9.404999017715454102e-01 4.238107800483703613e-01
2.989909350872039795e-01 4.448547363281250000e-01
2.012891918420791626e-01 5.687704086303710938e-01
4.316707253456115723e-01 2.229163944721221924e-01
4.207692295312881470e-02 9.650942087173461914e-01
8.909134864807128906e-01 7.254717350006103516e-01
1.872491389513015747e-01 9.780821800231933594e-01
8.508921861648559570e-01 5.211069583892822266e-01
1.947529613971710205e-02 6.274147629737854004e-01
2.517566271126270294e-02 9.282277822494506836e-01
5.635408163070678711e-01 8.394615054130554199e-01
6.266817450523376465e-01 9.683636426925659180e-01
4.181452691555023193e-01 5.724279880523681641e-01
1.413370370864868164e-01 4.934240505099296570e-02
4.485155344009399414e-01 2.258682996034622192e-01
3.636479973793029785e-01 1.873819530010223389e-01
3.739180266857147217e-01 9.817661046981811523e-01
1.341047286987304688e-01 5.358487367630004883e-01
1.412674784660339355e-01 8.655825257301330566e-01
8.897045850753784180e-01 3.718522787094116211e-01
3.901259899139404297e-01 6.298489570617675781e-01
5.219601988792419434e-01 5.911661386489868164e-01
2.388967126607894897e-01 2.955095097422599792e-02
8.402131199836730957e-01 1.075858622789382935e-01
6.879285573959350586e-01 8.814829587936401367e-01
3.691333830356597900e-01 4.064627885818481445e-01
2.113137394189834595e-02 4.079762995243072510e-01
8.984729647636413574e-01 4.846138060092926025e-01
5.008983612060546875e-01 8.476347327232360840e-01
5.180939286947250366e-02 4.324448704719543457e-01
1.713699847459793091e-01 9.590744972229003906e-01
4.229179024696350098e-01 4.603536128997802734e-01
6.851401329040527344e-01 7.063761949539184570e-01
8.083596825599670410e-01 8.965506404638290405e-02
3.531114161014556885e-01 3.013429641723632812e-01
7.590457051992416382e-02 8.300052285194396973e-01
4.826773889362812042e-03 3.183134198188781738e-01
7.841196656227111816e-01 3.173513412475585938e-01
3.654286563396453857e-01 7.605060935020446777e-01
7.805666327476501465e-01 9.786348938941955566e-01
2.055040746927261353e-01 3.089886307716369629e-01
7.250683903694152832e-01 5.905921459197998047e-01
7.428467273712158203e-02 2.703835070133209229e-01
8.073728084564208984e-01 1.627520471811294556e-01
8.639135956764221191e-01 5.115270987153053284e-02
2.295108884572982788e-01 1.869958341121673584e-01
3.459802269935607910e-01 8.263525366783142090e-01
9.612599611282348633e-01 2.438476383686065674e-01
7.157843708992004395e-01 3.836076259613037109e-01
5.801032185554504395e-01 6.358872056007385254e-01
8.044391870498657227e-01 8.335181474685668945e-01
3.409324586391448975e-01 2.930150330066680908e-01
2.103998661041259766e-01 3.257882595062255859e-01
7.484171390533447266e-01 6.714181900024414062e-01
4.693579971790313721e-01 3.095432221889495850e-01
9.528495669364929199e-01 5.257149934768676758e-01
3.139528632164001465e-01 5.241257324814796448e-02
2.548802196979522705e-01 2.240464389324188232e-01
2.023328095674514771e-02 8.005432486534118652e-01
8.321221470832824707e-01 1.306937821209430695e-02
8.369971513748168945e-01 3.825922012329101562e-01
9.407458305358886719e-01 5.929990410804748535e-01
9.282226115465164185e-02 1.507286280393600464e-01
4.047659337520599365e-01 1.286493837833404541e-01
3.134374022483825684e-01 7.832145094871520996e-01
5.722368359565734863e-01 4.928503334522247314e-01
8.982980847358703613e-01 5.755567550659179688e-01
4.283027350902557373e-01 8.398119807243347168e-01
9.882440567016601562e-01 4.070102870464324951e-01
7.100036144256591797e-01 6.715207695960998535e-01
7.798372507095336914e-01 2.601757645606994629e-03
5.617972016334533691e-01 1.399478465318679810e-01
3.058045357465744019e-02 1.894229203462600708e-01
7.351334095001220703e-01 3.189706206321716309e-01
5.764701366424560547e-01 2.052055746316909790e-01
3.576745390892028809e-01 6.442469954490661621e-01
9.596452116966247559e-01 7.109533548355102539e-01
5.421264171600341797e-01 7.871059179306030273e-01
3.999113664031028748e-02 7.846009731292724609e-02
2.737806439399719238e-01 6.864982247352600098e-01
3.522528409957885742e-01 8.911021053791046143e-02
9.540550112724304199e-01 5.076016783714294434e-01
4.442126452922821045e-01 7.116213440895080566e-03
5.810614824295043945e-01 9.612121582031250000e-01
2.455881237983703613e-01 6.264213919639587402e-01
1.703911810182034969e-03 2.905209958553314209e-01
2.883415520191192627e-01 3.504727035760879517e-02
3.664667010307312012e-01 1.012715771794319153e-01
7.834541797637939453e-01 6.107441186904907227e-01
5.438035726547241211e-01 5.394227430224418640e-02
2.624729275703430176e-01 4.274153709411621094e-01
2.814964950084686279e-01 8.844745904207229614e-02
3.780547380447387695e-01 7.158123254776000977e-01
5.752268061041831970e-02 9.143908619880676270e-01
7.586768865585327148e-01 9.452946782112121582e-01
4.233715534210205078e-01 8.510218858718872070e-01
2.196439206600189209e-01 5.456324815750122070e-01
6.284971833229064941e-01 6.460555195808410645e-01
2.658488154411315918e-01 5.814723372459411621e-01
3.053730428218841553e-01 5.310031771659851074e-01
4.589945077896118164e-02 4.581410586833953857e-01
2.803013920783996582e-01 2.258287221193313599e-01
8.891499638557434082e-01 6.852754354476928711e-01
9.349041581153869629e-01 4.731417894363403320e-01
8.887927532196044922e-01 1.417398750782012939e-01
4.950246512889862061e-01 4.626210033893585205e-01
9.800180196762084961e-01 8.072345256805419922e-01
2.259213477373123169e-01 6.125357747077941895e-01
3.548606336116790771e-01 8.003129959106445312e-01
9.066807031631469727e-01 2.250288128852844238e-01
7.436686158180236816e-01 1.986632347106933594e-01
7.678139209747314453e-01 3.444197773933410645e-01
7.253654599189758301e-01 7.370091676712036133e-01
7.290701866149902344e-01 4.758370816707611084e-01
9.581704139709472656e-01 6.854737401008605957e-01
3.212082013487815857e-02 8.817826509475708008e-01
1.240960508584976196e-01 5.856004357337951660e-01
6.367542147636413574e-01 7.190132737159729004e-01
8.581091761589050293e-01 4.674742519855499268e-01
4.460080265998840332e-01 9.495123624801635742e-01
2.223140746355056763e-01 5.761862993240356445e-01
6.893932819366455078e-02 8.710894584655761719e-01
2.740032374858856201e-01 9.172942638397216797e-01
9.347763061523437500e-01 2.400510460138320923e-01
7.548301219940185547e-01 1.607222408056259155e-01
5.051216483116149902e-01 2.484087795019149780e-01
6.051658987998962402e-01 6.651699542999267578e-01
8.798148632049560547e-01 1.408837288618087769e-01
7.855080068111419678e-02 8.387718796730041504e-01
3.136071264743804932e-01 8.421980142593383789e-01
3.619925975799560547e-01 6.502435803413391113e-01
6.262106299400329590e-01 7.290133237838745117e-01
9.140212088823318481e-03 7.416267395019531250e-01
2.783823609352111816e-01 8.966760635375976562e-01
2.085523307323455811e-01 4.998106658458709717e-01
4.479539394378662109e-01 6.497150659561157227e-01
8.409669250249862671e-02 2.010777443647384644e-01
2.772407531738281250e-01 9.447435736656188965e-01
3.904981911182403564e-01 6.399405002593994141e-01
1.227497383952140808e-01 5.863353013992309570e-01
4.956035017967224121e-01 9.862809777259826660e-01
2.216397412121295929e-02 2.756819128990173340e-01
3.931842446327209473e-01 1.755436360836029053e-01
3.296723365783691406e-01 7.348291873931884766e-01
2.588474452495574951e-01 7.819212675094604492e-01
2.126443758606910706e-02 5.248207226395606995e-02
9.733012914657592773e-01 9.791293144226074219e-01
8.425562828779220581e-02 2.445050477981567383e-01
8.108864426612854004e-01 7.037132978439331055e-01
2.409844398498535156e-01 7.756192088127136230e-01
8.337242007255554199e-01 4.511304795742034912e-01
9.552671313285827637e-01 4.094536900520324707e-01
6.775910258293151855e-01 2.931443452835083008e-01
1.956402361392974854e-01 8.083977699279785156e-01
8.128937482833862305e-01 4.392467439174652100e-02
9.023431688547134399e-02 4.479585289955139160e-01
6.028738021850585938e-01 5.476530790328979492e-01
5.645511150360107422e-01 8.274861574172973633e-01
2.999849915504455566e-01 6.041295081377029419e-02
1.178027912974357605e-01 8.524447083473205566e-01
6.613702774047851562e-01 3.189025074243545532e-02
8.482899665832519531e-01 2.280413508415222168e-01
4.318529367446899414e-01 9.758269190788269043e-01
6.302897930145263672e-01 2.265641391277313232e-01
1.700660735368728638e-01 7.483242154121398926e-01
7.426316738128662109e-01 7.007653117179870605e-01
7.891239523887634277e-01 1.157900914549827576e-01
4.948532879352569580e-01 5.806084871292114258e-01
3.776501119136810303e-01 4.296119809150695801e-01
1.079102829098701477e-01 6.617923378944396973e-01
1.880535334348678589e-01 1.768345087766647339e-01
6.081458330154418945e-01 5.971267223358154297e-01
9.425886869430541992e-01 7.924730181694030762e-01
8.403742313385009766e-01 7.916976809501647949e-01
8.640143275260925293e-01 2.857104837894439697e-01
8.283680081367492676e-01 1.899992972612380981e-01
5.283461809158325195e-01 6.529150009155273438e-01
8.279997706413269043e-01 8.395131826400756836e-01
8.861482739448547363e-01 1.336065381765365601e-01
1.546847075223922729e-01 2.259730994701385498e-01
6.538540124893188477e-01 4.338593482971191406e-01
6.451246142387390137e-01 7.516556978225708008e-01
4.763087928295135498e-01 3.638499081134796143e-01
7.378424406051635742e-01 8.266106843948364258e-01
1.794253885746002197e-01 2.578681409358978271e-01
1.374868601560592651e-01 6.459752917289733887e-01
3.695463836193084717e-01 8.945911526679992676e-01
9.672657251358032227e-01 4.915114939212799072e-01
4.913383126258850098e-01 5.815037488937377930e-01
5.253040790557861328e-01 6.625776886940002441e-01
6.634780019521713257e-02 8.674716949462890625e-01
2.410270422697067261e-01 6.772651672363281250e-01
9.681235551834106445e-01 9.600601792335510254e-01
1.174903381615877151e-02 5.193104743957519531e-01
6.578477025032043457e-01 4.841957092285156250e-01
2.356087565422058105e-01 6.789642572402954102e-01
8.773404359817504883e-02 7.252169251441955566e-01
7.585795521736145020e-01 4.520952701568603516e-01
9.566624760627746582e-01 4.796146452426910400e-01
8.160743713378906250e-01 9.566608071327209473e-01
5.038904547691345215e-01 2.591132819652557373e-01
3.756118714809417725e-01 9.126093387603759766e-01
8.935186266899108887e-01 6.637995839118957520e-01
8.754772134125232697e-03 4.317928254604339600e-01
2.831038832664489746e-01 9.351882338523864746e-01
1.570038199424743652e-01 5.362151861190795898e-01
9.480383396148681641e-01 8.119596838951110840e-01
4.476040601730346680e-01 6.575791835784912109e-01
9.947579503059387207e-01 6.490742564201354980e-01
2.319030910730361938e-01 8.559068441390991211e-01
5.911361575126647949e-01 6.675789952278137207e-01
6.000627279281616211e-01 1.592568904161453247e-01
4.322052299976348877e-01 9.460180401802062988e-01
6.142678260803222656e-01 5.812498331069946289e-01
9.979631900787353516e-01 5.117182135581970215e-01
8.586673736572265625e-01 5.045589208602905273e-01
4.186418652534484863e-02 8.930078744888305664e-01
1.387347131967544556e-01 3.675732612609863281e-01
9.598872065544128418e-01 8.580677509307861328e-01
5.666109919548034668e-02 9.253244996070861816e-01
1.339323222637176514e-01 9.146231412887573242e-01
2.745658755302429199e-01 5.668145418167114258e-01
4.685395061969757080e-01 9.461280107498168945e-01
6.174454465508460999e-02 1.291317194700241089e-01
3.426195681095123291e-02 5.184978246688842773e-01
8.293592929840087891e-01 2.306890338659286499e-01
7.312644124031066895e-01 8.043081760406494141e-01
6.568505764007568359e-01 9.414712786674499512e-01
5.132040977478027344e-01 4.697369337081909180e-01
5.801497399806976318e-02 4.852126538753509521e-02
4.556008279323577881e-01 7.191272974014282227e-01
7.925323247909545898e-01 3.779121637344360352e-01
8.697257041931152344e-01 7.795489430427551270e-01
7.031405568122863770e-01 4.704740643501281738e-01
6.969733238220214844e-01 3.892354667186737061e-01
2.575129866600036621e-01 5.853639841079711914e-01
1.672503352165222168e-01 4.794771671295166016e-01
3.618507683277130127e-01 5.899194478988647461e-01
6.075944304466247559e-01 7.303536534309387207e-01
6.130719184875488281e-01 2.383428439497947693e-02
1.336560957133769989e-02 6.960690617561340332e-01
7.952575087547302246e-01 6.365146040916442871e-01
4.201743006706237793e-01 3.892993927001953125e-01
1.081484183669090271e-01 8.138071894645690918e-01
3.647904694080352783e-01 5.605136752128601074e-01
1.049417406320571899e-01 5.528338551521301270e-01
2.912698984146118164e-01 4.531685709953308105e-01
5.544980764389038086e-01 4.898456335067749023e-01
5.300610065460205078e-01 8.893992304801940918e-01
9.769313931465148926e-01 7.997478842735290527e-01
8.846953511238098145e-01 5.486032366752624512e-01
8.791549205780029297e-01 3.956337571144104004e-01
4.041952192783355713e-01 6.705465316772460938e-01
5.349048972129821777e-01 9.324651956558227539e-01
2.609106898307800293e-01 3.535358905792236328e-01
2.429949939250946045e-01 8.055005073547363281e-01
5.762260556221008301e-01 3.912889361381530762e-01
6.942148208618164062e-01 6.791250109672546387e-01
5.781116336584091187e-02 8.530321717262268066e-01
9.427247047424316406e-01 4.850072562694549561e-01
4.969057813286781311e-02 8.392297625541687012e-01
6.145538687705993652e-01 1.191490739583969116e-01
8.183100223541259766e-01 7.556367516517639160e-01
3.844571709632873535e-01 9.873317480087280273e-01
4.364914596080780029e-01 9.036870598793029785e-01
1.811705082654953003e-01 2.193057537078857422e-01
2.528138160705566406e-01 9.077655673027038574e-01
3.716084659099578857e-01 5.174768567085266113e-01
8.906899094581604004e-01 8.289909362792968750e-02
9.789431095123291016e-01 5.088454484939575195e-01
6.850236654281616211e-01 5.749596282839775085e-02
1.731806546449661255e-01 3.365690708160400391e-01
1.072338148951530457e-01 4.917091727256774902e-01
9.607321023941040039e-01 6.558722853660583496e-01
7.236672639846801758e-01 3.197327852249145508e-01
5.459701418876647949e-01 2.069365531206130981e-01
1.312669515609741211e-01 6.799277067184448242e-01
6.155237555503845215e-01 7.591640353202819824e-01
3.868946433067321777e-01 7.647290229797363281e-01
5.060293078422546387e-01 1.106331348419189453e-01
8.896729350090026855e-01 8.128740787506103516e-01
9.975132942199707031e-01 7.989341020584106445e-01
5.568609833717346191e-01 1.332961767911911011e-01
4.527442157268524170e-01 4.939817190170288086e-01
4.617506265640258789e-01 7.568439245223999023e-01
3.988582491874694824e-01 6.144610643386840820e-01
8.326728940010070801e-01 6.611311435699462891e-01
6.397103667259216309e-01 6.840393543243408203e-01
6.678124666213989258e-01 2.850546538829803467e-01
8.434412479400634766e-01 7.916271090507507324e-01
2.020070999860763550e-01 5.523338317871093750e-01
6.715631484985351562e-01 6.257815361022949219e-01
9.864624142646789551e-01 2.404290437698364258e-01
1.877073198556900024e-01 2.753224074840545654e-01
2.797346711158752441e-01 7.181442379951477051e-01
6.272360086441040039e-01 8.399018645286560059e-01
8.022536635398864746e-01 6.340042352676391602e-01
2.136150188744068146e-02 2.218617349863052368e-01
3.188824653625488281e-01 4.763590097427368164e-01
9.761705398559570312e-01 5.926610231399536133e-01
9.670281410217285156e-01 1.205580309033393860e-01
4.756027460098266602e-01 6.844404935836791992e-01
9.220447391271591187e-02 9.518371820449829102e-01
7.748649716377258301e-01 6.780156493186950684e-01
2.927454411983489990e-01 9.877921342849731445e-01
6.353531479835510254e-01 4.794760048389434814e-01
7.956960201263427734e-01 8.407952785491943359e-01
4.733110964298248291e-01 6.494739055633544922e-01
3.381344676017761230e-02 1.613404154777526855e-01
5.668150186538696289e-01 5.589591264724731445e-01
5.557431578636169434e-01 7.747519016265869141e-01
4.205183088779449463e-01 3.445870280265808105e-01
4.399704933166503906e-01 9.071922302246093750e-01
6.991003453731536865e-02 7.199079543352127075e-02
5.575655102729797363e-01 5.375834703445434570e-01
1.049316897988319397e-01 5.724434852600097656e-01
3.920743465423583984e-01 9.148176908493041992e-01
2.007525414228439331e-01 5.912137627601623535e-01
2.941840291023254395e-01 2.749550640583038330e-01
3.665213882923126221e-01 4.153906106948852539e-01
4.812433719635009766e-01 4.495000243186950684e-01
2.162639200687408447e-01 9.321736693382263184e-01
2.407197207212448120e-01 4.353561103343963623e-01
5.384568572044372559e-01 9.449617266654968262e-01
1.458918601274490356e-01 9.949060678482055664e-01
9.987313151359558105e-01 6.702398657798767090e-01
8.734050989151000977e-01 3.973894119262695312e-01
5.902203321456909180e-01 7.399954795837402344e-01
3.854985833168029785e-01 9.392719268798828125e-01
8.771947622299194336e-01 3.092451095581054688e-01
4.078337848186492920e-01 5.351666808128356934e-01
8.182655572891235352e-01 5.270932316780090332e-01
4.153684899210929871e-02 6.703207492828369141e-01
6.772587895393371582e-01 3.185369968414306641e-01
2.837577462196350098e-01 4.505304694175720215e-01
3.757041692733764648e-02 6.414834856986999512e-01
6.434777379035949707e-01 9.168093800544738770e-01
2.073667943477630615e-01 9.951249361038208008e-01
3.372898101806640625e-01 5.236827135086059570e-01
5.754379034042358398e-01 2.458938509225845337e-01
2.643825113773345947e-01 3.493485450744628906e-01
5.244622826576232910e-01 3.222756385803222656e-01
6.517495214939117432e-02 6.311896443367004395e-01
7.368923425674438477e-01 6.174055933952331543e-01
3.348380327224731445e-01 8.281950950622558594e-01
2.735469937324523926e-01 6.988988518714904785e-01
1.245570182800292969e-01 7.534020543098449707e-01
7.419080138206481934e-01 7.666956186294555664e-01
7.018198370933532715e-01 2.757332921028137207e-01
8.506311178207397461e-01 8.585679531097412109e-01
1.945696920156478882e-01 2.364813685417175293e-01
8.432136774063110352e-01 5.365834832191467285e-01
1.350048333406448364e-01 8.498258590698242188e-01
9.857812523841857910e-01 1.321886330842971802e-01
7.762818932533264160e-01 5.072939395904541016e-01
4.091685414314270020e-01 6.972903013229370117e-01
6.358190774917602539e-01 8.532030582427978516e-01
7.190161943435668945e-01 5.709686279296875000e-01
5.063973069190979004e-01 4.044220745563507080e-01
4.403743147850036621e-01 9.667916893959045410e-01
2.250036746263504028e-01 6.007971167564392090e-01
7.233423590660095215e-01 7.869363576173782349e-02
8.130653500556945801e-01 5.714246630668640137e-01
9.579399824142456055e-01 9.657945483922958374e-02
8.586460351943969727e-01 5.344073772430419922e-01
3.640656173229217529e-01 9.075294733047485352e-01
9.367592334747314453e-01 8.259365558624267578e-01
6.173002719879150391e-01 1.555527299642562866e-01
5.781435370445251465e-01 6.731284856796264648e-01
7.432931661605834961e-01 4.925009608268737793e-01
9.982698559761047363e-01 5.929012894630432129e-01
6.285502314567565918e-01 4.130783081054687500e-01
9.844058156013488770e-01 1.669891029596328735e-01
9.173302054405212402e-01 7.991020679473876953e-01
6.532653421163558960e-02 1.230773702263832092e-01
3.175522983074188232e-01 7.686194148845970631e-04
2.716584205627441406e-01 8.416832089424133301e-01
7.699165344238281250e-01 8.054521083831787109e-01
9.968946576118469238e-01 4.594058170914649963e-02
7.569800615310668945e-01 9.715310297906398773e-03
2.756183743476867676e-01 3.123874366283416748e-01
2.892365455627441406e-01 4.502714574337005615e-01
3.195716738700866699e-01 2.826819717884063721e-01
3.731519579887390137e-01 2.017367780208587646e-01
7.158360481262207031e-01 4.995059370994567871e-01
6.771824359893798828e-01 1.379040777683258057e-01
9.212943911552429199e-01 7.901462912559509277e-01
8.791527152061462402e-01 6.534224152565002441e-01
7.818199992179870605e-01 6.407679319381713867e-01
8.785296678543090820e-01 3.688294887542724609e-01
1.672908216714859009e-01 6.226590871810913086e-01
9.426766633987426758e-01 9.782850146293640137e-01
1.324798017740249634e-01 3.510490655899047852e-01
7.704073190689086914e-01 4.992649555206298828e-01
8.967197537422180176e-01 1.753295212984085083e-01
1.112648323178291321e-01 9.357216209173202515e-02
1.971437633037567139e-01 2.534246742725372314e-01
7.166844606399536133e-01 9.953304529190063477e-01
8.149764537811279297e-01 8.243993520736694336e-01
9.193698167800903320e-01 6.478253006935119629e-01
5.667915344238281250e-01 7.709210515022277832e-01
5.886669158935546875e-01 8.599948287010192871e-01
4.376152753829956055e-01 9.764494895935058594e-01
8.720484375953674316e-01 8.086399175226688385e-03
5.986996367573738098e-02 1.423050612211227417e-01
9.655432403087615967e-02 8.697564601898193359e-01
1.503237485885620117e-01 4.861448705196380615e-02
8.148443102836608887e-01 1.681343168020248413e-01
7.301163077354431152e-01 5.108039975166320801e-01
9.848803877830505371e-01 6.516203880310058594e-01
5.607271939516067505e-02 7.040951750241219997e-04
9.910760521888732910e-01 9.501491785049438477e-01
7.205297350883483887e-01 5.032557845115661621e-01
7.253803014755249023e-01 8.239650130271911621e-01
1.901300698518753052e-01 9.820540547370910645e-01
8.802354335784912109e-01 5.140315294265747070e-01
8.790017962455749512e-01 7.940074801445007324e-01
6.087916493415832520e-01 8.905091881752014160e-01
3.273959457874298096e-01 1.797318309545516968e-01
3.073235154151916504e-01 1.006610020995140076e-01
2.887345850467681885e-01 1.915567740797996521e-02
6.968066692352294922e-01 4.339497685432434082e-01
9.809094071388244629e-01 1.371525526046752930e-01
1.252174973487854004e-01 5.379098653793334961e-01
3.080686330795288086e-01 7.086601257324218750e-01
4.989584684371948242e-01 7.793328762054443359e-01
8.751562237739562988e-01 9.842712879180908203e-01
7.315031886100769043e-01 2.044808566570281982e-01
3.558320105075836182e-01 4.100224375724792480e-01
5.149231553077697754e-01 6.217653751373291016e-01
1.598190218210220337e-01 6.296396255493164062e-01
1.894153058528900146e-01 1.943581700325012207e-01
4.719511270523071289e-01 6.833963990211486816e-01
8.282043933868408203e-01 2.176151275634765625e-01
1.304184086620807648e-02 4.111366271972656250e-01
9.357399344444274902e-01 3.023474514484405518e-01
2.148794829845428467e-01 9.418438673019409180e-01
7.090954780578613281e-01 4.590269923210144043e-01
8.978089690208435059e-01 9.386138617992401123e-02
8.889111876487731934e-01 6.319516152143478394e-02
9.792537689208984375e-01 5.331381559371948242e-01
4.680896401405334473e-01 7.341454625129699707e-01
3.253880143165588379e-01 6.632585525512695312e-01
5.314271450042724609e-01 6.268969923257827759e-02
4.115832149982452393e-01 6.107940077781677246e-01
3.177848458290100098e-01 1.552433073520660400e-01
4.317642450332641602e-01 6.424689292907714844e-01
4.819535911083221436e-01 7.167356014251708984e-01
3.220316469669342041e-01 8.618927597999572754e-01
9.212136864662170410e-01 8.217484354972839355e-01
9.879732131958007812e-01 1.590392142534255981e-01
5.694098472595214844e-01 1.815444082021713257e-01
5.306152105331420898e-01 8.468760251998901367e-01
5.201841592788696289e-01 5.924906134605407715e-01
5.587289929389953613e-01 1.756127178668975830e-01
2.968584299087524414e-01 3.029228150844573975e-01
5.575683116912841797e-01 3.416137993335723877e-01
2.845623493194580078e-01 4.535815715789794922e-01
6.280792951583862305e-01 8.097558021545410156e-01
4.854708611965179443e-01 7.892140150070190430e-01
3.901142477989196777e-01 4.017114639282226562e-01
9.829540252685546875e-01 4.958046674728393555e-01
7.532358169555664062e-01 5.261061787605285645e-01
9.792357683181762695e-01 2.606847584247589111e-01
6.956489086151123047e-01 6.036207452416419983e-02
1.245103627443313599e-01 8.119453191757202148e-01
2.592249512672424316e-01 8.312732577323913574e-01
8.861187100410461426e-01 3.922202885150909424e-01
8.109999448060989380e-02 2.883940935134887695e-01
4.132793247699737549e-01 5.765094161033630371e-01
6.340267062187194824e-01 9.090813398361206055e-01
3.797969222068786621e-01 5.371546745300292969e-01
2.759249806404113770e-01 9.888212680816650391e-01
6.597982645034790039e-01 1.260296851396560669e-01
6.161534786224365234e-01 3.311248719692230225e-01
6.540989875793457031e-01 6.073935031890869141e-01
6.274572759866714478e-02 4.259967207908630371e-01
8.008988499641418457e-01 8.235987424850463867e-01
2.744954228401184082e-01 8.576465398073196411e-02
9.364412426948547363e-01 4.801876246929168701e-01
1.662047654390335083e-01 7.638408541679382324e-01
8.887872099876403809e-01 7.484925389289855957e-01
6.246406435966491699e-01 2.122744917869567871e-01
2.894862294197082520e-01 9.456888586282730103e-02
7.553454637527465820e-01 5.338929295539855957e-01
6.122531890869140625e-01 1.468680649995803833e-01
8.652070164680480957e-01 6.262767314910888672e-01
5.272289365530014038e-02 2.178151160478591919e-02
5.659179091453552246e-01 9.096392393112182617e-01
1.599721014499664307e-01 1.514089107513427734e-01
7.786564826965332031e-01 4.755843579769134521e-01
6.301829814910888672e-01 7.267715334892272949e-01
6.258795261383056641e-01 6.258654594421386719e-01
9.852059483528137207e-01 3.541856110095977783e-01
1.064272522926330566e-01 8.194411396980285645e-01
3.897873163223266602e-01 7.756994366645812988e-01
5.779997110366821289e-01 5.841839313507080078e-01
6.463507413864135742e-01 3.278898596763610840e-01
8.440887331962585449e-01 7.106779217720031738e-01
4.399410188198089600e-01 6.349127888679504395e-01
7.392410039901733398e-01 1.555444896221160889e-01
6.212400197982788086e-01 4.081022143363952637e-01
3.586831092834472656e-01 4.418393075466156006e-01
4.919001162052154541e-01 9.810521602630615234e-01
3.351370394229888916e-01 4.360531568527221680e-01
9.311671257019042969e-01 2.365624606609344482e-01
8.128498196601867676e-01 4.447230398654937744e-01
1.063723489642143250e-02 8.453085273504257202e-02
9.955809712409973145e-01 3.118796348571777344e-01
9.895804524421691895e-02 6.350451707839965820e-01
9.322942495346069336e-01 6.192454695701599121e-01
2.147817760705947876e-01 7.470831274986267090e-01
4.312716424465179443e-02 1.329349726438522339e-01
7.397851943969726562e-01 8.234616369009017944e-02
5.677163600921630859e-01 6.965839862823486328e-01
8.711429238319396973e-01 7.671807408332824707e-01
7.672638297080993652e-01 5.490012764930725098e-01
4.658177495002746582e-01 3.649742305278778076e-01
2.864605784416198730e-01 4.764263704419136047e-02
3.143873214721679688e-01 5.301305651664733887e-01
4.591380059719085693e-01 2.179797142744064331e-01
7.409734129905700684e-01 2.139630168676376343e-01
9.590893238782882690e-02 1.118281334638595581e-01
2.326912283897399902e-01 8.996033668518066406e-01
8.426046371459960938e-01 8.193380236625671387e-01
3.976712822914123535e-01 5.362994074821472168e-01
9.241338372230529785e-01 5.040404200553894043e-02
6.212657317519187927e-03 5.610156059265136719e-01
2.353989332914352417e-01 3.969499468803405762e-01
6.148841977119445801e-01 1.943792551755905151e-01
3.897270262241363525e-01 8.629059195518493652e-01
4.677512943744659424e-01 1.640592818148434162e-04
6.816872358322143555e-01 4.642943143844604492e-01
9.592399001121520996e-01 1.528123915195465088e-01
7.258979678153991699e-01 6.958258748054504395e-01
8.761070966720581055e-01 6.328406333923339844e-01
6.611339449882507324e-01 8.466132879257202148e-01
2.471254765987396240e-01 6.039997935295104980e-01
1.663039624691009521e-01 7.839381694793701172e-01
9.475891590118408203e-01 1.214329451322555542e-01
6.100035309791564941e-01 2.539192140102386475e-01
5.329793095588684082e-01 7.067211866378784180e-01
2.389638870954513550e-01 9.452367424964904785e-01
1.975803077220916748e-01 6.101293563842773438e-01
1.028165966272354126e-01 7.680940032005310059e-01
3.008555471897125244e-01 4.122858345508575439e-01
2.429355084896087646e-01 4.264631271362304688e-01
6.761555671691894531e-01 2.984182834625244141e-01
9.081122875213623047e-01 9.374248981475830078e-02
3.014945983886718750e-01 3.852747678756713867e-01
8.858680725097656250e-01 6.709187626838684082e-01
5.400899648666381836e-01 9.326217174530029297e-01
6.405376195907592773e-01 5.756924152374267578e-01
5.904004350304603577e-02 8.569849133491516113e-01
3.332560658454895020e-01 6.323736906051635742e-01
6.120116710662841797e-01 4.190464317798614502e-01
6.983000636100769043e-01 7.300676703453063965e-01
6.635658442974090576e-02 4.845349490642547607e-01
8.891100883483886719e-01 8.995072841644287109e-01
1.247196048498153687e-01 4.366949945688247681e-02
3.663693070411682129e-01 3.126660585403442383e-01
3.025101125240325928e-01 1.486148834228515625e-01
6.507007479667663574e-01 3.944586217403411865e-01
8.958841860294342041e-02 1.023658215999603271e-01
3.013135790824890137e-01 7.949763536453247070e-02
8.174746036529541016e-01 4.955766201019287109e-01
3.658071532845497131e-02 7.918574810028076172e-01
8.383509516716003418e-01 3.610057830810546875e-01
8.803240656852722168e-01 5.888053402304649353e-02
2.624908089637756348e-01 4.584808647632598877e-01
7.586843371391296387e-01 9.025427699089050293e-01
5.888566374778747559e-01 2.050699889659881592e-01
7.117112278938293457e-01 8.901938199996948242e-01
5.713821649551391602e-01 9.263974428176879883e-01
1.217453032732009888e-01 3.767580986022949219e-01
4.438473582267761230e-01 6.971241831779479980e-01
7.514518499374389648e-01 3.321622014045715332e-01
6.479550618678331375e-03 5.730949044227600098e-01
2.985860705375671387e-01 3.995494246482849121e-01
1.020967885851860046e-01 6.285539269447326660e-01
1.657530665397644043e-01 2.551991641521453857e-01
6.786483526229858398e-01 3.892670273780822754e-01
4.102538824081420898e-01 6.314379572868347168e-01
6.882639527320861816e-01 7.422311902046203613e-01
7.889150381088256836e-01 9.207838773727416992e-01
4.984820485115051270e-01 2.560645639896392822e-01
3.306101262569427490e-01 2.633163630962371826e-01
8.698114156723022461e-01 7.252999544143676758e-01
4.269931912422180176e-01 6.547459959983825684e-01
7.320810109376907349e-02 4.358732402324676514e-01
3.227448165416717529e-01 5.318601727485656738e-01
2.607746124267578125e-01 6.652875989675521851e-02
9.763714075088500977e-01 1.896452307701110840e-01
5.605054497718811035e-01 4.438869059085845947e-01
1.051238272339105606e-02 1.186758428812026978e-01
7.936740517616271973e-01 1.423684060573577881e-01
2.995743751525878906e-01 6.764319539070129395e-01
6.700055599212646484e-01 9.089250564575195312e-01
1.713023334741592407e-02 2.844894826412200928e-01
9.162566661834716797e-01 8.240299224853515625e-01
1.088581979274749756e-01 6.626404523849487305e-01
1.723268777132034302e-01 6.937716603279113770e-01
1.114724799990653992e-01 4.592080712318420410e-01
6.944498419761657715e-01 5.427972674369812012e-01
4.306774437427520752e-01 5.599302649497985840e-01
2.809709124267101288e-02 8.770266771316528320e-01
5.295405387878417969e-01 2.755969166755676270e-01
8.545280694961547852e-01 2.771197557449340820e-01
