1.248992010951042175e-01 2.346642464399337769e-01
2.010283619165420532e-01 2.437548339366912842e-02
6.949405074119567871e-01 1.796983331441879272e-01
9.777640104293823242e-01 3.061229288578033447e-01
8.437067866325378418e-01 3.889636397361755371e-01
7.328103780746459961e-01 2.840233147144317627e-01
8.197025060653686523e-01 3.361249566078186035e-01
9.492241144180297852e-01 4.833358824253082275e-01
3.280020356178283691e-01 9.462847709655761719e-01
1.007492914795875549e-01 8.655576109886169434e-01
8.979533910751342773e-01 6.181910037994384766e-01
3.640435934066772461e-01 8.686319589614868164e-01
2.286690473556518555e-01 7.331414222717285156e-01
5.384429693222045898e-01 9.681534171104431152e-01
1.521718949079513550e-01 3.368997573852539062e-01
7.060017585754394531e-01 7.448029518127441406e-01
7.454488277435302734e-01 7.948799729347229004e-01
7.099415659904479980e-01 2.413272410631179810e-01
3.612107634544372559e-01 2.361112534999847412e-01
5.192079544067382812e-01 2.329422235488891602e-01
6.836851239204406738e-01 9.908752888441085815e-02
4.921114146709442139e-01 8.757068514823913574e-01
3.717430531978607178e-01 6.709710955619812012e-01
4.622324109077453613e-01 6.730333566665649414e-01
5.614904165267944336e-01 2.850747294723987579e-02
4.442900717258453369e-01 1.863544881343841553e-01
5.780550241470336914e-01 8.647505044937133789e-01
4.691792428493499756e-01 8.343712091445922852e-01
1.036791354417800903e-01 1.418062746524810791e-01
5.975162982940673828e-01 6.285120248794555664e-01
1.498359441757202148e-01 7.172940373420715332e-01
8.969787955284118652e-01 2.766157686710357666e-01
8.029739260673522949e-01 3.577896580100059509e-02
1.022415459156036377e-01 3.651504218578338623e-01
8.860707879066467285e-01 4.915714859962463379e-01
7.825916409492492676e-01 7.338798642158508301e-01
9.781776070594787598e-01 2.887881994247436523e-01
4.577898681163787842e-01 8.386558294296264648e-01
7.236491441726684570e-01 4.618397951126098633e-01
9.134574793279170990e-03 8.899847269058227539e-01
2.211665064096450806e-01 3.984957635402679443e-01
1.303309500217437744e-01 3.428897857666015625e-01
4.179741442203521729e-01 8.135115504264831543e-01
9.606270194053649902e-01 3.006337881088256836e-01
5.979709625244140625e-01 9.188384413719177246e-01
6.729516386985778809e-01 4.348709285259246826e-01
1.682870984077453613e-01 8.712961673736572266e-01
5.885408520698547363e-01 7.718583941459655762e-02
3.526108562946319580e-01 5.663312971591949463e-02
1.559462677687406540e-02 7.959094643592834473e-01
9.632365107536315918e-01 5.188492536544799805e-01
2.115683257579803467e-01 5.910575389862060547e-01
6.892436742782592773e-01 7.052854895591735840e-01
6.198407411575317383e-01 2.708872854709625244e-01
5.654839873313903809e-01 8.573380112648010254e-02
9.449163675308227539e-01 4.555926322937011719e-01
2.989107072353363037e-01 4.584219753742218018e-01
2.132017612457275391e-01 4.034757912158966064e-01
3.132857382297515869e-01 3.153235018253326416e-01
3.330144584178924561e-01 9.687934517860412598e-01
1.478406786918640137e-01 9.371232986450195312e-01
4.459672048687934875e-02 3.256281912326812744e-01
7.730411291122436523e-01 1.074411273002624512e-01
2.931884229183197021e-01 8.287635445594787598e-01
7.232101559638977051e-01 1.439249962568283081e-01
4.864136874675750732e-01 4.861182868480682373e-01
2.364223450422286987e-01 3.680931925773620605e-01
8.164511919021606445e-01 5.407580733299255371e-01
7.819177508354187012e-01 8.193953037261962891e-01
4.702097922563552856e-02 9.614302217960357666e-02
1.870381385087966919e-01 5.964772701263427734e-01
4.233447313308715820e-01 3.556420505046844482e-01
9.055045247077941895e-01 6.353636384010314941e-01
3.066480159759521484e-01 2.346159070730209351e-01
5.653176307678222656e-01 3.660783171653747559e-01
5.088021159172058105e-01 4.568245410919189453e-01
7.157098054885864258e-01 1.076333522796630859e-01
1.518585383892059326e-01 2.092844843864440918e-01
1.470703780651092529e-01 2.083305418491363525e-01
9.483623504638671875e-01 9.033008813858032227e-01
8.053848147392272949e-01 7.013940215110778809e-01
8.165126442909240723e-01 9.848882555961608887e-01
5.278734564781188965e-01 4.625994563102722168e-01
9.824532866477966309e-01 7.131366133689880371e-01
5.260862708091735840e-01 4.731065928936004639e-01
2.655704319477081299e-01 5.699228048324584961e-01
3.556722104549407959e-01 1.046295762062072754e-01
6.864010691642761230e-01 2.396461218595504761e-01
8.596453070640563965e-01 9.972789883613586426e-02
2.537699639797210693e-01 8.015161752700805664e-01
2.367286570370197296e-02 8.207423686981201172e-01
4.108462035655975342e-01 3.165542483329772949e-01
4.287395477294921875e-01 2.255827486515045166e-01
5.919748544692993164e-01 5.576694011688232422e-01
3.192616105079650879e-01 3.179304003715515137e-01
5.315726995468139648e-01 3.955954909324645996e-01
7.627469897270202637e-01 9.351766705513000488e-01
7.769022583961486816e-01 8.533951640129089355e-01
7.111749053001403809e-01 3.723031878471374512e-01
4.503277689218521118e-02 1.128119081258773804e-01
5.953380465507507324e-01 5.367922186851501465e-01
1.498738378286361694e-01 1.166763156652450562e-01
5.900224447250366211e-01 7.391765713691711426e-01
6.639339327812194824e-01 2.030279636383056641e-01
7.445229887962341309e-01 9.365190267562866211e-01
9.257138371467590332e-01 5.579383373260498047e-01
9.929025173187255859e-02 4.666900336742401123e-01
6.272471696138381958e-02 1.274271756410598755e-01
6.901858448982238770e-01 4.091238975524902344e-01
6.495523452758789062e-01 2.587998211383819580e-01
4.648732244968414307e-01 5.606206059455871582e-01
8.603007197380065918e-01 6.188043951988220215e-01
9.189002513885498047e-01 6.222031116485595703e-01
3.099377155303955078e-01 9.811708331108093262e-01
1.462255567312240601e-01 4.775424599647521973e-01
8.006964921951293945e-01 4.437664151191711426e-01
5.945112109184265137e-01 2.390199452638626099e-01
7.734403610229492188e-01 3.852652609348297119e-01
2.805889248847961426e-01 1.351157575845718384e-01
2.792557775974273682e-01 9.908987283706665039e-01
9.656838774681091309e-01 9.166722893714904785e-01
9.398014545440673828e-01 4.465124905109405518e-01
4.854615628719329834e-01 8.308728933334350586e-01
5.973899364471435547e-01 5.464989319443702698e-02
5.370867252349853516e-01 8.127589225769042969e-01
7.639617919921875000e-01 1.100532338023185730e-01
1.235365867614746094e-01 1.861422508955001831e-01
6.661732196807861328e-01 1.266216933727264404e-01
3.792840242385864258e-01 7.655802965164184570e-01
7.250307798385620117e-01 7.358591556549072266e-01
1.747456938028335571e-01 5.944120883941650391e-01
9.622137546539306641e-01 3.041842579841613770e-01
2.866053879261016846e-01 5.159320831298828125e-01
3.024405539035797119e-01 2.374319732189178467e-01
5.121796131134033203e-01 7.418993115425109863e-01
6.577068567276000977e-01 7.120149731636047363e-01
2.182678729295730591e-01 3.667998611927032471e-01
6.788062453269958496e-01 1.967008411884307861e-02
9.514979720115661621e-01 6.340810060501098633e-01
4.272594153881072998e-01 7.212632298469543457e-01
5.881519913673400879e-01 6.358072161674499512e-01
2.510302960872650146e-01 3.364740908145904541e-01
7.560713291168212891e-01 4.619218111038208008e-01
9.987500905990600586e-01 8.573750853538513184e-01
8.151320219039916992e-01 3.451823890209197998e-01
4.709110409021377563e-02 4.652026891708374023e-01
3.863610029220581055e-01 2.271800637245178223e-01
2.450730651617050171e-01 8.605762124061584473e-01
2.985687851905822754e-01 5.006191730499267578e-01
6.314926147460937500e-01 6.920507550239562988e-01
8.577605485916137695e-01 5.909479856491088867e-01
6.216531395912170410e-01 2.215163111686706543e-01
5.070797801017761230e-01 2.893885374069213867e-01
6.410360932350158691e-01 4.289427027106285095e-02
2.559023201465606689e-01 6.520927548408508301e-01
7.755849957466125488e-01 3.538152575492858887e-01
3.305516839027404785e-01 9.478273987770080566e-01
5.493598580360412598e-01 7.796797156333923340e-01
7.022379636764526367e-01 7.995421886444091797e-01
3.587489128112792969e-01 4.402240812778472900e-01
6.303924322128295898e-01 5.167862176895141602e-01
8.764551877975463867e-01 3.569524884223937988e-01
2.393541932106018066e-01 3.017850816249847412e-01
1.832653880119323730e-01 4.150808751583099365e-01
4.988144338130950928e-01 6.474686414003372192e-02
7.457906007766723633e-01 3.169276416301727295e-01
3.270306885242462158e-01 7.809913754463195801e-01
1.336997002363204956e-01 8.534111827611923218e-02
4.755470454692840576e-01 5.891652703285217285e-01
5.130116343498229980e-01 7.065334916114807129e-01
6.027820110321044922e-01 6.045526862144470215e-01
5.406507849693298340e-01 4.723716378211975098e-01
7.018015980720520020e-01 1.082793623208999634e-01
4.222746938467025757e-02 5.825319886207580566e-01
7.952401041984558105e-01 6.035180687904357910e-01
9.466800689697265625e-01 4.499063193798065186e-01
1.421656310558319092e-01 8.449892401695251465e-01
5.710378885269165039e-01 1.808063685894012451e-01
5.265802517533302307e-02 3.856396377086639404e-01
3.224029541015625000e-01 5.953287482261657715e-01
1.166567355394363403e-01 5.126909017562866211e-01
3.109631240367889404e-01 8.900056481361389160e-01
2.003206312656402588e-01 8.231925368309020996e-01
3.262485861778259277e-01 3.066819906234741211e-01
8.066864013671875000e-01 1.813164502382278442e-01
5.520542263984680176e-01 2.415108382701873779e-01
5.084369182586669922e-01 6.821104288101196289e-01
1.664666235446929932e-01 2.138999700546264648e-01
5.985428690910339355e-01 3.879435658454895020e-01
6.924877762794494629e-01 3.179688705131411552e-03
6.212225556373596191e-01 3.934444785118103027e-01
6.431263685226440430e-01 6.153213977813720703e-01
3.844498097896575928e-01 6.100880503654479980e-01
8.278276771306991577e-02 5.955733060836791992e-01
6.407765150070190430e-01 6.982503533363342285e-01
8.289272189140319824e-01 8.699568510055541992e-01
5.902653932571411133e-01 9.570844769477844238e-01
9.075166583061218262e-01 5.680408477783203125e-01
5.672736167907714844e-01 8.502739071846008301e-01
8.857699632644653320e-01 4.453034698963165283e-01
3.717335164546966553e-01 2.216625213623046875e-01
8.068580031394958496e-01 9.854068756103515625e-01
4.855674803256988525e-01 7.066229581832885742e-01
1.567763835191726685e-01 1.567348390817642212e-01
8.234093189239501953e-01 6.662800312042236328e-01
7.769648432731628418e-01 7.376696467399597168e-01
4.040246009826660156e-01 4.386091977357864380e-02
2.304940968751907349e-01 2.334739267826080322e-01
8.936567306518554688e-01 5.925421714782714844e-01
2.329768389463424683e-01 7.127062082290649414e-01
6.426865458488464355e-01 1.624760180711746216e-01
9.315679073333740234e-01 7.260482311248779297e-01
4.427938759326934814e-01 8.372645378112792969e-01
8.387211561203002930e-01 1.894987672567367554e-01
7.964913249015808105e-01 1.333170384168624878e-01
8.389057517051696777e-01 5.509814023971557617e-01
6.676194667816162109e-01 3.067129552364349365e-01
1.594878882169723511e-01 9.585685133934020996e-01
4.173441827297210693e-01 6.943766027688980103e-02
2.250969558954238892e-01 1.224291920661926270e-01
1.230638399720191956e-01 8.731368184089660645e-02
4.978020191192626953e-01 1.585479378700256348e-01
6.498874425888061523e-01 2.924151122570037842e-01
6.199154257774353027e-01 3.823422789573669434e-01
7.816907018423080444e-02 2.479057908058166504e-01
9.475696682929992676e-01 5.849974155426025391e-01
2.251908034086227417e-01 1.506657898426055908e-01
3.324347436428070068e-01 7.290597558021545410e-01
2.837678790092468262e-01 5.893586948513984680e-02
4.006749093532562256e-01 6.988049149513244629e-01
4.652477800846099854e-01 3.166426718235015869e-01
8.723034858703613281e-01 2.877467572689056396e-01
5.755347609519958496e-01 9.674072265625000000e-01
9.691631048917770386e-02 5.636814832687377930e-01
4.370055496692657471e-01 3.050350816920399666e-03
4.122717380523681641e-01 5.075465440750122070e-01
8.976753950119018555e-01 4.556463286280632019e-02
7.416732907295227051e-01 4.060096442699432373e-01
5.380304455757141113e-01 2.715303003787994385e-01
5.690343379974365234e-01 5.506949424743652344e-01
8.260559439659118652e-01 9.700360894203186035e-01
1.473326385021209717e-01 2.337229400873184204e-01
8.802292943000793457e-01 1.377498656511306763e-01
1.457093507051467896e-01 6.035047769546508789e-01
9.058823585510253906e-01 3.943018019199371338e-01
3.925750851631164551e-01 9.713144302368164062e-01
9.371122717857360840e-01 9.914249181747436523e-01
1.334145814180374146e-01 1.961062848567962646e-01
9.550638794898986816e-01 7.443677783012390137e-01
5.849368870258331299e-02 9.676295518875122070e-02
1.297075003385543823e-01 4.244052171707153320e-01
2.059583514928817749e-01 2.379209101200103760e-01
1.730277091264724731e-01 7.839602231979370117e-01
7.841350883245468140e-02 4.132386744022369385e-01
2.122951000928878784e-01 6.070950031280517578e-01
3.031139969825744629e-01 2.725349962711334229e-01
9.038102626800537109e-01 1.300406735390424728e-02
1.275552660226821899e-01 3.526462614536285400e-01
8.775663375854492188e-01 2.681499719619750977e-01
4.025503098964691162e-01 6.657993793487548828e-01
3.257285803556442261e-02 5.791579484939575195e-01
5.068018566817045212e-03 8.778846263885498047e-02
9.073045849800109863e-01 3.639537394046783447e-01
3.865875601768493652e-01 1.125858873128890991e-01
4.116297066211700439e-01 9.291376471519470215e-01
4.502283930778503418e-01 1.164933741092681885e-01
8.046990633010864258e-01 7.819237112998962402e-01
4.954016208648681641e-01 1.790380626916885376e-01
7.368819117546081543e-01 7.530567049980163574e-01
3.201296925544738770e-01 8.533317446708679199e-01
1.950460299849510193e-02 5.866733789443969727e-01
1.064223125576972961e-01 4.975756108760833740e-01
4.591991305351257324e-01 2.429328560829162598e-01
7.546188831329345703e-01 9.042698144912719727e-02
6.641072630882263184e-01 4.518401622772216797e-01
6.465731859207153320e-01 1.435090303421020508e-01
8.145480751991271973e-01 9.491273164749145508e-01
9.425494670867919922e-01 2.340760082006454468e-01
7.860524654388427734e-01 9.109638929367065430e-01
5.613268613815307617e-01 1.726695522665977478e-02
3.254803419113159180e-01 2.609315216541290283e-01
4.164881110191345215e-01 1.002136692404747009e-01
9.034605622291564941e-01 4.890096485614776611e-01
5.768645405769348145e-01 1.848428882658481598e-02
3.355025947093963623e-01 3.858736753463745117e-01
3.739802911877632141e-02 8.421354740858078003e-02
2.057657539844512939e-01 2.501415908336639404e-01
8.255785107612609863e-01 2.437395304441452026e-01
5.391802191734313965e-01 5.207412242889404297e-01
8.731772303581237793e-01 3.671392798423767090e-02
9.042860865592956543e-01 4.497914314270019531e-01
9.355459213256835938e-01 9.294832348823547363e-01
7.114846110343933105e-01 4.901095926761627197e-01
5.563124418258666992e-01 6.683157086372375488e-01
7.383078932762145996e-01 4.932361245155334473e-01
2.714841067790985107e-01 2.644855082035064697e-01
8.700860738754272461e-01 9.808074235916137695e-01
6.309835314750671387e-01 7.847057580947875977e-01
3.043424487113952637e-01 2.598548531532287598e-01
6.125657558441162109e-01 5.978999733924865723e-01
8.186762928962707520e-01 2.466513216495513916e-01
5.149543881416320801e-01 3.456084728240966797e-01
9.023240804672241211e-01 8.696440458297729492e-01
9.862845540046691895e-01 2.886655330657958984e-01
7.878513932228088379e-01 9.867590665817260742e-01
5.265253409743309021e-02 5.635743141174316406e-01
5.658426284790039062e-01 6.264541149139404297e-01
9.961255192756652832e-01 3.235122933983802795e-02
3.570234179496765137e-01 2.651344537734985352e-01
8.905059099197387695e-01 1.013483107089996338e-02
5.233584642410278320e-01 6.815263032913208008e-01
9.207409024238586426e-01 9.843150973320007324e-01
3.228576481342315674e-01 3.463171720504760742e-01
6.185171604156494141e-01 6.784017086029052734e-01
8.092229366302490234e-01 4.977351799607276917e-02
6.748414039611816406e-01 3.500573933124542236e-01
9.442094564437866211e-01 8.796051144599914551e-01
5.395231842994689941e-01 8.919701576232910156e-01
3.954708874225616455e-01 1.683211028575897217e-01
3.755133152008056641e-01 7.746460437774658203e-01
5.280223488807678223e-01 1.434910148382186890e-01
1.638852953910827637e-01 2.047302275896072388e-01
9.075127840042114258e-01 7.479068636894226074e-01
2.055252939462661743e-01 2.432978600263595581e-01
1.231394335627555847e-01 9.857723712921142578e-01
6.295895576477050781e-02 5.986536145210266113e-01
3.551814258098602295e-01 3.510691821575164795e-01
3.536767363548278809e-01 4.157266113907098770e-03
1.017225682735443115e-01 3.302315473556518555e-01
5.471529364585876465e-01 1.672678440809249878e-01
1.934811025857925415e-01 7.802061438560485840e-01
3.083642125129699707e-01 5.408012866973876953e-01
3.067682087421417236e-01 3.132781386375427246e-02
1.566309630870819092e-01 6.233216524124145508e-01
9.337249994277954102e-01 1.116096153855323792e-01
5.717724561691284180e-01 4.468855261802673340e-02
2.060906738042831421e-01 6.007224917411804199e-01
6.560936570167541504e-01 4.215014874935150146e-01
3.702406883239746094e-01 5.322876572608947754e-01
8.171398043632507324e-01 3.673713281750679016e-02
7.554901242256164551e-01 7.567903399467468262e-01
2.426526397466659546e-01 7.974404096603393555e-01
9.270569682121276855e-01 6.934266686439514160e-01
7.798808217048645020e-01 7.576587796211242676e-01
3.927439101971685886e-04 1.201227307319641113e-01
4.531215727329254150e-01 8.509004488587379456e-03
2.242215126752853394e-01 6.961310654878616333e-02
1.805286258459091187e-01 5.698444247245788574e-01
2.817978560924530029e-01 6.600066423416137695e-01
7.698647379875183105e-01 3.335325047373771667e-02
7.197576761245727539e-01 7.356184124946594238e-01
3.238254189491271973e-01 1.343364864587783813e-01
1.417915970087051392e-01 5.022026300430297852e-01
9.178770780563354492e-01 2.957188785076141357e-01
7.123271822929382324e-01 1.063249185681343079e-01
8.677281141281127930e-01 4.606476426124572754e-01
1.579691767692565918e-01 1.835232526063919067e-01
3.100324571132659912e-01 6.492578238248825073e-02
8.870224952697753906e-01 5.195127725601196289e-01
4.369374513626098633e-01 9.845243692398071289e-01
7.538796663284301758e-01 9.536124467849731445e-01
4.038759768009185791e-01 5.198797583580017090e-01
9.613841176033020020e-01 3.033064864575862885e-02
3.933860659599304199e-01 2.760888040065765381e-01
6.021416187286376953e-01 4.798841476440429688e-01
8.672518730163574219e-01 8.300735056400299072e-02
3.819844722747802734e-01 3.208498656749725342e-01
6.259191036224365234e-01 6.478682756423950195e-01
8.392529487609863281e-01 3.685880005359649658e-01
5.346856713294982910e-01 1.632828265428543091e-01
8.885396271944046021e-02 6.992164254188537598e-01
1.354373991489410400e-01 1.986309885978698730e-01
8.132874965667724609e-03 9.439256191253662109e-01
5.307574272155761719e-01 6.885495036840438843e-02
4.307273328304290771e-01 5.762711763381958008e-01
7.234326601028442383e-01 6.781936883926391602e-01
9.010689258575439453e-01 8.099694848060607910e-01
4.522894024848937988e-01 3.824828192591667175e-02
8.417691588401794434e-01 4.480720460414886475e-01
6.982675194740295410e-01 8.836728334426879883e-01
2.286500930786132812e-01 1.182853356003761292e-01
6.219627857208251953e-01 7.643352746963500977e-01
7.323028445243835449e-01 5.572460293769836426e-01
4.806852042675018311e-01 1.124367415904998779e-01
4.264643192291259766e-01 6.165127158164978027e-01
9.261958003044128418e-01 2.056269645690917969e-01
6.740729808807373047e-01 4.590433090925216675e-02
1.818525046110153198e-01 2.332649230957031250e-01
8.400373458862304688e-01 9.547554850578308105e-01
5.813782215118408203e-01 8.277728408575057983e-02
9.599361419677734375e-01 6.641816496849060059e-01
2.949904464185237885e-02 5.660592913627624512e-01
3.474677503108978271e-01 4.699881002306938171e-02
7.814726233482360840e-01 3.138256669044494629e-01
5.728459358215332031e-01 5.482074022293090820e-01
2.169873714447021484e-01 5.216523408889770508e-01
5.070049166679382324e-01 4.433736503124237061e-01
8.125171065330505371e-01 2.846406102180480957e-01
4.000843465328216553e-01 3.400405049324035645e-01
3.803985416889190674e-01 8.648869991302490234e-01
8.024934679269790649e-02 2.119133025407791138e-01
2.444686889648437500e-01 3.307316899299621582e-01
5.624790117144584656e-02 2.292881757020950317e-01
1.154590770602226257e-01 1.684684902429580688e-01
1.015961691737174988e-01 8.171379566192626953e-01
6.478959321975708008e-01 4.862875044345855713e-01
5.110653042793273926e-01 9.320984482765197754e-01
2.536938488483428955e-01 1.877162456512451172e-01
2.742148339748382568e-01 2.041535973548889160e-01
9.800137877464294434e-01 6.037481427192687988e-01
7.222709059715270996e-01 3.723959922790527344e-01
2.041931599378585815e-01 7.065666913986206055e-01
5.771696940064430237e-02 6.502264738082885742e-01
2.719375789165496826e-01 4.304623901844024658e-01
4.862449467182159424e-01 1.406218856573104858e-02
5.469099432229995728e-02 3.607938587665557861e-01
1.672682315111160278e-01 9.722652435302734375e-01
9.183374047279357910e-01 8.077182173728942871e-01
2.650042809545993805e-02 2.742449045181274414e-01
2.129440754652023315e-01 5.792551636695861816e-01
2.733471393585205078e-01 2.212195545434951782e-01
8.324127197265625000e-01 8.904556185007095337e-02
7.236095666885375977e-01 4.473248422145843506e-01
2.458971142768859863e-01 9.807428717613220215e-01
6.484816670417785645e-01 4.938582703471183777e-02
7.513231039047241211e-01 2.926411628723144531e-01
9.231332540512084961e-01 2.096377164125442505e-01
5.546917915344238281e-01 7.742922902107238770e-01
3.844976127147674561e-01 9.825400114059448242e-01
5.903692245483398438e-01 2.102902391925454140e-03
3.497865498065948486e-01 7.605692148208618164e-01
5.877884030342102051e-01 4.427309930324554443e-01
3.018914163112640381e-01 1.502538770437240601e-01
3.489003479480743408e-01 7.004569768905639648e-01
1.065173819661140442e-01 9.806311875581741333e-02
5.138181447982788086e-01 3.908849656581878662e-01
5.571758747100830078e-01 9.518765727989375591e-04
6.105629801750183105e-01 1.889359205961227417e-01
2.265411913394927979e-01 3.403910398483276367e-01
8.518859744071960449e-01 9.762234687805175781e-01
3.897263109683990479e-01 9.778990149497985840e-01
8.949935436248779297e-01 8.863476514816284180e-01
7.941746115684509277e-01 8.382977843284606934e-01
5.211946368217468262e-01 2.895021736621856689e-01
1.704701781272888184e-01 5.202229619026184082e-01
2.935935258865356445e-01 1.558550596237182617e-01
2.186151742935180664e-01 4.815469384193420410e-01
3.004258871078491211e-01 7.120542526245117188e-01
6.014805287122726440e-02 7.456529140472412109e-01
9.370872974395751953e-01 6.672948002815246582e-01
4.187569320201873779e-01 1.875418722629547119e-01
9.423114061355590820e-01 9.072752594947814941e-01
1.480838470160961151e-02 5.681480169296264648e-01
8.530349731445312500e-01 7.938551306724548340e-01
9.265149831771850586e-01 2.797383368015289307e-01
7.093884944915771484e-01 4.985469877719879150e-01
6.354127526283264160e-01 6.393728256225585938e-01
8.952466249465942383e-01 7.054164409637451172e-01
2.763834595680236816e-01 1.865022927522659302e-01
4.770962893962860107e-01 4.663444757461547852e-01
4.497042670845985413e-02 5.897126719355583191e-02
7.166823148727416992e-01 9.678272008895874023e-01
7.356817722320556641e-01 6.137072443962097168e-01
7.155835628509521484e-01 7.757065892219543457e-01
9.985320568084716797e-01 5.588418841361999512e-01
1.836934834718704224e-01 8.661550283432006836e-02
2.490675598382949829e-01 6.267015337944030762e-01
1.596890985965728760e-01 6.792706847190856934e-01
5.819366574287414551e-01 1.083302050828933716e-01
8.261407166719436646e-02 3.602227866649627686e-01
4.251039624214172363e-01 4.809830784797668457e-01
2.892007827758789062e-01 9.530056715011596680e-01
3.356903195381164551e-01 2.462523132562637329e-01
4.665983915328979492e-01 1.891371756792068481e-01
5.948951840400695801e-01 6.145976781845092773e-01
7.144134640693664551e-01 5.733351111412048340e-01
1.326088905334472656e-01 1.352710127830505371e-01
4.438487887382507324e-01 6.327773332595825195e-01
7.851493954658508301e-01 3.599466979503631592e-01
5.457624793052673340e-02 6.450685858726501465e-01
1.971700042486190796e-01 8.810125291347503662e-02
7.175855040550231934e-01 8.086650371551513672e-01
8.444619178771972656e-01 7.081512808799743652e-01
5.342983603477478027e-01 2.785013616085052490e-01
7.422600984573364258e-01 4.549348652362823486e-01
4.687258899211883545e-01 9.181502461433410645e-01
4.160985723137855530e-02 2.375512123107910156e-01
9.484374523162841797e-01 6.995075345039367676e-01
6.724961400032043457e-01 5.087383985519409180e-01
2.890719845890998840e-02 2.971005737781524658e-01
2.274828851222991943e-01 5.990371108055114746e-01
5.348137021064758301e-01 1.814495921134948730e-01
1.499139815568923950e-01 3.357961475849151611e-01
8.266165256500244141e-01 7.539129853248596191e-01
7.435661554336547852e-01 3.590162992477416992e-01
8.576372265815734863e-01 5.575823187828063965e-01
9.606686234474182129e-01 5.390154570341110229e-02
6.030755639076232910e-01 2.748292982578277588e-01
9.849127531051635742e-01 2.771947383880615234e-01
3.229595422744750977e-01 3.259037733078002930e-01
5.871757119894027710e-02 6.654008626937866211e-01
3.990663290023803711e-01 1.717021805234253407e-04
9.318338632583618164e-01 3.131516575813293457e-01
2.992264740169048309e-02 7.678833007812500000e-01
2.992313504219055176e-01 3.858472406864166260e-01
3.909141719341278076e-01 4.734840616583824158e-02
1.857684850692749023e-01 2.110586762428283691e-01
2.581260502338409424e-01 7.972560822963714600e-02
8.010691404342651367e-02 8.537060022354125977e-01
2.766968905925750732e-01 4.808076024055480957e-01
7.763917446136474609e-01 1.168421581387519836e-01
5.949008464813232422e-01 5.697666406631469727e-01
9.235507249832153320e-01 4.548617601394653320e-01
9.418829083442687988e-01 1.421926170587539673e-01
1.088478136807680130e-02 6.826892495155334473e-01
6.780389696359634399e-02 4.743919894099235535e-02
1.277415305376052856e-01 4.387228190898895264e-01
5.443430691957473755e-02 6.929615736007690430e-01
4.590134620666503906e-01 3.784229457378387451e-01
7.596099972724914551e-01 7.805608510971069336e-01
1.456687599420547485e-01 4.419439285993576050e-02
3.238998055458068848e-01 1.647636145353317261e-01
1.116005182266235352e-01 7.784920930862426758e-01
5.436783432960510254e-01 8.697627782821655273e-01
9.794247150421142578e-02 7.569252252578735352e-01
4.557420313358306885e-02 5.657811760902404785e-01
5.062964744865894318e-03 5.001229643821716309e-01
8.833962082862854004e-01 4.376523196697235107e-01
7.519254088401794434e-01 1.682710945606231689e-01
4.422555267810821533e-01 2.709011733531951904e-01
7.346748709678649902e-01 3.614978194236755371e-01
2.361375689506530762e-01 7.421296834945678711e-01
2.654666304588317871e-01 6.482739448547363281e-01
8.272053599357604980e-01 6.702793240547180176e-01
5.530595183372497559e-01 3.922260105609893799e-01
3.426721096038818359e-01 6.108385920524597168e-01
3.134668469429016113e-01 5.964802950620651245e-02
5.353908538818359375e-01 8.993663191795349121e-01
3.215166628360748291e-01 1.549744755029678345e-01
6.129519343376159668e-01 3.059942126274108887e-01
2.982907295227050781e-01 2.936055660247802734e-01
5.116224288940429688e-02 9.911297559738159180e-01
8.103627562522888184e-01 2.537725567817687988e-01
4.884715080261230469e-01 3.227223157882690430e-01
2.461536973714828491e-01 4.415497481822967529e-01
3.635713160037994385e-01 3.439683914184570312e-01
3.873927891254425049e-01 3.202154040336608887e-01
6.644853949546813965e-01 1.480624377727508545e-01
2.713677287101745605e-01 9.194618463516235352e-01
5.584567785263061523e-01 6.960880756378173828e-01
9.167772531509399414e-01 6.078200936317443848e-01
3.903996944427490234e-02 7.373415827751159668e-01
1.849291622638702393e-01 9.047588109970092773e-01
6.070296168327331543e-01 1.893590837717056274e-01
5.524519681930541992e-01 1.935066729784011841e-01
8.968613147735595703e-01 8.303168416023254395e-01
9.131507873535156250e-01 4.204231500625610352e-01
3.171436488628387451e-01 7.770100235939025879e-01
8.385829329490661621e-01 8.935612440109252930e-01
9.623812884092330933e-02 5.357208847999572754e-01
6.033970117568969727e-01 6.711432337760925293e-01
8.013335466384887695e-01 2.719748020172119141e-02
2.810479104518890381e-01 1.970073431730270386e-01
5.882252454757690430e-01 9.971498847007751465e-01
4.260284602642059326e-01 3.755301833152770996e-01
7.751100063323974609e-01 6.824520975351333618e-02
3.219883441925048828e-01 8.388422131538391113e-01
2.456093132495880127e-01 9.553987979888916016e-01
7.045630216598510742e-01 6.952787041664123535e-01
5.686476826667785645e-01 3.016292452812194824e-01
2.734123729169368744e-02 7.624211311340332031e-01
6.379822641611099243e-02 3.794872164726257324e-01
9.932570457458496094e-01 1.006185635924339294e-01
8.649827837944030762e-01 5.027901530265808105e-01
7.096049189567565918e-01 3.401907086372375488e-01
1.061910167336463928e-01 4.636512398719787598e-01
4.853892028331756592e-01 7.863213419914245605e-01
7.181577384471893311e-02 7.718998789787292480e-01
9.132432341575622559e-01 6.921631693840026855e-01
2.270320802927017212e-01 3.888565301895141602e-01
2.176663130521774292e-01 3.325420320034027100e-01
6.226913332939147949e-01 6.161900758743286133e-01
5.565543174743652344e-01 1.779073029756546021e-01
3.266286253929138184e-01 3.880414962768554688e-01
5.355346202850341797e-02 3.484267890453338623e-01
9.086903929710388184e-01 6.999596953392028809e-01
9.632832407951354980e-01 1.761393100023269653e-01
1.092348024249076843e-01 8.750732541084289551e-01
4.418288469314575195e-01 7.845158576965332031e-01
5.184822082519531250e-01 9.114536643028259277e-01
8.615440130233764648e-01 4.595748484134674072e-01
6.432102918624877930e-01 7.297148108482360840e-01
3.983958438038825989e-02 1.702288687229156494e-01
9.578649997711181641e-01 5.545850396156311035e-01
2.957459986209869385e-01 4.965015351772308350e-01
5.451835393905639648e-01 1.142185255885124207e-01
1.131270229816436768e-01 6.358788013458251953e-01
4.612475931644439697e-01 5.389487147331237793e-01
6.737141311168670654e-02 1.918662190437316895e-01
4.967263042926788330e-01 4.134317338466644287e-01
8.158198595046997070e-01 5.641857534646987915e-02
6.376438140869140625e-01 1.755682080984115601e-01
1.823204159736633301e-01 7.556068301200866699e-01
6.365479826927185059e-01 6.560637950897216797e-01
9.821728467941284180e-01 3.589751422405242920e-01
3.760805428028106689e-01 5.743508934974670410e-01
7.153990119695663452e-02 7.715705782175064087e-02
2.215269207954406738e-01 1.529354900121688843e-01
5.983672738075256348e-01 5.487407445907592773e-01
4.199905991554260254e-01 2.645684480667114258e-01
3.207435905933380127e-01 3.816557824611663818e-01
4.360942244529724121e-01 3.188946098089218140e-02
1.658967435359954834e-01 1.971671581268310547e-01
5.671479105949401855e-01 3.834392726421356201e-01
6.785039305686950684e-01 5.930173676460981369e-03
9.969280958175659180e-01 7.225672602653503418e-01
3.408181294798851013e-02 7.982723712921142578e-01
8.283236026763916016e-01 8.530070185661315918e-01
6.274334788322448730e-01 9.821439161896705627e-03
3.147990405559539795e-01 3.607183322310447693e-02
8.856930732727050781e-01 3.279372155666351318e-01
6.533229351043701172e-01 3.911272287368774414e-01
2.002924084663391113e-01 5.435643196105957031e-01
6.222449541091918945e-01 4.447753131389617920e-01
4.822779595851898193e-01 2.396721839904785156e-01
1.202230975031852722e-01 3.122746944427490234e-01
3.559812605381011963e-01 1.457239240407943726e-01
8.846285939216613770e-02 9.068287611007690430e-01
4.652483463287353516e-01 6.150305643677711487e-02
5.943114161491394043e-01 9.519279599189758301e-01
4.348060488700866699e-01 4.144158661365509033e-01
6.439833641052246094e-01 8.620382547378540039e-01
5.599344372749328613e-01 5.591688156127929688e-01
7.705503106117248535e-01 7.896376848220825195e-01
6.038849353790283203e-01 4.258701801300048828e-01
1.901275813579559326e-01 3.024048805236816406e-01
6.514203548431396484e-01 9.803978204727172852e-01
5.063062310218811035e-01 1.976222991943359375e-01
2.067480832338333130e-01 9.814099967479705811e-02
9.661973714828491211e-01 8.033820390701293945e-01
1.609142869710922241e-01 4.042752087116241455e-01
6.253021955490112305e-01 2.696705162525177002e-01
6.449483036994934082e-01 3.188799917697906494e-01
6.377883553504943848e-01 7.147505283355712891e-01
3.745509982109069824e-01 5.260061100125312805e-02
3.607950806617736816e-01 4.700779020786285400e-01
9.788351058959960938e-01 8.196855187416076660e-01
8.475313782691955566e-01 1.113376840949058533e-01
5.682672858238220215e-01 3.628421127796173096e-01
8.067166209220886230e-01 5.091561675071716309e-01
8.047812581062316895e-01 8.765652179718017578e-01
4.256418943405151367e-01 2.255039364099502563e-01
8.488126397132873535e-01 4.467537105083465576e-01
6.961476802825927734e-01 1.640409976243972778e-01
3.814155161380767822e-01 5.208451151847839355e-01
4.335666000843048096e-01 1.824947446584701538e-01
7.695641517639160156e-01 3.222291171550750732e-01
4.106626808643341064e-01 2.767573297023773193e-01
6.614453792572021484e-01 8.889690786600112915e-02
6.905601173639297485e-02 8.798532932996749878e-02
8.806661963462829590e-01 4.655660986900329590e-01
5.772656202316284180e-01 1.769143640995025635e-01
5.528366565704345703e-01 2.003227323293685913e-01
3.416495323181152344e-01 3.713297471404075623e-02
7.758419513702392578e-01 1.033626943826675415e-01
1.867393851280212402e-01 1.582233607769012451e-01
9.460920095443725586e-01 9.042605757713317871e-01
7.232803702354431152e-01 5.601554512977600098e-01
9.923282265663146973e-01 4.728397727012634277e-01
7.415777444839477539e-01 2.180373668670654297e-01
8.663755059242248535e-01 7.388815283775329590e-01
5.091722607612609863e-01 4.160805344581604004e-01
7.305430620908737183e-02 6.882456541061401367e-01
4.033546149730682373e-01 5.364271402359008789e-01
4.391281008720397949e-01 2.156535387039184570e-01
3.380214795470237732e-02 5.810784697532653809e-01
5.388711020350456238e-02 4.205736517906188965e-01
8.233888745307922363e-01 8.223645091056823730e-01
1.503483057022094727e-01 9.938839077949523926e-02
2.637616097927093506e-01 6.336250901222229004e-01
1.377851366996765137e-01 5.364611148834228516e-01
5.756091475486755371e-01 4.152903854846954346e-01
7.464238405227661133e-01 7.170361280441284180e-01
8.030656576156616211e-01 5.126010775566101074e-01
8.058370947837829590e-01 9.414737224578857422e-01
4.928293228149414062e-01 6.213679909706115723e-01
3.321405053138732910e-01 8.127104043960571289e-01
7.215809822082519531e-01 3.743691742420196533e-01
3.588719069957733154e-01 6.120644211769104004e-01
9.848891496658325195e-01 8.993009328842163086e-01
9.124249815940856934e-01 7.360686063766479492e-01
7.022591233253479004e-01 9.970866143703460693e-02
7.157036066055297852e-01 7.568229455500841141e-03
7.334336638450622559e-01 9.147986769676208496e-01
6.897632479667663574e-01 1.868008077144622803e-01
9.656609892845153809e-01 5.775598883628845215e-01
1.108842939138412476e-01 5.877444744110107422e-01
5.633560419082641602e-01 8.300301432609558105e-01
8.000761270523071289e-01 8.333875536918640137e-01
7.708711624145507812e-01 3.592687472701072693e-02
4.665122181177139282e-02 9.565373063087463379e-01
7.989910244941711426e-01 8.429303765296936035e-01
4.589240849018096924e-01 9.795655012130737305e-01
4.564434885978698730e-01 6.779272109270095825e-02
2.876032888889312744e-01 6.325325965881347656e-01
5.496869683265686035e-01 4.469473063945770264e-01
2.532733082771301270e-01 4.632202684879302979e-01
7.961291670799255371e-01 8.621159195899963379e-01
4.717215001583099365e-01 7.419867813587188721e-02
8.080242872238159180e-01 1.085632592439651489e-01
9.769364595413208008e-01 5.413339734077453613e-01
5.944688916206359863e-01 3.793517649173736572e-01
4.821797013282775879e-01 9.563705921173095703e-01
3.463456407189369202e-02 8.505986332893371582e-01
3.899634778499603271e-01 7.090833187103271484e-01
9.612580537796020508e-01 2.192622870206832886e-01
6.552079319953918457e-01 7.609019875526428223e-01
2.026181668043136597e-01 6.744768023490905762e-01
2.422283440828323364e-01 4.754802584648132324e-01
2.005673944950103760e-02 3.624523878097534180e-01
2.580038607120513916e-01 2.013854235410690308e-01
2.999042570590972900e-01 2.072136551141738892e-01
7.334748506546020508e-01 7.505551576614379883e-01
8.330690860748291016e-01 7.143935561180114746e-01
5.806121826171875000e-01 5.693078041076660156e-01
4.677120745182037354e-01 3.633513152599334717e-01
5.332986116409301758e-01 9.134486317634582520e-01
2.848347425460815430e-01 5.066550374031066895e-01
1.322896182537078857e-01 6.339757442474365234e-01
4.962763786315917969e-01 1.803267188370227814e-02
9.041154980659484863e-01 3.497379422187805176e-01
1.862032711505889893e-02 1.186039298772811890e-01
9.666359424591064453e-01 1.567784994840621948e-01
9.431474804878234863e-01 3.351987600326538086e-01
5.996220707893371582e-01 2.416081875562667847e-01
8.085871934890747070e-01 9.265673160552978516e-01
6.348699927330017090e-01 4.694952070713043213e-01
6.985301375389099121e-01 4.638181626796722412e-01
7.937694787979125977e-01 2.590156793594360352e-01
8.801568150520324707e-01 7.583631873130798340e-01
1.987669914960861206e-01 1.304693073034286499e-01
2.597753889858722687e-02 5.403333306312561035e-01
1.049211546778678894e-01 4.584403336048126221e-02
1.446800678968429565e-01 4.983049631118774414e-01
3.953434228897094727e-01 8.672253489494323730e-01
2.935918569564819336e-01 9.699607491493225098e-01
4.550648629665374756e-01 3.035442233085632324e-01
1.282260864973068237e-01 4.727596342563629150e-01
4.785206615924835205e-01 5.149008631706237793e-01
5.129814147949218750e-01 9.435409903526306152e-01
3.878982365131378174e-02 8.941698670387268066e-01
1.291685849428176880e-01 5.915912985801696777e-01
5.259796380996704102e-01 6.743915677070617676e-01
3.864094614982604980e-01 4.361448585987091064e-01
9.891121387481689453e-01 4.326038360595703125e-01
9.057558774948120117e-01 2.654768228530883789e-01
1.675594747066497803e-01 4.071766138076782227e-01
9.464502334594726562e-01 7.909637093544006348e-01
2.114899903535842896e-01 5.237271785736083984e-01
9.086111187934875488e-01 4.881140887737274170e-01
7.469326257705688477e-01 8.185505270957946777e-01
4.805829748511314392e-02 7.237254977226257324e-01
1.643165647983551025e-01 4.955824613571166992e-01
6.911975145339965820e-01 7.690393328666687012e-01
9.132812023162841797e-01 8.137083053588867188e-01
7.225876450538635254e-01 9.473059177398681641e-01
2.114548236131668091e-01 5.106379389762878418e-01
6.181573867797851562e-01 5.067508220672607422e-01
5.853452086448669434e-01 3.065511286258697510e-01
2.860255539417266846e-01 3.313144445419311523e-01
2.396756857633590698e-01 9.640737175941467285e-01
2.039726972579956055e-01 8.403512239456176758e-01
1.760155558586120605e-01 4.770242143422365189e-03
9.726048707962036133e-01 6.700981855392456055e-01
2.566502988338470459e-01 5.823078751564025879e-01
4.811867177486419678e-01 4.036367535591125488e-01
2.055897116661071777e-01 3.787251710891723633e-01
1.234939470887184143e-01 6.967009902000427246e-01
3.910911381244659424e-01 8.760125041007995605e-01
8.723114728927612305e-01 4.348162114620208740e-01
5.930517911911010742e-01 2.464026361703872681e-01
1.559306085109710693e-01 2.576443552970886230e-01
8.454518914222717285e-01 3.137555718421936035e-01
8.192275166511535645e-01 4.247045218944549561e-01
5.541525483131408691e-01 3.279251456260681152e-01
5.928521752357482910e-01 9.645175337791442871e-01
3.653086721897125244e-01 6.948705315589904785e-01
1.001285314559936523e-01 9.680511951446533203e-01
4.378100857138633728e-02 3.612836003303527832e-01
8.849328756332397461e-01 5.507673025131225586e-01
7.125544548034667969e-02 6.475609540939331055e-01
7.092172503471374512e-01 5.589698553085327148e-01
4.131267964839935303e-01 2.085694819688796997e-01
6.380978226661682129e-02 5.558838844299316406e-01
4.995937645435333252e-01 1.880435794591903687e-01
3.018407225608825684e-01 2.745561599731445312e-01
6.611839532852172852e-01 8.169869780540466309e-01
9.608623385429382324e-01 5.379081964492797852e-01
9.872274845838546753e-02 3.361453413963317871e-01
1.725749671459197998e-01 2.047725468873977661e-01
8.001421093940734863e-01 9.912924766540527344e-01
3.543559312820434570e-01 6.309812664985656738e-01
4.808610975742340088e-01 1.094585806131362915e-01
6.434560418128967285e-01 2.202742695808410645e-01
8.697687983512878418e-01 3.715914115309715271e-02
4.868015050888061523e-01 5.079788565635681152e-01
5.529708862304687500e-01 5.463073253631591797e-01
2.859667539596557617e-01 7.579821944236755371e-01
7.856277227401733398e-01 8.865395784378051758e-01
5.767967104911804199e-01 7.524889111518859863e-01
6.813865303993225098e-01 5.922406315803527832e-01
3.129343390464782715e-01 2.269938290119171143e-01
5.308128595352172852e-01 2.517175674438476562e-01
2.864174246788024902e-01 9.897288680076599121e-01
7.234884500503540039e-01 9.305962920188903809e-01
3.688485622406005859e-01 8.592533469200134277e-01
4.353502392768859863e-02 3.074175417423248291e-01
1.293132901191711426e-01 4.047111272811889648e-01
9.944308996200561523e-01 3.512718081474304199e-01
7.437416315078735352e-01 2.598759531974792480e-01
9.878427982330322266e-01 2.190693169832229614e-01
5.908910632133483887e-01 6.621761322021484375e-01
2.415135502815246582e-02 3.551173508167266846e-01
1.527663171291351318e-01 2.677757292985916138e-02
7.380867004394531250e-01 4.548174142837524414e-02
3.016257584095001221e-01 5.337172150611877441e-01
2.778225541114807129e-01 2.474363595247268677e-01
8.116763234138488770e-01 6.402726769447326660e-01
1.093964204192161560e-01 3.920353353023529053e-01
8.055747151374816895e-01 8.507941961288452148e-01
3.957507014274597168e-01 2.389922142028808594e-01
7.265059351921081543e-01 1.910400092601776123e-01
7.407949566841125488e-01 2.489006966352462769e-01
8.698393702507019043e-01 1.296123266220092773e-01
3.429806232452392578e-01 1.906343996524810791e-01
5.215063318610191345e-02 6.423237919807434082e-01
2.074505835771560669e-01 4.647992849349975586e-01
5.590666532516479492e-01 1.558057218790054321e-01
2.967326045036315918e-01 7.337979674339294434e-01
9.947293400764465332e-01 7.836076617240905762e-01
9.273386001586914062e-01 9.998450428247451782e-02
9.014234542846679688e-01 9.706826210021972656e-01
4.417338371276855469e-01 3.463436961174011230e-01
4.106895327568054199e-01 1.231325864791870117e-01
3.750318288803100586e-01 3.842818439006805420e-01
8.048977851867675781e-01 4.998434782028198242e-01
3.270804584026336670e-01 1.838854253292083740e-01
5.558289885520935059e-01 1.708594411611557007e-01
2.291300743818283081e-01 2.843128442764282227e-01
6.590080857276916504e-01 1.071605682373046875e-01
2.779492437839508057e-01 2.071182727813720703e-01
1.309064030647277832e-01 7.569439411163330078e-01
4.776364266872406006e-01 5.161562561988830566e-01
8.685508966445922852e-01 1.489270180463790894e-01
1.854163259267807007e-01 1.134297847747802734e-01
7.661754488945007324e-01 5.706990361213684082e-01
5.929333567619323730e-01 8.994470238685607910e-01
3.540418148040771484e-01 3.279191255569458008e-01
4.409768879413604736e-01 5.040613412857055664e-01
5.044006109237670898e-01 7.966167926788330078e-01
5.004954934120178223e-01 4.189202189445495605e-01
8.838301301002502441e-01 8.416026830673217773e-01
6.505865454673767090e-01 4.165289998054504395e-01
4.792383611202239990e-01 8.827079534530639648e-01
8.508276939392089844e-01 4.666760265827178955e-01
5.695455074310302734e-01 8.314604163169860840e-01
1.998022943735122681e-01 6.239898800849914551e-01
2.036036998033523560e-01 5.144600272178649902e-01
3.308054804801940918e-01 7.676503062248229980e-01
2.814812660217285156e-01 6.807361543178558350e-02
7.514302134513854980e-01 6.092345118522644043e-01
3.529621064662933350e-01 3.876304328441619873e-01
8.074464201927185059e-01 9.200375080108642578e-01
5.979200601577758789e-01 2.774064242839813232e-01
7.910214662551879883e-01 6.224748492240905762e-01
7.103306651115417480e-01 1.760002672672271729e-01
3.749492466449737549e-01 2.693341486155986786e-02
5.980523824691772461e-01 3.905665129423141479e-02
5.394842028617858887e-01 7.649604082107543945e-01
7.687463760375976562e-01 2.886815369129180908e-01
9.051729440689086914e-01 9.916288405656814575e-02
4.909697473049163818e-01 8.852783441543579102e-01
6.752023100852966309e-01 5.891511440277099609e-01
3.927591145038604736e-01 1.548001915216445923e-01
9.821822643280029297e-01 7.127768397331237793e-01
9.032167792320251465e-01 1.323098540306091309e-01
7.047230601310729980e-01 1.219492033123970032e-01
2.949772477149963379e-01 5.751142501831054688e-01
5.093285441398620605e-01 5.048332214355468750e-01
2.499148398637771606e-01 6.078812479972839355e-01
6.796965599060058594e-01 8.598310351371765137e-01
1.884290724992752075e-01 4.822726547718048096e-01
8.200860023498535156e-01 9.104871153831481934e-01
7.462204694747924805e-01 4.424937665462493896e-01
8.872954249382019043e-01 3.424345850944519043e-01
7.423570156097412109e-01 7.602983117103576660e-01
4.195009171962738037e-01 6.537277698516845703e-01
8.047529458999633789e-01 5.474527552723884583e-02
8.326435089111328125e-02 4.954852163791656494e-01
8.605700731277465820e-01 4.164442121982574463e-01
5.381176471710205078e-01 1.687860786914825439e-01
4.725649058818817139e-01 7.242909669876098633e-01
1.750049442052841187e-01 2.877210080623626709e-01
6.259371042251586914e-01 5.272828340530395508e-01
7.582880854606628418e-01 9.147383570671081543e-01
3.456356227397918701e-01 7.922177910804748535e-01
2.237287461757659912e-01 4.245245754718780518e-01
5.580112338066101074e-01 2.977977320551872253e-02
5.563291311264038086e-01 2.104694694280624390e-01
1.287751346826553345e-01 7.243463397026062012e-01
3.969348594546318054e-02 7.946895956993103027e-01
6.065208911895751953e-01 4.487080499529838562e-02
9.499771595001220703e-01 6.086354851722717285e-01
8.836864233016967773e-01 4.250994324684143066e-01
8.490750193595886230e-01 4.685155153274536133e-01
8.867489695549011230e-01 8.669876456260681152e-01
8.984994888305664062e-01 8.035085797309875488e-01
3.268045186996459961e-02 5.960996150970458984e-01
5.996763706207275391e-01 5.791587382555007935e-02
1.932884007692337036e-01 6.291668415069580078e-01
8.938357830047607422e-01 9.817655086517333984e-01
2.506624162197113037e-01 8.844956755638122559e-01
1.968422532081604004e-01 3.939663767814636230e-01
9.086831808090209961e-01 2.888308167457580566e-01
5.092365145683288574e-01 1.798659712076187134e-01
1.363478451967239380e-01 9.502980113029479980e-01
6.506147384643554688e-01 6.668044924736022949e-01
5.525295138359069824e-01 5.690000057220458984e-01
6.361841559410095215e-01 9.331796169281005859e-01
4.345991313457489014e-01 6.850897669792175293e-01
6.611215472221374512e-01 1.961948573589324951e-01
5.837941765785217285e-01 2.226106673479080200e-01
8.578842282295227051e-01 2.204352170228958130e-01
4.409021139144897461e-01 1.110865175724029541e-01
4.201550185680389404e-01 8.695190548896789551e-01
3.767523169517517090e-01 2.412726581096649170e-01
1.042932197451591492e-01 4.849808514118194580e-01
5.235332846641540527e-01 9.810367822647094727e-01
1.152178496122360229e-01 4.481817781925201416e-01
9.908759593963623047e-01 7.976505160331726074e-01
4.575599133968353271e-01 7.204299569129943848e-01
8.746202588081359863e-01 2.809814512729644775e-01
4.120776951313018799e-01 2.409572452306747437e-01
6.219858303666114807e-02 2.028986811637878418e-01
7.163660526275634766e-01 6.682366728782653809e-01
6.207954883575439453e-01 5.592352747917175293e-01
9.666795730590820312e-01 8.879382610321044922e-01
8.305504322052001953e-01 7.611666321754455566e-01
1.156692206859588623e-01 5.782989859580993652e-01
2.388509660959243774e-01 4.521008729934692383e-01
8.092375993728637695e-01 5.513632893562316895e-01
2.470595985651016235e-01 2.514974772930145264e-01
5.740294456481933594e-01 2.302537262439727783e-01
3.986986353993415833e-02 6.663419604301452637e-01
6.442383527755737305e-01 1.522120274603366852e-02
8.143368959426879883e-01 6.784464120864868164e-01
9.184116870164871216e-02 7.262934446334838867e-01
4.502183198928833008e-01 8.536872267723083496e-01
1.391161382198333740e-01 9.868668913841247559e-01
1.464658081531524658e-01 9.888809919357299805e-01
7.864310145378112793e-01 9.568142890930175781e-01
4.403414428234100342e-01 5.778443813323974609e-02
3.086498975753784180e-01 1.505516320466995239e-01
9.367535114288330078e-01 2.836939692497253418e-01
2.390078306198120117e-01 5.770669579505920410e-01
5.492625236511230469e-01 5.640125870704650879e-01
1.694507151842117310e-01 4.721214473247528076e-01
6.693573594093322754e-01 5.271860361099243164e-01
7.776419520378112793e-01 3.319722712039947510e-01
6.086065173149108887e-01 5.903862118721008301e-01
6.837856769561767578e-02 6.042125821113586426e-01
1.727870851755142212e-01 6.716868281364440918e-01
3.185459375381469727e-01 6.552200317382812500e-01
5.968496799468994141e-01 9.077892899513244629e-01
9.923827052116394043e-01 7.545149326324462891e-01
4.588619470596313477e-01 2.046418935060501099e-01
9.686994552612304688e-01 9.938644170761108398e-01
1.801251471042633057e-01 7.241637110710144043e-01
3.813433349132537842e-01 6.361396908760070801e-01
5.545755624771118164e-01 3.516006767749786377e-01
2.444065213203430176e-01 6.872154474258422852e-01
7.896829843521118164e-01 5.973318219184875488e-01
5.963097140192985535e-02 3.460169136524200439e-01
4.617457985877990723e-01 5.831951498985290527e-01
7.271533012390136719e-01 4.149418473243713379e-01
3.330602049827575684e-01 1.946151405572891235e-01
8.649090528488159180e-01 1.890978962182998657e-01
3.158300369977951050e-02 3.796264827251434326e-01
2.547568678855895996e-01 1.733453720808029175e-01
5.232007503509521484e-01 1.611893028020858765e-01
2.870076298713684082e-01 3.040976226329803467e-01
6.506652235984802246e-01 4.095010757446289062e-01
9.541901350021362305e-01 2.112995386123657227e-01
8.259885311126708984e-01 8.348322510719299316e-01
8.843848109245300293e-01 4.926919043064117432e-01
8.394416570663452148e-01 3.942786157131195068e-01
3.688810765743255615e-01 5.148829817771911621e-01
2.472386807203292847e-01 6.746947765350341797e-01
6.469686627388000488e-01 4.709230363368988037e-01
4.201755225658416748e-01 5.142753720283508301e-01
6.070885658264160156e-01 1.105541363358497620e-01
5.232764035463333130e-02 6.499184370040893555e-01
5.634536147117614746e-01 3.027627468109130859e-01
4.954905807971954346e-01 4.111447632312774658e-01
1.117010638117790222e-01 4.538077414035797119e-01
2.412733584642410278e-01 7.519991993904113770e-01
4.667760729789733887e-01 4.232565462589263916e-01
8.215951174497604370e-02 7.889610528945922852e-01
3.998479843139648438e-01 8.742814511060714722e-02
1.480796933174133301e-01 5.771083831787109375e-01
2.081666737794876099e-01 8.565471768379211426e-01
5.852954983711242676e-01 6.716628372669219971e-02
4.312396347522735596e-01 9.413068890571594238e-01
3.098618984222412109e-01 2.610283493995666504e-01
1.754745095968246460e-01 4.573828577995300293e-01
7.013604044914245605e-01 9.860679507255554199e-01
9.433737397193908691e-02 1.017984300851821899e-01
3.319924473762512207e-01 6.249949932098388672e-01
4.964999258518218994e-01 7.837144136428833008e-01
2.078028768301010132e-01 1.329362392425537109e-01
7.417016625404357910e-01 2.671285904943943024e-02
4.910710453987121582e-01 5.692144036293029785e-01
9.056087136268615723e-01 4.873533844947814941e-01
3.077633082866668701e-01 3.282743990421295166e-01
