9.073319435119628906e-01 5.683521032333374023e-01
9.814138710498809814e-02 3.149669468402862549e-01
3.105356991291046143e-01 1.353353708982467651e-01
5.550190210342407227e-01 1.572835743427276611e-01
7.198406457901000977e-01 4.524302482604980469e-01
6.185476183891296387e-01 7.279756069183349609e-01
9.452486634254455566e-01 9.775019884109497070e-01
3.131179213523864746e-01 7.349584698677062988e-01
3.979915380477905273e-02 7.943998575210571289e-01
9.946034550666809082e-01 3.663053810596466064e-01
4.086424112319946289e-01 3.625622764229774475e-02
8.651480078697204590e-01 2.784475386142730713e-01
7.228739857673645020e-01 6.334142088890075684e-01
5.668128132820129395e-01 2.424746155738830566e-01
5.273712277412414551e-01 1.980497390031814575e-01
6.325108408927917480e-01 5.738984942436218262e-01
1.608299016952514648e-01 9.810920357704162598e-01
7.195852994918823242e-01 3.912568986415863037e-01
2.308202534914016724e-01 2.675406038761138916e-01
4.322661552578210831e-03 2.297044098377227783e-01
9.209247231483459473e-01 4.580464065074920654e-01
3.677841424942016602e-01 6.284019947052001953e-01
3.469086289405822754e-01 5.900958180427551270e-01
3.311435580253601074e-01 3.433775603771209717e-01
8.135551959276199341e-02 8.436380624771118164e-01
2.353336364030838013e-01 5.810643434524536133e-01
1.794930696487426758e-01 2.836979329586029053e-01
4.307986050844192505e-02 7.542803287506103516e-01
7.135681807994842529e-02 4.209668189287185669e-02
8.384801745414733887e-01 5.862833261489868164e-01
8.649144768714904785e-01 8.408737778663635254e-01
6.479061245918273926e-01 6.306587457656860352e-01
6.202459931373596191e-01 1.770895272493362427e-01
4.285151958465576172e-01 6.613718867301940918e-01
6.048084795475006104e-02 8.822661042213439941e-01
4.929057061672210693e-01 1.878032684326171875e-01
9.759655594825744629e-01 5.746499300003051758e-01
6.819676160812377930e-01 3.305578827857971191e-01
6.744318008422851562e-01 9.558897614479064941e-01
2.487704455852508545e-01 4.796872437000274658e-01
3.102251701056957245e-02 9.949700236320495605e-01
3.418492674827575684e-01 6.765304803848266602e-01
7.801548838615417480e-01 8.768235445022583008e-01
2.519657015800476074e-01 8.752047419548034668e-01
4.016239941120147705e-01 2.323564141988754272e-01
6.318780779838562012e-01 6.561107635498046875e-01
7.578800320625305176e-01 9.082207828760147095e-02
3.699167072772979736e-01 5.455034971237182617e-01
6.723612546920776367e-01 7.396791577339172363e-01
5.435016155242919922e-01 7.801445126533508301e-01
7.320659160614013672e-01 1.666066646575927734e-01
9.466458559036254883e-01 3.801770806312561035e-01
5.908900499343872070e-01 5.669403076171875000e-01
3.278447091579437256e-01 7.427357435226440430e-01
5.290069580078125000e-01 1.857051998376846313e-01
3.908076882362365723e-01 2.961576282978057861e-01
8.327757716178894043e-01 6.158540025353431702e-03
8.428189158439636230e-01 9.501492977142333984e-01
3.970896899700164795e-01 4.211883544921875000e-01
9.197423458099365234e-01 3.433731198310852051e-01
8.069815635681152344e-01 9.316033720970153809e-01
3.280620872974395752e-01 4.122632741928100586e-01
3.260706961154937744e-01 4.744188189506530762e-01
4.689482748508453369e-01 3.345575630664825439e-01
6.105324625968933105e-01 3.602657020092010498e-01
9.898705482482910156e-01 3.511557821184396744e-03
7.945346236228942871e-01 2.515475153923034668e-01
1.958382278680801392e-01 9.501586556434631348e-01
2.120969444513320923e-01 4.302544295787811279e-01
4.922369122505187988e-02 8.956573009490966797e-01
2.696819007396697998e-01 7.298930883407592773e-01
3.674342334270477295e-01 8.758637309074401855e-01
5.744794011116027832e-01 6.524632573127746582e-01
8.874543309211730957e-01 2.650038003921508789e-01
6.776295304298400879e-01 2.714696824550628662e-01
2.142378687858581543e-01 2.454146742820739746e-01
3.290388286113739014e-01 8.402057737112045288e-02
5.183691382408142090e-01 8.347088098526000977e-01
5.886794328689575195e-01 2.238426804542541504e-01
8.159204721450805664e-01 6.013401746749877930e-01
8.406984806060791016e-01 5.155680775642395020e-01
6.388568282127380371e-01 6.285589337348937988e-01
3.517145514488220215e-01 6.983196139335632324e-01
8.228821754455566406e-01 3.866914510726928711e-01
6.627261638641357422e-02 2.965885959565639496e-02
9.223728179931640625e-01 2.207923382520675659e-01
2.024347186088562012e-01 3.277269005775451660e-01
3.937939405441284180e-01 8.374350070953369141e-01
4.682161808013916016e-01 4.069384336471557617e-01
8.894127011299133301e-01 9.734295606613159180e-01
2.332071028649806976e-02 3.010414838790893555e-01
5.143465995788574219e-01 3.266889452934265137e-01
2.655397057533264160e-01 5.253576859831809998e-02
7.867378592491149902e-01 8.452343344688415527e-01
2.958223521709442139e-01 1.963990479707717896e-01
8.683762550354003906e-01 5.031365752220153809e-01
4.997850954532623291e-01 1.798067241907119751e-02
6.960732340812683105e-01 7.680054306983947754e-01
5.786336660385131836e-01 8.065572977066040039e-01
1.763095855712890625e-01 1.397046148777008057e-01
2.838359177112579346e-01 1.146239638328552246e-01
6.310848593711853027e-01 2.807666063308715820e-01
9.246377348899841309e-01 7.974402904510498047e-01
9.868915677070617676e-01 4.041980206966400146e-01
1.816639304161071777e-01 6.898971796035766602e-01
1.212276890873908997e-01 1.376426070928573608e-01
4.154355525970458984e-01 4.174737930297851562e-01
3.869066387414932251e-02 5.304345861077308655e-02
2.673708833754062653e-02 7.717272639274597168e-01
8.824236392974853516e-01 4.218389689922332764e-01
9.277248382568359375e-01 6.483395695686340332e-01
6.685252785682678223e-01 4.374978244304656982e-01
1.163763925433158875e-01 3.910763263702392578e-01
4.684336483478546143e-01 3.397079557180404663e-02
2.173430621623992920e-01 4.272727966308593750e-01
3.117557168006896973e-01 6.014668941497802734e-01
6.045315861701965332e-01 9.212489128112792969e-01
4.844694137573242188e-01 8.144915699958801270e-01
8.038672208786010742e-01 4.154101908206939697e-01
9.666382074356079102e-01 7.973381876945495605e-01
4.231826588511466980e-02 4.431558549404144287e-01
9.492309093475341797e-01 1.190663427114486694e-01
6.245747208595275879e-02 5.531576275825500488e-01
9.932904839515686035e-01 9.786546230316162109e-01
9.009686708450317383e-01 1.138788759708404541e-01
5.579795241355895996e-01 9.269727468490600586e-01
2.782693803310394287e-01 4.212033152580261230e-01
1.127435564994812012e-01 8.904930353164672852e-01
6.279885768890380859e-01 1.922798603773117065e-01
9.963538646697998047e-01 6.620973944664001465e-01
9.640461802482604980e-01 2.844358384609222412e-01
7.635547518730163574e-01 5.862895250320434570e-01
9.556496143341064453e-01 5.247098207473754883e-01
6.648787856101989746e-01 9.879932999610900879e-01
6.871029734611511230e-01 2.800011336803436279e-01
7.515809535980224609e-01 8.513608574867248535e-01
9.385718107223510742e-01 6.756955385208129883e-01
4.135928452014923096e-01 9.952424168586730957e-01
7.438771724700927734e-01 5.194370150566101074e-01
4.025820493698120117e-01 9.422149658203125000e-01
2.729340195655822754e-01 3.209771215915679932e-01
7.258134484291076660e-01 6.876440048217773438e-01
8.838569521903991699e-01 6.143016219139099121e-01
9.972114562988281250e-01 2.871885299682617188e-01
2.554609477519989014e-01 4.814260900020599365e-01
7.812053561210632324e-01 7.855529189109802246e-01
2.675766646862030029e-01 6.597214937210083008e-01
2.119507044553756714e-01 5.311630964279174805e-01
7.477822899818420410e-01 1.451750546693801880e-01
4.628532826900482178e-01 5.533738136291503906e-01
3.108797967433929443e-01 6.469856500625610352e-01
7.777560353279113770e-01 2.894906401634216309e-01
8.979982733726501465e-01 3.096395432949066162e-01
5.362419784069061279e-02 8.252453207969665527e-01
4.744865596294403076e-01 7.780382633209228516e-01
9.821352362632751465e-01 7.271497249603271484e-01
7.046605944633483887e-01 7.441933155059814453e-01
7.964716553688049316e-01 1.021499633789062500e-01
9.685779809951782227e-01 2.630332112312316895e-01
6.379756331443786621e-01 3.752227127552032471e-01
7.572267055511474609e-01 3.499265313148498535e-01
7.830533385276794434e-01 8.597790598869323730e-01
6.624786257743835449e-01 5.591046214103698730e-01
3.422942757606506348e-02 1.204807590693235397e-02
8.456048965454101562e-01 5.846289992332458496e-01
2.984870374202728271e-01 8.648226261138916016e-01
4.119125306606292725e-01 3.410875797271728516e-01
5.663363337516784668e-01 6.058695316314697266e-01
3.605554103851318359e-01 9.538793563842773438e-01
7.878438234329223633e-01 4.653530418872833252e-01
6.502268910408020020e-01 5.399683713912963867e-01
9.457449316978454590e-01 9.092487692832946777e-01
9.355845302343368530e-02 2.660760879516601562e-01
8.729661703109741211e-01 6.551458239555358887e-01
2.052531242370605469e-01 8.388942480087280273e-01
5.146549940109252930e-01 4.033715426921844482e-01
1.496341545134782791e-02 5.089955925941467285e-01
4.423789381980895996e-01 9.113859534263610840e-01
3.680712878704071045e-01 1.792048066854476929e-01
2.237638831138610840e-01 7.399129867553710938e-01
8.655956983566284180e-01 5.063208341598510742e-01
9.897840619087219238e-01 4.675708115100860596e-01
2.114783525466918945e-01 1.293838322162628174e-01
1.639175415039062500e-02 2.420610785484313965e-01
3.578970432281494141e-01 9.840628504753112793e-01
5.748528242111206055e-01 9.707595109939575195e-01
7.817212939262390137e-01 2.209794819355010986e-01
6.612416505813598633e-01 2.554772049188613892e-02
1.913005113601684570e-01 2.325696051120758057e-01
7.586843799799680710e-03 9.482743740081787109e-01
8.320330977439880371e-01 6.247568130493164062e-01
9.685667157173156738e-01 1.886663585901260376e-01
9.009542465209960938e-01 5.621868968009948730e-01
3.840650320053100586e-01 8.100044131278991699e-01
4.632787704467773438e-01 3.930541276931762695e-01
8.180397748947143555e-01 8.438249230384826660e-01
3.699192106723785400e-01 9.526872634887695312e-02
4.382610619068145752e-01 3.539528548717498779e-01
1.355694830417633057e-01 1.618854552507400513e-01
1.758042275905609131e-01 7.626628279685974121e-01
5.681455135345458984e-01 1.865301281213760376e-01
6.248245239257812500e-01 5.138025879859924316e-01
6.757766008377075195e-01 8.616995811462402344e-01
6.211846321821212769e-02 9.049660563468933105e-01
1.853696107864379883e-01 7.912031412124633789e-01
2.793665975332260132e-02 7.589030265808105469e-01
1.878577470779418945e-01 6.073505878448486328e-01
8.364474177360534668e-01 8.174322247505187988e-01
9.215636849403381348e-01 8.202744722366333008e-01
7.201217412948608398e-01 7.288569808006286621e-01
8.903865516185760498e-02 9.546459913253784180e-01
8.951467871665954590e-01 1.435969322919845581e-01
3.259868919849395752e-02 5.529081821441650391e-01
1.783695518970489502e-01 6.405690908432006836e-01
1.091938614845275879e-01 2.852007150650024414e-01
4.647205770015716553e-01 6.499091982841491699e-01
2.641988098621368408e-01 9.358684420585632324e-01
6.509278416633605957e-01 6.852702498435974121e-01
6.537567973136901855e-01 2.961153984069824219e-01
7.287393808364868164e-01 9.621183872222900391e-01
7.685682773590087891e-01 4.394887983798980713e-01
1.715380847454071045e-01 8.894590735435485840e-01
3.371502757072448730e-01 9.702989459037780762e-01
5.690733194351196289e-01 5.657628178596496582e-01
3.320800140500068665e-02 4.905658364295959473e-01
6.481234729290008545e-02 5.837278366088867188e-01
5.614509582519531250e-01 7.289671301841735840e-01
3.016518056392669678e-01 9.245757460594177246e-01
7.511830329895019531e-01 7.915992736816406250e-01
3.869313001632690430e-01 5.086539387702941895e-01
9.334380030632019043e-01 6.798086315393447876e-02
7.802792191505432129e-01 6.954455971717834473e-01
9.665807485580444336e-01 9.174866676330566406e-01
5.233165621757507324e-01 4.433265924453735352e-01
5.194309949874877930e-01 9.403815865516662598e-01
6.011534333229064941e-01 2.890028953552246094e-01
7.114900350570678711e-01 9.522746801376342773e-01
5.741232633590698242e-01 1.249781772494316101e-01
4.188515990972518921e-02 8.782665729522705078e-01
8.492694497108459473e-01 5.697033405303955078e-01
5.688743591308593750e-01 6.868628263473510742e-01
4.844471812248229980e-01 4.420189261436462402e-01
6.693662405014038086e-01 2.513740658760070801e-01
7.280325051397085190e-03 8.912376761436462402e-01
3.881390988826751709e-01 1.848395727574825287e-02
4.112005829811096191e-01 9.182080626487731934e-01
4.734467864036560059e-01 3.847229480743408203e-01
1.410446465015411377e-01 5.337300896644592285e-02
9.915211200714111328e-01 3.408074975013732910e-01
4.491973221302032471e-01 6.658224463462829590e-01
4.260552227497100830e-01 1.965098083019256592e-01
5.426474213600158691e-01 6.211221814155578613e-01
5.384079813957214355e-01 3.601285815238952637e-01
5.309507846832275391e-01 8.460867404937744141e-01
5.092713832855224609e-01 6.989053487777709961e-01
2.412950843572616577e-01 2.366159856319427490e-01
6.278795003890991211e-01 2.412534356117248535e-01
3.961659073829650879e-01 6.049419045448303223e-01
8.216148614883422852e-01 2.855567932128906250e-01
2.342623621225357056e-01 8.819476962089538574e-01
6.380280852317810059e-02 8.896198272705078125e-01
3.035904094576835632e-02 3.102548420429229736e-01
8.500885963439941406e-01 7.131184637546539307e-02
9.053497910499572754e-01 2.433711439371109009e-01
3.142333328723907471e-01 4.326867759227752686e-01
3.217168152332305908e-01 7.865597009658813477e-01
5.529401302337646484e-01 9.493930339813232422e-01
9.166017174720764160e-02 4.833539724349975586e-01
9.824758768081665039e-01 4.653350412845611572e-01
8.689419627189636230e-01 7.164646983146667480e-01
4.597037285566329956e-02 3.187732994556427002e-01
1.449045240879058838e-01 6.114766001701354980e-01
3.442544043064117432e-01 9.834526181221008301e-01
4.189571738243103027e-02 9.946402907371520996e-02
2.376129627227783203e-01 8.232390880584716797e-01
1.227175816893577576e-01 2.926038503646850586e-01
2.420352101325988770e-01 7.348193526268005371e-01
2.152123749256134033e-01 8.312451243400573730e-01
8.039902150630950928e-02 1.526437252759933472e-01
8.993049263954162598e-01 3.155531883239746094e-01
8.936716318130493164e-01 8.685768246650695801e-01
6.118288040161132812e-01 8.410995602607727051e-01
5.358657836914062500e-01 7.282143831253051758e-01
8.376950621604919434e-01 4.491266012191772461e-01
9.196333587169647217e-03 9.127470850944519043e-01
5.293034315109252930e-01 6.624754071235656738e-01
5.838702321052551270e-01 6.381232738494873047e-01
6.288376450538635254e-01 1.262858659029006958e-01
9.088765382766723633e-01 6.271093487739562988e-01
4.759938716888427734e-01 8.526328802108764648e-01
7.937784194946289062e-01 5.859110951423645020e-01
6.863568425178527832e-01 2.936992049217224121e-01
3.428574800491333008e-01 3.938503563404083252e-01
4.849389493465423584e-01 2.315883934497833252e-01
9.723386764526367188e-01 6.703656315803527832e-01
4.320575296878814697e-01 4.356535971164703369e-01
8.326338529586791992e-01 7.055456638336181641e-01
3.048055171966552734e-01 8.809383511543273926e-01
6.447712779045104980e-01 6.740142107009887695e-01
3.224501907825469971e-01 5.524828433990478516e-01
4.715524017810821533e-01 7.830192446708679199e-01
5.248311534523963928e-02 1.478254050016403198e-01
3.765789568424224854e-01 4.752394556999206543e-01
5.325864553451538086e-01 7.304069995880126953e-01
5.771251767873764038e-02 3.157050013542175293e-01
4.259892106056213379e-01 1.921942085027694702e-01
8.768956065177917480e-01 2.475485652685165405e-01
6.935263872146606445e-01 5.721375346183776855e-01
7.359660267829895020e-01 9.938244223594665527e-01
3.081250488758087158e-01 4.896177947521209717e-01
4.589529037475585938e-01 9.289432168006896973e-01
6.857966780662536621e-01 5.770109891891479492e-01
2.017354369163513184e-01 2.560958564281463623e-01
8.555379509925842285e-01 7.258449196815490723e-01
1.877367682754993439e-02 3.485723733901977539e-01
7.188083529472351074e-01 8.664623498916625977e-01
5.290116369724273682e-02 1.632240861654281616e-01
4.594241380691528320e-01 7.913621068000793457e-01
2.994084656238555908e-01 8.543066382408142090e-01
8.188082575798034668e-01 6.688175797462463379e-01
3.108262419700622559e-01 8.954738825559616089e-02
7.486605644226074219e-01 4.741713106632232666e-01
8.850256204605102539e-01 8.713382482528686523e-01
6.748470664024353027e-01 6.045044660568237305e-01
7.706913948059082031e-01 6.526254415512084961e-01
7.048839330673217773e-01 3.205354809761047363e-01
6.870590150356292725e-02 5.720155835151672363e-01
2.427275031805038452e-01 2.164624929428100586e-01
9.079247117042541504e-01 8.188442587852478027e-01
3.769989907741546631e-01 5.583624243736267090e-01
8.224057555198669434e-01 8.049404025077819824e-01
9.914868474006652832e-01 7.449955940246582031e-01
5.110036730766296387e-01 1.960076093673706055e-01
2.009028196334838867e-01 5.327317118644714355e-01
8.024455904960632324e-01 8.225663900375366211e-01
5.720833539962768555e-01 3.253421783447265625e-01
5.886826515197753906e-01 4.496392235159873962e-02
6.926954984664916992e-01 2.692737877368927002e-01
7.474755644798278809e-01 3.057582974433898926e-01
3.906345367431640625e-01 7.864015698432922363e-01
1.168619543313980103e-01 9.084742665290832520e-01
2.773794718086719513e-02 1.784213781356811523e-01
9.371564388275146484e-01 8.213906884193420410e-01
4.755387306213378906e-01 7.704276442527770996e-01
2.830551564693450928e-01 5.944358110427856445e-01
7.820572257041931152e-01 1.396368741989135742e-01
9.941081404685974121e-01 9.474868178367614746e-01
3.571952283382415771e-01 3.072350323200225830e-01
9.608095884323120117e-01 8.742681741714477539e-01
3.798120617866516113e-01 4.055203497409820557e-01
3.668318688869476318e-02 6.454915404319763184e-01
2.307099550962448120e-01 6.459696888923645020e-01
8.506998419761657715e-01 5.796145200729370117e-01
6.926129460334777832e-01 6.879978179931640625e-01
4.521962702274322510e-01 1.224657334387302399e-02
7.493795156478881836e-01 6.568396091461181641e-01
3.523704409599304199e-01 6.565918326377868652e-01
6.380503177642822266e-01 7.931864261627197266e-01
1.019986197352409363e-01 5.082731693983078003e-02
1.527326852083206177e-01 5.308532714843750000e-01
6.964551210403442383e-01 9.084299206733703613e-01
1.620191186666488647e-01 9.749945402145385742e-01
5.005307123064994812e-02 1.848138421773910522e-01
2.956960797309875488e-01 5.400838851928710938e-01
3.565433919429779053e-01 2.760216891765594482e-01
2.556953430175781250e-01 8.249368667602539062e-01
3.619338572025299072e-01 6.285665035247802734e-01
8.619278669357299805e-01 5.773642286658287048e-02
6.984331607818603516e-01 5.522570610046386719e-01
7.669613696634769440e-03 1.436223983764648438e-01
2.709066271781921387e-01 2.114204317331314087e-01
6.928303241729736328e-01 7.932324409484863281e-01
4.454992413520812988e-01 3.099323213100433350e-01
8.834926486015319824e-01 2.676647901535034180e-01
7.013948559761047363e-01 4.271557554602622986e-02
1.693426668643951416e-01 3.191691339015960693e-01
9.676518440246582031e-01 5.873321890830993652e-01
8.909337520599365234e-01 7.221519351005554199e-01
1.823351383209228516e-01 8.464065790176391602e-01
4.670046865940093994e-01 3.936100602149963379e-01
3.173978999257087708e-02 9.514898657798767090e-01
8.117846846580505371e-01 2.963367104530334473e-01
9.620239734649658203e-01 5.951339006423950195e-01
4.282716810703277588e-01 5.682286620140075684e-01
4.931401312351226807e-01 6.897618770599365234e-01
3.623043596744537354e-01 7.643212080001831055e-01
9.053355455398559570e-01 3.277263343334197998e-01
4.607041776180267334e-01 4.828313589096069336e-01
2.529283165931701660e-01 2.792480774223804474e-02
1.549174189567565918e-01 3.609695238992571831e-03
8.644045591354370117e-01 5.360059738159179688e-01
5.393221974372863770e-01 7.209095358848571777e-01
3.078874945640563965e-01 2.119854241609573364e-01
2.436117380857467651e-01 5.313215851783752441e-01
1.025383397936820984e-01 1.743309944868087769e-01
5.067874789237976074e-01 4.344492554664611816e-01
1.661915518343448639e-02 1.245722696185112000e-01
1.330793946981430054e-01 7.872037887573242188e-01
9.049794077873229980e-01 7.215455174446105957e-01
3.831716999411582947e-02 4.235520958900451660e-01
4.614763259887695312e-01 9.609351754188537598e-01
3.109639585018157959e-01 7.580581307411193848e-01
3.956537246704101562e-01 7.402938008308410645e-01
9.042433500289916992e-01 5.521063208580017090e-01
2.299329191446304321e-01 6.380169987678527832e-01
7.287099957466125488e-01 6.648262739181518555e-01
5.211856961250305176e-01 6.968614459037780762e-01
1.529418746940791607e-03 7.933916449546813965e-01
1.997022628784179688e-01 4.276387095451354980e-01
8.464149236679077148e-01 7.026093006134033203e-01
8.044756203889846802e-02 6.724092960357666016e-01
4.612159430980682373e-01 6.679591536521911621e-01
6.147536039352416992e-01 7.180824875831604004e-01
2.969397902488708496e-01 1.326404362916946411e-01
9.563742876052856445e-01 8.101763129234313965e-01
6.539621972478926182e-04 5.741200447082519531e-01
5.621159076690673828e-01 7.686707377433776855e-01
5.096194744110107422e-01 6.882717013359069824e-01
6.042899489402770996e-01 5.920386314392089844e-01
4.636441171169281006e-01 4.165009260177612305e-01
2.426204830408096313e-01 3.919588327407836914e-01
3.651220798492431641e-01 7.150670886039733887e-01
7.591690421104431152e-01 7.051358222961425781e-01
2.278613597154617310e-01 9.431002140045166016e-01
9.861682057380676270e-01 8.527810573577880859e-01
4.261478185653686523e-01 9.847863316535949707e-01
9.098331928253173828e-01 9.405214190483093262e-01
8.173038959503173828e-01 3.862594068050384521e-01
4.139271378517150879e-02 9.203891158103942871e-01
4.784774780273437500e-01 5.911734104156494141e-01
1.344268321990966797e-01 5.973848700523376465e-01
7.892674803733825684e-01 4.094624146819114685e-02
4.048290848731994629e-02 3.932687044143676758e-01
6.359543204307556152e-01 4.485382735729217529e-01
3.483024537563323975e-01 5.346643924713134766e-01
6.830659508705139160e-01 7.056890130043029785e-01
6.508033871650695801e-01 1.210874468088150024e-01
4.406700432300567627e-01 8.094688653945922852e-01
6.465227007865905762e-01 7.557179331779479980e-01
5.953653454780578613e-01 6.362136006355285645e-01
7.794390916824340820e-01 6.337771415710449219e-01
4.831427633762359619e-01 4.129677712917327881e-01
6.417874693870544434e-01 8.747575879096984863e-01
5.971288681030273438e-01 5.759812593460083008e-01
7.485477924346923828e-01 8.255403041839599609e-01
6.309401988983154297e-01 5.196733474731445312e-01
2.639159262180328369e-01 3.112714923918247223e-02
9.098518490791320801e-01 6.798560619354248047e-01
8.421040177345275879e-01 9.939239174127578735e-02
7.895099520683288574e-01 7.814467549324035645e-01
6.570724248886108398e-01 2.565359175205230713e-01
2.443826049566268921e-01 4.999904632568359375e-01
6.273168325424194336e-01 9.399000406265258789e-01
8.633404374122619629e-01 6.126604080200195312e-01
9.272612929344177246e-01 6.201333403587341309e-01
2.180647291243076324e-02 5.031619071960449219e-01
7.589003443717956543e-01 8.636936545372009277e-01
6.203349828720092773e-01 3.445457816123962402e-01
9.812647104263305664e-01 5.263445377349853516e-01
5.227285623550415039e-01 6.662956476211547852e-01
6.990799903869628906e-01 6.486136317253112793e-01
8.947145193815231323e-02 2.496519237756729126e-01
5.242454409599304199e-01 4.013778567314147949e-01
6.412864327430725098e-01 6.770355105400085449e-01
5.665937438607215881e-02 8.796923607587814331e-02
7.414289116859436035e-01 9.271250367164611816e-01
7.869427204132080078e-01 2.248121984302997589e-02
8.325177431106567383e-01 9.007879495620727539e-01
1.686056554317474365e-01 7.972095012664794922e-01
7.990022301673889160e-01 1.009801030158996582e-01
7.748608589172363281e-01 6.812446713447570801e-01
5.457924604415893555e-01 7.902044057846069336e-01
9.697964787483215332e-01 7.564142346382141113e-01
9.494251608848571777e-01 8.166983723640441895e-01
7.590850591659545898e-01 1.145750209689140320e-01
4.926089942455291748e-01 5.324427485466003418e-01
3.673072159290313721e-01 8.173137903213500977e-01
2.719365358352661133e-01 7.348226904869079590e-01
7.955430746078491211e-01 3.244611620903015137e-01
2.401254028081893921e-01 3.718541264533996582e-01
4.575533270835876465e-01 1.474515199661254883e-01
1.302020251750946045e-01 8.266625404357910156e-01
1.654071807861328125e-01 5.409913659095764160e-01
3.094191551208496094e-01 6.875901222229003906e-01
1.392214372754096985e-02 5.174654126167297363e-01
5.066198110580444336e-01 5.799449086189270020e-01
8.163660764694213867e-01 4.510045647621154785e-01
2.870836481451988220e-02 4.449100494384765625e-01
7.148905992507934570e-01 9.442996978759765625e-01
3.331672251224517822e-01 5.261352062225341797e-01
4.535014033317565918e-01 7.829676866531372070e-01
7.267829775810241699e-01 8.591360449790954590e-01
3.284206986427307129e-01 2.608887152746319771e-03
1.991194784641265869e-01 8.988580107688903809e-01
6.431428194046020508e-01 5.271862149238586426e-01
7.331650853157043457e-01 6.333901882171630859e-01
4.713913202285766602e-01 8.129715323448181152e-01
6.642121672630310059e-01 3.878701627254486084e-01
5.653946995735168457e-01 4.314875900745391846e-01
8.547517061233520508e-01 9.513128399848937988e-01
6.544743180274963379e-01 8.790460824966430664e-01
1.635781526565551758e-01 9.531419873237609863e-01
5.958420634269714355e-01 2.576378285884857178e-01
6.355127096176147461e-01 9.693596959114074707e-01
7.457526326179504395e-01 4.672840535640716553e-01
8.836290240287780762e-01 4.466853141784667969e-01
8.526209592819213867e-01 5.123062804341316223e-02
6.521710157394409180e-01 4.116823375225067139e-01
3.443147242069244385e-01 4.991978108882904053e-01
4.445580542087554932e-01 8.378912210464477539e-01
8.836442232131958008e-02 5.505729094147682190e-02
2.445234358310699463e-01 8.158881664276123047e-01
6.797670386731624603e-03 9.345366805791854858e-02
7.701148092746734619e-02 7.864179611206054688e-01
2.641617357730865479e-01 4.743775129318237305e-01
5.883114337921142578e-01 2.870821356773376465e-01
4.841791093349456787e-01 7.539966106414794922e-01
1.632072404026985168e-02 9.848307371139526367e-01
5.426058769226074219e-01 5.665026307106018066e-01
6.396882534027099609e-01 5.094193220138549805e-01
7.551258206367492676e-01 9.870693683624267578e-01
3.619050681591033936e-01 3.755484521389007568e-01
9.601768851280212402e-01 7.691504359245300293e-01
9.767282009124755859e-01 8.565260171890258789e-01
9.527878165245056152e-01 5.566424131393432617e-01
8.380976319313049316e-01 9.431530237197875977e-01
8.431562781333923340e-01 2.683174610137939453e-01
6.617919802665710449e-01 8.054429292678833008e-01
7.095675468444824219e-01 6.766717433929443359e-01
8.900768160820007324e-01 5.764377117156982422e-01
4.494118988513946533e-01 6.241736412048339844e-01
9.092199057340621948e-02 7.731338739395141602e-01
7.900103926658630371e-01 5.253053307533264160e-01
2.072070837020874023e-01 3.838313519954681396e-01
6.486136913299560547e-01 8.129519820213317871e-01
2.285453528165817261e-01 7.816466689109802246e-01
9.206747412681579590e-01 4.101614002138376236e-03
9.488601684570312500e-01 1.617321670055389404e-01
5.366863608360290527e-01 6.839708089828491211e-01
9.454432725906372070e-01 1.615835577249526978e-01
1.601941138505935669e-01 7.247970700263977051e-01
2.148557156324386597e-01 4.973247945308685303e-01
9.619936347007751465e-02 3.262262046337127686e-01
3.745971620082855225e-01 6.766564249992370605e-01
5.369052886962890625e-01 6.097379922866821289e-01
1.123816967010498047e-01 4.518057703971862793e-01
6.960287690162658691e-01 4.025872424244880676e-02
6.517421603202819824e-01 2.654632329940795898e-01
2.322966307401657104e-01 1.297808140516281128e-01
7.978266477584838867e-01 4.951538145542144775e-01
1.450763046741485596e-01 2.052640765905380249e-01
8.758507370948791504e-01 6.386535167694091797e-01
5.983654260635375977e-01 7.196433544158935547e-01
7.604072093963623047e-01 2.874960601329803467e-01
9.696900248527526855e-01 7.404332160949707031e-01
1.018172353506088257e-01 1.530011594295501709e-01
1.393242478370666504e-01 2.738519906997680664e-01
3.058153986930847168e-01 6.136143803596496582e-01
9.198796153068542480e-01 4.334851503372192383e-01
2.181342691183090210e-01 1.619736105203628540e-01
8.096437901258468628e-02 2.050819545984268188e-01
3.916108310222625732e-01 8.185948729515075684e-01
6.708879470825195312e-01 3.961427807807922363e-01
8.206973671913146973e-01 5.099740028381347656e-01
7.588009834289550781e-01 7.699695229530334473e-01
9.122456312179565430e-01 8.528499305248260498e-02
1.661877781152725220e-01 4.285690188407897949e-01
1.473630815744400024e-01 7.644198834896087646e-02
5.096132159233093262e-01 4.003919064998626709e-01
7.670702934265136719e-01 1.677376963198184967e-02
2.900781929492950439e-01 1.097647845745086670e-01
9.631079435348510742e-01 2.917390502989292145e-02
2.447497993707656860e-01 6.713530421257019043e-01
6.160204112529754639e-02 3.028887212276458740e-01
9.787821173667907715e-01 2.767392396926879883e-01
7.845590710639953613e-01 7.711900472640991211e-01
2.663147449493408203e-01 2.079360187053680420e-01
5.950284600257873535e-01 4.994556009769439697e-01
2.706358022987842560e-02 7.322571277618408203e-01
6.553119421005249023e-01 8.035966008901596069e-02
2.417469918727874756e-01 7.492136955261230469e-01
8.340396285057067871e-01 9.268906116485595703e-01
8.958290219306945801e-01 8.889790177345275879e-01
9.067377448081970215e-01 6.296292543411254883e-01
9.138454794883728027e-01 7.580725103616714478e-02
6.199173927307128906e-01 5.779962539672851562e-01
8.954403400421142578e-01 9.428061246871948242e-01
6.700071692466735840e-01 3.614509403705596924e-01
1.814407110214233398e-01 5.038352608680725098e-01
5.119064822793006897e-02 7.776829004287719727e-01
5.853391289710998535e-01 8.066510558128356934e-01
6.881647706031799316e-01 4.302992820739746094e-01
8.349509239196777344e-01 7.640345692634582520e-01
4.274668172001838684e-02 6.756336092948913574e-01
4.275836944580078125e-01 8.031157851219177246e-01
3.415562212467193604e-01 2.050597518682479858e-01
8.505837917327880859e-01 5.386937856674194336e-01
9.024955034255981445e-01 4.558367133140563965e-01
5.976599454879760742e-01 6.259860396385192871e-01
4.455743730068206787e-01 4.935874938964843750e-01
8.126263022422790527e-01 6.595462560653686523e-01
3.756110072135925293e-01 4.425098001956939697e-01
7.353411912918090820e-01 4.453756511211395264e-01
8.414441943168640137e-01 8.113117814064025879e-01
9.060439467430114746e-01 8.278091549873352051e-01
3.704064786434173584e-01 9.307409524917602539e-01
2.815628945827484131e-01 6.165263056755065918e-01
1.945323050022125244e-01 4.811422526836395264e-01
8.029374480247497559e-01 8.464057445526123047e-01
6.383315324783325195e-01 5.279437303543090820e-01
6.144037246704101562e-01 4.457342922687530518e-01
1.693882048130035400e-01 7.811172604560852051e-01
3.634788691997528076e-01 1.234645545482635498e-01
6.514269709587097168e-01 4.892565906047821045e-01
5.946547389030456543e-01 8.257755637168884277e-02
7.641965746879577637e-01 5.882816314697265625e-01
5.557146668434143066e-01 3.537116050720214844e-01
3.917961418628692627e-01 7.286228537559509277e-01
7.718221098184585571e-02 5.787156820297241211e-01
7.916539311408996582e-01 8.310987353324890137e-01
4.934677854180335999e-04 5.762777924537658691e-01
5.972622036933898926e-01 7.873042672872543335e-02
9.482061862945556641e-01 1.810119897127151489e-01
5.518466830253601074e-01 6.041821241378784180e-01
3.586990833282470703e-01 1.528802961111068726e-01
8.467503190040588379e-01 2.791610956192016602e-01
2.124277055263519287e-01 5.338887572288513184e-01
5.021638870239257812e-01 8.430007100105285645e-01
5.864762663841247559e-01 8.112875223159790039e-01
1.546298116445541382e-01 3.130544424057006836e-01
2.980784475803375244e-01 8.765950798988342285e-01
3.750612735748291016e-01 7.327533364295959473e-01
4.264478385448455811e-01 3.451572060585021973e-01
7.324864864349365234e-01 5.593639239668846130e-02
4.856682717800140381e-01 7.886361479759216309e-01
1.873957663774490356e-01 4.165095686912536621e-01
4.445151090621948242e-01 7.352516651153564453e-01
2.596257328987121582e-01 6.543997526168823242e-01
7.518641948699951172e-01 5.750593543052673340e-01
8.316662162542343140e-03 6.440496444702148438e-01
9.193585515022277832e-01 3.167889714241027832e-01
5.846086740493774414e-01 9.148003458976745605e-01
6.708567738533020020e-01 7.527362108230590820e-01
7.358154281973838806e-03 7.132759094238281250e-01
3.904880881309509277e-01 8.247851133346557617e-01
5.045977234840393066e-01 1.417071558535099030e-02
4.655122458934783936e-01 3.581247925758361816e-01
3.049602806568145752e-01 8.624438941478729248e-02
5.909147858619689941e-01 7.431483864784240723e-01
6.204701662063598633e-01 2.735468745231628418e-01
5.175491571426391602e-01 5.563862156122922897e-03
2.474748492240905762e-01 8.920269608497619629e-01
2.784388065338134766e-01 9.577848315238952637e-01
5.728943943977355957e-01 5.160643458366394043e-01
5.739775896072387695e-01 5.543746352195739746e-01
2.141083925962448120e-01 1.900891773402690887e-02
9.961499571800231934e-01 4.708359017968177795e-02
9.443880319595336914e-01 8.168052434921264648e-01
2.014016211032867432e-01 2.492575049400329590e-01
7.877172231674194336e-01 3.949358165264129639e-01
4.867058098316192627e-01 6.659840345382690430e-01
2.040944062173366547e-02 5.855726003646850586e-01
4.381502270698547363e-01 3.690746426582336426e-01
2.438264340162277222e-01 4.846490919589996338e-01
2.013957202434539795e-01 7.671228051185607910e-02
4.376920461654663086e-01 8.545783758163452148e-01
3.396757841110229492e-01 5.047634840011596680e-01
8.002464175224304199e-01 2.832270264625549316e-01
7.000528573989868164e-01 2.748336642980575562e-02
8.154239058494567871e-01 5.753323435783386230e-01
4.227357357740402222e-02 1.259945780038833618e-01
8.136193752288818359e-01 5.791387557983398438e-01
7.520356774330139160e-01 3.751805722713470459e-01
8.747196793556213379e-01 6.934645175933837891e-01
6.470113396644592285e-01 4.120339155197143555e-01
5.979626625776290894e-02 2.111082971096038818e-01
4.964291155338287354e-01 4.365367591381072998e-01
6.428647637367248535e-01 8.230284452438354492e-01
5.142207145690917969e-01 9.089988470077514648e-01
6.621218323707580566e-01 5.435050725936889648e-01
4.025019705295562744e-01 5.275884270668029785e-01
4.963617920875549316e-01 6.874481439590454102e-01
4.464116692543029785e-01 5.335516929626464844e-01
3.463332056999206543e-01 6.552488207817077637e-01
5.974383950233459473e-01 3.425815403461456299e-01
3.660931810736656189e-02 2.216814607381820679e-01
6.885179877281188965e-01 7.123899459838867188e-01
9.681130051612854004e-01 1.843141205608844757e-02
8.836193084716796875e-01 5.745085477828979492e-01
4.332638382911682129e-01 3.545266985893249512e-01
7.082307934761047363e-01 4.910689890384674072e-01
3.953620791435241699e-02 2.893333137035369873e-01
1.956445574760437012e-01 3.937375545501708984e-02
1.522904783487319946e-01 6.702965497970581055e-01
3.936949670314788818e-01 9.135366678237915039e-01
9.196057319641113281e-01 8.544803857803344727e-01
4.178799986839294434e-01 1.345322281122207642e-01
2.752423286437988281e-01 7.039514183998107910e-01
6.057842373847961426e-01 4.252020716667175293e-01
7.832622528076171875e-02 7.786183953285217285e-01
5.775914192199707031e-01 9.658514261245727539e-01
1.253916472196578979e-01 9.768300652503967285e-01
8.502354472875595093e-02 5.210375189781188965e-01
4.576664268970489502e-01 7.515962123870849609e-01
6.918979883193969727e-01 6.551976799964904785e-01
7.661020159721374512e-01 8.107177913188934326e-02
6.814801692962646484e-01 1.697711497545242310e-01
1.736809313297271729e-01 6.451990008354187012e-01
1.099214032292366028e-01 3.889920711517333984e-01
9.955697655677795410e-01 7.625935673713684082e-01
9.743912816047668457e-01 9.342402219772338867e-02
7.032244801521301270e-01 3.438888490200042725e-01
1.185289546847343445e-01 4.706011414527893066e-01
5.157625302672386169e-02 6.379978358745574951e-02
3.070971965789794922e-01 5.830279588699340820e-01
5.047419071197509766e-01 8.670819997787475586e-01
9.609673619270324707e-01 7.566545009613037109e-01
1.657788828015327454e-02 8.875634074211120605e-01
1.776093840599060059e-01 5.101915001869201660e-01
8.699105978012084961e-01 8.155599236488342285e-01
6.360037326812744141e-01 9.694793224334716797e-01
1.875941008329391479e-01 6.266787648200988770e-01
9.220252931118011475e-02 7.471165060997009277e-01
8.247660398483276367e-01 4.589674472808837891e-01
8.723800778388977051e-01 9.656454324722290039e-01
9.030566811561584473e-01 2.661758288741111755e-02
8.292775154113769531e-01 6.570242047309875488e-01
4.254678785800933838e-01 7.850145101547241211e-01
9.085016846656799316e-01 7.397513389587402344e-01
7.742560505867004395e-01 8.308137059211730957e-01
7.173869013786315918e-01 6.010434031486511230e-01
1.831329464912414551e-01 9.932376146316528320e-01
1.209687739610671997e-01 1.687024533748626709e-01
8.769887685775756836e-01 5.671086311340332031e-01
6.436573863029479980e-01 6.113322973251342773e-01
4.657693207263946533e-02 6.758398413658142090e-01
4.623217582702636719e-01 2.150229513645172119e-01
7.370949387550354004e-01 5.654987692832946777e-01
7.320737838745117188e-01 7.039199769496917725e-02
1.467079818248748779e-01 6.768032312393188477e-01
7.590550184249877930e-02 1.629126071929931641e-01
8.074238300323486328e-01 2.506203651428222656e-01
9.512087106704711914e-01 5.826956629753112793e-01
2.701340615749359131e-01 4.370220601558685303e-01
8.031886219978332520e-01 3.704275488853454590e-01
7.933051139116287231e-02 8.253530263900756836e-01
5.812370181083679199e-01 8.670023679733276367e-01
1.529483497142791748e-01 2.087477892637252808e-01
5.986025929450988770e-01 6.867316365242004395e-01
7.060944437980651855e-01 2.524169087409973145e-01
9.356778264045715332e-01 8.935659527778625488e-01
2.097422629594802856e-01 4.118702709674835205e-01
5.977285504341125488e-01 4.639495015144348145e-01
8.356153964996337891e-01 8.827767372131347656e-01
2.807483263313770294e-02 6.081034541130065918e-01
4.194924235343933105e-01 3.057329058647155762e-01
3.554488345980644226e-02 5.492992997169494629e-01
4.063397645950317383e-01 3.772456347942352295e-01
7.532307505607604980e-01 5.846613049507141113e-01
2.781712114810943604e-01 3.053669035434722900e-01
3.688726946711540222e-02 9.193904995918273926e-01
1.430664658546447754e-01 6.497032642364501953e-01
5.266575813293457031e-01 2.563014030456542969e-01
2.870031893253326416e-01 8.024881482124328613e-01
4.335492551326751709e-01 7.649111151695251465e-01
5.402709841728210449e-01 6.851977109909057617e-01
6.633908748626708984e-01 7.428953051567077637e-01
7.213965654373168945e-01 4.915452301502227783e-01
5.322659611701965332e-01 8.827909827232360840e-01
9.553322196006774902e-01 8.245266079902648926e-01
1.849575340747833252e-01 5.474045872688293457e-01
1.143638640642166138e-01 6.534249782562255859e-01
6.284136772155761719e-01 2.116181850433349609e-01
7.503415346145629883e-01 9.821124076843261719e-01
5.438905954360961914e-01 5.081592202186584473e-01
8.826252222061157227e-01 7.922194153070449829e-02
4.176580011844635010e-01 8.528073430061340332e-01
6.338896155357360840e-01 2.844372093677520752e-01
2.617799043655395508e-01 6.068291068077087402e-01
6.146693229675292969e-01 1.949747353792190552e-01
4.682675600051879883e-01 7.556875348091125488e-01
4.699735641479492188e-01 6.881213188171386719e-01
1.497892439365386963e-01 7.190145850181579590e-01
8.096585869789123535e-01 6.599789857864379883e-01
5.069446563720703125e-01 3.032277524471282959e-01
4.018305242061614990e-02 4.914182424545288086e-01
5.050155520439147949e-01 5.902723222970962524e-02
6.369713693857192993e-02 5.752173662185668945e-01
9.009091258049011230e-01 9.802988767623901367e-01
8.445855975151062012e-01 7.649114727973937988e-01
1.198554262518882751e-01 3.780294954776763916e-01
9.772946238517761230e-01 8.576250672340393066e-01
8.561313152313232422e-01 7.576803117990493774e-02
9.913702607154846191e-01 1.878089830279350281e-02
6.251788139343261719e-01 5.904543399810791016e-01
2.335989177227020264e-01 3.303005099296569824e-01
8.937592506408691406e-01 6.147531867027282715e-01
3.191529810428619385e-01 6.614423394203186035e-01
3.314012885093688965e-01 2.887779176235198975e-01
9.954731464385986328e-01 8.051141500473022461e-01
7.526798546314239502e-02 3.583028018474578857e-01
6.285101771354675293e-01 9.859952330589294434e-01
1.415425539016723633e-01 2.096413671970367432e-01
5.424434542655944824e-01 9.322240948677062988e-01
8.928345632739365101e-04 7.048118114471435547e-01
7.722561359405517578e-01 7.486218810081481934e-01
8.496340513229370117e-01 3.186617195606231689e-01
2.489206090103834867e-04 8.683575689792633057e-02
4.394173324108123779e-01 8.086145520210266113e-01
7.305895686149597168e-01 8.558854460716247559e-01
5.010781288146972656e-01 5.425479412078857422e-01
8.930614590644836426e-01 8.650692105293273926e-01
6.688873767852783203e-01 6.152754426002502441e-01
4.392868578433990479e-01 8.550491333007812500e-01
4.832238703966140747e-02 9.203011542558670044e-02
9.313386082649230957e-01 2.463904395699501038e-02
4.610767066478729248e-01 6.620430946350097656e-01
6.750295758247375488e-01 6.281185746192932129e-01
7.427036762237548828e-01 2.838529944419860840e-01
4.077615141868591309e-01 9.728744626045227051e-01
7.321938872337341309e-01 7.856718897819519043e-01
7.043940424919128418e-01 4.932384490966796875e-01
8.151388168334960938e-01 6.903613805770874023e-01
2.369845360517501831e-01 5.283106565475463867e-01
9.929696321487426758e-01 1.428812835365533829e-02
7.172770500183105469e-01 7.682253122329711914e-01
8.727514147758483887e-01 9.962982535362243652e-01
2.109176963567733765e-01 6.811528801918029785e-01
8.088223934173583984e-01 8.935756087303161621e-01
2.163607478141784668e-01 2.263179868459701538e-01
8.333484530448913574e-01 5.615738630294799805e-01
6.483331918716430664e-01 7.421894073486328125e-01
2.725343108177185059e-01 9.172675609588623047e-01
7.861233353614807129e-01 1.653511375188827515e-01
6.011605858802795410e-01 2.121374011039733887e-01
7.519854307174682617e-01 3.094455972313880920e-02
6.407163739204406738e-01 4.472813308238983154e-01
1.340694725513458252e-01 2.040235549211502075e-01
5.040242671966552734e-01 6.425517797470092773e-01
7.946402430534362793e-01 3.603280335664749146e-02
8.046385645866394043e-01 6.541073918342590332e-01
8.271002173423767090e-01 6.636033654212951660e-01
6.481768488883972168e-01 3.484448790550231934e-02
7.194768786430358887e-01 1.976345032453536987e-01
6.128041148185729980e-01 4.709593653678894043e-01
7.430406808853149414e-01 8.506078720092773438e-01
7.844607830047607422e-01 6.299958229064941406e-01
1.654214709997177124e-01 2.958968281745910645e-01
3.931234180927276611e-01 5.845919251441955566e-01
7.463342547416687012e-01 8.069258928298950195e-02
6.874218583106994629e-01 1.907036155462265015e-01
8.965693712234497070e-01 6.958442330360412598e-01
6.356527209281921387e-01 3.441432416439056396e-01
6.433263421058654785e-01 3.516374528408050537e-01
1.419443637132644653e-01 9.200013875961303711e-01
9.893456101417541504e-01 6.607933640480041504e-01
3.251312971115112305e-01 4.912579953670501709e-01
1.770403385162353516e-01 5.882464051246643066e-01
6.826125979423522949e-01 3.987839221954345703e-01
8.659597039222717285e-01 6.482610106468200684e-01
5.216369777917861938e-02 5.714302062988281250e-01
8.171636462211608887e-01 4.059179723262786865e-01
4.636691510677337646e-01 8.025385737419128418e-01
4.211515486240386963e-01 3.220048546791076660e-01
4.328316152095794678e-01 5.489187240600585938e-01
6.012471914291381836e-01 4.460205435752868652e-01
5.773391723632812500e-01 4.000990092754364014e-01
1.158446595072746277e-01 7.276704907417297363e-02
8.918729424476623535e-01 4.935896396636962891e-01
5.229395348578691483e-03 6.428213715553283691e-01
8.288477692985907197e-05 2.418923676013946533e-01
5.891774892807006836e-01 6.877156496047973633e-01
2.307454589754343033e-03 8.949645757675170898e-01
4.317240715026855469e-01 2.127253413200378418e-01
5.735844373703002930e-02 6.296837925910949707e-01
5.060334205627441406e-01 8.504553437232971191e-01
6.192039251327514648e-01 9.559537172317504883e-01
4.388535618782043457e-01 5.612423419952392578e-01
4.466156959533691406e-01 9.434499777853488922e-03
3.073019087314605713e-01 7.568542361259460449e-01
5.055440068244934082e-01 4.096646904945373535e-01
2.868608832359313965e-01 9.110595583915710449e-01
7.440764904022216797e-01 7.839405536651611328e-01
6.156065464019775391e-01 6.902863979339599609e-01
7.162883877754211426e-01 7.931289076805114746e-01
7.413836717605590820e-01 9.066088199615478516e-01
8.126749992370605469e-01 9.488853812217712402e-01
8.833599686622619629e-01 8.088877201080322266e-01
1.026478931307792664e-01 1.945309042930603027e-01
5.358947515487670898e-01 7.467755079269409180e-01
5.806411504745483398e-01 3.628779351711273193e-01
3.790208995342254639e-01 8.688168525695800781e-01
2.707277536392211914e-01 9.742946922779083252e-02
1.496083587408065796e-01 5.539121031761169434e-01
7.176786661148071289e-01 5.112316608428955078e-01
4.338555335998535156e-01 2.869967222213745117e-01
3.423544168472290039e-01 4.620930254459381104e-01
6.802805066108703613e-01 2.332086712121963501e-01
5.989271998405456543e-01 5.315887331962585449e-01
5.183284878730773926e-01 2.387944310903549194e-01
5.130379199981689453e-01 8.081460595130920410e-01
5.559878349304199219e-01 3.143813908100128174e-01
1.567399799823760986e-01 2.809119522571563721e-01
6.856321096420288086e-01 9.962080717086791992e-01
6.149045228958129883e-01 2.441432774066925049e-01
3.125829994678497314e-01 7.623916268348693848e-01
1.400912106037139893e-01 2.035654038190841675e-01
4.647227823734283447e-01 6.493473649024963379e-01
4.131813347339630127e-01 5.491912961006164551e-01
5.989948511123657227e-01 6.136912703514099121e-01
6.497567892074584961e-02 9.474861621856689453e-01
4.514445364475250244e-02 8.645000457763671875e-01
5.216613411903381348e-01 7.298156023025512695e-01
4.592496752738952637e-01 3.547304570674896240e-01
7.302563786506652832e-01 2.655488550662994385e-01
6.058041453361511230e-01 9.285178780555725098e-01
8.555694818496704102e-01 5.676695108413696289e-01
4.752654731273651123e-01 7.235887050628662109e-01
2.318541407585144043e-01 8.494066447019577026e-02
8.059427738189697266e-01 4.441817998886108398e-01
2.842852473258972168e-02 3.954522311687469482e-02
1.921387612819671631e-01 4.165362566709518433e-02
5.039001256227493286e-02 2.496319413185119629e-01
3.818148672580718994e-01 4.020161330699920654e-01
7.317667603492736816e-01 3.465545549988746643e-02
7.703948616981506348e-01 2.202920466661453247e-01
4.166416823863983154e-01 7.431000471115112305e-01
7.614089548587799072e-02 6.018682718276977539e-01
4.978697001934051514e-01 9.266386628150939941e-01
8.105186223983764648e-01 6.062622070312500000e-01
7.249600291252136230e-01 3.240055739879608154e-01
5.753565430641174316e-01 5.346838831901550293e-01
4.584357440471649170e-01 5.839732289314270020e-01
9.560425877571105957e-01 8.743209242820739746e-01
5.656341910362243652e-01 6.086287498474121094e-01
8.344863355159759521e-02 1.322713494300842285e-01
6.742197871208190918e-01 3.445667624473571777e-01
7.499656081199645996e-01 3.516053855419158936e-01
3.936921656131744385e-01 8.012853264808654785e-01
6.522682905197143555e-01 4.816674590110778809e-01
1.468905359506607056e-01 3.858080804347991943e-01
1.911069750785827637e-01 5.405377745628356934e-01
7.331685423851013184e-01 4.703665971755981445e-01
8.142732381820678711e-01 8.976609110832214355e-01
5.456921458244323730e-01 7.762455344200134277e-01
4.969903826713562012e-01 6.831691861152648926e-01
4.746868014335632324e-01 4.493084251880645752e-01
1.807437688112258911e-01 7.138801813125610352e-01
2.271944731473922729e-01 6.755412369966506958e-02
7.342565655708312988e-01 5.263755917549133301e-01
4.317359030246734619e-01 4.747837185859680176e-01
1.942761614918708801e-02 6.389311552047729492e-01
2.390456646680831909e-01 8.830052018165588379e-01
7.157446146011352539e-01 7.160476446151733398e-01
6.159859523177146912e-02 1.900358870625495911e-02
1.691170632839202881e-01 6.187170743942260742e-01
9.646898508071899414e-01 9.068197607994079590e-01
2.459735125303268433e-01 3.642690479755401611e-01
8.907747864723205566e-01 3.087019026279449463e-01
6.486184597015380859e-01 7.263397425413131714e-02
9.951083660125732422e-01 6.634907126426696777e-01
1.695642024278640747e-01 1.507135927677154541e-01
3.578560650348663330e-01 6.319118738174438477e-01
9.498723149299621582e-01 2.968156933784484863e-01
2.648768015205860138e-02 2.752236127853393555e-01
6.280595660209655762e-01 7.069805264472961426e-01
2.090573161840438843e-01 5.478582978248596191e-01
8.166450858116149902e-01 7.460079193115234375e-01
1.113509684801101685e-01 2.925837039947509766e-01
3.775440752506256104e-01 6.749832630157470703e-01
3.741383254528045654e-01 7.512536644935607910e-01
1.787436902523040771e-01 6.517409682273864746e-01
7.534385323524475098e-01 6.473464369773864746e-01
1.318677514791488647e-01 8.193295001983642578e-01
2.854645550251007080e-01 3.262764215469360352e-01
6.322459578514099121e-01 5.728495121002197266e-01
1.935631781816482544e-01 5.376394391059875488e-01
2.993093430995941162e-01 5.627196431159973145e-01
8.122000098228454590e-01 1.855683475732803345e-01
5.857770889997482300e-02 1.499918103218078613e-01
5.271490216255187988e-01 9.495273232460021973e-01
3.347248435020446777e-01 2.680456042289733887e-01
2.341736704111099243e-01 5.732091069221496582e-01
7.634372711181640625e-01 7.550988793373107910e-01
2.866472303867340088e-01 2.601852416992187500e-01
7.259889245033264160e-01 5.652399063110351562e-01
8.161028027534484863e-01 1.121873185038566589e-01
5.815467238426208496e-01 8.498471379280090332e-01
3.800262510776519775e-01 8.614019155502319336e-01
4.311477541923522949e-01 5.386002659797668457e-01
9.318822026252746582e-01 3.937726914882659912e-01
5.561513304710388184e-01 2.574189305305480957e-01
1.273331344127655029e-01 9.598457813262939453e-01
7.553376555442810059e-01 1.291806101799011230e-01
5.790976285934448242e-01 3.847883343696594238e-01
1.729732155799865723e-01 6.251655220985412598e-01
7.879899144172668457e-01 7.598598003387451172e-01
9.284851551055908203e-01 6.912608742713928223e-01
4.213581681251525879e-01 3.288579583168029785e-01
1.032096818089485168e-01 7.537839412689208984e-01
7.250086665153503418e-01 4.579477310180664062e-01
7.036312222480773926e-01 7.325433492660522461e-01
1.461747139692306519e-01 3.144735097885131836e-01
9.627253562211990356e-02 8.992860317230224609e-01
6.513094305992126465e-01 3.628665506839752197e-01
6.859586238861083984e-01 4.963035583496093750e-01
9.380974173545837402e-01 8.707599043846130371e-01
3.534290939569473267e-02 9.298967719078063965e-01
5.086302757263183594e-01 2.270569056272506714e-01
7.839675545692443848e-01 3.760562241077423096e-01
1.281003654003143311e-01 4.469090402126312256e-01
1.935763955116271973e-01 6.422547698020935059e-01
8.760327696800231934e-01 6.990914344787597656e-01
4.552119672298431396e-01 8.998351097106933594e-01
2.327610254287719727e-01 2.496251463890075684e-01
8.836993575096130371e-01 8.004942536354064941e-02
6.014882922172546387e-01 9.586316347122192383e-01
3.192951679229736328e-01 8.256350755691528320e-01
6.864966154098510742e-01 2.712372243404388428e-01
1.552504301071166992e-01 9.124416708946228027e-01
6.535342335700988770e-01 5.567418336868286133e-01
3.412151336669921875e-01 6.747751832008361816e-01
3.957852125167846680e-01 4.462471008300781250e-01
2.252204269170761108e-01 2.744310498237609863e-01
