7.901872396469116211e-01 3.805552124977111816e-01
9.361955523490905762e-01 1.075125709176063538e-01
8.396276235580444336e-01 1.998694837093353271e-01
7.502540349960327148e-01 9.028782248497009277e-01
3.896031677722930908e-01 3.470214307308197021e-01
1.664181351661682129e-01 1.818343698978424072e-01
3.547246456146240234e-01 7.162849307060241699e-01
6.212950944900512695e-01 1.996425241231918335e-01
2.931910753250122070e-01 6.829527616500854492e-01
4.738908708095550537e-01 5.007623434066772461e-01
1.943673044443130493e-01 7.262346744537353516e-01
9.331408143043518066e-01 7.786872982978820801e-01
8.252887725830078125e-01 7.658237218856811523e-01
1.524657458066940308e-01 7.704918980598449707e-01
1.679515391588211060e-01 9.370408654212951660e-01
3.529380559921264648e-01 2.790582180023193359e-02
1.776114702224731445e-01 3.019690811634063721e-01
7.289258837699890137e-01 3.949094116687774658e-01
2.421908229589462280e-01 7.761810421943664551e-01
2.838546037673950195e-01 2.961406111717224121e-01
9.051650762557983398e-01 6.050925254821777344e-01
8.939034342765808105e-01 1.485279202461242676e-01
9.718177318572998047e-01 4.690694212913513184e-01
2.516651749610900879e-01 4.071661531925201416e-01
9.145928621292114258e-01 4.058218002319335938e-01
1.766169220209121704e-01 6.503114104270935059e-01
9.797855615615844727e-01 8.660317063331604004e-01
6.001094579696655273e-01 2.734042406082153320e-01
2.286888659000396729e-01 9.003782272338867188e-01
1.231872066855430603e-01 5.092706084251403809e-01
4.531127512454986572e-01 4.469378292560577393e-01
6.932138800621032715e-01 5.993786267936229706e-03
7.860497832298278809e-01 8.406540751457214355e-01
4.615382552146911621e-01 8.337900042533874512e-01
3.965056538581848145e-01 7.747053503990173340e-01
2.008672058582305908e-01 7.193748354911804199e-01
9.083805084228515625e-01 5.406620502471923828e-01
3.351069390773773193e-01 7.850790619850158691e-01
6.710965633392333984e-01 8.662692308425903320e-01
7.136840224266052246e-01 9.502587318420410156e-01
7.907284498214721680e-01 9.107198715209960938e-01
9.995939135551452637e-01 3.730589151382446289e-01
7.508839964866638184e-01 1.317519694566726685e-01
5.974612236022949219e-01 9.879692792892456055e-01
3.259738683700561523e-01 9.150860309600830078e-01
1.727421768009662628e-02 4.739678204059600830e-01
7.628535032272338867e-01 3.419748842716217041e-01
9.111010432243347168e-01 9.994549155235290527e-01
3.946284055709838867e-01 9.234169721603393555e-01
7.150608897209167480e-01 6.573497653007507324e-01
9.921157956123352051e-01 2.931946814060211182e-01
6.980493664741516113e-02 3.765029013156890869e-01
4.053629338741302490e-01 5.239543318748474121e-01
7.936430573463439941e-01 6.307294964790344238e-01
7.705512046813964844e-01 7.995377779006958008e-01
8.517164587974548340e-01 1.211049854755401611e-01
6.598564386367797852e-01 6.167401075363159180e-01
2.226396650075912476e-01 4.461171329021453857e-01
7.829376459121704102e-01 1.152466237545013428e-01
7.820652127265930176e-01 8.488838672637939453e-01
1.250341534614562988e-01 9.886090159416198730e-01
6.142041087150573730e-02 6.643174290657043457e-01
1.687342673540115356e-01 7.058078646659851074e-01
7.771484851837158203e-01 5.569295883178710938e-01
5.854673385620117188e-01 7.346607446670532227e-01
6.694630980491638184e-01 7.597519755363464355e-01
4.199026226997375488e-01 7.823595404624938965e-01
3.410708308219909668e-01 3.703650236129760742e-01
6.043787002563476562e-01 4.944366812705993652e-01
9.416286945343017578e-01 5.787730216979980469e-01
6.648190319538116455e-02 7.389045953750610352e-01
1.066729426383972168e-01 1.917536556720733643e-01
5.779746174812316895e-01 4.408569931983947754e-01
2.057781070470809937e-01 4.394276738166809082e-01
5.335088968276977539e-01 8.355805873870849609e-01
2.896248698234558105e-01 4.024466276168823242e-01
3.309015929698944092e-01 2.037859559059143066e-01
2.219726443290710449e-01 6.738966703414916992e-01
8.919467329978942871e-01 8.512610793113708496e-01
2.322970926761627197e-01 8.413873314857482910e-01
4.785966873168945312e-02 5.983792617917060852e-02
5.579637289047241211e-01 3.551321625709533691e-01
5.706902742385864258e-01 4.215705990791320801e-01
8.397013545036315918e-01 2.148997634649276733e-01
9.235271811485290527e-01 7.352911233901977539e-01
6.270248293876647949e-01 7.289420962333679199e-01
4.584003686904907227e-01 4.174371361732482910e-01
6.078473329544067383e-01 3.061073720455169678e-01
1.810438781976699829e-01 4.815659523010253906e-01
6.207917332649230957e-01 7.700619697570800781e-01
5.983602404594421387e-01 4.367835223674774170e-01
6.893042922019958496e-01 7.121551036834716797e-01
3.345497325062751770e-02 1.911650598049163818e-02
4.440416693687438965e-01 8.516478538513183594e-01
8.682534098625183105e-01 5.793336629867553711e-01
9.565834999084472656e-01 7.618865966796875000e-01
2.872658967971801758e-01 8.164970874786376953e-01
8.296788334846496582e-01 4.279641807079315186e-01
8.273845165967941284e-02 3.765265047550201416e-01
8.005825281143188477e-01 9.272024780511856079e-02
4.842839539051055908e-01 4.706006348133087158e-01
7.051905393600463867e-01 5.015109181404113770e-01
1.263496726751327515e-01 2.481969296932220459e-01
1.790372878313064575e-01 5.212907195091247559e-01
8.775691688060760498e-02 7.810521125793457031e-01
1.070981398224830627e-01 4.899123609066009521e-01
3.963284790515899658e-01 7.089253664016723633e-01
6.308611631393432617e-01 4.893079400062561035e-01
6.989230215549468994e-02 9.918497204780578613e-01
6.558024287223815918e-01 3.511597514152526855e-01
3.952665328979492188e-01 9.630222916603088379e-01
8.921396136283874512e-01 1.507660001516342163e-01
7.703646421432495117e-01 9.587123990058898926e-01
1.384752392768859863e-01 7.529953122138977051e-01
3.994929790496826172e-02 7.675642967224121094e-01
8.772732615470886230e-01 7.650160193443298340e-01
1.788767278194427490e-01 5.944793224334716797e-01
7.331163883209228516e-01 7.320997118949890137e-01
8.919231295585632324e-01 8.919093608856201172e-01
4.262495934963226318e-01 1.191317811608314514e-01
7.437746226787567139e-02 7.753753066062927246e-01
5.313308835029602051e-01 9.555953145027160645e-01
5.375739336013793945e-01 9.467136263847351074e-01
3.537640869617462158e-01 8.602765798568725586e-01
6.381742954254150391e-01 3.329583108425140381e-01
6.609005928039550781e-01 8.804461359977722168e-01
5.573396086692810059e-01 6.295073628425598145e-01
8.698861002922058105e-01 1.973865926265716553e-01
2.198416441679000854e-01 2.517406940460205078e-01
4.653913378715515137e-01 8.400437831878662109e-01
8.812885284423828125e-01 8.439791798591613770e-01
5.703243985772132874e-02 1.140911504626274109e-02
3.107181787490844727e-01 6.939164996147155762e-01
6.603028178215026855e-01 7.203783392906188965e-01
3.896295428276062012e-01 8.517525196075439453e-01
4.051865935325622559e-01 9.906784296035766602e-01
3.106320649385452271e-02 6.981273293495178223e-01
1.865655183792114258e-01 5.265157222747802734e-01
5.127468705177307129e-01 7.031250000000000000e-01
8.079530596733093262e-01 1.283881515264511108e-01
5.832827687263488770e-01 5.267211794853210449e-01
7.923833280801773071e-02 7.054222226142883301e-01
1.212210878729820251e-01 8.707805871963500977e-01
8.909952640533447266e-01 1.225970592349767685e-02
9.670078754425048828e-02 5.127605795860290527e-01
7.453410029411315918e-01 2.987487912178039551e-01
3.995185196399688721e-01 7.713279128074645996e-02
4.483468532562255859e-01 9.332861900329589844e-01
5.784935951232910156e-01 3.766694962978363037e-01
2.870009243488311768e-01 2.491635829210281372e-01
3.912031352519989014e-01 5.826901197433471680e-01
8.405765295028686523e-01 1.618859916925430298e-01
5.749870538711547852e-01 9.654837846755981445e-01
1.352573335170745850e-01 2.865677475929260254e-01
1.021184027194976807e-01 9.058750867843627930e-01
2.938093543052673340e-01 6.163157820701599121e-01
8.373636007308959961e-01 7.903251647949218750e-01
8.076338171958923340e-01 5.413753986358642578e-01
7.439539432525634766e-01 5.133293271064758301e-01
8.001932501792907715e-01 1.819552481174468994e-01
5.226319432258605957e-01 6.621001362800598145e-01
5.118284821510314941e-01 7.044647336006164551e-01
5.173142626881599426e-02 5.354200005531311035e-01
6.289147138595581055e-01 7.179490327835083008e-01
8.947808146476745605e-01 4.995054006576538086e-01
6.230641901493072510e-02 4.057640135288238525e-01
1.838944852352142334e-01 8.883035778999328613e-01
9.722450971603393555e-01 8.046227693557739258e-01
5.221739411354064941e-01 7.118024826049804688e-01
6.230015754699707031e-01 3.904583454132080078e-01
5.570366382598876953e-01 3.982284367084503174e-01
2.959288954734802246e-01 2.568373978137969971e-01
5.993363857269287109e-01 2.614906430244445801e-01
9.532346129417419434e-01 5.496692061424255371e-01
1.071454957127571106e-01 5.742664933204650879e-01
1.159201040863990784e-01 8.703742176294326782e-02
5.607092753052711487e-02 9.011861681938171387e-01
8.152840137481689453e-01 9.751693159341812134e-02
4.834177494049072266e-01 9.318539500236511230e-01
3.821020126342773438e-01 5.286700129508972168e-01
8.494184911251068115e-02 1.974927075207233429e-02
2.459321469068527222e-01 9.717561304569244385e-02
4.311715066432952881e-01 8.356233835220336914e-01
7.982093691825866699e-01 4.392167031764984131e-01
4.724605381488800049e-01 2.705065310001373291e-01
9.898418784141540527e-01 7.275415062904357910e-01
7.275198101997375488e-01 5.093815922737121582e-01
4.502699971199035645e-01 8.618695735931396484e-01
2.165822237730026245e-01 5.546414852142333984e-01
6.600682735443115234e-01 9.919522404670715332e-01
7.789008617401123047e-01 7.545099258422851562e-01
6.358851790428161621e-01 6.586255431175231934e-01
4.328476786613464355e-01 9.257757663726806641e-01
5.704131722450256348e-01 8.957030773162841797e-01
4.388322532176971436e-01 6.497282385826110840e-01
9.210711717605590820e-01 3.686597645282745361e-01
7.005131244659423828e-02 7.039585709571838379e-01
4.925789237022399902e-01 1.205414235591888428e-01
1.212428808212280273e-01 4.670810699462890625e-01
6.114408373832702637e-01 5.342391729354858398e-01
7.957745790481567383e-01 2.076266705989837646e-02
2.564462088048458099e-02 5.029840469360351562e-01
9.121109545230865479e-02 4.507010281085968018e-01
2.950164675712585449e-01 2.573883160948753357e-02
9.643163681030273438e-01 5.548239350318908691e-01
2.720219194889068604e-01 3.362044394016265869e-01
5.682585239410400391e-01 9.473122358322143555e-01
4.918913543224334717e-01 5.972335338592529297e-01
3.327179551124572754e-01 1.960791833698749542e-02
3.794558942317962646e-01 6.000444293022155762e-01
6.435726881027221680e-01 7.054677009582519531e-01
5.766655206680297852e-01 1.027546897530555725e-01
8.514943718910217285e-01 8.636192679405212402e-01
5.822108983993530273e-01 8.465127348899841309e-01
4.777700006961822510e-01 7.653253674507141113e-01
6.971312761306762695e-01 6.103042960166931152e-01
7.158952951431274414e-01 4.063978493213653564e-01
6.095352172851562500e-01 4.386470317840576172e-01
8.388915061950683594e-01 9.907566905021667480e-01
7.621221244335174561e-02 7.857604026794433594e-01
1.018936410546302795e-01 5.664556473493576050e-02
4.396985173225402832e-01 6.147012710571289062e-01
4.126130044460296631e-01 8.847830891609191895e-01
9.433881640434265137e-01 1.343658864498138428e-01
9.674696326255798340e-01 7.247074246406555176e-01
2.773180305957794189e-01 4.521293938159942627e-01
4.264251887798309326e-01 9.468977451324462891e-01
5.032731890678405762e-01 2.145580351352691650e-01
2.501676231622695923e-02 9.091360569000244141e-01
2.998814880847930908e-01 5.841042995452880859e-01
6.925421357154846191e-01 1.613705754280090332e-01
4.753368496894836426e-01 5.296366810798645020e-01
8.499827384948730469e-01 6.667023301124572754e-01
5.166112780570983887e-01 6.150549650192260742e-01
3.130153417587280273e-01 4.415259510278701782e-02
4.136708974838256836e-01 3.094179034233093262e-01
3.906587064266204834e-01 9.663419127464294434e-01
5.511852502822875977e-01 8.551860451698303223e-01
3.225429952144622803e-01 1.083490531891584396e-02
6.216889619827270508e-01 4.273702800273895264e-01
1.051586940884590149e-01 4.827781021595001221e-01
1.758140772581100464e-01 3.295644419267773628e-03
4.118402302265167236e-01 9.821429252624511719e-01
5.199063420295715332e-01 6.021233797073364258e-01
8.281001448631286621e-01 9.840153455734252930e-01
3.010600805282592773e-01 2.491920813918113708e-02
8.165496587753295898e-01 3.794487416744232178e-01
3.199293911457061768e-01 8.152255415916442871e-01
6.660501360893249512e-01 2.082874029874801636e-01
2.449686378240585327e-01 1.488913875073194504e-02
3.547631204128265381e-01 6.714721918106079102e-01
2.510348260402679443e-01 8.922922015190124512e-01
2.325584739446640015e-01 5.811802148818969727e-01
1.993370950222015381e-01 9.359600543975830078e-01
5.696465969085693359e-01 5.592384338378906250e-01
4.870862364768981934e-01 6.530284881591796875e-01
6.400821208953857422e-01 7.880449891090393066e-01
4.049407243728637695e-01 9.091122150421142578e-01
8.741489052772521973e-02 1.346149891614913940e-01
4.185527861118316650e-01 5.790964365005493164e-01
6.785488724708557129e-01 5.240638852119445801e-01
3.276379108428955078e-01 6.484175473451614380e-02
5.793992280960083008e-01 8.403228521347045898e-01
5.096824169158935547e-01 6.005454063415527344e-01
8.752589821815490723e-01 6.641291975975036621e-01
1.319626718759536743e-01 8.813034743070602417e-02
1.614347845315933228e-01 9.580329656600952148e-01
6.255006194114685059e-01 2.852250635623931885e-01
6.060402393341064453e-01 1.919317394495010376e-01
1.000059917569160461e-01 2.146540731191635132e-01
6.674326211214065552e-02 3.880967199802398682e-01
2.542831003665924072e-01 2.965056300163269043e-01
7.904645204544067383e-01 4.088074341416358948e-02
2.460756748914718628e-01 3.555180430412292480e-01
2.125712335109710693e-01 9.322606921195983887e-01
9.745357632637023926e-01 6.568526625633239746e-01
2.233024686574935913e-01 2.612216584384441376e-02
1.820860505104064941e-01 2.071729302406311035e-01
9.582678675651550293e-01 9.092406034469604492e-01
4.885722994804382324e-01 7.298774123191833496e-01
8.365463465452194214e-02 4.157857596874237061e-01
9.019244462251663208e-02 8.195360898971557617e-01
3.990583717823028564e-01 1.700293421745300293e-01
5.288709402084350586e-01 6.853805482387542725e-02
6.532047986984252930e-01 9.918871521949768066e-01
8.471007943153381348e-01 9.926837682723999023e-01
7.221673130989074707e-01 6.267919540405273438e-01
7.496533989906311035e-01 1.907610446214675903e-01
3.941309452056884766e-01 2.832990884780883789e-01
3.884350955486297607e-01 1.164199635386466980e-01
6.865854263305664062e-01 9.906540066003799438e-02
9.936723709106445312e-01 1.075270920991897583e-01
9.620977640151977539e-01 8.437424898147583008e-01
9.764716625213623047e-01 7.938741147518157959e-02
4.952403903007507324e-01 5.829674005508422852e-01
8.645033240318298340e-01 6.814407706260681152e-01
3.564938604831695557e-01 4.192607402801513672e-01
4.327249526977539062e-01 3.149434030055999756e-01
9.841216206550598145e-01 4.003054499626159668e-01
5.533595681190490723e-01 5.367912054061889648e-01
9.206039905548095703e-01 5.571865439414978027e-01
3.879135102033615112e-02 6.231732368469238281e-01
5.073727369308471680e-01 1.255939900875091553e-01
9.457655549049377441e-01 4.772418141365051270e-01
9.514256715774536133e-01 4.666950181126594543e-02
8.282977342605590820e-01 2.673519551753997803e-01
2.246464639902114868e-01 6.921945214271545410e-01
9.372278451919555664e-01 7.787858247756958008e-01
8.643811941146850586e-01 7.216042876243591309e-01
9.892031550407409668e-01 9.902902841567993164e-01
7.781527042388916016e-01 8.287003636360168457e-01
2.341682016849517822e-01 9.723267555236816406e-01
8.724827170372009277e-01 8.081805706024169922e-01
2.906871140003204346e-01 1.064378246665000916e-01
7.797431349754333496e-01 3.675232827663421631e-01
9.995550513267517090e-01 5.842214226722717285e-01
6.828199625015258789e-01 3.320524096488952637e-01
1.855976432561874390e-01 2.230298891663551331e-02
9.626666307449340820e-01 4.258919656276702881e-01
8.507683277130126953e-01 2.868020832538604736e-01
3.133999109268188477e-01 9.587975144386291504e-01
5.987342596054077148e-01 7.013500481843948364e-02
2.897168099880218506e-01 6.007893085479736328e-01
1.275671869516372681e-01 8.335738778114318848e-01
3.096816539764404297e-01 3.545372560620307922e-02
8.712375164031982422e-01 3.753727078437805176e-01
5.342461168766021729e-02 7.176016569137573242e-01
4.925306439399719238e-01 6.705216765403747559e-01
3.173986375331878662e-01 2.614587359130382538e-02
4.780929088592529297e-01 6.300129890441894531e-01
5.778536200523376465e-01 7.980309724807739258e-01
6.962125301361083984e-01 3.446356356143951416e-01
7.062683701515197754e-01 4.259632229804992676e-01
9.135867357254028320e-01 2.897666692733764648e-01
7.783122658729553223e-01 4.569149315357208252e-01
5.342727899551391602e-01 5.435540676116943359e-01
9.570782184600830078e-01 8.845146000385284424e-02
5.165128782391548157e-02 3.607972292229533195e-03
7.000173330307006836e-01 9.807462096214294434e-01
3.362748920917510986e-01 1.801839470863342285e-01
9.236248135566711426e-01 6.890758872032165527e-01
7.245717048645019531e-01 6.916950345039367676e-01
3.663789033889770508e-01 7.936162352561950684e-01
4.565192162990570068e-01 9.096006155014038086e-01
5.223486423492431641e-01 6.041599512100219727e-01
4.396895766258239746e-01 4.990073442459106445e-01
9.125105142593383789e-01 4.746246635913848877e-01
4.814844429492950439e-01 8.636590838432312012e-01
9.969540834426879883e-01 5.655097961425781250e-01
4.885734021663665771e-01 5.272971987724304199e-01
6.747113466262817383e-01 9.156838059425354004e-01
6.495153307914733887e-01 8.296549916267395020e-01
9.359204769134521484e-01 7.407255768775939941e-01
6.256669163703918457e-01 7.757762074470520020e-01
1.711060702800750732e-01 7.882232069969177246e-01
2.384472042322158813e-01 4.622453749179840088e-01
5.491752028465270996e-01 4.967753887176513672e-01
8.330677151679992676e-01 4.623469710350036621e-01
4.676307737827301025e-01 8.054128289222717285e-01
8.065782189369201660e-01 4.390376210212707520e-01
5.082202553749084473e-01 1.746004074811935425e-01
9.289330244064331055e-01 8.767874240875244141e-01
1.973188947886228561e-03 7.969393134117126465e-01
4.646770060062408447e-01 4.778499901294708252e-01
1.785634160041809082e-01 7.483661174774169922e-01
7.920248508453369141e-01 3.456028178334236145e-02
1.996517926454544067e-01 5.775132775306701660e-01
4.322841167449951172e-01 5.204305052757263184e-01
8.879783749580383301e-01 1.377138048410415649e-01
3.049402236938476562e-01 4.344133436679840088e-01
4.096552431583404541e-01 5.924516543745994568e-02
7.419046163558959961e-01 1.809629984200000763e-02
3.644514381885528564e-01 6.296468973159790039e-01
7.771809697151184082e-01 7.225066423416137695e-01
2.834025621414184570e-01 5.726845264434814453e-01
6.476461291313171387e-01 4.079581499099731445e-01
3.612706661224365234e-01 8.138599991798400879e-01
2.723540365695953369e-01 3.580293953418731689e-01
2.094496041536331177e-01 8.692513108253479004e-01
3.099661469459533691e-01 3.726322948932647705e-01
3.328366577625274658e-01 5.930929183959960938e-01
5.815102458000183105e-01 6.389649957418441772e-02
6.434817910194396973e-01 5.909603238105773926e-01
8.508548140525817871e-02 8.056980967521667480e-01
4.761880040168762207e-01 9.332008957862854004e-01
9.990753531455993652e-01 6.030994653701782227e-01
8.389103412628173828e-02 6.075930967926979065e-02
7.877350449562072754e-01 9.057818055152893066e-01
6.100021600723266602e-01 6.324313879013061523e-01
4.278233349323272705e-01 5.940706729888916016e-01
5.639293193817138672e-01 5.935642123222351074e-01
4.592298269271850586e-01 4.633751809597015381e-01
6.146464943885803223e-01 9.493806362152099609e-01
7.566972076892852783e-02 7.876996994018554688e-01
2.996366620063781738e-01 8.742828965187072754e-01
2.337732166051864624e-01 6.143527626991271973e-01
1.528762727975845337e-01 3.193263113498687744e-01
2.305048704147338867e-01 4.661261141300201416e-01
6.228569149971008301e-01 7.059356570243835449e-01
6.320276856422424316e-01 6.539207100868225098e-01
7.779617905616760254e-01 8.376866579055786133e-01
4.508055150508880615e-01 6.974531412124633789e-01
2.150732092559337616e-02 6.808996200561523438e-01
5.601149201393127441e-01 5.983508825302124023e-01
9.946687221527099609e-01 6.643515229225158691e-01
4.075092375278472900e-01 4.527197182178497314e-01
7.095724344253540039e-01 2.313666641712188721e-01
3.122236430644989014e-01 8.373035192489624023e-01
3.825581669807434082e-01 9.385159015655517578e-01
8.488804697990417480e-01 5.397093892097473145e-01
6.101036071777343750e-01 9.793115854263305664e-01
5.850275158882141113e-01 7.960744500160217285e-01
9.784976243972778320e-01 5.952233821153640747e-02
2.454519271850585938e-01 2.120425105094909668e-01
1.197463087737560272e-02 4.956149756908416748e-01
9.380933046340942383e-01 8.384218811988830566e-01
2.534673213958740234e-01 1.943592727184295654e-01
7.639235258102416992e-01 4.887197017669677734e-01
9.641898274421691895e-01 7.816805243492126465e-01
2.995070219039916992e-01 6.821587085723876953e-01
6.254907250404357910e-01 7.641412019729614258e-01
9.988879561424255371e-01 1.885914988815784454e-02
2.624328732490539551e-01 5.673969388008117676e-01
9.309430718421936035e-01 4.893594980239868164e-01
1.534358561038970947e-01 3.280173838138580322e-01
5.049317479133605957e-01 8.440647125244140625e-01
6.292609572410583496e-01 7.601815462112426758e-01
2.093185037374496460e-01 3.458638116717338562e-02
3.979335725307464600e-01 8.232825994491577148e-01
2.751698791980743408e-01 9.420655369758605957e-01
6.302810907363891602e-01 9.342700839042663574e-01
9.283509254455566406e-01 7.212133407592773438e-01
8.586798906326293945e-01 2.126789987087249756e-01
6.703845262527465820e-01 2.171120047569274902e-01
3.394979238510131836e-01 4.932500049471855164e-02
7.671945095062255859e-01 4.040799662470817566e-02
3.344380259513854980e-01 8.264213800430297852e-01
1.307871043682098389e-01 6.598323583602905273e-01
3.514538109302520752e-01 7.895089387893676758e-01
2.486047707498073578e-02 3.390473127365112305e-01
6.285812258720397949e-01 8.809900283813476562e-01
2.117834389209747314e-01 7.504665851593017578e-01
4.365906417369842529e-01 2.135161459445953369e-01
2.373125702142715454e-01 3.975018560886383057e-01
4.061836898326873779e-01 4.786818921566009521e-01
4.548393487930297852e-01 1.618197187781333923e-03
3.844767808914184570e-01 9.406815767288208008e-01
8.363569378852844238e-01 9.263194799423217773e-01
1.316043734550476074e-01 8.650434017181396484e-01
4.000153839588165283e-01 7.578824758529663086e-01
4.740255773067474365e-01 1.510473247617483139e-02
8.562459945678710938e-01 1.495544910430908203e-01
3.679137229919433594e-01 6.028779223561286926e-02
5.204133391380310059e-01 8.770772814750671387e-01
4.311261177062988281e-01 6.827964186668395996e-01
9.166443347930908203e-01 7.885035276412963867e-01
9.676962494850158691e-01 5.583499073982238770e-01
7.856005430221557617e-01 6.526721715927124023e-01
7.759690284729003906e-01 1.088769361376762390e-01
8.457579612731933594e-01 3.275555968284606934e-01
6.972411274909973145e-01 7.821018248796463013e-02
1.704615652561187744e-01 4.764180779457092285e-01
4.120481014251708984e-01 2.461213469505310059e-01
3.264111578464508057e-01 9.279455244541168213e-02
1.244482770562171936e-01 4.476997554302215576e-01
7.257488369941711426e-01 4.903833568096160889e-01
7.100055813789367676e-01 1.787751019001007080e-01
8.487737774848937988e-01 8.520147800445556641e-01
5.043616294860839844e-01 7.340841889381408691e-01
2.972199618816375732e-01 3.178308308124542236e-01
8.366193771362304688e-01 4.455340206623077393e-01
2.780061773955821991e-02 4.572537243366241455e-01
5.867676138877868652e-01 9.898440241813659668e-01
1.822230517864227295e-01 9.390931129455566406e-01
2.817254364490509033e-01 7.832258939743041992e-01
4.071662425994873047e-01 6.462402939796447754e-01
9.666168689727783203e-01 7.554821968078613281e-01
5.642804503440856934e-01 8.337986469268798828e-01
1.027381792664527893e-01 2.901129424571990967e-01
5.365640521049499512e-01 1.349238753318786621e-01
6.988543868064880371e-01 9.122185111045837402e-01
8.622286915779113770e-01 4.414652585983276367e-01
8.529942035675048828e-01 1.799427717924118042e-01
5.016816258430480957e-01 1.479381620883941650e-01
8.930767327547073364e-02 9.377694725990295410e-01
6.007865071296691895e-03 4.631067812442779541e-01
7.065162062644958496e-01 3.477544486522674561e-01
6.878004223108291626e-02 2.526665627956390381e-01
1.873498409986495972e-01 6.111525893211364746e-01
8.393911123275756836e-01 2.511069774627685547e-01
3.268845975399017334e-01 1.629020124673843384e-01
7.094891071319580078e-01 4.601795375347137451e-01
3.487542271614074707e-01 8.902454972267150879e-01
7.286763787269592285e-01 6.466419696807861328e-01
6.179286837577819824e-01 2.063083201646804810e-01
7.774707674980163574e-01 6.732408404350280762e-01
3.114058375358581543e-01 7.956228256225585938e-01
2.247169762849807739e-01 9.987232089042663574e-01
7.383107542991638184e-01 4.039622545242309570e-01
5.176950097084045410e-01 5.620127916336059570e-01
5.958052277565002441e-01 3.180382549762725830e-01
6.351993978023529053e-02 6.407117247581481934e-01
4.280639588832855225e-01 7.133960723876953125e-01
7.177387177944183350e-02 9.122766256332397461e-01
3.120965659618377686e-01 5.732371807098388672e-01
1.094127967953681946e-01 6.966778039932250977e-01
4.425033032894134521e-01 2.799776941537857056e-02
4.324652552604675293e-01 4.077130258083343506e-01
9.814551472663879395e-01 2.294598966836929321e-01
4.908922016620635986e-01 6.672950834035873413e-02
7.598590254783630371e-01 1.714179664850234985e-01
8.192772269248962402e-01 6.110092997550964355e-01
8.468808531761169434e-01 8.284783959388732910e-01
9.411141276359558105e-01 2.566303014755249023e-01
2.993734478950500488e-01 9.165408611297607422e-01
3.648644089698791504e-01 8.977442979812622070e-01
4.710120260715484619e-01 3.874944150447845459e-02
1.331346295773983002e-02 8.941686153411865234e-01
2.529128193855285645e-01 1.732315272092819214e-01
6.710150241851806641e-01 5.768334865570068359e-02
9.752683639526367188e-01 3.529463112354278564e-01
2.950724028050899506e-02 5.157554745674133301e-01
1.248224452137947083e-01 5.657765865325927734e-01
5.531653165817260742e-01 4.117316305637359619e-01
2.664801776409149170e-01 1.847752332687377930e-01
5.147051811218261719e-01 4.133856594562530518e-01
7.275612354278564453e-01 4.637882411479949951e-01
4.701963663101196289e-01 5.691585540771484375e-01
1.648550629615783691e-01 4.816952645778656006e-01
3.595194593071937561e-02 4.498724043369293213e-01
9.719672799110412598e-01 1.267920285463333130e-01
5.104186534881591797e-01 4.319796860218048096e-01
2.968448698520660400e-01 8.791750669479370117e-02
8.471948504447937012e-01 6.963812708854675293e-01
2.889497578144073486e-01 1.659581959247589111e-01
8.020009994506835938e-01 5.047671198844909668e-01
5.022767782211303711e-01 3.028073310852050781e-01
9.193730950355529785e-01 9.316162467002868652e-01
5.025297999382019043e-01 3.108973503112792969e-01
1.240216791629791260e-01 8.807163834571838379e-01
3.761672377586364746e-01 1.868657320737838745e-01
1.532721072435379028e-01 5.275970697402954102e-01
9.941330552101135254e-01 1.104475632309913635e-01
1.620397567749023438e-01 9.086188077926635742e-01
6.152657791972160339e-02 8.363916873931884766e-01
7.279791235923767090e-01 7.691448330879211426e-01
9.958473443984985352e-01 6.765136718750000000e-01
5.110787749290466309e-01 3.324617147445678711e-01
3.256527185440063477e-01 5.597531795501708984e-01
8.468970060348510742e-01 7.690724730491638184e-01
5.484896898269653320e-01 8.710210919380187988e-01
9.340395927429199219e-01 9.625329971313476562e-01
9.241825342178344727e-01 4.000985920429229736e-01
2.290038913488388062e-01 6.869507431983947754e-01
2.067907303571701050e-01 8.750984668731689453e-01
6.869937777519226074e-01 6.694816946983337402e-01
1.738084405660629272e-01 8.192632794380187988e-01
8.038714528083801270e-03 1.866081506013870239e-01
3.845334649085998535e-01 7.251687049865722656e-01
4.869897961616516113e-01 5.512508749961853027e-01
4.770940169692039490e-02 9.225090146064758301e-01
4.485399127006530762e-01 8.086346983909606934e-01
4.365854859352111816e-01 5.096562504768371582e-01
5.556401610374450684e-01 9.582569003105163574e-01
4.282641410827636719e-01 3.730688989162445068e-01
4.480832815170288086e-01 3.008379340171813965e-01
6.044912338256835938e-01 9.221845865249633789e-01
3.865391612052917480e-01 2.930442392826080322e-01
2.089498192071914673e-01 2.197899855673313141e-02
5.446534156799316406e-01 7.001814842224121094e-01
2.974225282669067383e-01 9.211345314979553223e-01
2.915698587894439697e-01 8.337467312812805176e-01
2.415917664766311646e-01 6.484071612358093262e-01
8.212007880210876465e-01 4.430785477161407471e-01
8.887426257133483887e-01 7.711633443832397461e-01
9.813831448554992676e-01 4.819667711853981018e-02
6.892101168632507324e-01 7.083741426467895508e-01
7.429882287979125977e-01 9.804587960243225098e-01
5.305405855178833008e-01 7.210932374000549316e-01
3.784742057323455811e-01 7.339758872985839844e-01
3.794240057468414307e-01 6.627207994461059570e-01
6.143245697021484375e-01 2.511676847934722900e-01
2.308450341224670410e-01 2.170794010162353516e-01
6.627359986305236816e-02 6.228403449058532715e-01
2.684199810028076172e-01 7.405002713203430176e-01
1.278522014617919922e-01 6.649888753890991211e-01
2.233679145574569702e-01 3.909520804882049561e-01
2.785476148128509521e-01 1.804113835096359253e-01
5.534477829933166504e-01 1.847987920045852661e-01
3.642006516456604004e-01 4.832027256488800049e-01
2.355388402938842773e-01 3.370975553989410400e-01
1.008256152272224426e-01 8.616632223129272461e-01
3.885050415992736816e-01 8.510633707046508789e-01
9.383770227432250977e-01 4.693551361560821533e-01
4.450410604476928711e-01 1.039428487420082092e-01
7.721938490867614746e-01 7.166363596916198730e-01
7.101683318614959717e-02 9.738398194313049316e-01
2.699127793312072754e-01 9.923198819160461426e-01
6.054642200469970703e-01 1.757852435111999512e-01
5.625892281532287598e-01 5.798444747924804688e-01
3.447533547878265381e-01 9.932531118392944336e-01
8.039824962615966797e-01 2.451095916330814362e-02
7.393808364868164062e-01 4.438111186027526855e-01
7.653684020042419434e-01 1.363261342048645020e-01
2.808097600936889648e-01 9.315091371536254883e-01
8.705247640609741211e-01 5.766913294792175293e-01
5.859200358390808105e-01 1.157101988792419434e-01
9.060645699501037598e-01 6.584369540214538574e-01
3.594154119491577148e-01 1.509185284376144409e-01
7.438082695007324219e-01 7.374672889709472656e-01
3.497403264045715332e-01 5.926565527915954590e-01
8.658484816551208496e-01 8.189631104469299316e-01
9.308958053588867188e-01 8.377370238304138184e-01
6.981020569801330566e-01 9.401477575302124023e-01
2.347051203250885010e-01 6.830327510833740234e-01
8.265171051025390625e-01 9.195380806922912598e-01
9.029994606971740723e-01 5.937504172325134277e-01
5.803499221801757812e-01 6.982179880142211914e-01
8.404743075370788574e-01 3.910316824913024902e-01
5.076515674591064453e-02 8.805328607559204102e-01
5.743853449821472168e-01 5.404807627201080322e-02
8.257268667221069336e-01 8.479723334312438965e-01
1.290906965732574463e-01 9.012411534786224365e-02
8.127597570419311523e-01 5.968032479286193848e-01
3.726604878902435303e-01 9.883211255073547363e-01
9.665721654891967773e-01 8.087742328643798828e-01
6.190248206257820129e-02 7.472759485244750977e-01
3.290523290634155273e-01 8.606060408055782318e-03
7.621526718139648438e-01 3.961246013641357422e-01
7.933835387229919434e-01 6.491483449935913086e-01
9.553384780883789062e-01 7.813212275505065918e-01
1.440440565347671509e-01 3.093673475086688995e-02
6.937676072120666504e-01 3.076810836791992188e-01
2.522173523902893066e-01 4.109948873519897461e-01
5.817219987511634827e-02 5.902754068374633789e-01
1.476258188486099243e-01 9.206745028495788574e-01
9.180747717618942261e-02 9.713325500488281250e-01
5.697098746895790100e-02 2.357731461524963379e-01
6.445634961128234863e-01 1.808409951627254486e-02
2.769790291786193848e-01 7.027800679206848145e-01
5.579889416694641113e-01 6.555888652801513672e-01
8.567534089088439941e-01 4.188712313771247864e-02
5.882292985916137695e-01 9.365515112876892090e-01
5.348117947578430176e-01 8.911189436912536621e-01
8.262392878532409668e-01 8.740928769111633301e-01
4.561484158039093018e-01 3.058870732784271240e-01
5.545861124992370605e-01 8.519244790077209473e-01
3.076086342334747314e-01 6.390573084354400635e-02
5.127193927764892578e-01 9.024075865745544434e-01
9.543492794036865234e-01 4.213159903883934021e-03
1.628412120044231415e-02 8.963944315910339355e-01
6.443302631378173828e-01 1.590778678655624390e-01
5.944594740867614746e-01 6.327269673347473145e-01
9.973161220550537109e-01 9.979483485221862793e-01
8.606334328651428223e-01 3.232139050960540771e-01
6.766807436943054199e-01 2.270938605070114136e-01
7.307087779045104980e-01 4.289838969707489014e-01
5.996230244636535645e-01 1.728296875953674316e-01
4.367505013942718506e-01 6.265039443969726562e-01
7.401860356330871582e-01 6.440474987030029297e-01
5.314773321151733398e-02 4.358216226100921631e-01
1.681584119796752930e-01 7.660854458808898926e-01
2.208026498556137085e-01 8.568349480628967285e-01
2.369962260127067566e-02 4.685400053858757019e-02
7.421572208404541016e-01 2.451916038990020752e-01
4.115233421325683594e-01 5.322983264923095703e-01
8.152886033058166504e-01 9.121879339218139648e-01
1.181050539016723633e-01 1.341399848461151123e-01
8.571793884038925171e-02 5.451463460922241211e-01
8.347454071044921875e-01 3.165497481822967529e-01
4.520698189735412598e-01 9.922828525304794312e-02
7.313435077667236328e-01 6.901989579200744629e-01
8.896403312683105469e-01 1.040899828076362610e-01
9.589714407920837402e-01 8.823599815368652344e-01
7.006383538246154785e-01 6.379330903291702271e-02
3.997445702552795410e-01 6.277983188629150391e-01
4.206608608365058899e-02 6.859168410301208496e-01
5.232625007629394531e-01 5.087137818336486816e-01
9.944140315055847168e-01 3.475196063518524170e-01
4.230045378208160400e-01 4.541583359241485596e-01
9.271252751350402832e-01 5.443538427352905273e-01
8.484064936637878418e-01 3.346415162086486816e-01
2.044021189212799072e-01 6.314670443534851074e-01
1.627302356064319611e-02 8.914685845375061035e-01
1.083787307143211365e-01 1.565272733569145203e-02
7.951368093490600586e-01 3.362856209278106689e-01
6.572998762130737305e-01 6.331871151924133301e-01
7.153415679931640625e-01 1.880192458629608154e-01
2.531777024269104004e-01 4.077522456645965576e-01
9.887242317199707031e-01 5.339919924736022949e-01
6.907070875167846680e-01 7.203742265701293945e-01
2.113262414932250977e-01 9.643225073814392090e-01
6.074288487434387207e-01 9.053176641464233398e-02
5.646545290946960449e-01 5.771520137786865234e-01
5.285085737705230713e-02 1.621652990579605103e-01
1.533068865537643433e-01 8.256580233573913574e-01
5.026131272315979004e-01 7.631804794073104858e-02
6.329176425933837891e-01 5.231935381889343262e-01
8.173560500144958496e-01 1.150079667568206787e-01
8.969377875328063965e-01 4.566240906715393066e-01
4.932047128677368164e-01 9.955695867538452148e-01
7.034351825714111328e-01 3.738039731979370117e-01
2.976672351360321045e-01 6.232143640518188477e-01
2.234963774681091309e-01 6.943551898002624512e-01
5.124331712722778320e-01 7.740944027900695801e-01
5.407866463065147400e-02 9.677544236183166504e-01
3.933480381965637207e-01 6.311509609222412109e-01
1.347961276769638062e-01 8.920313119888305664e-01
7.666821479797363281e-01 3.893742859363555908e-01
8.017869591712951660e-01 9.981919527053833008e-01
8.157907724380493164e-01 9.575585126876831055e-01
2.752374708652496338e-01 2.621343433856964111e-01
3.613494634628295898e-01 5.940329432487487793e-01
6.117118597030639648e-01 5.814285278320312500e-01
7.665258646011352539e-01 6.957454681396484375e-01
3.650416731834411621e-01 2.796756923198699951e-01
6.154103279113769531e-01 9.899085760116577148e-01
6.651983261108398438e-01 1.482958495616912842e-01
1.926710903644561768e-01 6.516453623771667480e-01
5.777304172515869141e-01 4.053585976362228394e-02
9.247566461563110352e-01 4.457495734095573425e-02
9.686085581779479980e-01 4.160873964428901672e-02
5.197921395301818848e-01 6.272641420364379883e-01
9.521230459213256836e-01 1.452708095312118530e-01
7.269484996795654297e-01 3.002337813377380371e-01
5.507613420486450195e-01 6.435948014259338379e-01
6.803011894226074219e-01 7.563788294792175293e-01
4.501354098320007324e-01 4.697637557983398438e-01
8.568159490823745728e-02 9.796281456947326660e-01
6.903657913208007812e-01 6.901937127113342285e-01
9.320503473281860352e-01 9.795067310333251953e-01
3.320527374744415283e-01 8.069686889648437500e-01
2.362576872110366821e-01 2.459722161293029785e-01
4.571583867073059082e-01 9.540440142154693604e-02
7.502819895744323730e-01 9.613403081893920898e-01
1.098746880888938904e-01 5.742231607437133789e-01
4.811452031135559082e-01 5.369900465011596680e-01
8.490788936614990234e-01 2.725719213485717773e-01
3.981034755706787109e-01 9.621934890747070312e-01
7.239425927400588989e-02 4.053487628698348999e-02
3.196137845516204834e-01 1.522996127605438232e-01
9.317632317543029785e-01 1.061259135603904724e-01
8.002614974975585938e-01 8.770067095756530762e-01
9.001705050468444824e-01 4.268705546855926514e-01
6.712790727615356445e-01 2.616446316242218018e-01
3.234888017177581787e-01 5.101392865180969238e-01
9.777680635452270508e-01 6.194480657577514648e-01
7.504011392593383789e-01 8.713483214378356934e-01
2.886440455913543701e-01 6.294903159141540527e-01
4.535792768001556396e-01 6.984645128250122070e-01
7.879599928855895996e-01 4.769804179668426514e-01
7.122395634651184082e-01 8.287885785102844238e-01
7.759675979614257812e-01 3.044453263282775879e-01
5.309814810752868652e-01 6.849097013473510742e-01
7.400520443916320801e-01 4.476379752159118652e-01
4.408783018589019775e-01 4.768345952033996582e-01
3.847809508442878723e-02 6.247276067733764648e-01
3.390142023563385010e-01 5.777100324630737305e-01
2.552723586559295654e-01 7.676901817321777344e-01
8.906012773513793945e-01 1.521558314561843872e-01
5.213204771280288696e-02 2.839897572994232178e-01
4.598677158355712891e-01 5.275958403944969177e-02
8.376660943031311035e-02 9.696465730667114258e-01
5.433282256126403809e-01 6.372013688087463379e-01
1.749687194824218750e-01 4.399923086166381836e-01
6.049873232841491699e-01 2.225155234336853027e-01
6.390977501869201660e-01 3.093026280403137207e-01
2.274806052446365356e-01 9.464108943939208984e-01
3.198089301586151123e-01 3.890656232833862305e-01
3.119216859340667725e-01 7.812001109123229980e-01
1.565806269645690918e-01 3.575918972492218018e-01
2.681028842926025391e-01 6.705422997474670410e-01
5.490553379058837891e-01 1.521859169006347656e-01
3.822809755802154541e-01 9.181503653526306152e-01
5.751212835311889648e-01 7.709075808525085449e-01
4.334592819213867188e-01 4.641863107681274414e-01
2.141962647438049316e-01 7.074469327926635742e-01
1.847751140594482422e-01 9.713277220726013184e-01
9.145765304565429688e-01 9.965383410453796387e-01
2.154824286699295044e-01 4.374202787876129150e-01
7.831303477287292480e-01 3.610924482345581055e-01
3.054036200046539307e-01 3.036774098873138428e-01
3.990851640701293945e-01 3.876609206199645996e-01
5.927318334579467773e-01 7.525217533111572266e-01
1.963416934013366699e-01 9.612408280372619629e-01
7.937275171279907227e-01 3.166116774082183838e-01
4.460471272468566895e-01 8.070711493492126465e-01
3.936532735824584961e-01 9.587082266807556152e-01
4.849442243576049805e-01 3.974644541740417480e-01
4.063192903995513916e-01 4.034093320369720459e-01
2.208480983972549438e-02 8.951352238655090332e-01
5.666772127151489258e-01 8.625645637512207031e-01
1.645257920026779175e-01 6.526540517807006836e-01
6.842219233512878418e-01 8.092284202575683594e-01
2.560097724199295044e-03 4.572741389274597168e-01
6.961699724197387695e-01 9.323913455009460449e-01
9.400851130485534668e-01 4.242520332336425781e-01
7.521942853927612305e-01 8.418691158294677734e-01
6.420417428016662598e-01 8.382554650306701660e-01
9.645954370498657227e-01 1.272399872541427612e-01
3.497668206691741943e-01 1.787438802421092987e-02
4.727680981159210205e-01 1.341919451951980591e-01
4.349221587181091309e-01 7.589337825775146484e-01
8.196283578872680664e-01 8.229869604110717773e-01
3.035427629947662354e-01 5.135234594345092773e-01
2.302190512418746948e-01 7.748121619224548340e-01
8.683568239212036133e-01 1.997833997011184692e-01
6.642777472734451294e-02 3.196791559457778931e-02
6.396940350532531738e-01 2.557568252086639404e-01
4.303979277610778809e-01 9.601232409477233887e-01
3.698651194572448730e-01 7.388735413551330566e-01
1.771060228347778320e-01 9.739082455635070801e-01
7.126693129539489746e-01 2.320474684238433838e-01
6.961499452590942383e-01 4.974263012409210205e-01
7.618287801742553711e-01 8.621344566345214844e-01
6.500090360641479492e-01 8.482493758201599121e-01
7.230637669563293457e-01 8.841592669486999512e-01
5.913699865341186523e-01 5.082715749740600586e-01
4.960762262344360352e-01 8.328936696052551270e-01
8.951032757759094238e-01 5.708523988723754883e-01
5.585722923278808594e-01 7.786799073219299316e-01
3.896921277046203613e-01 5.894610881805419922e-01
8.246851563453674316e-01 7.142176032066345215e-01
9.656452536582946777e-01 1.410322785377502441e-01
9.900198578834533691e-01 2.221100218594074249e-02
7.026844024658203125e-01 1.452838927507400513e-01
2.217578887939453125e-01 7.084804773330688477e-01
8.163241744041442871e-01 7.764045596122741699e-01
5.691095590591430664e-01 7.640301585197448730e-01
2.208129614591598511e-01 1.958214044570922852e-01
4.460245370864868164e-02 7.221532464027404785e-01
6.797785758972167969e-01 9.321558475494384766e-01
4.341226220130920410e-01 6.361616849899291992e-01
5.417357087135314941e-01 5.265107378363609314e-02
1.630452089011669159e-02 5.056802630424499512e-01
2.937543988227844238e-01 7.606982588768005371e-01
2.171050161123275757e-01 9.348850250244140625e-01
9.367243647575378418e-01 2.140085250139236450e-01
5.488551855087280273e-01 8.259966373443603516e-01
7.476171851158142090e-01 9.646291732788085938e-01
7.086901664733886719e-01 1.860104501247406006e-01
7.715539932250976562e-01 1.565793752670288086e-01
6.704795956611633301e-01 5.191000178456306458e-02
3.336663544178009033e-01 8.490764498710632324e-01
8.806289434432983398e-01 4.288266897201538086e-01
4.503570795059204102e-01 3.104203343391418457e-01
1.557289659976959229e-01 5.842585563659667969e-01
2.998760044574737549e-01 1.067406609654426575e-01
9.626719355583190918e-01 3.903980255126953125e-01
5.874692201614379883e-01 6.915364861488342285e-01
1.461120601743459702e-02 2.871554195880889893e-01
7.046458721160888672e-01 1.591186374425888062e-01
1.221210435032844543e-01 5.717769265174865723e-01
9.077271819114685059e-01 2.325966805219650269e-01
9.918259382247924805e-01 8.704605102539062500e-01
6.587684750556945801e-01 8.188413381576538086e-01
4.347895383834838867e-01 3.872747719287872314e-01
4.017688035964965820e-01 9.585604071617126465e-01
4.276845157146453857e-01 4.451870322227478027e-01
5.692462921142578125e-01 1.898388117551803589e-01
2.185024619102478027e-01 9.240337014198303223e-01
7.567542195320129395e-01 2.664164900779724121e-01
6.755836009979248047e-01 6.457591652870178223e-01
1.747766137123107910e-02 1.288868039846420288e-01
1.514378786087036133e-01 4.173922836780548096e-01
3.077770173549652100e-01 9.448924660682678223e-01
6.714718937873840332e-01 7.566415071487426758e-01
7.960514426231384277e-01 4.495689570903778076e-01
7.150749117136001587e-02 7.793011069297790527e-01
5.670265555381774902e-01 9.904547929763793945e-01
4.194602966308593750e-01 8.110768795013427734e-01
4.781157523393630981e-02 1.701883673667907715e-01
4.121223986148834229e-01 4.219690337777137756e-02
6.584259867668151855e-01 5.538530945777893066e-01
7.079266905784606934e-01 6.475290060043334961e-01
5.087043046951293945e-01 5.851348042488098145e-01
5.317763686180114746e-01 5.119407176971435547e-01
7.040595412254333496e-01 4.620355665683746338e-01
9.259010553359985352e-01 6.229776144027709961e-01
4.783726111054420471e-02 3.274374902248382568e-01
3.150912225246429443e-01 1.895114481449127197e-01
6.173418760299682617e-01 8.110269904136657715e-01
9.739284515380859375e-01 9.354534745216369629e-02
2.703971043229103088e-02 5.011649131774902344e-01
4.865139126777648926e-01 7.524462938308715820e-01
7.090452313423156738e-01 4.629718065261840820e-01
4.794270992279052734e-01 4.504842460155487061e-01
6.908317804336547852e-01 1.521140187978744507e-01
2.774327695369720459e-01 1.501850038766860962e-01
6.055923178791999817e-02 7.528513073921203613e-01
9.572740197181701660e-01 1.912112832069396973e-01
6.446511149406433105e-01 2.686845958232879639e-01
4.724422097206115723e-01 2.196860611438751221e-01
7.479762434959411621e-01 2.149963229894638062e-01
3.373335301876068115e-01 6.357499361038208008e-01
4.377596080303192139e-02 2.004417926073074341e-01
8.609046936035156250e-01 1.634685695171356201e-01
1.201102137565612793e-02 9.604147821664810181e-02
2.786598205566406250e-01 4.240091741085052490e-01
6.226814389228820801e-01 4.956088364124298096e-01
5.500237345695495605e-01 7.884314060211181641e-01
6.050940230488777161e-02 3.637018799781799316e-01
2.374733537435531616e-01 9.547018408775329590e-01
6.608502566814422607e-02 8.249175548553466797e-02
7.440386712551116943e-02 9.854719638824462891e-01
3.388040959835052490e-01 7.863815426826477051e-01
8.891357183456420898e-01 8.039394021034240723e-01
9.137519448995590210e-02 9.055646061897277832e-01
2.358216345310211182e-01 8.704193234443664551e-01
8.349128365516662598e-01 9.707204699516296387e-01
1.568208038806915283e-01 7.347136735916137695e-01
8.532274365425109863e-01 5.378667712211608887e-01
3.483512997627258301e-01 4.729964770376682281e-03
2.418041825294494629e-01 4.308598041534423828e-01
5.912114977836608887e-01 4.025912582874298096e-01
5.147905349731445312e-01 7.490969300270080566e-01
5.730440020561218262e-01 6.654779314994812012e-01
5.275008082389831543e-01 9.959506988525390625e-01
9.265899658203125000e-01 8.776500821113586426e-01
4.209374487400054932e-01 7.221195697784423828e-01
2.977926731109619141e-01 6.580572128295898438e-01
7.951466441154479980e-01 1.373478919267654419e-01
4.215442836284637451e-01 5.087375044822692871e-01
2.524088919162750244e-01 3.737854957580566406e-01
9.690467715263366699e-01 4.668571352958679199e-01
5.626152753829956055e-01 4.956290423870086670e-01
4.148440062999725342e-01 7.635341882705688477e-01
2.207638919353485107e-01 6.917411088943481445e-01
5.119759440422058105e-01 8.179463148117065430e-01
4.684292674064636230e-01 7.627182006835937500e-01
1.490538716316223145e-01 2.994764149188995361e-01
2.018426805734634399e-01 7.751656174659729004e-01
2.111673802137374878e-01 5.384540557861328125e-01
3.783621490001678467e-01 9.445621371269226074e-01
2.416832894086837769e-01 9.001427292823791504e-01
5.789746046066284180e-01 8.747203946113586426e-01
4.314585402607917786e-02 6.495655179023742676e-01
9.902718067169189453e-01 2.267165780067443848e-01
3.468776047229766846e-01 8.393074274063110352e-01
9.708535671234130859e-01 9.279506206512451172e-01
8.083221912384033203e-01 6.935533285140991211e-01
9.775754809379577637e-02 4.058876931667327881e-01
2.597145736217498779e-02 1.130979284644126892e-01
6.261338591575622559e-01 8.635501265525817871e-01
8.026664257049560547e-01 5.957829356193542480e-01
2.807279229164123535e-01 7.458676099777221680e-01
5.936312079429626465e-01 1.549183428287506104e-01
5.670105218887329102e-01 1.598756015300750732e-01
5.608130097389221191e-01 9.553004503250122070e-01
5.125429034233093262e-01 9.850105643272399902e-01
8.677666187286376953e-01 2.925309836864471436e-01
4.899464175105094910e-02 3.691103756427764893e-01
5.390751957893371582e-01 9.410186409950256348e-01
9.602048993110656738e-01 4.356721639633178711e-01
9.715079069137573242e-01 6.531513333320617676e-01
2.672524452209472656e-01 4.989327192306518555e-01
6.354081034660339355e-01 5.423373579978942871e-01
6.601544618606567383e-01 7.565168738365173340e-01
4.380945563316345215e-01 9.010954499244689941e-01
2.497205585241317749e-01 2.367072999477386475e-01
3.329868316650390625e-01 6.883972287178039551e-01
2.738359570503234863e-01 7.412858009338378906e-01
3.179234564304351807e-01 5.381169319152832031e-01
8.926179409027099609e-01 3.423277437686920166e-01
1.562123894691467285e-01 6.513490080833435059e-01
2.476268857717514038e-01 6.679189801216125488e-01
4.109652936458587646e-01 3.728062808513641357e-01
2.563132941722869873e-01 6.300510764122009277e-01
2.639991790056228638e-02 4.134884774684906006e-01
2.676919996738433838e-01 8.990446329116821289e-01
4.965470135211944580e-01 8.607027530670166016e-01
8.471615910530090332e-01 9.960041195154190063e-02
5.966815948486328125e-01 7.423605322837829590e-01
5.919827818870544434e-01 4.289093315601348877e-01
3.593892157077789307e-01 6.439588069915771484e-01
1.075789555907249451e-01 5.199895501136779785e-01
8.745628595352172852e-01 9.705349206924438477e-01
1.918126344680786133e-01 9.314398169517517090e-01
3.841731846332550049e-01 8.886325955390930176e-01
3.273030221462249756e-01 1.996540427207946777e-01
9.521737098693847656e-01 5.907421708106994629e-01
1.265445351600646973e-01 7.128447294235229492e-01
5.409068465232849121e-01 5.814945697784423828e-01
7.556553483009338379e-01 1.848666556179523468e-02
7.242592573165893555e-01 9.182226061820983887e-01
8.456207513809204102e-01 3.962491750717163086e-01
8.941503763198852539e-01 1.904146629385650158e-03
8.554804325103759766e-01 7.374920845031738281e-01
6.543970108032226562e-02 7.402495741844177246e-01
6.746109127998352051e-01 7.000789642333984375e-01
6.611625105142593384e-02 4.180577099323272705e-01
7.889075279235839844e-01 8.947122097015380859e-01
4.406633675098419189e-01 2.703422009944915771e-01
5.757912993431091309e-01 6.860683858394622803e-02
7.681099772453308105e-01 6.240972876548767090e-02
1.973671913146972656e-01 4.728072583675384521e-01
3.050750792026519775e-01 4.130210578441619873e-01
2.913730740547180176e-01 8.127263188362121582e-01
4.263435304164886475e-01 8.949810266494750977e-01
2.018152326345443726e-01 3.382661640644073486e-01
5.313380956649780273e-01 7.015758752822875977e-01
8.000147342681884766e-01 4.420504868030548096e-01
1.557450145483016968e-01 3.136117756366729736e-01
7.154031395912170410e-01 7.802181243896484375e-01
8.010591268539428711e-01 6.549969315528869629e-01
5.539811402559280396e-02 3.885720968246459961e-01
3.019853234291076660e-01 3.835911303758621216e-02
8.127411603927612305e-01 8.203745484352111816e-01
2.184625416994094849e-01 8.483798503875732422e-01
5.333193391561508179e-02 7.343952059745788574e-01
8.865614533424377441e-01 3.641048669815063477e-01
4.885991215705871582e-01 6.054177880287170410e-01
4.715713560581207275e-01 8.952939510345458984e-01
2.479981482028961182e-01 3.162489831447601318e-01
1.060523912310600281e-01 5.287163853645324707e-01
6.590743064880371094e-01 2.949127852916717529e-01
6.184954643249511719e-01 2.293759435415267944e-01
4.362222254276275635e-01 2.057623416185379028e-01
8.426786065101623535e-01 4.224862456321716309e-01
3.266310095787048340e-01 7.848925590515136719e-01
4.360403418540954590e-01 3.832969814538955688e-02
9.512245059013366699e-01 4.104214012622833252e-01
9.955340027809143066e-01 1.722719520330429077e-01
1.337974071502685547e-01 7.305879592895507812e-01
